ser ID: DU600

Method ID: A:\DEFAULT

Date: 07/28/00

Time: 08:34

 200.0   2.18398

  201.0   2.85187

  202.0   2.88593

  203.0   2.61490

  204.0   2.94498

  205.0   2.97772

  206.0   2.30878

  207.0   3.04139

  208.0   2.78390

  209.0   3.13925

  210.0   3.18639

  211.0   3.24279

  212.0   3.01072

  213.0   3.38952

  214.0   3.44886

  215.0   3.50311

  216.0   3.56229

  217.0   3.15523

  218.0   3.68726

  219.0   3.73030

  220.0   3.76080

  221.0   3.78319

  222.0   3.20003

  223.0   3.81704

  224.0   3.83097

  225.0   3.84336

  226.0   3.37937

  227.0   3.26658

  228.0   3.88036

  229.0   3.89120

  230.0   3.90260

  231.0   3.91259

  232.0   3.62040

  233.0   3.92870

  234.0   3.93591

  235.0   3.94067

  236.0   3.94493

  237.0   3.47026

  238.0   3.94944

  239.0   3.95022

  240.0   3.94968

  241.0   3.94876

  242.0   3.94734

  243.0   3.94507

  244.0   3.94221

  245.0   3.93872

  246.0   3.63357

  247.0   3.92988

  248.0   3.92547

  249.0   3.92049

  250.0   3.61479

  251.0   3.21026

  252.0   3.20417

  253.0   3.59654

  254.0   3.11389

  255.0   2.80646

  256.0   2.73366

  257.0   2.72789

  258.0   2.69126

  259.0   2.78038

  260.0   2.70653

  261.0   2.64296

  262.0   2.42695

  263.0   2.39011

  264.0   2.31374

  265.0   2.25859

  266.0   2.11039

  267.0   2.09450

  268.0   2.05010

  269.0   1.95884

  270.0   1.85672

  271.0   1.76081

  272.0   1.69509

  273.0   1.62832

  274.0   1.55426

  275.0   1.48331

  276.0   1.41060

  277.0   1.34328

  278.0   1.28709

  279.0   1.21738

  280.0   1.16190

  281.0   1.10230

  282.0   1.05834

  283.0   1.01712

  284.0   0.97208

  285.0   0.92655

  286.0   0.88605

  287.0   0.85376

  288.0   0.82037

  289.0   0.78931

  290.0   0.76194

  291.0   0.73679

  292.0   0.71215

  293.0   0.69335

  294.0   0.67393

  295.0   0.65515

  296.0   0.63723

  297.0   0.62124

  298.0   0.61028

  299.0   0.59281

  300.0   0.58134

  301.0   0.56939

  302.0   0.55923

  303.0   0.54818

  304.0   0.53872

  305.0   0.53078

  306.0   0.52014

  307.0   0.51479

  308.0   0.50631

  309.0   0.49785

  310.0   0.48917

  311.0   0.48115

  312.0   0.47492

  313.0   0.46608

  314.0   0.45836

  315.0   0.44950

  316.0   0.44205

  317.0   0.43700

  318.0   0.43007

  319.0   0.42334

  320.0   0.41793

  321.0   0.41659

  322.0   0.40907

  323.0   0.40754

  324.0   0.40502

  325.0   0.40363

  326.0   0.40134

  327.0   0.40066

  328.0   0.40056

  329.0   0.40017

  330.0   0.39944

  331.0   0.39654

  332.0   0.39621

  333.0   0.39484

  334.0   0.39396

  335.0   0.39174

  336.0   0.39260

  337.0   0.39240

  338.0   0.39244

  339.0   0.39186

  340.0   0.39204

  341.0   0.39425

  342.0   0.39408

  343.0   0.39608

  344.0   0.39560

  345.0   0.39624

  346.0   0.39798

  347.0   0.39955

  348.0   0.39905

  349.0   0.40012

  350.0   0.39750

  351.0   0.39719

  352.0   0.39612

  353.0   0.39497

  354.0   0.39205

  355.0   0.39031

  356.0   0.38981

  357.0   0.38575

  358.0   0.38049

  359.0   0.37738

  360.0   0.37314

  361.0   0.36832

  362.0   0.36100

  363.0   0.35734

  364.0   0.35371

  365.0   0.34657

  366.0   0.34141

  367.0   0.33546

  368.0   0.33004

  369.0   0.32455

  370.0   0.31891

  371.0   0.31379

  372.0   0.30743

  373.0   0.30212

  374.0   0.29713

  375.0   0.29178

  376.0   0.28573

  377.0   0.28120

  378.0   0.27622

  379.0   0.27108

  380.0   0.26638

  381.0   0.26145

  382.0   0.25762

  383.0   0.25277

  384.0   0.24831

  385.0   0.24452

  386.0   0.23991

  387.0   0.23637

  388.0   0.23333

  389.0   0.22890

  390.0   0.22510

  391.0   0.22219

  392.0   0.21923

  393.0   0.21584

  394.0   0.21220

  395.0   0.20941

  396.0   0.20678

  397.0   0.20332

  398.0   0.20046

  399.0   0.19702

  400.0   0.19402

  401.0   0.19132

  402.0   0.18829

  403.0   0.18543

  404.0   0.18118

  405.0   0.17803

  406.0   0.17484

  407.0   0.17145

  408.0   0.16774

  409.0   0.16364

  410.0   0.15958

  411.0   0.15526

  412.0   0.15188

  413.0   0.14763

  414.0   0.14322

  415.0   0.14094

  416.0   0.13338

  417.0   0.12865

  418.0   0.12396

  419.0   0.11862

  420.0   0.11369

  421.0   0.10919

  422.0   0.10428

  423.0   0.09987

  424.0   0.09497

  425.0   0.09063

  426.0   0.08639

  427.0   0.08241

  428.0   0.07870

  429.0   0.07466

  430.0   0.07142

  431.0   0.06814

  432.0   0.06492

  433.0   0.06172

  434.0   0.05923

  435.0   0.05695

  436.0   0.05421

  437.0   0.05221

  438.0   0.05000

  439.0   0.04807

  440.0   0.04610

  441.0   0.04447

  442.0   0.04266

  443.0   0.04124

  444.0   0.03981

  445.0   0.03842

  446.0   0.03713

  447.0   0.03574

  448.0   0.03477

  449.0   0.03367

  450.0   0.03261

  451.0   0.03150

  452.0   0.03070

  453.0   0.02965

  454.0   0.02867

  455.0   0.02766

  456.0   0.02680

  457.0   0.02608

  458.0   0.02519

  459.0   0.02433

  460.0   0.02337

  461.0   0.02271

  462.0   0.02197

  463.0   0.02118

  464.0   0.02042

  465.0   0.01991

  466.0   0.01920

  467.0   0.01867

  468.0   0.01803

  469.0   0.01742

  470.0   0.01680

  471.0   0.01636

  472.0   0.01574

  473.0   0.01523

  474.0   0.01477

  475.0   0.01439

  476.0   0.01387

  477.0   0.01348

  478.0   0.01303

  479.0   0.01269

  480.0   0.01232

  481.0   0.01200

  482.0   0.01161

  483.0   0.01131

  484.0   0.01096

  485.0   0.01072

  486.0   0.01034

  487.0   0.01012

  488.0   0.00993

  489.0   0.00963

  490.0   0.00937

  491.0   0.00919

  492.0   0.00904

  493.0   0.00875

  494.0   0.00854

  495.0   0.00836

  496.0   0.00814

  497.0   0.00797

  498.0   0.00777

  499.0   0.00764

  500.0   0.00744

  501.0   0.00736

  502.0   0.00716

  503.0   0.00699

  504.0   0.00692

  505.0   0.00681

  506.0   0.00673

  507.0   0.00659

  508.0   0.00652

  509.0   0.00638

  510.0   0.00635

  511.0   0.00628

  512.0   0.00625

  513.0   0.00619

  514.0   0.00622

  515.0   0.00618

  516.0   0.00606

  517.0   0.00608

  518.0   0.00614

  519.0   0.00605

  520.0   0.00613

  521.0   0.00610

  522.0   0.00612

  523.0   0.00613

  524.0   0.00618

  525.0   0.00616

  526.0   0.00621

  527.0   0.00623

  528.0   0.00627

  529.0   0.00625

  530.0   0.00637

  531.0   0.00650

  532.0   0.00653

  533.0   0.00663

  534.0   0.00672

  535.0   0.00683

  536.0   0.00687

  537.0   0.00698

  538.0   0.00700

  539.0   0.00720

  540.0   0.00724

  541.0   0.00733

  542.0   0.00744

  543.0   0.00754

  544.0   0.00760

  545.0   0.00779

  546.0   0.00782

  547.0   0.00799

  548.0   0.00803

  549.0   0.00819

  550.0   0.00829

  551.0   0.00835

  552.0   0.00848

  553.0   0.00857

  554.0   0.00864

  555.0   0.00864

  556.0   0.00872

  557.0   0.00893

  558.0   0.00886

  559.0   0.00889

  560.0   0.00890

  561.0   0.00902

  562.0   0.00911

  563.0   0.00922

  564.0   0.00931

  565.0   0.00933

  566.0   0.00939

  567.0   0.00944

  568.0   0.00943

  569.0   0.00940

  570.0   0.00953

  571.0   0.00954

  572.0   0.00962

  573.0   0.00968

  574.0   0.00973

  575.0   0.00975

  576.0   0.00976

  577.0   0.00976

  578.0   0.00974

  579.0   0.00974

  580.0   0.00974

  581.0   0.00978

  582.0   0.00981

  583.0   0.00986

  584.0   0.00989

  585.0   0.00994

  586.0   0.01000

  587.0   0.01002

  588.0   0.01010

  589.0   0.01018

  590.0   0.01024

  591.0   0.01036

  592.0   0.01042

  593.0   0.01048

  594.0   0.01054

  595.0   0.01064

  596.0   0.01070

  597.0   0.01075

  598.0   0.01081

  599.0   0.01084

  600.0   0.01090

  601.0   0.01104

  602.0   0.01114

  603.0   0.01131

  604.0   0.01138

  605.0   0.01141

  606.0   0.01145

  607.0   0.01150

  608.0   0.01153

  609.0   0.01150

  610.0   0.01155

  611.0   0.01163

  612.0   0.01158

  613.0   0.01160

  614.0   0.01157

  615.0   0.01155

  616.0   0.01160

  617.0   0.01158

  618.0   0.01157

  619.0   0.01158

  620.0   0.01154

  621.0   0.01151

  622.0   0.01149

  623.0   0.01147

  624.0   0.01140

  625.0   0.01140

  626.0   0.01138

  627.0   0.01133

  628.0   0.01130

  629.0   0.01132

  630.0   0.01129

  631.0   0.01129

  632.0   0.01126

  633.0   0.01124

  634.0   0.01121

  635.0   0.01115

  636.0   0.01108

  637.0   0.01109

  638.0   0.01105

  639.0   0.01099

  640.0   0.01099

  641.0   0.01096

  642.0   0.01095

  643.0   0.01094

  644.0   0.01089

  645.0   0.01089

  646.0   0.01089

  647.0   0.01089

  648.0   0.01089

  649.0   0.01086

  650.0   0.01079

  651.0   0.01077

  652.0   0.01076

  653.0   0.01077

  654.0   0.01072

  655.0   0.01073

  656.0   0.01066

  657.0   0.01068

  658.0   0.01063

  659.0   0.01059

  660.0   0.01054

  661.0   0.01049

  662.0   0.01040

  663.0   0.01038

  664.0   0.01031

  665.0   0.01021

  666.0   0.01013

  667.0   0.01001

  668.0   0.00992

  669.0   0.00977

  670.0   0.00967

  671.0   0.00959

  672.0   0.00953

  673.0   0.00943

  674.0   0.00941

  675.0   0.00934

  676.0   0.00920

  677.0   0.00909

  678.0   0.00904

  679.0   0.00895

  680.0   0.00888

  681.0   0.00883

  682.0   0.00873

  683.0   0.00872

  684.0   0.00864

  685.0   0.00855

  686.0   0.00851

  687.0   0.00842

  688.0   0.00831

  689.0   0.00822

  690.0   0.00813

  691.0   0.00805

  692.0   0.00802

  693.0   0.00796

  694.0   0.00788

  695.0   0.00773

  696.0   0.00766

  697.0   0.00761

  698.0   0.00757

  699.0   0.00757

  700.0   0.00755

  701.0   0.00753

  702.0   0.00749

  703.0   0.00748

  704.0   0.00740

  705.0   0.00742

  706.0   0.00741

  707.0   0.00733

  708.0   0.00737

  709.0   0.00738

  710.0   0.00728

  711.0   0.00729

  712.0   0.00734

  713.0   0.00726

  714.0   0.00727

  715.0   0.00717

  716.0   0.00716

  717.0   0.00713

  718.0   0.00703

  719.0   0.00704

  720.0   0.00700

  721.0   0.00699

  722.0   0.00698

  723.0   0.00695

  724.0   0.00696

  725.0   0.00693

  726.0   0.00686

  727.0   0.00680

  728.0   0.00683

  729.0   0.00675

  730.0   0.00675

  731.0   0.00666

  732.0   0.00666

  733.0   0.00666

  734.0   0.00659

  735.0   0.00664

  736.0   0.00664

  737.0   0.00656

  738.0   0.00646

  739.0   0.00638

  740.0   0.00634

  741.0   0.00630

  742.0   0.00629

  743.0   0.00630

  744.0   0.00632

  745.0   0.00626

  746.0   0.00628

  747.0   0.00633

  748.0   0.00635

  749.0   0.00629

  750.0   0.00629

  751.0   0.00632

  752.0   0.00631

  753.0   0.00637

  754.0   0.00640

  755.0   0.00648

  756.0   0.00651

  757.0   0.00649

  758.0   0.00655

  759.0   0.00650

  760.0   0.00642

  761.0   0.00648

  762.0   0.00643

  763.0   0.00641

  764.0   0.00647

  765.0   0.00642

  766.0   0.00646

  767.0   0.00649

  768.0   0.00650

  769.0   0.00648

  770.0   0.00652

  771.0   0.00650

  772.0   0.00645

  773.0   0.00646

  774.0   0.00653

  775.0   0.00643

  776.0   0.00641

  777.0   0.00645

  778.0   0.00638

  779.0   0.00644

  780.0   0.00637

  781.0   0.00632

  782.0   0.00622

  783.0   0.00618

  784.0   0.00616

  785.0   0.00609

  786.0   0.00610

  787.0   0.00614

  788.0   0.00621

  789.0   0.00631

  790.0   0.00638

  791.0   0.00634

  792.0   0.00643

  793.0   0.00639

  794.0   0.00643

  795.0   0.00639

  796.0   0.00646

  797.0   0.00644

  798.0   0.00636

  799.0   0.00634

  800.0   0.00628

 
