ser ID: DU600

Method ID: A:\DEFAULT

Date: 07/28/00

Time: 08:28

 200.0   2.78604

  201.0   2.85187

  202.0   2.88593

  203.0   2.61490

  204.0   2.94498

  205.0   2.97772

  206.0   2.53063

  207.0   3.04139

  208.0   3.08493

  209.0   3.13925

  210.0   3.18639

  211.0   3.24279

  212.0   3.31175

  213.0   3.38952

  214.0   3.44886

  215.0   3.50311

  216.0   3.56229

  217.0   3.15523

  218.0   3.68726

  219.0   3.73030

  220.0   3.76080

  221.0   3.08422

  222.0   3.80209

  223.0   3.81704

  224.0   3.83097

  225.0   3.84336

  226.0   3.55546

  227.0   3.56761

  228.0   3.88036

  229.0   3.89120

  230.0   3.90260

  231.0   3.91259

  232.0   3.92143

  233.0   3.92870

  234.0   3.93591

  235.0   3.94067

  236.0   3.94493

  237.0   3.64635

  238.0   3.47232

  239.0   3.95022

  240.0   3.94968

  241.0   3.94876

  242.0   3.24837

  243.0   3.94507

  244.0   3.94221

  245.0   3.93872

  246.0   3.63357

  247.0   3.15173

  248.0   3.92547

  249.0   3.92049

  250.0   3.43870

  251.0   3.43211

  252.0   3.12499

  253.0   2.99448

  254.0   3.89204

  255.0   3.28358

  256.0   2.97669

  257.0   2.72789

  258.0   2.75341

  259.0   2.85956

  260.0   2.70653

  261.0   2.61663

  262.0   2.41056

  263.0   2.37487

  264.0   2.34089

  265.0   2.27048

  266.0   2.19471

  267.0   2.07811

  268.0   2.03512

  269.0   1.99775

  270.0   1.88738

  271.0   1.82975

  272.0   1.71992

  273.0   1.66234

  274.0   1.59114

  275.0   1.52149

  276.0   1.45072

  277.0   1.37078

  278.0   1.30683

  279.0   1.25038

  280.0   1.19417

  281.0   1.12937

  282.0   1.07932

  283.0   1.03385

  284.0   0.99209

  285.0   0.94902

  286.0   0.90882

  287.0   0.86894

  288.0   0.83392

  289.0   0.80373

  290.0   0.77543

  291.0   0.74749

  292.0   0.72111

  293.0   0.69940

  294.0   0.68040

  295.0   0.65873

  296.0   0.64224

  297.0   0.62244

  298.0   0.60765

  299.0   0.59140

  300.0   0.57913

  301.0   0.56669

  302.0   0.55263

  303.0   0.54248

  304.0   0.53412

  305.0   0.52398

  306.0   0.51294

  307.0   0.50468

  308.0   0.49604

  309.0   0.48884

  310.0   0.47903

  311.0   0.47249

  312.0   0.46056

  313.0   0.45390

  314.0   0.44504

  315.0   0.43882

  316.0   0.42998

  317.0   0.42325

  318.0   0.41657

  319.0   0.41264

  320.0   0.40768

  321.0   0.40676

  322.0   0.40034

  323.0   0.39737

  324.0   0.39463

  325.0   0.39347

  326.0   0.39265

  327.0   0.39341

  328.0   0.39356

  329.0   0.39317

  330.0   0.39127

  331.0   0.39200

  332.0   0.39144

  333.0   0.39129

  334.0   0.39137

  335.0   0.39127

  336.0   0.39190

  337.0   0.39286

  338.0   0.39428

  339.0   0.39484

  340.0   0.39569

  341.0   0.39950

  342.0   0.39954

  343.0   0.40223

  344.0   0.40262

  345.0   0.40711

  346.0   0.40749

  347.0   0.40974

  348.0   0.41081

  349.0   0.41119

  350.0   0.41033

  351.0   0.41205

  352.0   0.41142

  353.0   0.40887

  354.0   0.40795

  355.0   0.40689

  356.0   0.40687

  357.0   0.40304

  358.0   0.39908

  359.0   0.39433

  360.0   0.38936

  361.0   0.38592

  362.0   0.38055

  363.0   0.37593

  364.0   0.37056

  365.0   0.36327

  366.0   0.35857

  367.0   0.35248

  368.0   0.34763

  369.0   0.34045

  370.0   0.33506

  371.0   0.32947

  372.0   0.32386

  373.0   0.31768

  374.0   0.31154

  375.0   0.30631

  376.0   0.30132

  377.0   0.29581

  378.0   0.28978

  379.0   0.28515

  380.0   0.28040

  381.0   0.27535

  382.0   0.27020

  383.0   0.26541

  384.0   0.26076

  385.0   0.25640

  386.0   0.25162

  387.0   0.24779

  388.0   0.24365

  389.0   0.23923

  390.0   0.23585

  391.0   0.23234

  392.0   0.22853

  393.0   0.22492

  394.0   0.22106

  395.0   0.21802

  396.0   0.21501

  397.0   0.21103

  398.0   0.20805

  399.0   0.20494

  400.0   0.20160

  401.0   0.19807

  402.0   0.19425

  403.0   0.19148

  404.0   0.18773

  405.0   0.18425

  406.0   0.18064

  407.0   0.17689

  408.0   0.17319

  409.0   0.16905

  410.0   0.16484

  411.0   0.16065

  412.0   0.15692

  413.0   0.15291

  414.0   0.14816

  415.0   0.14565

  416.0   0.13811

  417.0   0.13319

  418.0   0.12833

  419.0   0.12303

  420.0   0.11826

  421.0   0.11359

  422.0   0.10862

  423.0   0.10407

  424.0   0.09909

  425.0   0.09470

  426.0   0.09040

  427.0   0.08630

  428.0   0.08262

  429.0   0.07853

  430.0   0.07510

  431.0   0.07163

  432.0   0.06852

  433.0   0.06534

  434.0   0.06268

  435.0   0.06019

  436.0   0.05753

  437.0   0.05533

  438.0   0.05309

  439.0   0.05109

  440.0   0.04905

  441.0   0.04741

  442.0   0.04553

  443.0   0.04407

  444.0   0.04248

  445.0   0.04114

  446.0   0.03966

  447.0   0.03842

  448.0   0.03713

  449.0   0.03599

  450.0   0.03476

  451.0   0.03362

  452.0   0.03276

  453.0   0.03160

  454.0   0.03060

  455.0   0.02957

  456.0   0.02856

  457.0   0.02778

  458.0   0.02684

  459.0   0.02592

  460.0   0.02491

  461.0   0.02419

  462.0   0.02339

  463.0   0.02251

  464.0   0.02168

  465.0   0.02112

  466.0   0.02023

  467.0   0.01967

  468.0   0.01894

  469.0   0.01831

  470.0   0.01767

  471.0   0.01720

  472.0   0.01649

  473.0   0.01595

  474.0   0.01548

  475.0   0.01508

  476.0   0.01451

  477.0   0.01402

  478.0   0.01358

  479.0   0.01317

  480.0   0.01279

  481.0   0.01249

  482.0   0.01206

  483.0   0.01165

  484.0   0.01130

  485.0   0.01103

  486.0   0.01067

  487.0   0.01038

  488.0   0.01016

  489.0   0.00987

  490.0   0.00957

  491.0   0.00932

  492.0   0.00910

  493.0   0.00881

  494.0   0.00863

  495.0   0.00842

  496.0   0.00819

  497.0   0.00803

  498.0   0.00781

  499.0   0.00760

  500.0   0.00744

  501.0   0.00736

  502.0   0.00718

  503.0   0.00701

  504.0   0.00692

  505.0   0.00683

  506.0   0.00667

  507.0   0.00650

  508.0   0.00640

  509.0   0.00627

  510.0   0.00622

  511.0   0.00615

  512.0   0.00614

  513.0   0.00600

  514.0   0.00601

  515.0   0.00592

  516.0   0.00579

  517.0   0.00577

  518.0   0.00577

  519.0   0.00569

  520.0   0.00573

  521.0   0.00568

  522.0   0.00578

  523.0   0.00574

  524.0   0.00579

  525.0   0.00575

  526.0   0.00580

  527.0   0.00587

  528.0   0.00591

  529.0   0.00589

  530.0   0.00595

  531.0   0.00607

  532.0   0.00604

  533.0   0.00609

  534.0   0.00616

  535.0   0.00623

  536.0   0.00630

  537.0   0.00639

  538.0   0.00645

  539.0   0.00655

  540.0   0.00663

  541.0   0.00675

  542.0   0.00684

  543.0   0.00696

  544.0   0.00701

  545.0   0.00712

  546.0   0.00717

  547.0   0.00730

  548.0   0.00734

  549.0   0.00744

  550.0   0.00752

  551.0   0.00758

  552.0   0.00770

  553.0   0.00779

  554.0   0.00782

  555.0   0.00789

  556.0   0.00798

  557.0   0.00813

  558.0   0.00809

  559.0   0.00804

  560.0   0.00797

  561.0   0.00809

  562.0   0.00816

  563.0   0.00828

  564.0   0.00836

  565.0   0.00845

  566.0   0.00847

  567.0   0.00848

  568.0   0.00850

  569.0   0.00850

  570.0   0.00853

  571.0   0.00855

  572.0   0.00857

  573.0   0.00864

  574.0   0.00864

  575.0   0.00860

  576.0   0.00862

  577.0   0.00869

  578.0   0.00866

  579.0   0.00866

  580.0   0.00866

  581.0   0.00869

  582.0   0.00872

  583.0   0.00872

  584.0   0.00878

  585.0   0.00882

  586.0   0.00884

  587.0   0.00885

  588.0   0.00888

  589.0   0.00899

  590.0   0.00905

  591.0   0.00914

  592.0   0.00921

  593.0   0.00929

  594.0   0.00934

  595.0   0.00943

  596.0   0.00949

  597.0   0.00956

  598.0   0.00967

  599.0   0.00986

  600.0   0.00991

  601.0   0.00998

  602.0   0.00999

  603.0   0.01004

  604.0   0.01008

  605.0   0.01013

  606.0   0.01013

  607.0   0.01021

  608.0   0.01029

  609.0   0.01025

  610.0   0.01026

  611.0   0.01032

  612.0   0.01030

  613.0   0.01032

  614.0   0.01029

  615.0   0.01027

  616.0   0.01033

  617.0   0.01026

  618.0   0.01023

  619.0   0.01026

  620.0   0.01029

  621.0   0.01026

  622.0   0.01025

  623.0   0.01023

  624.0   0.01025

  625.0   0.01023

  626.0   0.01017

  627.0   0.01019

  628.0   0.01016

  629.0   0.01018

  630.0   0.01013

  631.0   0.01015

  632.0   0.01018

  633.0   0.01013

  634.0   0.01011

  635.0   0.01005

  636.0   0.01004

  637.0   0.00994

  638.0   0.00983

  639.0   0.00980

  640.0   0.00978

  641.0   0.00974

  642.0   0.00976

  643.0   0.00977

  644.0   0.00979

  645.0   0.00979

  646.0   0.00982

  647.0   0.00976

  648.0   0.00970

  649.0   0.00968

  650.0   0.00960

  651.0   0.00959

  652.0   0.00958

  653.0   0.00956

  654.0   0.00953

  655.0   0.00954

  656.0   0.00950

  657.0   0.00951

  658.0   0.00947

  659.0   0.00943

  660.0   0.00938

  661.0   0.00934

  662.0   0.00929

  663.0   0.00923

  664.0   0.00918

  665.0   0.00913

  666.0   0.00911

  667.0   0.00903

  668.0   0.00901

  669.0   0.00891

  670.0   0.00880

  671.0   0.00872

  672.0   0.00864

  673.0   0.00857

  674.0   0.00849

  675.0   0.00841

  676.0   0.00833

  677.0   0.00823

  678.0   0.00812

  679.0   0.00805

  680.0   0.00796

  681.0   0.00785

  682.0   0.00776

  683.0   0.00770

  684.0   0.00770

  685.0   0.00757

  686.0   0.00753

  687.0   0.00747

  688.0   0.00738

  689.0   0.00726

  690.0   0.00717

  691.0   0.00711

  692.0   0.00703

  693.0   0.00697

  694.0   0.00689

  695.0   0.00685

  696.0   0.00677

  697.0   0.00675

  698.0   0.00670

  699.0   0.00674

  700.0   0.00669

  701.0   0.00667

  702.0   0.00667

  703.0   0.00659

  704.0   0.00653

  705.0   0.00657

  706.0   0.00655

  707.0   0.00648

  708.0   0.00648

  709.0   0.00648

  710.0   0.00640

  711.0   0.00636

  712.0   0.00642

  713.0   0.00638

  714.0   0.00638

  715.0   0.00628

  716.0   0.00626

  717.0   0.00622

  718.0   0.00614

  719.0   0.00612

  720.0   0.00612

  721.0   0.00606

  722.0   0.00609

  723.0   0.00610

  724.0   0.00606

  725.0   0.00600

  726.0   0.00598

  727.0   0.00592

  728.0   0.00594

  729.0   0.00590

  730.0   0.00589

  731.0   0.00585

  732.0   0.00577

  733.0   0.00583

  734.0   0.00578

  735.0   0.00580

  736.0   0.00567

  737.0   0.00559

  738.0   0.00558

  739.0   0.00551

  740.0   0.00549

  741.0   0.00548

  742.0   0.00547

  743.0   0.00546

  744.0   0.00545

  745.0   0.00544

  746.0   0.00549

  747.0   0.00543

  748.0   0.00548

  749.0   0.00543

  750.0   0.00540

  751.0   0.00537

  752.0   0.00542

  753.0   0.00540

  754.0   0.00534

  755.0   0.00537

  756.0   0.00537

  757.0   0.00530

  758.0   0.00536

  759.0   0.00534

  760.0   0.00528

  761.0   0.00542

  762.0   0.00543

  763.0   0.00540

  764.0   0.00541

  765.0   0.00544

  766.0   0.00556

  767.0   0.00562

  768.0   0.00573

  769.0   0.00566

  770.0   0.00567

  771.0   0.00565

  772.0   0.00563

  773.0   0.00569

  774.0   0.00581

  775.0   0.00585

  776.0   0.00583

  777.0   0.00581

  778.0   0.00579

  779.0   0.00586

  780.0   0.00587

  781.0   0.00602

  782.0   0.00608

  783.0   0.00621

  784.0   0.00630

  785.0   0.00629

  786.0   0.00619

  787.0   0.00620

  788.0   0.00619

  789.0   0.00623

  790.0   0.00624

  791.0   0.00620

  792.0   0.00621

  793.0   0.00625

  794.0   0.00629

  795.0   0.00630

  796.0   0.00637

  797.0   0.00635

  798.0   0.00633

  799.0   0.00634

  800.0   0.00631

 
