ser ID: DU600

Method ID: A:\DEFAULT

Date: 07/28/00

Time: 09:12

 200.0   2.78604

  201.0   2.85187

  202.0   2.88593

  203.0   2.91593

  204.0   2.94498

  205.0   2.50060

  206.0   3.00775

  207.0   3.04139

  208.0   3.08493

  209.0   3.13925

  210.0   2.88536

  211.0   3.24279

  212.0   3.31175

  213.0   3.38952

  214.0   3.44886

  215.0   2.80414

  216.0   2.96023

  217.0   3.63236

  218.0   3.68726

  219.0   3.73030

  220.0   3.15874

  221.0   3.78319

  222.0   3.80209

  223.0   3.81704

  224.0   3.83097

  225.0   3.84336

  226.0   3.85649

  227.0   3.86864

  228.0   3.27830

  229.0   3.59017

  230.0   3.90260

  231.0   3.91259

  232.0   3.92143

  233.0   3.92870

  234.0   3.93591

  235.0   3.94067

  236.0   3.94493

  237.0   3.34532

  238.0   3.34738

  239.0   3.95022

  240.0   3.94968

  241.0   3.34670

  242.0   2.94734

  243.0   2.94507

  244.0   3.34015

  245.0   3.93872

  246.0   3.63357

  247.0   3.45276

  248.0   2.88407

  249.0   3.01740

  250.0   2.91582

  251.0   2.90924

  252.0   3.05805

  253.0   2.78363

  254.0   2.77810

  255.0   2.58461

  256.0   2.57875

  257.0   2.49381

  258.0   2.52493

  259.0   2.49783

  260.0   2.43769

  261.0   2.34193

  262.0   2.26214

  263.0   2.15603

  264.0   2.18880

  265.0   2.15469

  266.0   2.03263

  267.0   1.95317

  268.0   1.89216

  269.0   1.79961

  270.0   1.72202

  271.0   1.64902

  272.0   1.57275

  273.0   1.49601

  274.0   1.41322

  275.0   1.33996

  276.0   1.26473

  277.0   1.20826

  278.0   1.14591

  279.0   1.09244

  280.0   1.04139

  281.0   0.98906

  282.0   0.94566

  283.0   0.90698

  284.0   0.87517

  285.0   0.83923

  286.0   0.80761

  287.0   0.77837

  288.0   0.74807

  289.0   0.72707

  290.0   0.71032

  291.0   0.69150

  292.0   0.67092

  293.0   0.65710

  294.0   0.64358

  295.0   0.63089

  296.0   0.62135

  297.0   0.61085

  298.0   0.60242

  299.0   0.59281

  300.0   0.58608

  301.0   0.57869

  302.0   0.57083

  303.0   0.56738

  304.0   0.56193

  305.0   0.55693

  306.0   0.55046

  307.0   0.54449

  308.0   0.54027

  309.0   0.53586

  310.0   0.52988

  311.0   0.52323

  312.0   0.51627

  313.0   0.50774

  314.0   0.50097

  315.0   0.49507

  316.0   0.48837

  317.0   0.48030

  318.0   0.47356

  319.0   0.46582

  320.0   0.45863

  321.0   0.45910

  322.0   0.45098

  323.0   0.44595

  324.0   0.44175

  325.0   0.43745

  326.0   0.43323

  327.0   0.43225

  328.0   0.42872

  329.0   0.42317

  330.0   0.41880

  331.0   0.41470

  332.0   0.40984

  333.0   0.40665

  334.0   0.40230

  335.0   0.39690

  336.0   0.39190

  337.0   0.38665

  338.0   0.38447

  339.0   0.37925

  340.0   0.37685

  341.0   0.37255

  342.0   0.36819

  343.0   0.36532

  344.0   0.36146

  345.0   0.36020

  346.0   0.35682

  347.0   0.35290

  348.0   0.34996

  349.0   0.34706

  350.0   0.34159

  351.0   0.33864

  352.0   0.33423

  353.0   0.33129

  354.0   0.32740

  355.0   0.32286

  356.0   0.32038

  357.0   0.31405

  358.0   0.30831

  359.0   0.30255

  360.0   0.29902

  361.0   0.29438

  362.0   0.28876

  363.0   0.28351

  364.0   0.27916

  365.0   0.27300

  366.0   0.26961

  367.0   0.26374

  368.0   0.25962

  369.0   0.25484

  370.0   0.24968

  371.0   0.24493

  372.0   0.24093

  373.0   0.23668

  374.0   0.23257

  375.0   0.22817

  376.0   0.22272

  377.0   0.21950

  378.0   0.21531

  379.0   0.21158

  380.0   0.20883

  381.0   0.20674

  382.0   0.20427

  383.0   0.20136

  384.0   0.19743

  385.0   0.19421

  386.0   0.19137

  387.0   0.18900

  388.0   0.18634

  389.0   0.18523

  390.0   0.18365

  391.0   0.18194

  392.0   0.17897

  393.0   0.17718

  394.0   0.17517

  395.0   0.17349

  396.0   0.17211

  397.0   0.17001

  398.0   0.16804

  399.0   0.16602

  400.0   0.16363

  401.0   0.16175

  402.0   0.15940

  403.0   0.15776

  404.0   0.15458

  405.0   0.15189

  406.0   0.14873

  407.0   0.14598

  408.0   0.14305

  409.0   0.13962

  410.0   0.13623

  411.0   0.13231

  412.0   0.12931

  413.0   0.12547

  414.0   0.12154

  415.0   0.11941

  416.0   0.11260

  417.0   0.10781

  418.0   0.10375

  419.0   0.09868

  420.0   0.09455

  421.0   0.09022

  422.0   0.08555

  423.0   0.08141

  424.0   0.07700

  425.0   0.07298

  426.0   0.06910

  427.0   0.06566

  428.0   0.06223

  429.0   0.05874

  430.0   0.05568

  431.0   0.05275

  432.0   0.05024

  433.0   0.04755

  434.0   0.04539

  435.0   0.04336

  436.0   0.04107

  437.0   0.03945

  438.0   0.03763

  439.0   0.03609

  440.0   0.03451

  441.0   0.03332

  442.0   0.03195

  443.0   0.03078

  444.0   0.02973

  445.0   0.02872

  446.0   0.02782

  447.0   0.02682

  448.0   0.02593

  449.0   0.02518

  450.0   0.02441

  451.0   0.02364

  452.0   0.02302

  453.0   0.02228

  454.0   0.02158

  455.0   0.02094

  456.0   0.02026

  457.0   0.01980

  458.0   0.01934

  459.0   0.01873

  460.0   0.01807

  461.0   0.01753

  462.0   0.01708

  463.0   0.01655

  464.0   0.01605

  465.0   0.01569

  466.0   0.01503

  467.0   0.01473

  468.0   0.01426

  469.0   0.01389

  470.0   0.01340

  471.0   0.01305

  472.0   0.01267

  473.0   0.01223

  474.0   0.01202

  475.0   0.01177

  476.0   0.01130

  477.0   0.01097

  478.0   0.01064

  479.0   0.01038

  480.0   0.01009

  481.0   0.00999

  482.0   0.00972

  483.0   0.00950

  484.0   0.00926

  485.0   0.00912

  486.0   0.00883

  487.0   0.00871

  488.0   0.00861

  489.0   0.00841

  490.0   0.00828

  491.0   0.00820

  492.0   0.00810

  493.0   0.00789

  494.0   0.00774

  495.0   0.00768

  496.0   0.00746

  497.0   0.00741

  498.0   0.00728

  499.0   0.00720

  500.0   0.00709

  501.0   0.00710

  502.0   0.00704

  503.0   0.00702

  504.0   0.00700

  505.0   0.00696

  506.0   0.00688

  507.0   0.00690

  508.0   0.00688

  509.0   0.00684

  510.0   0.00682

  511.0   0.00682

  512.0   0.00685

  513.0   0.00687

  514.0   0.00691

  515.0   0.00693

  516.0   0.00685

  517.0   0.00688

  518.0   0.00697

  519.0   0.00699

  520.0   0.00712

  521.0   0.00716

  522.0   0.00722

  523.0   0.00727

  524.0   0.00735

  525.0   0.00745

  526.0   0.00756

  527.0   0.00767

  528.0   0.00772

  529.0   0.00778

  530.0   0.00797

  531.0   0.00809

  532.0   0.00819

  533.0   0.00832

  534.0   0.00846

  535.0   0.00867

  536.0   0.00880

  537.0   0.00892

  538.0   0.00901

  539.0   0.00911

  540.0   0.00924

  541.0   0.00937

  542.0   0.00952

  543.0   0.00966

  544.0   0.00980

  545.0   0.00995

  546.0   0.01010

  547.0   0.01024

  548.0   0.01034

  549.0   0.01045

  550.0   0.01058

  551.0   0.01066

  552.0   0.01079

  553.0   0.01092

  554.0   0.01103

  555.0   0.01108

  556.0   0.01120

  557.0   0.01143

  558.0   0.01138

  559.0   0.01135

  560.0   0.01136

  561.0   0.01147

  562.0   0.01156

  563.0   0.01166

  564.0   0.01178

  565.0   0.01180

  566.0   0.01185

  567.0   0.01192

  568.0   0.01189

  569.0   0.01189

  570.0   0.01196

  571.0   0.01198

  572.0   0.01202

  573.0   0.01204

  574.0   0.01208

  575.0   0.01206

  576.0   0.01214

  577.0   0.01220

  578.0   0.01219

  579.0   0.01219

  580.0   0.01221

  581.0   0.01222

  582.0   0.01224

  583.0   0.01231

  584.0   0.01231

  585.0   0.01239

  586.0   0.01241

  587.0   0.01248

  588.0   0.01255

  589.0   0.01260

  590.0   0.01266

  591.0   0.01274

  592.0   0.01280

  593.0   0.01291

  594.0   0.01296

  595.0   0.01305

  596.0   0.01312

  597.0   0.01317

  598.0   0.01324

  599.0   0.01331

  600.0   0.01340

  601.0   0.01350

  602.0   0.01357

  603.0   0.01366

  604.0   0.01370

  605.0   0.01376

  606.0   0.01374

  607.0   0.01383

  608.0   0.01382

  609.0   0.01385

  610.0   0.01390

  611.0   0.01395

  612.0   0.01393

  613.0   0.01400

  614.0   0.01402

  615.0   0.01401

  616.0   0.01406

  617.0   0.01401

  618.0   0.01397

  619.0   0.01400

  620.0   0.01400

  621.0   0.01397

  622.0   0.01400

  623.0   0.01397

  624.0   0.01393

  625.0   0.01387

  626.0   0.01385

  627.0   0.01382

  628.0   0.01380

  629.0   0.01377

  630.0   0.01372

  631.0   0.01368

  632.0   0.01370

  633.0   0.01367

  634.0   0.01364

  635.0   0.01355

  636.0   0.01350

  637.0   0.01345

  638.0   0.01339

  639.0   0.01337

  640.0   0.01333

  641.0   0.01326

  642.0   0.01324

  643.0   0.01321

  644.0   0.01316

  645.0   0.01311

  646.0   0.01309

  647.0   0.01306

  648.0   0.01298

  649.0   0.01297

  650.0   0.01286

  651.0   0.01286

  652.0   0.01284

  653.0   0.01277

  654.0   0.01276

  655.0   0.01272

  656.0   0.01265

  657.0   0.01265

  658.0   0.01255

  659.0   0.01245

  660.0   0.01234

  661.0   0.01229

  662.0   0.01217

  663.0   0.01207

  664.0   0.01192

  665.0   0.01187

  666.0   0.01176

  667.0   0.01164

  668.0   0.01154

  669.0   0.01140

  670.0   0.01121

  671.0   0.01107

  672.0   0.01095

  673.0   0.01084

  674.0   0.01072

  675.0   0.01065

  676.0   0.01053

  677.0   0.01041

  678.0   0.01032

  679.0   0.01023

  680.0   0.01015

  681.0   0.01001

  682.0   0.00986

  683.0   0.00973

  684.0   0.00973

  685.0   0.00959

  686.0   0.00948

  687.0   0.00932

  688.0   0.00920

  689.0   0.00905

  690.0   0.00893

  691.0   0.00882

  692.0   0.00873

  693.0   0.00866

  694.0   0.00857

  695.0   0.00844

  696.0   0.00829

  697.0   0.00824

  698.0   0.00813

  699.0   0.00813

  700.0   0.00806

  701.0   0.00799

  702.0   0.00790

  703.0   0.00784

  704.0   0.00773

  705.0   0.00772

  706.0   0.00770

  707.0   0.00762

  708.0   0.00759

  709.0   0.00756

  710.0   0.00746

  711.0   0.00743

  712.0   0.00744

  713.0   0.00736

  714.0   0.00729

  715.0   0.00717

  716.0   0.00718

  717.0   0.00708

  718.0   0.00696

  719.0   0.00697

  720.0   0.00692

  721.0   0.00688

  722.0   0.00685

  723.0   0.00680

  724.0   0.00676

  725.0   0.00667

  726.0   0.00659

  727.0   0.00657

  728.0   0.00658

  729.0   0.00649

  730.0   0.00647

  731.0   0.00641

  732.0   0.00636

  733.0   0.00633

  734.0   0.00635

  735.0   0.00636

  736.0   0.00631

  737.0   0.00626

  738.0   0.00613

  739.0   0.00611

  740.0   0.00612

  741.0   0.00605

  742.0   0.00604

  743.0   0.00603

  744.0   0.00602

  745.0   0.00604

  746.0   0.00603

  747.0   0.00600

  748.0   0.00602

  749.0   0.00597

  750.0   0.00591

  751.0   0.00588

  752.0   0.00588

  753.0   0.00591

  754.0   0.00583

  755.0   0.00586

  756.0   0.00586

  757.0   0.00576

  758.0   0.00582

  759.0   0.00580

  760.0   0.00580

  761.0   0.00583

  762.0   0.00578

  763.0   0.00579

  764.0   0.00582

  765.0   0.00580

  766.0   0.00586

  767.0   0.00584

  768.0   0.00587

  769.0   0.00588

  770.0   0.00589

  771.0   0.00587

  772.0   0.00588

  773.0   0.00586

  774.0   0.00581

  775.0   0.00582

  776.0   0.00583

  777.0   0.00587

  778.0   0.00588

  779.0   0.00594

  780.0   0.00592

  781.0   0.00596

  782.0   0.00597

  783.0   0.00587

  784.0   0.00588

  785.0   0.00581

  786.0   0.00579

  787.0   0.00580

  788.0   0.00579

  789.0   0.00577

  790.0   0.00578

  791.0   0.00577

  792.0   0.00584

  793.0   0.00582

  794.0   0.00583

  795.0   0.00584

  796.0   0.00591

  797.0   0.00586

  798.0   0.00581

  799.0   0.00585

  800.0   0.00579

 
