ser ID: DU600

Method ID: A:\DEFAULT

Date: 07/28/00

Time: 08:12

 200.0   2.78604

  201.0   2.85187

  202.0   2.28387

  203.0   2.91593

  204.0   2.94498

  205.0   2.67669

  206.0   3.00775

  207.0   3.04139

  208.0   3.08493

  209.0   3.13925

  210.0   3.18639

  211.0   3.24279

  212.0   3.31175

  213.0   3.38952

  214.0   3.44886

  215.0   3.20208

  216.0   3.56229

  217.0   2.72927

  218.0   3.68726

  219.0   3.42927

  220.0   3.76080

  221.0   3.78319

  222.0   3.80209

  223.0   3.11807

  224.0   3.52994

  225.0   3.84336

  226.0   3.37937

  227.0   3.86864

  228.0   3.88036

  229.0   3.28914

  230.0   3.90260

  231.0   3.31053

  232.0   3.62040

  233.0   3.92870

  234.0   3.93591

  235.0   3.16251

  236.0   3.94493

  237.0   3.94738

  238.0   3.17129

  239.0   3.95022

  240.0   3.94968

  241.0   3.34670

  242.0   3.94734

  243.0   3.94507

  244.0   3.34015

  245.0   3.93872

  246.0   3.93460

  247.0   3.08478

  248.0   3.92547

  249.0   3.92049

  250.0   3.21685

  251.0   3.90924

  252.0   3.05805

  253.0   3.19860

  254.0   3.41492

  255.0   2.98255

  256.0   3.18081

  257.0   3.09587

  258.0   3.02225

  259.0   2.90532

  260.0   2.81127

  261.0   2.56833

  262.0   2.61147

  263.0   2.42230

  264.0   2.43431

  265.0   2.44658

  266.0   2.19471

  267.0   2.11153

  268.0   2.07358

  269.0   2.01154

  270.0   1.93787

  271.0   1.89515

  272.0   1.80869

  273.0   1.73577

  274.0   1.68258

  275.0   1.59554

  276.0   1.54913

  277.0   1.48690

  278.0   1.39979

  279.0   1.34349

  280.0   1.28443

  281.0   1.21770

  282.0   1.17196

  283.0   1.11552

  284.0   1.06580

  285.0   1.01832

  286.0   0.97295

  287.0   0.92823

  288.0   0.88835

  289.0   0.85163

  290.0   0.81486

  291.0   0.78473

  292.0   0.75118

  293.0   0.72296

  294.0   0.69825

  295.0   0.67200

  296.0   0.64826

  297.0   0.62668

  298.0   0.60648

  299.0   0.58383

  300.0   0.56556

  301.0   0.54902

  302.0   0.53116

  303.0   0.51675

  304.0   0.50110

  305.0   0.49079

  306.0   0.47614

  307.0   0.46442

  308.0   0.45370

  309.0   0.44208

  310.0   0.43136

  311.0   0.42280

  312.0   0.41161

  313.0   0.40139

  314.0   0.39363

  315.0   0.38486

  316.0   0.37665

  317.0   0.37013

  318.0   0.36453

  319.0   0.35981

  320.0   0.35619

  321.0   0.35372

  322.0   0.34961

  323.0   0.34958

  324.0   0.35041

  325.0   0.35028

  326.0   0.35247

  327.0   0.35447

  328.0   0.35639

  329.0   0.36020

  330.0   0.36269

  331.0   0.36458

  332.0   0.36836

  333.0   0.37260

  334.0   0.37547

  335.0   0.38068

  336.0   0.38407

  337.0   0.38894

  338.0   0.39613

  339.0   0.39854

  340.0   0.40542

  341.0   0.41185

  342.0   0.41730

  343.0   0.42458

  344.0   0.42972

  345.0   0.43480

  346.0   0.44000

  347.0   0.44556

  348.0   0.45037

  349.0   0.45472

  350.0   0.45555

  351.0   0.45998

  352.0   0.46134

  353.0   0.46288

  354.0   0.46386

  355.0   0.46416

  356.0   0.46326

  357.0   0.46160

  358.0   0.45888

  359.0   0.45541

  360.0   0.45328

  361.0   0.44919

  362.0   0.44324

  363.0   0.43679

  364.0   0.43318

  365.0   0.42568

  366.0   0.42016

  367.0   0.41318

  368.0   0.40660

  369.0   0.39963

  370.0   0.39346

  371.0   0.38614

  372.0   0.38024

  373.0   0.37250

  374.0   0.36601

  375.0   0.36048

  376.0   0.35348

  377.0   0.34720

  378.0   0.34070

  379.0   0.33412

  380.0   0.32807

  381.0   0.32173

  382.0   0.31622

  383.0   0.30984

  384.0   0.30372

  385.0   0.29750

  386.0   0.29200

  387.0   0.28642

  388.0   0.28052

  389.0   0.27499

  390.0   0.27002

  391.0   0.26476

  392.0   0.25987

  393.0   0.25476

  394.0   0.24926

  395.0   0.24524

  396.0   0.24071

  397.0   0.23599

  398.0   0.23167

  399.0   0.22695

  400.0   0.22307

  401.0   0.21928

  402.0   0.21474

  403.0   0.21120

  404.0   0.20622

  405.0   0.20220

  406.0   0.19826

  407.0   0.19400

  408.0   0.18998

  409.0   0.18540

  410.0   0.18090

  411.0   0.17620

  412.0   0.17274

  413.0   0.16812

  414.0   0.16343

  415.0   0.16087

  416.0   0.15310

  417.0   0.14805

  418.0   0.14298

  419.0   0.13787

  420.0   0.13288

  421.0   0.12811

  422.0   0.12307

  423.0   0.11831

  424.0   0.11353

  425.0   0.10902

  426.0   0.10421

  427.0   0.10008

  428.0   0.09621

  429.0   0.09204

  430.0   0.08843

  431.0   0.08481

  432.0   0.08146

  433.0   0.07807

  434.0   0.07518

  435.0   0.07252

  436.0   0.06950

  437.0   0.06693

  438.0   0.06456

  439.0   0.06217

  440.0   0.05981

  441.0   0.05788

  442.0   0.05562

  443.0   0.05396

  444.0   0.05219

  445.0   0.05047

  446.0   0.04884

  447.0   0.04709

  448.0   0.04557

  449.0   0.04412

  450.0   0.04264

  451.0   0.04121

  452.0   0.04002

  453.0   0.03860

  454.0   0.03744

  455.0   0.03616

  456.0   0.03488

  457.0   0.03379

  458.0   0.03262

  459.0   0.03141

  460.0   0.03026

  461.0   0.02920

  462.0   0.02818

  463.0   0.02708

  464.0   0.02618

  465.0   0.02559

  466.0   0.02449

  467.0   0.02370

  468.0   0.02275

  469.0   0.02192

  470.0   0.02110

  471.0   0.02050

  472.0   0.01966

  473.0   0.01907

  474.0   0.01838

  475.0   0.01781

  476.0   0.01713

  477.0   0.01652

  478.0   0.01596

  479.0   0.01542

  480.0   0.01485

  481.0   0.01446

  482.0   0.01391

  483.0   0.01342

  484.0   0.01296

  485.0   0.01259

  486.0   0.01213

  487.0   0.01180

  488.0   0.01147

  489.0   0.01110

  490.0   0.01071

  491.0   0.01043

  492.0   0.01008

  493.0   0.00970

  494.0   0.00946

  495.0   0.00920

  496.0   0.00881

  497.0   0.00859

  498.0   0.00828

  499.0   0.00809

  500.0   0.00784

  501.0   0.00764

  502.0   0.00738

  503.0   0.00706

  504.0   0.00696

  505.0   0.00669

  506.0   0.00644

  507.0   0.00627

  508.0   0.00614

  509.0   0.00590

  510.0   0.00581

  511.0   0.00574

  512.0   0.00568

  513.0   0.00552

  514.0   0.00539

  515.0   0.00526

  516.0   0.00504

  517.0   0.00499

  518.0   0.00491

  519.0   0.00481

  520.0   0.00479

  521.0   0.00477

  522.0   0.00474

  523.0   0.00470

  524.0   0.00466

  525.0   0.00462

  526.0   0.00462

  527.0   0.00460

  528.0   0.00460

  529.0   0.00461

  530.0   0.00456

  531.0   0.00465

  532.0   0.00459

  533.0   0.00460

  534.0   0.00466

  535.0   0.00465

  536.0   0.00472

  537.0   0.00476

  538.0   0.00468

  539.0   0.00473

  540.0   0.00469

  541.0   0.00480

  542.0   0.00481

  543.0   0.00489

  544.0   0.00495

  545.0   0.00504

  546.0   0.00515

  547.0   0.00524

  548.0   0.00524

  549.0   0.00538

  550.0   0.00538

  551.0   0.00543

  552.0   0.00551

  553.0   0.00559

  554.0   0.00567

  555.0   0.00568

  556.0   0.00573

  557.0   0.00580

  558.0   0.00577

  559.0   0.00575

  560.0   0.00573

  561.0   0.00589

  562.0   0.00594

  563.0   0.00601

  564.0   0.00612

  565.0   0.00612

  566.0   0.00617

  567.0   0.00619

  568.0   0.00618

  569.0   0.00620

  570.0   0.00625

  571.0   0.00626

  572.0   0.00628

  573.0   0.00626

  574.0   0.00625

  575.0   0.00625

  576.0   0.00635

  577.0   0.00633

  578.0   0.00633

  579.0   0.00631

  580.0   0.00631

  581.0   0.00635

  582.0   0.00639

  583.0   0.00641

  584.0   0.00648

  585.0   0.00650

  586.0   0.00654

  587.0   0.00662

  588.0   0.00666

  589.0   0.00672

  590.0   0.00678

  591.0   0.00688

  592.0   0.00696

  593.0   0.00701

  594.0   0.00711

  595.0   0.00719

  596.0   0.00725

  597.0   0.00729

  598.0   0.00738

  599.0   0.00744

  600.0   0.00747

  601.0   0.00758

  602.0   0.00760

  603.0   0.00770

  604.0   0.00771

  605.0   0.00775

  606.0   0.00774

  607.0   0.00780

  608.0   0.00780

  609.0   0.00781

  610.0   0.00781

  611.0   0.00791

  612.0   0.00789

  613.0   0.00797

  614.0   0.00792

  615.0   0.00790

  616.0   0.00800

  617.0   0.00793

  618.0   0.00786

  619.0   0.00787

  620.0   0.00787

  621.0   0.00783

  622.0   0.00785

  623.0   0.00784

  624.0   0.00782

  625.0   0.00776

  626.0   0.00775

  627.0   0.00772

  628.0   0.00770

  629.0   0.00767

  630.0   0.00763

  631.0   0.00767

  632.0   0.00764

  633.0   0.00762

  634.0   0.00763

  635.0   0.00759

  636.0   0.00757

  637.0   0.00752

  638.0   0.00746

  639.0   0.00743

  640.0   0.00741

  641.0   0.00737

  642.0   0.00737

  643.0   0.00740

  644.0   0.00739

  645.0   0.00742

  646.0   0.00745

  647.0   0.00747

  648.0   0.00747

  649.0   0.00748

  650.0   0.00750

  651.0   0.00747

  652.0   0.00744

  653.0   0.00744

  654.0   0.00747

  655.0   0.00749

  656.0   0.00742

  657.0   0.00749

  658.0   0.00742

  659.0   0.00738

  660.0   0.00734

  661.0   0.00733

  662.0   0.00731

  663.0   0.00730

  664.0   0.00726

  665.0   0.00722

  666.0   0.00719

  667.0   0.00717

  668.0   0.00711

  669.0   0.00706

  670.0   0.00697

  671.0   0.00688

  672.0   0.00685

  673.0   0.00676

  674.0   0.00674

  675.0   0.00669

  676.0   0.00668

  677.0   0.00657

  678.0   0.00653

  679.0   0.00655

  680.0   0.00655

  681.0   0.00657

  682.0   0.00651

  683.0   0.00652

  684.0   0.00652

  685.0   0.00646

  686.0   0.00644

  687.0   0.00638

  688.0   0.00635

  689.0   0.00627

  690.0   0.00615

  691.0   0.00613

  692.0   0.00606

  693.0   0.00599

  694.0   0.00597

  695.0   0.00596

  696.0   0.00586

  697.0   0.00587

  698.0   0.00582

  699.0   0.00585

  700.0   0.00584

  701.0   0.00580

  702.0   0.00581

  703.0   0.00578

  704.0   0.00572

  705.0   0.00575

  706.0   0.00574

  707.0   0.00572

  708.0   0.00575

  709.0   0.00581

  710.0   0.00578

  711.0   0.00574

  712.0   0.00579

  713.0   0.00575

  714.0   0.00579

  715.0   0.00570

  716.0   0.00576

  717.0   0.00570

  718.0   0.00561

  719.0   0.00565

  720.0   0.00563

  721.0   0.00565

  722.0   0.00565

  723.0   0.00568

  724.0   0.00562

  725.0   0.00560

  726.0   0.00560

  727.0   0.00555

  728.0   0.00562

  729.0   0.00557

  730.0   0.00557

  731.0   0.00554

  732.0   0.00551

  733.0   0.00553

  734.0   0.00552

  735.0   0.00557

  736.0   0.00545

  737.0   0.00540

  738.0   0.00541

  739.0   0.00537

  740.0   0.00538

  741.0   0.00540

  742.0   0.00539

  743.0   0.00540

  744.0   0.00542

  745.0   0.00542

  746.0   0.00541

  747.0   0.00538

  748.0   0.00543

  749.0   0.00540

  750.0   0.00540

  751.0   0.00540

  752.0   0.00540

  753.0   0.00545

  754.0   0.00542

  755.0   0.00540

  756.0   0.00546

  757.0   0.00541

  758.0   0.00547

  759.0   0.00552

  760.0   0.00550

  761.0   0.00559

  762.0   0.00548

  763.0   0.00557

  764.0   0.00552

  765.0   0.00558

  766.0   0.00561

  767.0   0.00567

  768.0   0.00568

  769.0   0.00569

  770.0   0.00567

  771.0   0.00567

  772.0   0.00568

  773.0   0.00572

  774.0   0.00575

  775.0   0.00568

  776.0   0.00575

  777.0   0.00575

  778.0   0.00568

  779.0   0.00580

  780.0   0.00567

  781.0   0.00560

  782.0   0.00558

  783.0   0.00553

  784.0   0.00541

  785.0   0.00533

  786.0   0.00520

  787.0   0.00524

  788.0   0.00517

  789.0   0.00523

  790.0   0.00530

  791.0   0.00523

  792.0   0.00524

  793.0   0.00519

  794.0   0.00523

  795.0   0.00515

  796.0   0.00528

  797.0   0.00520

  798.0   0.00521

  799.0   0.00518

  800.0   0.00513

 
