ser ID: DU600

Method ID: A:\DEFAULT

Date: 07/28/00

Time: 10:49

 200.0   2.78604

  201.0   2.85187

  202.0   2.88593

  203.0   2.91593

  204.0   2.94498

  205.0   2.97772

  206.0   3.00775

  207.0   3.04139

  208.0   3.08493

  209.0   3.13925

  210.0   3.18639

  211.0   3.24279

  212.0   3.31175

  213.0   3.38952

  214.0   3.44886

  215.0   3.50311

  216.0   3.56229

  217.0   3.63236

  218.0   3.68726

  219.0   3.73030

  220.0   3.76080

  221.0   3.78319

  222.0   3.80209

  223.0   3.81704

  224.0   3.83097

  225.0   3.54233

  226.0   3.85649

  227.0   3.86864

  228.0   3.88036

  229.0   3.89120

  230.0   3.90260

  231.0   3.91259

  232.0   3.92143

  233.0   3.15055

  234.0   3.45879

  235.0   3.94067

  236.0   3.94493

  237.0   3.94738

  238.0   3.94944

  239.0   3.95022

  240.0   3.94968

  241.0   3.64773

  242.0   3.94734

  243.0   3.94507

  244.0   3.94221

  245.0   3.93872

  246.0   3.08950

  247.0   3.08478

  248.0   2.92547

  249.0   2.87910

  250.0   2.83664

  251.0   2.60820

  252.0   2.52293

  253.0   2.46621

  254.0   2.44488

  255.0   2.39428

  256.0   2.34830

  257.0   2.34254

  258.0   2.28757

  259.0   2.22609

  260.0   2.25060

  261.0   2.11469

  262.0   2.08605

  263.0   2.01120

  264.0   1.95144

  265.0   1.91830

  266.0   1.85417

  267.0   1.78520

  268.0   1.71607

  269.0   1.63958

  270.0   1.56567

  271.0   1.48861

  272.0   1.41525

  273.0   1.35334

  274.0   1.26605

  275.0   1.20095

  276.0   1.13396

  277.0   1.06809

  278.0   1.00725

  279.0   0.95833

  280.0   0.91547

  281.0   0.86973

  282.0   0.83469

  283.0   0.80386

  284.0   0.77493

  285.0   0.74803

  286.0   0.72329

  287.0   0.70346

  288.0   0.68263

  289.0   0.66626

  290.0   0.65178

  291.0   0.63879

  292.0   0.62746

  293.0   0.61766

  294.0   0.60964

  295.0   0.60184

  296.0   0.59742

  297.0   0.59190

  298.0   0.58795

  299.0   0.58522

  300.0   0.58079

  301.0   0.57897

  302.0   0.57716

  303.0   0.57481

  304.0   0.57207

  305.0   0.57174

  306.0   0.56911

  307.0   0.56585

  308.0   0.56335

  309.0   0.55958

  310.0   0.55474

  311.0   0.55086

  312.0   0.54448

  313.0   0.53896

  314.0   0.53131

  315.0   0.52519

  316.0   0.51879

  317.0   0.51006

  318.0   0.50528

  319.0   0.49721

  320.0   0.48994

  321.0   0.48727

  322.0   0.47598

  323.0   0.47074

  324.0   0.46582

  325.0   0.45998

  326.0   0.45697

  327.0   0.45017

  328.0   0.44486

  329.0   0.43832

  330.0   0.43168

  331.0   0.42510

  332.0   0.41582

  333.0   0.40959

  334.0   0.40230

  335.0   0.39384

  336.0   0.38567

  337.0   0.37761

  338.0   0.37115

  339.0   0.36227

  340.0   0.35461

  341.0   0.34656

  342.0   0.34035

  343.0   0.33443

  344.0   0.32577

  345.0   0.32012

  346.0   0.31255

  347.0   0.30678

  348.0   0.29979

  349.0   0.29416

  350.0   0.28653

  351.0   0.28024

  352.0   0.27418

  353.0   0.26877

  354.0   0.26241

  355.0   0.25635

  356.0   0.25405

  357.0   0.24560

  358.0   0.23845

  359.0   0.23290

  360.0   0.22781

  361.0   0.22268

  362.0   0.21689

  363.0   0.21242

  364.0   0.20899

  365.0   0.20304

  366.0   0.19944

  367.0   0.19534

  368.0   0.19089

  369.0   0.18699

  370.0   0.18334

  371.0   0.17961

  372.0   0.17616

  373.0   0.17281

  374.0   0.17026

  375.0   0.16743

  376.0   0.16361

  377.0   0.16153

  378.0   0.15864

  379.0   0.15657

  380.0   0.15393

  381.0   0.15191

  382.0   0.15014

  383.0   0.14809

  384.0   0.14655

  385.0   0.14547

  386.0   0.14389

  387.0   0.14291

  388.0   0.14196

  389.0   0.14108

  390.0   0.14052

  391.0   0.14003

  392.0   0.13950

  393.0   0.13868

  394.0   0.13770

  395.0   0.13716

  396.0   0.13662

  397.0   0.13570

  398.0   0.13467

  399.0   0.13387

  400.0   0.13238

  401.0   0.13098

  402.0   0.12952

  403.0   0.12839

  404.0   0.12596

  405.0   0.12376

  406.0   0.12162

  407.0   0.11950

  408.0   0.11723

  409.0   0.11409

  410.0   0.11118

  411.0   0.10792

  412.0   0.10546

  413.0   0.10217

  414.0   0.09854

  415.0   0.09658

  416.0   0.09064

  417.0   0.08660

  418.0   0.08296

  419.0   0.07877

  420.0   0.07482

  421.0   0.07097

  422.0   0.06690

  423.0   0.06327

  424.0   0.05950

  425.0   0.05595

  426.0   0.05248

  427.0   0.04932

  428.0   0.04651

  429.0   0.04352

  430.0   0.04109

  431.0   0.03861

  432.0   0.03635

  433.0   0.03420

  434.0   0.03257

  435.0   0.03100

  436.0   0.02917

  437.0   0.02783

  438.0   0.02657

  439.0   0.02532

  440.0   0.02419

  441.0   0.02336

  442.0   0.02224

  443.0   0.02155

  444.0   0.02084

  445.0   0.02013

  446.0   0.01950

  447.0   0.01890

  448.0   0.01835

  449.0   0.01780

  450.0   0.01721

  451.0   0.01679

  452.0   0.01646

  453.0   0.01600

  454.0   0.01558

  455.0   0.01533

  456.0   0.01481

  457.0   0.01447

  458.0   0.01422

  459.0   0.01381

  460.0   0.01347

  461.0   0.01317

  462.0   0.01285

  463.0   0.01244

  464.0   0.01212

  465.0   0.01201

  466.0   0.01145

  467.0   0.01130

  468.0   0.01103

  469.0   0.01070

  470.0   0.01040

  471.0   0.01016

  472.0   0.00996

  473.0   0.00966

  474.0   0.00947

  475.0   0.00934

  476.0   0.00908

  477.0   0.00895

  478.0   0.00878

  479.0   0.00859

  480.0   0.00839

  481.0   0.00830

  482.0   0.00811

  483.0   0.00795

  484.0   0.00781

  485.0   0.00769

  486.0   0.00750

  487.0   0.00746

  488.0   0.00742

  489.0   0.00735

  490.0   0.00728

  491.0   0.00728

  492.0   0.00721

  493.0   0.00710

  494.0   0.00706

  495.0   0.00705

  496.0   0.00696

  497.0   0.00696

  498.0   0.00695

  499.0   0.00694

  500.0   0.00687

  501.0   0.00692

  502.0   0.00692

  503.0   0.00691

  504.0   0.00696

  505.0   0.00696

  506.0   0.00698

  507.0   0.00703

  508.0   0.00708

  509.0   0.00708

  510.0   0.00716

  511.0   0.00725

  512.0   0.00735

  513.0   0.00739

  514.0   0.00749

  515.0   0.00750

  516.0   0.00751

  517.0   0.00759

  518.0   0.00774

  519.0   0.00777

  520.0   0.00797

  521.0   0.00805

  522.0   0.00816

  523.0   0.00827

  524.0   0.00841

  525.0   0.00850

  526.0   0.00862

  527.0   0.00876

  528.0   0.00891

  529.0   0.00906

  530.0   0.00923

  531.0   0.00943

  532.0   0.00961

  533.0   0.00977

  534.0   0.00996

  535.0   0.01015

  536.0   0.01038

  537.0   0.01061

  538.0   0.01071

  539.0   0.01093

  540.0   0.01108

  541.0   0.01124

  542.0   0.01147

  543.0   0.01163

  544.0   0.01179

  545.0   0.01202

  546.0   0.01216

  547.0   0.01235

  548.0   0.01248

  549.0   0.01265

  550.0   0.01277

  551.0   0.01284

  552.0   0.01303

  553.0   0.01317

  554.0   0.01330

  555.0   0.01337

  556.0   0.01349

  557.0   0.01344

  558.0   0.01341

  559.0   0.01340

  560.0   0.01342

  561.0   0.01357

  562.0   0.01372

  563.0   0.01387

  564.0   0.01397

  565.0   0.01406

  566.0   0.01403

  567.0   0.01407

  568.0   0.01413

  569.0   0.01416

  570.0   0.01421

  571.0   0.01426

  572.0   0.01426

  573.0   0.01435

  574.0   0.01435

  575.0   0.01436

  576.0   0.01438

  577.0   0.01442

  578.0   0.01438

  579.0   0.01443

  580.0   0.01446

  581.0   0.01449

  582.0   0.01456

  583.0   0.01457

  584.0   0.01464

  585.0   0.01471

  586.0   0.01478

  587.0   0.01480

  588.0   0.01489

  589.0   0.01497

  590.0   0.01504

  591.0   0.01514

  592.0   0.01516

  593.0   0.01525

  594.0   0.01531

  595.0   0.01541

  596.0   0.01545

  597.0   0.01550

  598.0   0.01559

  599.0   0.01565

  600.0   0.01572

  601.0   0.01580

  602.0   0.01588

  603.0   0.01598

  604.0   0.01605

  605.0   0.01614

  606.0   0.01619

  607.0   0.01623

  608.0   0.01630

  609.0   0.01629

  610.0   0.01635

  611.0   0.01639

  612.0   0.01641

  613.0   0.01643

  614.0   0.01644

  615.0   0.01641

  616.0   0.01647

  617.0   0.01645

  618.0   0.01641

  619.0   0.01641

  620.0   0.01645

  621.0   0.01640

  622.0   0.01641

  623.0   0.01637

  624.0   0.01639

  625.0   0.01633

  626.0   0.01636

  627.0   0.01630

  628.0   0.01628

  629.0   0.01628

  630.0   0.01624

  631.0   0.01622

  632.0   0.01618

  633.0   0.01617

  634.0   0.01612

  635.0   0.01602

  636.0   0.01600

  637.0   0.01591

  638.0   0.01583

  639.0   0.01579

  640.0   0.01573

  641.0   0.01568

  642.0   0.01564

  643.0   0.01561

  644.0   0.01558

  645.0   0.01553

  646.0   0.01549

  647.0   0.01543

  648.0   0.01538

  649.0   0.01535

  650.0   0.01528

  651.0   0.01522

  652.0   0.01516

  653.0   0.01512

  654.0   0.01509

  655.0   0.01503

  656.0   0.01495

  657.0   0.01490

  658.0   0.01478

  659.0   0.01465

  660.0   0.01456

  661.0   0.01448

  662.0   0.01435

  663.0   0.01421

  664.0   0.01408

  665.0   0.01394

  666.0   0.01376

  667.0   0.01363

  668.0   0.01353

  669.0   0.01332

  670.0   0.01310

  671.0   0.01296

  672.0   0.01283

  673.0   0.01266

  674.0   0.01252

  675.0   0.01237

  676.0   0.01218

  677.0   0.01201

  678.0   0.01187

  679.0   0.01175

  680.0   0.01161

  681.0   0.01148

  682.0   0.01129

  683.0   0.01119

  684.0   0.01110

  685.0   0.01095

  686.0   0.01084

  687.0   0.01065

  688.0   0.01050

  689.0   0.01032

  690.0   0.01018

  691.0   0.01004

  692.0   0.00992

  693.0   0.00978

  694.0   0.00968

  695.0   0.00954

  696.0   0.00934

  697.0   0.00929

  698.0   0.00915

  699.0   0.00910

  700.0   0.00898

  701.0   0.00887

  702.0   0.00878

  703.0   0.00869

  704.0   0.00859

  705.0   0.00848

  706.0   0.00841

  707.0   0.00830

  708.0   0.00825

  709.0   0.00820

  710.0   0.00809

  711.0   0.00796

  712.0   0.00797

  713.0   0.00790

  714.0   0.00782

  715.0   0.00773

  716.0   0.00768

  717.0   0.00761

  718.0   0.00752

  719.0   0.00746

  720.0   0.00743

  721.0   0.00734

  722.0   0.00735

  723.0   0.00726

  724.0   0.00721

  725.0   0.00711

  726.0   0.00704

  727.0   0.00698

  728.0   0.00697

  729.0   0.00686

  730.0   0.00689

  731.0   0.00680

  732.0   0.00676

  733.0   0.00671

  734.0   0.00666

  735.0   0.00667

  736.0   0.00644

  737.0   0.00642

  738.0   0.00635

  739.0   0.00627

  740.0   0.00628

  741.0   0.00622

  742.0   0.00620

  743.0   0.00619

  744.0   0.00618

  745.0   0.00615

  746.0   0.00617

  747.0   0.00611

  748.0   0.00610

  749.0   0.00605

  750.0   0.00607

  751.0   0.00602

  752.0   0.00602

  753.0   0.00607

  754.0   0.00602

  755.0   0.00599

  756.0   0.00602

  757.0   0.00592

  758.0   0.00601

  759.0   0.00599

  760.0   0.00596

  761.0   0.00599

  762.0   0.00597

  763.0   0.00595

  764.0   0.00593

  765.0   0.00596

  766.0   0.00597

  767.0   0.00597

  768.0   0.00601

  769.0   0.00599

  770.0   0.00600

  771.0   0.00606

  772.0   0.00604

  773.0   0.00605

  774.0   0.00606

  775.0   0.00601

  776.0   0.00597

  777.0   0.00603

  778.0   0.00599

  779.0   0.00611

  780.0   0.00606

  781.0   0.00610

  782.0   0.00611

  783.0   0.00604

  784.0   0.00608

  785.0   0.00603

  786.0   0.00599

  787.0   0.00603

  788.0   0.00602

  789.0   0.00597

  790.0   0.00598

  791.0   0.00597

  792.0   0.00601

  793.0   0.00605

  794.0   0.00606

  795.0   0.00601

  796.0   0.00611

  797.0   0.00603

  798.0   0.00596

  799.0   0.00593

  800.0   0.00591

 
