ser ID: DU600

Method ID: A:\DEFAULT

Date: 07/28/00

Time: 08:04

 200.0   2.08707

  201.0   2.85187

  202.0   1.98284

  203.0   2.91593

  204.0   2.64395

  205.0   2.97772

  206.0   3.00775

  207.0   3.04139

  208.0   2.38596

  209.0   3.13925

  210.0   3.18639

  211.0   3.24279

  212.0   2.53360

  213.0   3.38952

  214.0   3.44886

  215.0   3.50311

  216.0   3.56229

  217.0   3.63236

  218.0   3.68726

  219.0   3.73030

  220.0   3.45977

  221.0   3.78319

  222.0   3.10312

  223.0   3.33991

  224.0   3.83097

  225.0   3.84336

  226.0   3.55546

  227.0   3.86864

  228.0   3.27830

  229.0   3.89120

  230.0   3.42548

  231.0   3.00950

  232.0   3.92143

  233.0   3.92870

  234.0   3.33385

  235.0   3.16251

  236.0   3.94493

  237.0   3.94738

  238.0   3.25047

  239.0   3.34816

  240.0   3.94968

  241.0   3.94876

  242.0   3.64631

  243.0   3.34301

  244.0   3.94221

  245.0   3.63769

  246.0   3.63357

  247.0   3.92988

  248.0   3.92547

  249.0   3.61946

  250.0   3.21685

  251.0   3.90924

  252.0   3.90314

  253.0   3.89757

  254.0   3.19307

  255.0   3.88564

  256.0   2.92554

  257.0   2.97093

  258.0   2.82596

  259.0   2.95647

  260.0   2.70653

  261.0   2.61663

  262.0   2.61147

  263.0   2.49485

  264.0   2.31374

  265.0   2.24700

  266.0   2.26166

  267.0   2.18725

  268.0   2.08997

  269.0   2.02578

  270.0   2.00186

  271.0   1.92317

  272.0   1.84607

  273.0   1.78835

  274.0   1.72533

  275.0   1.66481

  276.0   1.59128

  277.0   1.55023

  278.0   1.47791

  279.0   1.42457

  280.0   1.35598

  281.0   1.29359

  282.0   1.24104

  283.0   1.18435

  284.0   1.13163

  285.0   1.07868

  286.0   1.02853

  287.0   0.98145

  288.0   0.93231

  289.0   0.89123

  290.0   0.85001

  291.0   0.81270

  292.0   0.77959

  293.0   0.74548

  294.0   0.71353

  295.0   0.68431

  296.0   0.65598

  297.0   0.62821

  298.0   0.60300

  299.0   0.57667

  300.0   0.55421

  301.0   0.53230

  302.0   0.51117

  303.0   0.49245

  304.0   0.47482

  305.0   0.45825

  306.0   0.44305

  307.0   0.42839

  308.0   0.41533

  309.0   0.40104

  310.0   0.38900

  311.0   0.37744

  312.0   0.36384

  313.0   0.35399

  314.0   0.34580

  315.0   0.33539

  316.0   0.32658

  317.0   0.32095

  318.0   0.31585

  319.0   0.31012

  320.0   0.30772

  321.0   0.30758

  322.0   0.30574

  323.0   0.30575

  324.0   0.30811

  325.0   0.31100

  326.0   0.31331

  327.0   0.31873

  328.0   0.32480

  329.0   0.32914

  330.0   0.33357

  331.0   0.34048

  332.0   0.34687

  333.0   0.35338

  334.0   0.36014

  335.0   0.37013

  336.0   0.37863

  337.0   0.38506

  338.0   0.39752

  339.0   0.40486

  340.0   0.41227

  341.0   0.42190

  342.0   0.43358

  343.0   0.44282

  344.0   0.45064

  345.0   0.45944

  346.0   0.46905

  347.0   0.47650

  348.0   0.48267

  349.0   0.49083

  350.0   0.49646

  351.0   0.50074

  352.0   0.50366

  353.0   0.50938

  354.0   0.51095

  355.0   0.51117

  356.0   0.51350

  357.0   0.51265

  358.0   0.51191

  359.0   0.50797

  360.0   0.50524

  361.0   0.50204

  362.0   0.49629

  363.0   0.49119

  364.0   0.48450

  365.0   0.47877

  366.0   0.47262

  367.0   0.46392

  368.0   0.45749

  369.0   0.44939

  370.0   0.44124

  371.0   0.43473

  372.0   0.42787

  373.0   0.41951

  374.0   0.41132

  375.0   0.40472

  376.0   0.39779

  377.0   0.39038

  378.0   0.38250

  379.0   0.37542

  380.0   0.36808

  381.0   0.35997

  382.0   0.35311

  383.0   0.34656

  384.0   0.33893

  385.0   0.33170

  386.0   0.32424

  387.0   0.31756

  388.0   0.31081

  389.0   0.30303

  390.0   0.29699

  391.0   0.29067

  392.0   0.28403

  393.0   0.27813

  394.0   0.27135

  395.0   0.26590

  396.0   0.26015

  397.0   0.25456

  398.0   0.24946

  399.0   0.24397

  400.0   0.23878

  401.0   0.23454

  402.0   0.22913

  403.0   0.22496

  404.0   0.21994

  405.0   0.21535

  406.0   0.21054

  407.0   0.20649

  408.0   0.20232

  409.0   0.19699

  410.0   0.19245

  411.0   0.18796

  412.0   0.18390

  413.0   0.17922

  414.0   0.17467

  415.0   0.17211

  416.0   0.16432

  417.0   0.15905

  418.0   0.15450

  419.0   0.14905

  420.0   0.14442

  421.0   0.13966

  422.0   0.13469

  423.0   0.13001

  424.0   0.12508

  425.0   0.12082

  426.0   0.11620

  427.0   0.11193

  428.0   0.10810

  429.0   0.10400

  430.0   0.10025

  431.0   0.09654

  432.0   0.09298

  433.0   0.08943

  434.0   0.08642

  435.0   0.08363

  436.0   0.08040

  437.0   0.07779

  438.0   0.07506

  439.0   0.07249

  440.0   0.06980

  441.0   0.06766

  442.0   0.06523

  443.0   0.06327

  444.0   0.06117

  445.0   0.05922

  446.0   0.05729

  447.0   0.05530

  448.0   0.05355

  449.0   0.05177

  450.0   0.05004

  451.0   0.04836

  452.0   0.04695

  453.0   0.04521

  454.0   0.04371

  455.0   0.04219

  456.0   0.04076

  457.0   0.03940

  458.0   0.03801

  459.0   0.03675

  460.0   0.03534

  461.0   0.03419

  462.0   0.03294

  463.0   0.03174

  464.0   0.03065

  465.0   0.02970

  466.0   0.02844

  467.0   0.02753

  468.0   0.02648

  469.0   0.02559

  470.0   0.02456

  471.0   0.02376

  472.0   0.02286

  473.0   0.02201

  474.0   0.02126

  475.0   0.02061

  476.0   0.01980

  477.0   0.01912

  478.0   0.01846

  479.0   0.01786

  480.0   0.01716

  481.0   0.01661

  482.0   0.01602

  483.0   0.01544

  484.0   0.01485

  485.0   0.01433

  486.0   0.01381

  487.0   0.01337

  488.0   0.01285

  489.0   0.01239

  490.0   0.01191

  491.0   0.01151

  492.0   0.01113

  493.0   0.01069

  494.0   0.01029

  495.0   0.00998

  496.0   0.00956

  497.0   0.00925

  498.0   0.00885

  499.0   0.00855

  500.0   0.00818

  501.0   0.00795

  502.0   0.00763

  503.0   0.00734

  504.0   0.00711

  505.0   0.00681

  506.0   0.00660

  507.0   0.00633

  508.0   0.00614

  509.0   0.00584

  510.0   0.00570

  511.0   0.00554

  512.0   0.00538

  513.0   0.00517

  514.0   0.00504

  515.0   0.00486

  516.0   0.00466

  517.0   0.00452

  518.0   0.00442

  519.0   0.00423

  520.0   0.00422

  521.0   0.00409

  522.0   0.00397

  523.0   0.00389

  524.0   0.00385

  525.0   0.00375

  526.0   0.00373

  527.0   0.00369

  528.0   0.00367

  529.0   0.00355

  530.0   0.00356

  531.0   0.00352

  532.0   0.00341

  533.0   0.00343

  534.0   0.00336

  535.0   0.00336

  536.0   0.00333

  537.0   0.00336

  538.0   0.00324

  539.0   0.00329

  540.0   0.00330

  541.0   0.00329

  542.0   0.00328

  543.0   0.00332

  544.0   0.00332

  545.0   0.00336

  546.0   0.00341

  547.0   0.00349

  548.0   0.00354

  549.0   0.00355

  550.0   0.00356

  551.0   0.00356

  552.0   0.00365

  553.0   0.00376

  554.0   0.00378

  555.0   0.00374

  556.0   0.00377

  557.0   0.00408

  558.0   0.00400

  559.0   0.00395

  560.0   0.00389

  561.0   0.00396

  562.0   0.00407

  563.0   0.00411

  564.0   0.00417

  565.0   0.00420

  566.0   0.00422

  567.0   0.00423

  568.0   0.00426

  569.0   0.00421

  570.0   0.00424

  571.0   0.00425

  572.0   0.00429

  573.0   0.00428

  574.0   0.00429

  575.0   0.00430

  576.0   0.00433

  577.0   0.00436

  578.0   0.00436

  579.0   0.00435

  580.0   0.00436

  581.0   0.00437

  582.0   0.00440

  583.0   0.00442

  584.0   0.00445

  585.0   0.00445

  586.0   0.00447

  587.0   0.00450

  588.0   0.00457

  589.0   0.00460

  590.0   0.00469

  591.0   0.00476

  592.0   0.00485

  593.0   0.00493

  594.0   0.00500

  595.0   0.00509

  596.0   0.00517

  597.0   0.00522

  598.0   0.00531

  599.0   0.00534

  600.0   0.00543

  601.0   0.00548

  602.0   0.00551

  603.0   0.00559

  604.0   0.00563

  605.0   0.00564

  606.0   0.00567

  607.0   0.00569

  608.0   0.00570

  609.0   0.00572

  610.0   0.00577

  611.0   0.00583

  612.0   0.00581

  613.0   0.00585

  614.0   0.00587

  615.0   0.00584

  616.0   0.00594

  617.0   0.00589

  618.0   0.00586

  619.0   0.00583

  620.0   0.00582

  621.0   0.00581

  622.0   0.00580

  623.0   0.00576

  624.0   0.00576

  625.0   0.00574

  626.0   0.00569

  627.0   0.00567

  628.0   0.00563

  629.0   0.00564

  630.0   0.00563

  631.0   0.00561

  632.0   0.00562

  633.0   0.00565

  634.0   0.00564

  635.0   0.00562

  636.0   0.00562

  637.0   0.00558

  638.0   0.00553

  639.0   0.00553

  640.0   0.00553

  641.0   0.00549

  642.0   0.00554

  643.0   0.00557

  644.0   0.00557

  645.0   0.00562

  646.0   0.00567

  647.0   0.00564

  648.0   0.00566

  649.0   0.00566

  650.0   0.00561

  651.0   0.00563

  652.0   0.00564

  653.0   0.00563

  654.0   0.00561

  655.0   0.00565

  656.0   0.00561

  657.0   0.00568

  658.0   0.00567

  659.0   0.00561

  660.0   0.00564

  661.0   0.00566

  662.0   0.00564

  663.0   0.00564

  664.0   0.00560

  665.0   0.00558

  666.0   0.00557

  667.0   0.00555

  668.0   0.00552

  669.0   0.00547

  670.0   0.00541

  671.0   0.00534

  672.0   0.00535

  673.0   0.00529

  674.0   0.00531

  675.0   0.00532

  676.0   0.00529

  677.0   0.00527

  678.0   0.00529

  679.0   0.00531

  680.0   0.00530

  681.0   0.00525

  682.0   0.00523

  683.0   0.00523

  684.0   0.00525

  685.0   0.00518

  686.0   0.00517

  687.0   0.00512

  688.0   0.00506

  689.0   0.00505

  690.0   0.00500

  691.0   0.00502

  692.0   0.00501

  693.0   0.00497

  694.0   0.00494

  695.0   0.00491

  696.0   0.00480

  697.0   0.00481

  698.0   0.00481

  699.0   0.00487

  700.0   0.00486

  701.0   0.00487

  702.0   0.00485

  703.0   0.00486

  704.0   0.00483

  705.0   0.00490

  706.0   0.00494

  707.0   0.00489

  708.0   0.00490

  709.0   0.00497

  710.0   0.00494

  711.0   0.00491

  712.0   0.00502

  713.0   0.00500

  714.0   0.00507

  715.0   0.00502

  716.0   0.00504

  717.0   0.00503

  718.0   0.00500

  719.0   0.00497

  720.0   0.00501

  721.0   0.00503

  722.0   0.00502

  723.0   0.00498

  724.0   0.00504

  725.0   0.00497

  726.0   0.00495

  727.0   0.00494

  728.0   0.00503

  729.0   0.00498

  730.0   0.00497

  731.0   0.00496

  732.0   0.00492

  733.0   0.00491

  734.0   0.00492

  735.0   0.00497

  736.0   0.00492

  737.0   0.00490

  738.0   0.00486

  739.0   0.00477

  740.0   0.00478

  741.0   0.00482

  742.0   0.00481

  743.0   0.00483

  744.0   0.00483

  745.0   0.00485

  746.0   0.00490

  747.0   0.00486

  748.0   0.00491

  749.0   0.00494

  750.0   0.00507

  751.0   0.00507

  752.0   0.00510

  753.0   0.00507

  754.0   0.00505

  755.0   0.00505

  756.0   0.00508

  757.0   0.00508

  758.0   0.00517

  759.0   0.00515

  760.0   0.00518

  761.0   0.00526

  762.0   0.00524

  763.0   0.00535

  764.0   0.00530

  765.0   0.00536

  766.0   0.00537

  767.0   0.00540

  768.0   0.00546

  769.0   0.00541

  770.0   0.00545

  771.0   0.00545

  772.0   0.00541

  773.0   0.00544

  774.0   0.00545

  775.0   0.00538

  776.0   0.00541

  777.0   0.00548

  778.0   0.00546

  779.0   0.00558

  780.0   0.00556

  781.0   0.00560

  782.0   0.00555

  783.0   0.00553

  784.0   0.00555

  785.0   0.00547

  786.0   0.00540

  787.0   0.00561

  788.0   0.00568

  789.0   0.00574

  790.0   0.00576

  791.0   0.00574

  792.0   0.00572

  793.0   0.00579

  794.0   0.00583

  795.0   0.00587

  796.0   0.00588

  797.0   0.00583

  798.0   0.00575

  799.0   0.00579

  800.0   0.00576

 
