ser ID: DU600

Method ID: A:\DEFAULT

Date: 07/28/00

Time: 08:03

 200.0   2.78604

  201.0   2.85187

  202.0   2.88593

  203.0   2.91593

  204.0   2.64395

  205.0   2.97772

  206.0   3.00775

  207.0   2.56427

  208.0   2.60781

  209.0   3.13925

  210.0   3.18639

  211.0   2.64073

  212.0   3.31175

  213.0   3.08849

  214.0   3.44886

  215.0   3.50311

  216.0   3.56229

  217.0   3.33133

  218.0   3.38623

  219.0   3.73030

  220.0   3.76080

  221.0   3.78319

  222.0   3.10312

  223.0   3.81704

  224.0   3.83097

  225.0   3.06521

  226.0   3.25443

  227.0   3.86864

  228.0   3.88036

  229.0   3.28914

  230.0   3.90260

  231.0   3.91259

  232.0   3.92143

  233.0   3.08360

  234.0   3.93591

  235.0   3.94067

  236.0   3.24596

  237.0   3.94738

  238.0   3.94944

  239.0   3.95022

  240.0   3.17153

  241.0   3.94876

  242.0   3.94734

  243.0   3.46795

  244.0   3.16406

  245.0   3.93872

  246.0   3.93460

  247.0   3.32782

  248.0   3.22650

  249.0   3.92049

  250.0   3.91582

  251.0   3.60820

  252.0   3.90314

  253.0   3.19860

  254.0   3.41492

  255.0   3.40852

  256.0   3.40266

  257.0   3.27196

  258.0   2.86735

  259.0   3.01446

  260.0   2.77348

  261.0   2.67099

  262.0   2.58665

  263.0   2.58200

  264.0   2.47053

  265.0   2.32164

  266.0   2.31281

  267.0   2.19772

  268.0   2.10701

  269.0   2.02578

  270.0   2.01587

  271.0   1.93491

  272.0   1.86604

  273.0   1.79267

  274.0   1.74447

  275.0   1.67807

  276.0   1.59685

  277.0   1.56045

  278.0   1.49760

  279.0   1.43029

  280.0   1.36087

  281.0   1.31372

  282.0   1.24986

  283.0   1.19098

  284.0   1.14448

  285.0   1.09094

  286.0   1.03945

  287.0   0.98841

  288.0   0.94293

  289.0   0.89858

  290.0   0.85667

  291.0   0.81833

  292.0   0.78132

  293.0   0.74948

  294.0   0.71613

  295.0   0.68500

  296.0   0.65598

  297.0   0.62851

  298.0   0.60184

  299.0   0.57448

  300.0   0.55136

  301.0   0.52785

  302.0   0.50737

  303.0   0.48811

  304.0   0.46954

  305.0   0.45206

  306.0   0.43640

  307.0   0.42169

  308.0   0.40757

  309.0   0.39401

  310.0   0.38188

  311.0   0.36891

  312.0   0.35470

  313.0   0.34602

  314.0   0.33512

  315.0   0.32571

  316.0   0.31711

  317.0   0.31164

  318.0   0.30670

  319.0   0.30167

  320.0   0.29974

  321.0   0.29862

  322.0   0.29770

  323.0   0.29788

  324.0   0.29978

  325.0   0.30258

  326.0   0.30737

  327.0   0.31251

  328.0   0.31670

  329.0   0.32237

  330.0   0.32839

  331.0   0.33523

  332.0   0.34156

  333.0   0.35080

  334.0   0.35709

  335.0   0.36615

  336.0   0.37593

  337.0   0.38506

  338.0   0.39474

  339.0   0.40391

  340.0   0.41466

  341.0   0.42457

  342.0   0.43308

  343.0   0.44307

  344.0   0.45346

  345.0   0.46412

  346.0   0.47143

  347.0   0.48296

  348.0   0.48921

  349.0   0.49497

  350.0   0.50320

  351.0   0.50753

  352.0   0.51195

  353.0   0.51487

  354.0   0.51912

  355.0   0.51967

  356.0   0.51999

  357.0   0.52028

  358.0   0.52181

  359.0   0.51758

  360.0   0.51401

  361.0   0.51253

  362.0   0.50481

  363.0   0.49892

  364.0   0.49343

  365.0   0.48760

  366.0   0.48020

  367.0   0.47228

  368.0   0.46662

  369.0   0.45796

  370.0   0.44980

  371.0   0.44276

  372.0   0.43502

  373.0   0.42714

  374.0   0.41892

  375.0   0.41307

  376.0   0.40440

  377.0   0.39780

  378.0   0.38956

  379.0   0.38219

  380.0   0.37467

  381.0   0.36717

  382.0   0.36035

  383.0   0.35285

  384.0   0.34451

  385.0   0.33751

  386.0   0.33015

  387.0   0.32289

  388.0   0.31552

  389.0   0.30846

  390.0   0.30151

  391.0   0.29471

  392.0   0.28793

  393.0   0.28191

  394.0   0.27474

  395.0   0.26899

  396.0   0.26380

  397.0   0.25760

  398.0   0.25207

  399.0   0.24696

  400.0   0.24176

  401.0   0.23670

  402.0   0.23140

  403.0   0.22744

  404.0   0.22185

  405.0   0.21715

  406.0   0.21273

  407.0   0.20840

  408.0   0.20375

  409.0   0.19898

  410.0   0.19428

  411.0   0.18944

  412.0   0.18545

  413.0   0.18120

  414.0   0.17622

  415.0   0.17357

  416.0   0.16596

  417.0   0.16087

  418.0   0.15614

  419.0   0.15119

  420.0   0.14627

  421.0   0.14165

  422.0   0.13641

  423.0   0.13206

  424.0   0.12724

  425.0   0.12273

  426.0   0.11812

  427.0   0.11405

  428.0   0.10999

  429.0   0.10598

  430.0   0.10240

  431.0   0.09840

  432.0   0.09494

  433.0   0.09139

  434.0   0.08845

  435.0   0.08548

  436.0   0.08226

  437.0   0.07966

  438.0   0.07688

  439.0   0.07420

  440.0   0.07170

  441.0   0.06952

  442.0   0.06688

  443.0   0.06489

  444.0   0.06281

  445.0   0.06068

  446.0   0.05877

  447.0   0.05675

  448.0   0.05503

  449.0   0.05313

  450.0   0.05147

  451.0   0.04968

  452.0   0.04811

  453.0   0.04640

  454.0   0.04484

  455.0   0.04326

  456.0   0.04178

  457.0   0.04045

  458.0   0.03896

  459.0   0.03757

  460.0   0.03628

  461.0   0.03508

  462.0   0.03369

  463.0   0.03252

  464.0   0.03130

  465.0   0.03042

  466.0   0.02903

  467.0   0.02817

  468.0   0.02712

  469.0   0.02614

  470.0   0.02516

  471.0   0.02438

  472.0   0.02342

  473.0   0.02259

  474.0   0.02186

  475.0   0.02110

  476.0   0.02030

  477.0   0.01963

  478.0   0.01896

  479.0   0.01822

  480.0   0.01761

  481.0   0.01703

  482.0   0.01635

  483.0   0.01577

  484.0   0.01522

  485.0   0.01474

  486.0   0.01415

  487.0   0.01374

  488.0   0.01326

  489.0   0.01278

  490.0   0.01232

  491.0   0.01193

  492.0   0.01148

  493.0   0.01099

  494.0   0.01059

  495.0   0.01025

  496.0   0.00975

  497.0   0.00941

  498.0   0.00900

  499.0   0.00870

  500.0   0.00838

  501.0   0.00809

  502.0   0.00775

  503.0   0.00744

  504.0   0.00719

  505.0   0.00687

  506.0   0.00663

  507.0   0.00636

  508.0   0.00612

  509.0   0.00584

  510.0   0.00570

  511.0   0.00552

  512.0   0.00535

  513.0   0.00514

  514.0   0.00499

  515.0   0.00481

  516.0   0.00455

  517.0   0.00445

  518.0   0.00436

  519.0   0.00417

  520.0   0.00418

  521.0   0.00409

  522.0   0.00397

  523.0   0.00389

  524.0   0.00384

  525.0   0.00369

  526.0   0.00362

  527.0   0.00358

  528.0   0.00348

  529.0   0.00341

  530.0   0.00340

  531.0   0.00338

  532.0   0.00328

  533.0   0.00330

  534.0   0.00329

  535.0   0.00323

  536.0   0.00322

  537.0   0.00321

  538.0   0.00315

  539.0   0.00313

  540.0   0.00308

  541.0   0.00309

  542.0   0.00308

  543.0   0.00315

  544.0   0.00310

  545.0   0.00319

  546.0   0.00327

  547.0   0.00332

  548.0   0.00330

  549.0   0.00333

  550.0   0.00337

  551.0   0.00336

  552.0   0.00342

  553.0   0.00352

  554.0   0.00351

  555.0   0.00354

  556.0   0.00364

  557.0   0.00369

  558.0   0.00355

  559.0   0.00356

  560.0   0.00355

  561.0   0.00367

  562.0   0.00376

  563.0   0.00380

  564.0   0.00386

  565.0   0.00390

  566.0   0.00391

  567.0   0.00384

  568.0   0.00388

  569.0   0.00385

  570.0   0.00389

  571.0   0.00394

  572.0   0.00395

  573.0   0.00397

  574.0   0.00394

  575.0   0.00396

  576.0   0.00401

  577.0   0.00400

  578.0   0.00402

  579.0   0.00401

  580.0   0.00406

  581.0   0.00410

  582.0   0.00411

  583.0   0.00415

  584.0   0.00418

  585.0   0.00420

  586.0   0.00428

  587.0   0.00427

  588.0   0.00434

  589.0   0.00436

  590.0   0.00443

  591.0   0.00450

  592.0   0.00457

  593.0   0.00464

  594.0   0.00467

  595.0   0.00474

  596.0   0.00479

  597.0   0.00490

  598.0   0.00495

  599.0   0.00505

  600.0   0.00509

  601.0   0.00514

  602.0   0.00524

  603.0   0.00531

  604.0   0.00531

  605.0   0.00532

  606.0   0.00532

  607.0   0.00534

  608.0   0.00535

  609.0   0.00537

  610.0   0.00544

  611.0   0.00552

  612.0   0.00550

  613.0   0.00552

  614.0   0.00553

  615.0   0.00550

  616.0   0.00559

  617.0   0.00552

  618.0   0.00549

  619.0   0.00548

  620.0   0.00549

  621.0   0.00549

  622.0   0.00546

  623.0   0.00546

  624.0   0.00546

  625.0   0.00540

  626.0   0.00539

  627.0   0.00535

  628.0   0.00531

  629.0   0.00534

  630.0   0.00530

  631.0   0.00535

  632.0   0.00536

  633.0   0.00538

  634.0   0.00539

  635.0   0.00534

  636.0   0.00534

  637.0   0.00529

  638.0   0.00522

  639.0   0.00520

  640.0   0.00516

  641.0   0.00516

  642.0   0.00518

  643.0   0.00520

  644.0   0.00518

  645.0   0.00520

  646.0   0.00525

  647.0   0.00526

  648.0   0.00530

  649.0   0.00533

  650.0   0.00533

  651.0   0.00535

  652.0   0.00536

  653.0   0.00534

  654.0   0.00538

  655.0   0.00539

  656.0   0.00536

  657.0   0.00543

  658.0   0.00542

  659.0   0.00541

  660.0   0.00539

  661.0   0.00536

  662.0   0.00530

  663.0   0.00534

  664.0   0.00533

  665.0   0.00531

  666.0   0.00532

  667.0   0.00530

  668.0   0.00529

  669.0   0.00521

  670.0   0.00516

  671.0   0.00512

  672.0   0.00509

  673.0   0.00504

  674.0   0.00504

  675.0   0.00501

  676.0   0.00497

  677.0   0.00498

  678.0   0.00498

  679.0   0.00500

  680.0   0.00497

  681.0   0.00488

  682.0   0.00485

  683.0   0.00492

  684.0   0.00499

  685.0   0.00497

  686.0   0.00497

  687.0   0.00494

  688.0   0.00492

  689.0   0.00489

  690.0   0.00491

  691.0   0.00500

  692.0   0.00502

  693.0   0.00499

  694.0   0.00496

  695.0   0.00493

  696.0   0.00486

  697.0   0.00488

  698.0   0.00489

  699.0   0.00493

  700.0   0.00497

  701.0   0.00496

  702.0   0.00489

  703.0   0.00494

  704.0   0.00489

  705.0   0.00494

  706.0   0.00498

  707.0   0.00497

  708.0   0.00502

  709.0   0.00507

  710.0   0.00500

  711.0   0.00495

  712.0   0.00504

  713.0   0.00504

  714.0   0.00507

  715.0   0.00504

  716.0   0.00504

  717.0   0.00505

  718.0   0.00500

  719.0   0.00504

  720.0   0.00505

  721.0   0.00509

  722.0   0.00511

  723.0   0.00507

  724.0   0.00509

  725.0   0.00504

  726.0   0.00506

  727.0   0.00512

  728.0   0.00519

  729.0   0.00516

  730.0   0.00520

  731.0   0.00519

  732.0   0.00523

  733.0   0.00527

  734.0   0.00526

  735.0   0.00525

  736.0   0.00517

  737.0   0.00515

  738.0   0.00511

  739.0   0.00501

  740.0   0.00503

  741.0   0.00507

  742.0   0.00506

  743.0   0.00508

  744.0   0.00510

  745.0   0.00509

  746.0   0.00514

  747.0   0.00516

  748.0   0.00521

  749.0   0.00513

  750.0   0.00513

  751.0   0.00515

  752.0   0.00523

  753.0   0.00537

  754.0   0.00542

  755.0   0.00545

  756.0   0.00546

  757.0   0.00538

  758.0   0.00547

  759.0   0.00544

  760.0   0.00550

  761.0   0.00553

  762.0   0.00548

  763.0   0.00554

  764.0   0.00552

  765.0   0.00555

  766.0   0.00556

  767.0   0.00562

  768.0   0.00568

  769.0   0.00566

  770.0   0.00567

  771.0   0.00573

  772.0   0.00571

  773.0   0.00569

  774.0   0.00575

  775.0   0.00571

  776.0   0.00577

  777.0   0.00578

  778.0   0.00571

  779.0   0.00586

  780.0   0.00578

  781.0   0.00585

  782.0   0.00580

  783.0   0.00573

  784.0   0.00577

  785.0   0.00567

  786.0   0.00557

  787.0   0.00563

  788.0   0.00553

  789.0   0.00560

  790.0   0.00561

  791.0   0.00557

  792.0   0.00569

  793.0   0.00568

  794.0   0.00569

  795.0   0.00567

  796.0   0.00574

  797.0   0.00572

  798.0   0.00570

  799.0   0.00570

  800.0   0.00565

 
