ser ID: DU600

Method ID: A:\DEFAULT

Date: 07/28/00

Time: 08:27

 200.0   1.94094

  201.0   2.85187

  202.0   2.88593

  203.0   2.91593

  204.0   2.94498

  205.0   2.97772

  206.0   3.00775

  207.0   2.56427

  208.0   3.08493

  209.0   3.13925

  210.0   3.18639

  211.0   3.24279

  212.0   3.01072

  213.0   3.38952

  214.0   3.44886

  215.0   3.50311

  216.0   3.56229

  217.0   2.78726

  218.0   3.68726

  219.0   3.73030

  220.0   3.76080

  221.0   3.78319

  222.0   3.50106

  223.0   3.81704

  224.0   3.83097

  225.0   3.84336

  226.0   3.85649

  227.0   3.26658

  228.0   3.88036

  229.0   3.89120

  230.0   3.90260

  231.0   3.91259

  232.0   3.31937

  233.0   3.92870

  234.0   3.93591

  235.0   3.94067

  236.0   3.94493

  237.0   3.94738

  238.0   3.94944

  239.0   3.95022

  240.0   3.94968

  241.0   3.47163

  242.0   3.47021

  243.0   3.64404

  244.0   3.94221

  245.0   3.93872

  246.0   3.93460

  247.0   3.92988

  248.0   3.32341

  249.0   3.92049

  250.0   3.61479

  251.0   3.06414

  252.0   3.30108

  253.0   2.99448

  254.0   3.89204

  255.0   3.04055

  256.0   2.97669

  257.0   2.76007

  258.0   2.72122

  259.0   2.74562

  260.0   2.70653

  261.0   2.59181

  262.0   2.46171

  263.0   2.40591

  264.0   2.35513

  265.0   2.24700

  266.0   2.16475

  267.0   2.09450

  268.0   2.07358

  269.0   2.01154

  270.0   1.88738

  271.0   1.79824

  272.0   1.73100

  273.0   1.66557

  274.0   1.59114

  275.0   1.51915

  276.0   1.44278

  277.0   1.37414

  278.0   1.31411

  279.0   1.25677

  280.0   1.19866

  281.0   1.13421

  282.0   1.08539

  283.0   1.04326

  284.0   0.99849

  285.0   0.94966

  286.0   0.90999

  287.0   0.87323

  288.0   0.83738

  289.0   0.80464

  290.0   0.77586

  291.0   0.74789

  292.0   0.72036

  293.0   0.70084

  294.0   0.68040

  295.0   0.65710

  296.0   0.64286

  297.0   0.62638

  298.0   0.60882

  299.0   0.59253

  300.0   0.57638

  301.0   0.56561

  302.0   0.55289

  303.0   0.54171

  304.0   0.53108

  305.0   0.52124

  306.0   0.51049

  307.0   0.50443

  308.0   0.49459

  309.0   0.48525

  310.0   0.47641

  311.0   0.46799

  312.0   0.46056

  313.0   0.45226

  314.0   0.44388

  315.0   0.43532

  316.0   0.42718

  317.0   0.42138

  318.0   0.41447

  319.0   0.40936

  320.0   0.40369

  321.0   0.40252

  322.0   0.39818

  323.0   0.39498

  324.0   0.39344

  325.0   0.39109

  326.0   0.39169

  327.0   0.39221

  328.0   0.39188

  329.0   0.38983

  330.0   0.38984

  331.0   0.39081

  332.0   0.38955

  333.0   0.39011

  334.0   0.39043

  335.0   0.39081

  336.0   0.39121

  337.0   0.39332

  338.0   0.39405

  339.0   0.39416

  340.0   0.39730

  341.0   0.39927

  342.0   0.40137

  343.0   0.40315

  344.0   0.40422

  345.0   0.40757

  346.0   0.41001

  347.0   0.41066

  348.0   0.41288

  349.0   0.41234

  350.0   0.41354

  351.0   0.41435

  352.0   0.41371

  353.0   0.41230

  354.0   0.41001

  355.0   0.40987

  356.0   0.40962

  357.0   0.40587

  358.0   0.40115

  359.0   0.39723

  360.0   0.39302

  361.0   0.38885

  362.0   0.38359

  363.0   0.37848

  364.0   0.37378

  365.0   0.36837

  366.0   0.36209

  367.0   0.35485

  368.0   0.34943

  369.0   0.34281

  370.0   0.33824

  371.0   0.33253

  372.0   0.32624

  373.0   0.31995

  374.0   0.31473

  375.0   0.31036

  376.0   0.30390

  377.0   0.29861

  378.0   0.29300

  379.0   0.28794

  380.0   0.28308

  381.0   0.27763

  382.0   0.27230

  383.0   0.26778

  384.0   0.26337

  385.0   0.25884

  386.0   0.25333

  387.0   0.24959

  388.0   0.24548

  389.0   0.24156

  390.0   0.23743

  391.0   0.23374

  392.0   0.23007

  393.0   0.22700

  394.0   0.22285

  395.0   0.21928

  396.0   0.21589

  397.0   0.21240

  398.0   0.20946

  399.0   0.20588

  400.0   0.20225

  401.0   0.19914

  402.0   0.19581

  403.0   0.19290

  404.0   0.18881

  405.0   0.18511

  406.0   0.18142

  407.0   0.17818

  408.0   0.17427

  409.0   0.16987

  410.0   0.16564

  411.0   0.16149

  412.0   0.15804

  413.0   0.15360

  414.0   0.14876

  415.0   0.14642

  416.0   0.13894

  417.0   0.13376

  418.0   0.12932

  419.0   0.12388

  420.0   0.11908

  421.0   0.11438

  422.0   0.10938

  423.0   0.10480

  424.0   0.09989

  425.0   0.09547

  426.0   0.09106

  427.0   0.08694

  428.0   0.08324

  429.0   0.07913

  430.0   0.07583

  431.0   0.07233

  432.0   0.06914

  433.0   0.06594

  434.0   0.06345

  435.0   0.06106

  436.0   0.05820

  437.0   0.05598

  438.0   0.05378

  439.0   0.05176

  440.0   0.04965

  441.0   0.04794

  442.0   0.04595

  443.0   0.04458

  444.0   0.04299

  445.0   0.04154

  446.0   0.04005

  447.0   0.03880

  448.0   0.03750

  449.0   0.03627

  450.0   0.03508

  451.0   0.03403

  452.0   0.03303

  453.0   0.03186

  454.0   0.03090

  455.0   0.02987

  456.0   0.02886

  457.0   0.02803

  458.0   0.02713

  459.0   0.02609

  460.0   0.02520

  461.0   0.02444

  462.0   0.02363

  463.0   0.02271

  464.0   0.02192

  465.0   0.02131

  466.0   0.02046

  467.0   0.01982

  468.0   0.01920

  469.0   0.01860

  470.0   0.01791

  471.0   0.01740

  472.0   0.01682

  473.0   0.01621

  474.0   0.01573

  475.0   0.01529

  476.0   0.01466

  477.0   0.01421

  478.0   0.01380

  479.0   0.01331

  480.0   0.01284

  481.0   0.01257

  482.0   0.01221

  483.0   0.01185

  484.0   0.01147

  485.0   0.01118

  486.0   0.01078

  487.0   0.01050

  488.0   0.01023

  489.0   0.00994

  490.0   0.00968

  491.0   0.00946

  492.0   0.00917

  493.0   0.00886

  494.0   0.00865

  495.0   0.00854

  496.0   0.00829

  497.0   0.00817

  498.0   0.00793

  499.0   0.00780

  500.0   0.00758

  501.0   0.00746

  502.0   0.00722

  503.0   0.00708

  504.0   0.00700

  505.0   0.00681

  506.0   0.00667

  507.0   0.00657

  508.0   0.00650

  509.0   0.00633

  510.0   0.00622

  511.0   0.00621

  512.0   0.00618

  513.0   0.00608

  514.0   0.00598

  515.0   0.00594

  516.0   0.00581

  517.0   0.00577

  518.0   0.00576

  519.0   0.00573

  520.0   0.00580

  521.0   0.00581

  522.0   0.00582

  523.0   0.00581

  524.0   0.00582

  525.0   0.00577

  526.0   0.00576

  527.0   0.00580

  528.0   0.00585

  529.0   0.00588

  530.0   0.00590

  531.0   0.00596

  532.0   0.00603

  533.0   0.00609

  534.0   0.00616

  535.0   0.00621

  536.0   0.00636

  537.0   0.00641

  538.0   0.00647

  539.0   0.00655

  540.0   0.00665

  541.0   0.00668

  542.0   0.00681

  543.0   0.00689

  544.0   0.00699

  545.0   0.00710

  546.0   0.00719

  547.0   0.00730

  548.0   0.00736

  549.0   0.00746

  550.0   0.00750

  551.0   0.00758

  552.0   0.00772

  553.0   0.00783

  554.0   0.00792

  555.0   0.00789

  556.0   0.00800

  557.0   0.00813

  558.0   0.00809

  559.0   0.00811

  560.0   0.00811

  561.0   0.00825

  562.0   0.00834

  563.0   0.00846

  564.0   0.00855

  565.0   0.00858

  566.0   0.00858

  567.0   0.00855

  568.0   0.00857

  569.0   0.00855

  570.0   0.00859

  571.0   0.00864

  572.0   0.00859

  573.0   0.00864

  574.0   0.00868

  575.0   0.00871

  576.0   0.00874

  577.0   0.00875

  578.0   0.00880

  579.0   0.00880

  580.0   0.00882

  581.0   0.00889

  582.0   0.00889

  583.0   0.00898

  584.0   0.00897

  585.0   0.00903

  586.0   0.00908

  587.0   0.00912

  588.0   0.00919

  589.0   0.00925

  590.0   0.00928

  591.0   0.00939

  592.0   0.00945

  593.0   0.00951

  594.0   0.00958

  595.0   0.00968

  596.0   0.00971

  597.0   0.00975

  598.0   0.00981

  599.0   0.00990

  600.0   0.00995

  601.0   0.01003

  602.0   0.01010

  603.0   0.01020

  604.0   0.01022

  605.0   0.01025

  606.0   0.01027

  607.0   0.01032

  608.0   0.01032

  609.0   0.01034

  610.0   0.01035

  611.0   0.01041

  612.0   0.01038

  613.0   0.01044

  614.0   0.01047

  615.0   0.01048

  616.0   0.01056

  617.0   0.01056

  618.0   0.01052

  619.0   0.01052

  620.0   0.01051

  621.0   0.01046

  622.0   0.01046

  623.0   0.01040

  624.0   0.01034

  625.0   0.01032

  626.0   0.01030

  627.0   0.01027

  628.0   0.01022

  629.0   0.01023

  630.0   0.01018

  631.0   0.01019

  632.0   0.01019

  633.0   0.01020

  634.0   0.01016

  635.0   0.01006

  636.0   0.01006

  637.0   0.01002

  638.0   0.00995

  639.0   0.00991

  640.0   0.00991

  641.0   0.00984

  642.0   0.00986

  643.0   0.00986

  644.0   0.00987

  645.0   0.00989

  646.0   0.00989

  647.0   0.00989

  648.0   0.00986

  649.0   0.00988

  650.0   0.00982

  651.0   0.00982

  652.0   0.00983

  653.0   0.00981

  654.0   0.00975

  655.0   0.00974

  656.0   0.00969

  657.0   0.00970

  658.0   0.00964

  659.0   0.00959

  660.0   0.00953

  661.0   0.00949

  662.0   0.00942

  663.0   0.00937

  664.0   0.00928

  665.0   0.00920

  666.0   0.00916

  667.0   0.00906

  668.0   0.00897

  669.0   0.00887

  670.0   0.00879

  671.0   0.00872

  672.0   0.00869

  673.0   0.00863

  674.0   0.00858

  675.0   0.00854

  676.0   0.00844

  677.0   0.00838

  678.0   0.00832

  679.0   0.00831

  680.0   0.00824

  681.0   0.00820

  682.0   0.00808

  683.0   0.00800

  684.0   0.00795

  685.0   0.00788

  686.0   0.00782

  687.0   0.00772

  688.0   0.00763

  689.0   0.00757

  690.0   0.00749

  691.0   0.00745

  692.0   0.00747

  693.0   0.00737

  694.0   0.00729

  695.0   0.00720

  696.0   0.00707

  697.0   0.00706

  698.0   0.00702

  699.0   0.00708

  700.0   0.00702

  701.0   0.00696

  702.0   0.00692

  703.0   0.00688

  704.0   0.00680

  705.0   0.00686

  706.0   0.00684

  707.0   0.00676

  708.0   0.00676

  709.0   0.00674

  710.0   0.00668

  711.0   0.00664

  712.0   0.00669

  713.0   0.00665

  714.0   0.00665

  715.0   0.00657

  716.0   0.00655

  717.0   0.00652

  718.0   0.00646

  719.0   0.00644

  720.0   0.00647

  721.0   0.00641

  722.0   0.00639

  723.0   0.00640

  724.0   0.00641

  725.0   0.00633

  726.0   0.00627

  727.0   0.00626

  728.0   0.00630

  729.0   0.00619

  730.0   0.00627

  731.0   0.00620

  732.0   0.00617

  733.0   0.00614

  734.0   0.00614

  735.0   0.00616

  736.0   0.00600

  737.0   0.00595

  738.0   0.00591

  739.0   0.00584

  740.0   0.00590

  741.0   0.00586

  742.0   0.00579

  743.0   0.00581

  744.0   0.00580

  745.0   0.00577

  746.0   0.00582

  747.0   0.00584

  748.0   0.00583

  749.0   0.00578

  750.0   0.00583

  751.0   0.00580

  752.0   0.00580

  753.0   0.00585

  754.0   0.00575

  755.0   0.00572

  756.0   0.00573

  757.0   0.00565

  758.0   0.00568

  759.0   0.00569

  760.0   0.00564

  761.0   0.00569

  762.0   0.00565

  763.0   0.00570

  764.0   0.00568

  765.0   0.00569

  766.0   0.00575

  767.0   0.00575

  768.0   0.00576

  769.0   0.00577

  770.0   0.00578

  771.0   0.00578

  772.0   0.00577

  773.0   0.00583

  774.0   0.00581

  775.0   0.00576

  776.0   0.00577

  777.0   0.00575

  778.0   0.00565

  779.0   0.00575

  780.0   0.00567

  781.0   0.00563

  782.0   0.00558

  783.0   0.00562

  784.0   0.00574

  785.0   0.00570

  786.0   0.00576

  787.0   0.00583

  788.0   0.00587

  789.0   0.00589

  790.0   0.00593

  791.0   0.00588

  792.0   0.00598

  793.0   0.00605

  794.0   0.00603

  795.0   0.00610

  796.0   0.00611

  797.0   0.00609

  798.0   0.00610

  799.0   0.00608

  800.0   0.00600

 
