ser ID: DU600

Method ID: A:\DEFAULT

Date: 07/28/00

Time: 11:36

 200.0   2.78604

  201.0   2.85187

  202.0   2.58490

  203.0   2.91593

  204.0   2.94498

  205.0   2.97772

  206.0   3.00775

  207.0   3.04139

  208.0   3.08493

  209.0   3.13925

  210.0   3.18639

  211.0   3.24279

  212.0   3.31175

  213.0   3.38952

  214.0   3.44886

  215.0   3.50311

  216.0   3.56229

  217.0   3.63236

  218.0   3.68726

  219.0   3.73030

  220.0   3.45977

  221.0   3.78319

  222.0   3.32497

  223.0   3.81704

  224.0   3.83097

  225.0   3.36624

  226.0   3.25443

  227.0   3.39152

  228.0   3.27830

  229.0   3.28914

  230.0   3.12445

  231.0   3.21362

  232.0   3.44431

  233.0   3.22973

  234.0   3.23694

  235.0   3.24170

  236.0   3.24596

  237.0   3.34532

  238.0   3.17129

  239.0   3.10512

  240.0   2.94968

  241.0   3.17060

  242.0   3.64631

  243.0   3.64404

  244.0   2.86303

  245.0   3.09362

  246.0   2.82066

  247.0   2.81594

  248.0   2.77934

  249.0   2.66522

  250.0   2.55409

  251.0   2.43211

  252.0   2.45599

  253.0   2.40621

  254.0   2.34797

  255.0   2.30586

  256.0   2.28872

  257.0   2.24055

  258.0   2.24410

  259.0   2.17832

  260.0   2.17142

  261.0   2.10672

  262.0   2.05659

  263.0   1.98601

  264.0   1.91844

  265.0   1.88230

  266.0   1.79677

  267.0   1.74604

  268.0   1.67564

  269.0   1.61081

  270.0   1.52244

  271.0   1.45188

  272.0   1.38216

  273.0   1.30980

  274.0   1.22750

  275.0   1.16027

  276.0   1.09876

  277.0   1.03757

  278.0   0.97922

  279.0   0.93131

  280.0   0.88649

  281.0   0.84453

  282.0   0.81227

  283.0   0.78117

  284.0   0.75280

  285.0   0.72640

  286.0   0.70573

  287.0   0.68668

  288.0   0.66795

  289.0   0.65375

  290.0   0.64033

  291.0   0.62891

  292.0   0.61783

  293.0   0.60942

  294.0   0.60242

  295.0   0.59615

  296.0   0.59290

  297.0   0.58715

  298.0   0.58406

  299.0   0.58078

  300.0   0.57830

  301.0   0.57676

  302.0   0.57550

  303.0   0.57453

  304.0   0.57234

  305.0   0.57035

  306.0   0.57023

  307.0   0.56613

  308.0   0.56306

  309.0   0.56043

  310.0   0.55645

  311.0   0.55172

  312.0   0.54763

  313.0   0.54184

  314.0   0.53533

  315.0   0.52720

  316.0   0.52051

  317.0   0.51378

  318.0   0.50728

  319.0   0.50007

  320.0   0.49279

  321.0   0.49042

  322.0   0.48000

  323.0   0.47359

  324.0   0.46892

  325.0   0.46249

  326.0   0.45697

  327.0   0.45154

  328.0   0.44621

  329.0   0.43858

  330.0   0.43038

  331.0   0.42331

  332.0   0.41432

  333.0   0.40713

  334.0   0.39894

  335.0   0.39057

  336.0   0.38112

  337.0   0.37361

  338.0   0.36486

  339.0   0.35633

  340.0   0.34860

  341.0   0.34050

  342.0   0.33263

  343.0   0.32512

  344.0   0.31743

  345.0   0.31066

  346.0   0.30345

  347.0   0.29589

  348.0   0.28944

  349.0   0.28210

  350.0   0.27400

  351.0   0.26806

  352.0   0.26135

  353.0   0.25417

  354.0   0.24829

  355.0   0.24205

  356.0   0.23918

  357.0   0.23001

  358.0   0.22414

  359.0   0.21802

  360.0   0.21341

  361.0   0.20843

  362.0   0.20298

  363.0   0.19815

  364.0   0.19440

  365.0   0.18911

  366.0   0.18535

  367.0   0.18125

  368.0   0.17734

  369.0   0.17352

  370.0   0.17034

  371.0   0.16704

  372.0   0.16373

  373.0   0.16049

  374.0   0.15757

  375.0   0.15527

  376.0   0.15187

  377.0   0.14997

  378.0   0.14688

  379.0   0.14487

  380.0   0.14283

  381.0   0.14085

  382.0   0.13942

  383.0   0.13749

  384.0   0.13651

  385.0   0.13563

  386.0   0.13407

  387.0   0.13352

  388.0   0.13282

  389.0   0.13243

  390.0   0.13148

  391.0   0.13143

  392.0   0.13104

  393.0   0.13072

  394.0   0.13002

  395.0   0.12976

  396.0   0.12940

  397.0   0.12845

  398.0   0.12763

  399.0   0.12690

  400.0   0.12573

  401.0   0.12466

  402.0   0.12323

  403.0   0.12225

  404.0   0.12003

  405.0   0.11802

  406.0   0.11600

  407.0   0.11411

  408.0   0.11161

  409.0   0.10874

  410.0   0.10594

  411.0   0.10257

  412.0   0.10052

  413.0   0.09744

  414.0   0.09376

  415.0   0.09182

  416.0   0.08630

  417.0   0.08221

  418.0   0.07863

  419.0   0.07468

  420.0   0.07069

  421.0   0.06715

  422.0   0.06304

  423.0   0.05970

  424.0   0.05605

  425.0   0.05268

  426.0   0.04933

  427.0   0.04618

  428.0   0.04353

  429.0   0.04077

  430.0   0.03829

  431.0   0.03589

  432.0   0.03376

  433.0   0.03181

  434.0   0.03012

  435.0   0.02867

  436.0   0.02697

  437.0   0.02574

  438.0   0.02447

  439.0   0.02337

  440.0   0.02228

  441.0   0.02144

  442.0   0.02046

  443.0   0.01979

  444.0   0.01911

  445.0   0.01858

  446.0   0.01801

  447.0   0.01739

  448.0   0.01690

  449.0   0.01646

  450.0   0.01611

  451.0   0.01570

  452.0   0.01538

  453.0   0.01489

  454.0   0.01461

  455.0   0.01424

  456.0   0.01390

  457.0   0.01365

  458.0   0.01339

  459.0   0.01299

  460.0   0.01266

  461.0   0.01241

  462.0   0.01217

  463.0   0.01185

  464.0   0.01154

  465.0   0.01144

  466.0   0.01100

  467.0   0.01082

  468.0   0.01049

  469.0   0.01025

  470.0   0.00989

  471.0   0.00973

  472.0   0.00942

  473.0   0.00920

  474.0   0.00905

  475.0   0.00896

  476.0   0.00865

  477.0   0.00850

  478.0   0.00834

  479.0   0.00816

  480.0   0.00803

  481.0   0.00787

  482.0   0.00776

  483.0   0.00765

  484.0   0.00752

  485.0   0.00747

  486.0   0.00735

  487.0   0.00725

  488.0   0.00726

  489.0   0.00713

  490.0   0.00710

  491.0   0.00706

  492.0   0.00708

  493.0   0.00697

  494.0   0.00700

  495.0   0.00699

  496.0   0.00694

  497.0   0.00694

  498.0   0.00689

  499.0   0.00691

  500.0   0.00687

  501.0   0.00690

  502.0   0.00692

  503.0   0.00693

  504.0   0.00696

  505.0   0.00700

  506.0   0.00702

  507.0   0.00707

  508.0   0.00712

  509.0   0.00714

  510.0   0.00721

  511.0   0.00734

  512.0   0.00744

  513.0   0.00752

  514.0   0.00761

  515.0   0.00770

  516.0   0.00773

  517.0   0.00783

  518.0   0.00797

  519.0   0.00806

  520.0   0.00826

  521.0   0.00837

  522.0   0.00854

  523.0   0.00864

  524.0   0.00879

  525.0   0.00887

  526.0   0.00900

  527.0   0.00916

  528.0   0.00929

  529.0   0.00941

  530.0   0.00958

  531.0   0.00975

  532.0   0.00993

  533.0   0.01010

  534.0   0.01028

  535.0   0.01053

  536.0   0.01073

  537.0   0.01094

  538.0   0.01106

  539.0   0.01125

  540.0   0.01143

  541.0   0.01159

  542.0   0.01178

  543.0   0.01201

  544.0   0.01213

  545.0   0.01236

  546.0   0.01252

  547.0   0.01272

  548.0   0.01284

  549.0   0.01299

  550.0   0.01315

  551.0   0.01326

  552.0   0.01339

  553.0   0.01358

  554.0   0.01370

  555.0   0.01377

  556.0   0.01388

  557.0   0.01372

  558.0   0.01366

  559.0   0.01370

  560.0   0.01372

  561.0   0.01389

  562.0   0.01399

  563.0   0.01410

  564.0   0.01422

  565.0   0.01429

  566.0   0.01434

  567.0   0.01437

  568.0   0.01444

  569.0   0.01444

  570.0   0.01454

  571.0   0.01460

  572.0   0.01466

  573.0   0.01471

  574.0   0.01468

  575.0   0.01469

  576.0   0.01477

  577.0   0.01483

  578.0   0.01485

  579.0   0.01485

  580.0   0.01488

  581.0   0.01491

  582.0   0.01496

  583.0   0.01499

  584.0   0.01503

  585.0   0.01506

  586.0   0.01512

  587.0   0.01517

  588.0   0.01524

  589.0   0.01531

  590.0   0.01535

  591.0   0.01541

  592.0   0.01548

  593.0   0.01553

  594.0   0.01563

  595.0   0.01573

  596.0   0.01580

  597.0   0.01587

  598.0   0.01596

  599.0   0.01600

  600.0   0.01607

  601.0   0.01617

  602.0   0.01621

  603.0   0.01633

  604.0   0.01636

  605.0   0.01646

  606.0   0.01645

  607.0   0.01653

  608.0   0.01660

  609.0   0.01664

  610.0   0.01667

  611.0   0.01673

  612.0   0.01672

  613.0   0.01676

  614.0   0.01678

  615.0   0.01683

  616.0   0.01687

  617.0   0.01685

  618.0   0.01683

  619.0   0.01684

  620.0   0.01683

  621.0   0.01681

  622.0   0.01683

  623.0   0.01678

  624.0   0.01675

  625.0   0.01671

  626.0   0.01668

  627.0   0.01662

  628.0   0.01662

  629.0   0.01660

  630.0   0.01656

  631.0   0.01656

  632.0   0.01652

  633.0   0.01649

  634.0   0.01646

  635.0   0.01639

  636.0   0.01632

  637.0   0.01629

  638.0   0.01620

  639.0   0.01616

  640.0   0.01612

  641.0   0.01602

  642.0   0.01598

  643.0   0.01595

  644.0   0.01590

  645.0   0.01583

  646.0   0.01581

  647.0   0.01575

  648.0   0.01570

  649.0   0.01569

  650.0   0.01561

  651.0   0.01559

  652.0   0.01553

  653.0   0.01546

  654.0   0.01539

  655.0   0.01535

  656.0   0.01525

  657.0   0.01520

  658.0   0.01507

  659.0   0.01492

  660.0   0.01480

  661.0   0.01468

  662.0   0.01452

  663.0   0.01440

  664.0   0.01422

  665.0   0.01409

  666.0   0.01394

  667.0   0.01383

  668.0   0.01370

  669.0   0.01351

  670.0   0.01332

  671.0   0.01313

  672.0   0.01299

  673.0   0.01280

  674.0   0.01267

  675.0   0.01250

  676.0   0.01233

  677.0   0.01219

  678.0   0.01207

  679.0   0.01194

  680.0   0.01182

  681.0   0.01167

  682.0   0.01143

  683.0   0.01133

  684.0   0.01123

  685.0   0.01104

  686.0   0.01090

  687.0   0.01071

  688.0   0.01055

  689.0   0.01040

  690.0   0.01024

  691.0   0.01012

  692.0   0.01000

  693.0   0.00987

  694.0   0.00975

  695.0   0.00961

  696.0   0.00943

  697.0   0.00941

  698.0   0.00930

  699.0   0.00925

  700.0   0.00917

  701.0   0.00904

  702.0   0.00892

  703.0   0.00877

  704.0   0.00867

  705.0   0.00860

  706.0   0.00853

  707.0   0.00843

  708.0   0.00841

  709.0   0.00834

  710.0   0.00823

  711.0   0.00810

  712.0   0.00809

  713.0   0.00804

  714.0   0.00797

  715.0   0.00786

  716.0   0.00779

  717.0   0.00767

  718.0   0.00758

  719.0   0.00753

  720.0   0.00748

  721.0   0.00738

  722.0   0.00731

  723.0   0.00719

  724.0   0.00716

  725.0   0.00707

  726.0   0.00702

  727.0   0.00696

  728.0   0.00699

  729.0   0.00689

  730.0   0.00685

  731.0   0.00673

  732.0   0.00664

  733.0   0.00666

  734.0   0.00659

  735.0   0.00662

  736.0   0.00631

  737.0   0.00628

  738.0   0.00626

  739.0   0.00622

  740.0   0.00626

  741.0   0.00619

  742.0   0.00615

  743.0   0.00614

  744.0   0.00610

  745.0   0.00607

  746.0   0.00611

  747.0   0.00605

  748.0   0.00605

  749.0   0.00599

  750.0   0.00602

  751.0   0.00604

  752.0   0.00599

  753.0   0.00604

  754.0   0.00599

  755.0   0.00602

  756.0   0.00597

  757.0   0.00589

  758.0   0.00598

  759.0   0.00596

  760.0   0.00594

  761.0   0.00599

  762.0   0.00594

  763.0   0.00592

  764.0   0.00590

  765.0   0.00591

  766.0   0.00594

  767.0   0.00597

  768.0   0.00601

  769.0   0.00604

  770.0   0.00608

  771.0   0.00614

  772.0   0.00610

  773.0   0.00613

  774.0   0.00617

  775.0   0.00612

  776.0   0.00613

  777.0   0.00614

  778.0   0.00610

  779.0   0.00619

  780.0   0.00617

  781.0   0.00621

  782.0   0.00620

  783.0   0.00615

  784.0   0.00613

  785.0   0.00601

  786.0   0.00599

  787.0   0.00600

  788.0   0.00599

  789.0   0.00603

  790.0   0.00601

  791.0   0.00600

  792.0   0.00601

  793.0   0.00605

  794.0   0.00603

  795.0   0.00599

  796.0   0.00605

  797.0   0.00603

  798.0   0.00598

  799.0   0.00602

  800.0   0.00597

 
