ser ID: DU600

Method ID: A:\DEFAULT

Date: 07/28/00

Time: 08:09

 200.0   2.00789

  201.0   2.85187

  202.0   2.40881

  203.0   2.91593

  204.0   2.24601

  205.0   2.67669

  206.0   3.00775

  207.0   3.04139

  208.0   2.78390

  209.0   3.13925

  210.0   3.18639

  211.0   3.24279

  212.0   3.31175

  213.0   2.78746

  214.0   3.14783

  215.0   3.50311

  216.0   3.56229

  217.0   3.33133

  218.0   3.68726

  219.0   3.73030

  220.0   2.98265

  221.0   3.48216

  222.0   3.80209

  223.0   3.33991

  224.0   3.83097

  225.0   3.84336

  226.0   3.25443

  227.0   3.16967

  228.0   3.88036

  229.0   3.59017

  230.0   3.90260

  231.0   3.91259

  232.0   3.92143

  233.0   3.92870

  234.0   3.93591

  235.0   3.94067

  236.0   3.24596

  237.0   3.94738

  238.0   3.94944

  239.0   3.34816

  240.0   3.94968

  241.0   3.94876

  242.0   3.47021

  243.0   3.94507

  244.0   3.94221

  245.0   3.63769

  246.0   3.93460

  247.0   3.92988

  248.0   3.44835

  249.0   3.92049

  250.0   3.91582

  251.0   3.13108

  252.0   3.90314

  253.0   3.59654

  254.0   3.28998

  255.0   3.28358

  256.0   3.57875

  257.0   3.09587

  258.0   2.78817

  259.0   2.90532

  260.0   2.94957

  261.0   2.64296

  262.0   2.69579

  263.0   2.49485

  264.0   2.34089

  265.0   2.34967

  266.0   2.23818

  267.0   2.12926

  268.0   2.14322

  269.0   2.04051

  270.0   1.93787

  271.0   1.89515

  272.0   1.83642

  273.0   1.75128

  274.0   1.69637

  275.0   1.63030

  276.0   1.55673

  277.0   1.48473

  278.0   1.43322

  279.0   1.35952

  280.0   1.30845

  281.0   1.24322

  282.0   1.18933

  283.0   1.13564

  284.0   1.09255

  285.0   1.03517

  286.0   0.98953

  287.0   0.94887

  288.0   0.89850

  289.0   0.86093

  290.0   0.82386

  291.0   0.79266

  292.0   0.75729

  293.0   0.72982

  294.0   0.70220

  295.0   0.67167

  296.0   0.64826

  297.0   0.62668

  298.0   0.60387

  299.0   0.57886

  300.0   0.56157

  301.0   0.54134

  302.0   0.52398

  303.0   0.50810

  304.0   0.49270

  305.0   0.47847

  306.0   0.46497

  307.0   0.45193

  308.0   0.44010

  309.0   0.42866

  310.0   0.41623

  311.0   0.40674

  312.0   0.39652

  313.0   0.38581

  314.0   0.37629

  315.0   0.36920

  316.0   0.36044

  317.0   0.35271

  318.0   0.34829

  319.0   0.34408

  320.0   0.34016

  321.0   0.33887

  322.0   0.33614

  323.0   0.33420

  324.0   0.33536

  325.0   0.33770

  326.0   0.33937

  327.0   0.34173

  328.0   0.34682

  329.0   0.34945

  330.0   0.35189

  331.0   0.35706

  332.0   0.36012

  333.0   0.36588

  334.0   0.37142

  335.0   0.37729

  336.0   0.38112

  337.0   0.38825

  338.0   0.39474

  339.0   0.40040

  340.0   0.40730

  341.0   0.41494

  342.0   0.42041

  343.0   0.42821

  344.0   0.43461

  345.0   0.44244

  346.0   0.44973

  347.0   0.45461

  348.0   0.45976

  349.0   0.46418

  350.0   0.46868

  351.0   0.47060

  352.0   0.47411

  353.0   0.47730

  354.0   0.47730

  355.0   0.47820

  356.0   0.47784

  357.0   0.47721

  358.0   0.47412

  359.0   0.47126

  360.0   0.46794

  361.0   0.46468

  362.0   0.45892

  363.0   0.45238

  364.0   0.44827

  365.0   0.44209

  366.0   0.43535

  367.0   0.42897

  368.0   0.42201

  369.0   0.41410

  370.0   0.40786

  371.0   0.40094

  372.0   0.39346

  373.0   0.38662

  374.0   0.38010

  375.0   0.37368

  376.0   0.36617

  377.0   0.36021

  378.0   0.35274

  379.0   0.34603

  380.0   0.34039

  381.0   0.33284

  382.0   0.32668

  383.0   0.32067

  384.0   0.31349

  385.0   0.30794

  386.0   0.30112

  387.0   0.29571

  388.0   0.28935

  389.0   0.28328

  390.0   0.27734

  391.0   0.27233

  392.0   0.26691

  393.0   0.26114

  394.0   0.25619

  395.0   0.25128

  396.0   0.24646

  397.0   0.24117

  398.0   0.23706

  399.0   0.23177

  400.0   0.22786

  401.0   0.22340

  402.0   0.21858

  403.0   0.21553

  404.0   0.21040

  405.0   0.20586

  406.0   0.20165

  407.0   0.19772

  408.0   0.19338

  409.0   0.18880

  410.0   0.18451

  411.0   0.17944

  412.0   0.17604

  413.0   0.17149

  414.0   0.16653

  415.0   0.16422

  416.0   0.15631

  417.0   0.15113

  418.0   0.14629

  419.0   0.14116

  420.0   0.13616

  421.0   0.13138

  422.0   0.12622

  423.0   0.12164

  424.0   0.11664

  425.0   0.11238

  426.0   0.10771

  427.0   0.10347

  428.0   0.09973

  429.0   0.09560

  430.0   0.09180

  431.0   0.08830

  432.0   0.08484

  433.0   0.08128

  434.0   0.07843

  435.0   0.07561

  436.0   0.07250

  437.0   0.07015

  438.0   0.06757

  439.0   0.06518

  440.0   0.06285

  441.0   0.06069

  442.0   0.05842

  443.0   0.05660

  444.0   0.05473

  445.0   0.05286

  446.0   0.05119

  447.0   0.04940

  448.0   0.04785

  449.0   0.04631

  450.0   0.04475

  451.0   0.04329

  452.0   0.04203

  453.0   0.04049

  454.0   0.03917

  455.0   0.03779

  456.0   0.03645

  457.0   0.03539

  458.0   0.03408

  459.0   0.03286

  460.0   0.03174

  461.0   0.03058

  462.0   0.02942

  463.0   0.02834

  464.0   0.02731

  465.0   0.02641

  466.0   0.02534

  467.0   0.02449

  468.0   0.02356

  469.0   0.02267

  470.0   0.02179

  471.0   0.02104

  472.0   0.02029

  473.0   0.01952

  474.0   0.01887

  475.0   0.01829

  476.0   0.01749

  477.0   0.01677

  478.0   0.01646

  479.0   0.01607

  480.0   0.01557

  481.0   0.01503

  482.0   0.01437

  483.0   0.01389

  484.0   0.01338

  485.0   0.01305

  486.0   0.01253

  487.0   0.01213

  488.0   0.01170

  489.0   0.01132

  490.0   0.01095

  491.0   0.01058

  492.0   0.01030

  493.0   0.00993

  494.0   0.00954

  495.0   0.00928

  496.0   0.00889

  497.0   0.00857

  498.0   0.00826

  499.0   0.00801

  500.0   0.00770

  501.0   0.00754

  502.0   0.00730

  503.0   0.00704

  504.0   0.00686

  505.0   0.00658

  506.0   0.00642

  507.0   0.00617

  508.0   0.00601

  509.0   0.00582

  510.0   0.00568

  511.0   0.00557

  512.0   0.00548

  513.0   0.00532

  514.0   0.00519

  515.0   0.00508

  516.0   0.00486

  517.0   0.00485

  518.0   0.00473

  519.0   0.00461

  520.0   0.00461

  521.0   0.00457

  522.0   0.00449

  523.0   0.00443

  524.0   0.00441

  525.0   0.00432

  526.0   0.00432

  527.0   0.00426

  528.0   0.00423

  529.0   0.00419

  530.0   0.00418

  531.0   0.00420

  532.0   0.00414

  533.0   0.00418

  534.0   0.00425

  535.0   0.00420

  536.0   0.00423

  537.0   0.00426

  538.0   0.00421

  539.0   0.00426

  540.0   0.00425

  541.0   0.00426

  542.0   0.00429

  543.0   0.00433

  544.0   0.00432

  545.0   0.00445

  546.0   0.00448

  547.0   0.00454

  548.0   0.00458

  549.0   0.00460

  550.0   0.00471

  551.0   0.00470

  552.0   0.00478

  553.0   0.00485

  554.0   0.00496

  555.0   0.00495

  556.0   0.00510

  557.0   0.00508

  558.0   0.00500

  559.0   0.00496

  560.0   0.00494

  561.0   0.00508

  562.0   0.00521

  563.0   0.00533

  564.0   0.00542

  565.0   0.00549

  566.0   0.00545

  567.0   0.00541

  568.0   0.00544

  569.0   0.00540

  570.0   0.00547

  571.0   0.00549

  572.0   0.00549

  573.0   0.00553

  574.0   0.00558

  575.0   0.00560

  576.0   0.00558

  577.0   0.00554

  578.0   0.00557

  579.0   0.00560

  580.0   0.00556

  581.0   0.00560

  582.0   0.00565

  583.0   0.00573

  584.0   0.00580

  585.0   0.00585

  586.0   0.00586

  587.0   0.00588

  588.0   0.00595

  589.0   0.00597

  590.0   0.00601

  591.0   0.00610

  592.0   0.00618

  593.0   0.00622

  594.0   0.00629

  595.0   0.00629

  596.0   0.00634

  597.0   0.00638

  598.0   0.00646

  599.0   0.00651

  600.0   0.00657

  601.0   0.00665

  602.0   0.00673

  603.0   0.00679

  604.0   0.00682

  605.0   0.00687

  606.0   0.00688

  607.0   0.00694

  608.0   0.00700

  609.0   0.00703

  610.0   0.00708

  611.0   0.00717

  612.0   0.00719

  613.0   0.00724

  614.0   0.00727

  615.0   0.00729

  616.0   0.00737

  617.0   0.00729

  618.0   0.00724

  619.0   0.00724

  620.0   0.00719

  621.0   0.00716

  622.0   0.00716

  623.0   0.00715

  624.0   0.00712

  625.0   0.00707

  626.0   0.00708

  627.0   0.00705

  628.0   0.00703

  629.0   0.00705

  630.0   0.00699

  631.0   0.00699

  632.0   0.00700

  633.0   0.00699

  634.0   0.00696

  635.0   0.00693

  636.0   0.00692

  637.0   0.00689

  638.0   0.00683

  639.0   0.00683

  640.0   0.00683

  641.0   0.00678

  642.0   0.00681

  643.0   0.00683

  644.0   0.00684

  645.0   0.00689

  646.0   0.00693

  647.0   0.00696

  648.0   0.00693

  649.0   0.00695

  650.0   0.00688

  651.0   0.00687

  652.0   0.00686

  653.0   0.00687

  654.0   0.00684

  655.0   0.00690

  656.0   0.00685

  657.0   0.00689

  658.0   0.00687

  659.0   0.00683

  660.0   0.00682

  661.0   0.00681

  662.0   0.00672

  663.0   0.00676

  664.0   0.00673

  665.0   0.00674

  666.0   0.00671

  667.0   0.00668

  668.0   0.00667

  669.0   0.00658

  670.0   0.00651

  671.0   0.00651

  672.0   0.00647

  673.0   0.00644

  674.0   0.00642

  675.0   0.00636

  676.0   0.00632

  677.0   0.00626

  678.0   0.00623

  679.0   0.00622

  680.0   0.00618

  681.0   0.00617

  682.0   0.00613

  683.0   0.00613

  684.0   0.00615

  685.0   0.00612

  686.0   0.00609

  687.0   0.00604

  688.0   0.00598

  689.0   0.00591

  690.0   0.00586

  691.0   0.00584

  692.0   0.00582

  693.0   0.00576

  694.0   0.00577

  695.0   0.00570

  696.0   0.00564

  697.0   0.00568

  698.0   0.00567

  699.0   0.00570

  700.0   0.00569

  701.0   0.00565

  702.0   0.00566

  703.0   0.00561

  704.0   0.00558

  705.0   0.00558

  706.0   0.00557

  707.0   0.00554

  708.0   0.00555

  709.0   0.00559

  710.0   0.00556

  711.0   0.00556

  712.0   0.00563

  713.0   0.00561

  714.0   0.00562

  715.0   0.00556

  716.0   0.00553

  717.0   0.00551

  718.0   0.00547

  719.0   0.00546

  720.0   0.00544

  721.0   0.00546

  722.0   0.00552

  723.0   0.00557

  724.0   0.00557

  725.0   0.00555

  726.0   0.00551

  727.0   0.00551

  728.0   0.00551

  729.0   0.00550

  730.0   0.00548

  731.0   0.00536

  732.0   0.00535

  733.0   0.00531

  734.0   0.00523

  735.0   0.00533

  736.0   0.00539

  737.0   0.00537

  738.0   0.00536

  739.0   0.00531

  740.0   0.00535

  741.0   0.00531

  742.0   0.00530

  743.0   0.00532

  744.0   0.00542

  745.0   0.00550

  746.0   0.00560

  747.0   0.00565

  748.0   0.00562

  749.0   0.00564

  750.0   0.00564

  751.0   0.00561

  752.0   0.00564

  753.0   0.00564

  754.0   0.00561

  755.0   0.00567

  756.0   0.00564

  757.0   0.00562

  758.0   0.00568

  759.0   0.00571

  760.0   0.00566

  761.0   0.00580

  762.0   0.00567

  763.0   0.00570

  764.0   0.00576

  765.0   0.00577

  766.0   0.00583

  767.0   0.00584

  768.0   0.00592

  769.0   0.00591

  770.0   0.00591

  771.0   0.00589

  772.0   0.00588

  773.0   0.00588

  774.0   0.00589

  775.0   0.00587

  776.0   0.00580

  777.0   0.00589

  778.0   0.00582

  779.0   0.00594

  780.0   0.00590

  781.0   0.00593

  782.0   0.00589

  783.0   0.00587

  784.0   0.00585

  785.0   0.00578

  786.0   0.00574

  787.0   0.00575

  788.0   0.00570

  789.0   0.00569

  790.0   0.00573

  791.0   0.00568

  792.0   0.00569

  793.0   0.00570

  794.0   0.00572

  795.0   0.00567

  796.0   0.00571

  797.0   0.00569

  798.0   0.00570

  799.0   0.00570

  800.0   0.00571

 
