ser ID: DU600

Method ID: A:\DEFAULT

Date: 08/08/00

Time: 10:45

 200.0   2.40169

  201.0   2.29593

  202.0   2.51233

  203.0   2.24838

  204.0   2.41404

  205.0   2.92634

  206.0   2.65817

  207.0   2.76716

  208.0   2.59315

  209.0   2.75012

  210.0   2.51406

  211.0   2.25836

  212.0   2.15815

  213.0   2.02959

  214.0   1.89056

  215.0   1.81734

  216.0   1.71137

  217.0   1.59672

  218.0   1.51435

  219.0   1.43417

  220.0   1.37820

  221.0   1.32012

  222.0   1.25674

  223.0   1.20595

  224.0   1.15423

  225.0   1.10886

  226.0   1.06005

  227.0   1.01613

  228.0   0.97420

  229.0   0.93594

  230.0   0.89463

  231.0   0.86233

  232.0   0.82989

  233.0   0.80018

  234.0   0.76725

  235.0   0.74107

  236.0   0.71258

  237.0   0.68575

  238.0   0.65884

  239.0   0.62827

  240.0   0.60040

  241.0   0.57284

  242.0   0.54542

  243.0   0.51432

  244.0   0.48780

  245.0   0.46017

  246.0   0.43381

  247.0   0.40339

  248.0   0.37548

  249.0   0.34772

  250.0   0.32097

  251.0   0.29293

  252.0   0.26988

  253.0   0.24790

  254.0   0.22722

  255.0   0.20587

  256.0   0.18681

  257.0   0.16953

  258.0   0.15285

  259.0   0.13712

  260.0   0.12470

  261.0   0.11448

  262.0   0.10508

  263.0   0.09765

  264.0   0.09094

  265.0   0.08668

  266.0   0.08173

  267.0   0.07775

  268.0   0.07456

  269.0   0.07127

  270.0   0.06835

  271.0   0.06675

  272.0   0.06413

  273.0   0.06270

  274.0   0.05979

  275.0   0.05759

  276.0   0.05524

  277.0   0.05312

  278.0   0.05053

  279.0   0.04851

  280.0   0.04703

  281.0   0.04458

  282.0   0.04310

  283.0   0.04112

  284.0   0.03885

  285.0   0.03606

  286.0   0.03524

  287.0   0.03279

  288.0   0.02996

  289.0   0.02806

  290.0   0.02611

  291.0   0.02445

  292.0   0.02289

  293.0   0.02115

  294.0   0.01920

  295.0   0.01720

  296.0   0.01559

  297.0   0.01377

  298.0   0.01232

  299.0   0.01059

  300.0   0.00923

  301.0   0.00881

  302.0   0.00812

  303.0   0.00756

  304.0   0.00686

  305.0   0.00631

  306.0   0.00599

  307.0   0.00535

  308.0   0.00548

  309.0   0.00524

  310.0   0.00460

  311.0   0.00450

  312.0   0.00400

  313.0   0.00381

  314.0   0.00320

  315.0   0.00265

  316.0   0.00200

  317.0   0.00299

  318.0   0.00259

  319.0   0.00236

  320.0   0.00212

  321.0   0.00176

  322.0   0.00211

  323.0   0.00183

  324.0   0.00154

  325.0   0.00155

  326.0   0.00117

  327.0   0.00146

  328.0   0.00136

  329.0   0.00078

  330.0   0.00117

  331.0   0.00068

  332.0  -0.00048

  333.0   0.00058

  334.0   0.00019

  335.0   0.00067

  336.0   0.00067

  337.0   0.00076

  338.0   0.00047

  339.0   0.00075

  340.0   0.00074

  341.0   0.00074

  342.0   0.00055

  343.0   0.00009

  344.0  -0.00009

  345.0  -0.00027

  346.0  -0.00063

  347.0  -0.00036

  348.0  -0.00054

  349.0  -0.00090

  350.0  -0.00018

  351.0   0.00009

  352.0   0.00027

  353.0   0.00054

  354.0   0.00063

  355.0   0.00045

  356.0  -0.00000

  357.0  -0.00009

  358.0  -0.00009

  359.0  -0.00018

  360.0  -0.00044

  361.0  -0.00070

  362.0  -0.00034

  363.0   0.00008

  364.0   0.00025

  365.0   0.00032

  366.0   0.00008

  367.0  -0.00023

  368.0   0.00015

  369.0   0.00036

  370.0   0.00014

  371.0   0.00021

  372.0  -0.00020

  373.0  -0.00046

  374.0  -0.00025

  375.0  -0.00018

  376.0   0.00024

  377.0  -0.00017

  378.0   0.00033

  379.0   0.00016

  380.0   0.00053

  381.0   0.00072

  382.0   0.00035

  383.0   0.00034

  384.0   0.00019

  385.0   0.00027

  386.0  -0.00013

  387.0  -0.00000

  388.0   0.00021

  389.0  -0.00004

  390.0   0.00004

  391.0  -0.00000

  392.0   0.00019

  393.0   0.00027

  394.0   0.00053

  395.0   0.00018

  396.0  -0.00000

  397.0  -0.00000

  398.0   0.00004

  399.0  -0.00000

  400.0  -0.00003

  401.0  -0.00028

  402.0  -0.00051

  403.0  -0.00067

  404.0  -0.00046

  405.0  -0.00045

  406.0  -0.00059

  407.0  -0.00048

  408.0  -0.00076

  409.0  -0.00068

  410.0  -0.00078

  411.0  -0.00049

  412.0  -0.00026

  413.0  -0.00031

  414.0  -0.00031

  415.0  -0.00038

  416.0  -0.00053

  417.0  -0.00051

  418.0  -0.00042

  419.0  -0.00033

  420.0  -0.00032

  421.0  -0.00031

  422.0  -0.00045

  423.0  -0.00029

  424.0  -0.00072

  425.0  -0.00056

  426.0  -0.00061

  427.0  -0.00060

  428.0  -0.00065

  429.0  -0.00057

  430.0  -0.00050

  431.0  -0.00055

  432.0  -0.00047

  433.0  -0.00046

  434.0  -0.00045

  435.0  -0.00044

  436.0  -0.00059

  437.0  -0.00053

  438.0  -0.00047

  439.0  -0.00046

  440.0  -0.00050

  441.0  -0.00049

  442.0  -0.00053

  443.0  -0.00062

  444.0  -0.00047

  445.0  -0.00051

  446.0  -0.00050

  447.0  -0.00040

  448.0  -0.00053

  449.0  -0.00052

  450.0  -0.00052

  451.0  -0.00056

  452.0  -0.00047

  453.0  -0.00046

  454.0  -0.00042

  455.0  -0.00049

  456.0  -0.00053

  457.0  -0.00053

  458.0  -0.00053

  459.0  -0.00036

  460.0  -0.00044

  461.0  -0.00036

  462.0  -0.00035

  463.0  -0.00051

  464.0  -0.00042

  465.0  -0.00049

  466.0  -0.00056

  467.0  -0.00055

  468.0  -0.00057

  469.0  -0.00059

  470.0  -0.00071

  471.0  -0.00079

  472.0  -0.00077

  473.0  -0.00072

  474.0  -0.00066

  475.0  -0.00071

  476.0  -0.00066

  477.0  -0.00056

  478.0  -0.00068

  479.0  -0.00067

  480.0  -0.00075

  481.0  -0.00066

  482.0  -0.00065

  483.0  -0.00054

  484.0  -0.00056

  485.0  -0.00057

  486.0  -0.00049

  487.0  -0.00042

  488.0  -0.00036

  489.0  -0.00043

  490.0  -0.00044

  491.0  -0.00046

  492.0  -0.00048

  493.0  -0.00045

  494.0  -0.00047

  495.0  -0.00050

  496.0  -0.00048

  497.0  -0.00049

  498.0  -0.00055

  499.0  -0.00053

  500.0  -0.00052

  501.0  -0.00056

  502.0  -0.00053

  503.0  -0.00047

  504.0  -0.00049

  505.0  -0.00046

  506.0  -0.00046

  507.0  -0.00042

  508.0  -0.00044

  509.0  -0.00049

  510.0  -0.00045

  511.0  -0.00048

  512.0  -0.00045

  513.0  -0.00046

  514.0  -0.00048

  515.0  -0.00044

  516.0  -0.00042

  517.0  -0.00044

  518.0  -0.00045

  519.0  -0.00045

  520.0  -0.00047

  521.0  -0.00047

  522.0  -0.00050

  523.0  -0.00043

  524.0  -0.00047

  525.0  -0.00041

  526.0  -0.00041

  527.0  -0.00039

  528.0  -0.00038

  529.0  -0.00045

  530.0  -0.00049

  531.0  -0.00049

  532.0  -0.00049

  533.0  -0.00049

  534.0  -0.00047

  535.0  -0.00047

  536.0  -0.00047

  537.0  -0.00044

  538.0  -0.00044

  539.0  -0.00050

  540.0  -0.00053

  541.0  -0.00046

  542.0  -0.00043

  543.0  -0.00048

  544.0  -0.00052

  545.0  -0.00045

  546.0  -0.00050

  547.0  -0.00045

  548.0  -0.00048

  549.0  -0.00043

  550.0  -0.00039

  551.0  -0.00032

  552.0  -0.00028

  553.0  -0.00023

  554.0  -0.00021

  555.0  -0.00018

  556.0  -0.00008

  557.0  -0.00011

  558.0  -0.00011

  559.0  -0.00007

  560.0  -0.00009

  561.0  -0.00009

  562.0  -0.00007

  563.0  -0.00004

  564.0  -0.00009

  565.0  -0.00007

  566.0  -0.00004

  567.0  -0.00004

  568.0  -0.00002

  569.0  -0.00002

  570.0  -0.00000

  571.0  -0.00000

  572.0  -0.00000

  573.0  -0.00000

  574.0  -0.00002

  575.0   0.00004

  576.0   0.00002

  577.0  -0.00000

  578.0  -0.00002

  579.0  -0.00004

  580.0  -0.00006

  581.0  -0.00004

  582.0  -0.00002

  583.0  -0.00002

  584.0  -0.00002

  585.0  -0.00002

  586.0  -0.00000

  587.0  -0.00000

  588.0   0.00002

  589.0   0.00006

  590.0   0.00007

  591.0   0.00007

  592.0   0.00006

  593.0   0.00013

  594.0   0.00017

  595.0   0.00022

  596.0   0.00020

  597.0   0.00018

  598.0   0.00022

  599.0   0.00031

  600.0   0.00036

  601.0   0.00043

  602.0   0.00048

  603.0   0.00051

  604.0   0.00049

  605.0   0.00056

  606.0   0.00054

  607.0   0.00052

  608.0   0.00056

  609.0   0.00061

  610.0   0.00062

  611.0   0.00065

  612.0   0.00067

  613.0   0.00070

  614.0   0.00070

  615.0   0.00070

  616.0   0.00071

  617.0   0.00076

  618.0   0.00080

  619.0   0.00078

  620.0   0.00081

  621.0   0.00086

  622.0   0.00081

  623.0   0.00084

  624.0   0.00084

  625.0   0.00085

  626.0   0.00083

  627.0   0.00087

  628.0   0.00090

  629.0   0.00095

  630.0   0.00093

  631.0   0.00091

  632.0   0.00094

  633.0   0.00098

  634.0   0.00094

  635.0   0.00097

  636.0   0.00097

  637.0   0.00096

  638.0   0.00096

  639.0   0.00099

  640.0   0.00102

  641.0   0.00107

  642.0   0.00112

  643.0   0.00115

  644.0   0.00115

  645.0   0.00117

  646.0   0.00115

  647.0   0.00115

  648.0   0.00117

  649.0   0.00124

  650.0   0.00122

  651.0   0.00127

  652.0   0.00135

  653.0   0.00137

  654.0   0.00139

  655.0   0.00139

  656.0   0.00144

  657.0   0.00144

  658.0   0.00149

  659.0   0.00155

  660.0   0.00160

  661.0   0.00163

  662.0   0.00165

  663.0   0.00164

  664.0   0.00164

  665.0   0.00161

  666.0   0.00156

  667.0   0.00158

  668.0   0.00157

  669.0   0.00160

  670.0   0.00159

  671.0   0.00166

  672.0   0.00168

  673.0   0.00179

  674.0   0.00184

  675.0   0.00188

  676.0   0.00187

  677.0   0.00185

  678.0   0.00186

  679.0   0.00183

  680.0   0.00179

  681.0   0.00178

  682.0   0.00180

  683.0   0.00172

  684.0   0.00169

  685.0   0.00172

  686.0   0.00172

  687.0   0.00169

  688.0   0.00170

  689.0   0.00172

  690.0   0.00173

  691.0   0.00174

  692.0   0.00169

  693.0   0.00168

  694.0   0.00171

  695.0   0.00166

  696.0   0.00169

  697.0   0.00168

  698.0   0.00170

  699.0   0.00169

  700.0   0.00168

  701.0   0.00175

  702.0   0.00180

  703.0   0.00177

  704.0   0.00178

  705.0   0.00181

  706.0   0.00174

  707.0   0.00173

  708.0   0.00170

  709.0   0.00173

  710.0   0.00176

  711.0   0.00179

  712.0   0.00178

  713.0   0.00181

  714.0   0.00181

  715.0   0.00184

  716.0   0.00181

  717.0   0.00178

  718.0   0.00190

  719.0   0.00187

  720.0   0.00186

  721.0   0.00181

  722.0   0.00185

  723.0   0.00184

  724.0   0.00181

  725.0   0.00183

  726.0   0.00182

  727.0   0.00190

  728.0   0.00190

  729.0   0.00193

  730.0   0.00193

  731.0   0.00194

  732.0   0.00191

  733.0   0.00192

  734.0   0.00191

  735.0   0.00192

  736.0   0.00241

  737.0   0.00248

  738.0   0.00256

  739.0   0.00266

  740.0   0.00274

  741.0   0.00287

  742.0   0.00305

  743.0   0.00324

  744.0   0.00331

  745.0   0.00326

  746.0   0.00325

  747.0   0.00328

  748.0   0.00330

  749.0   0.00327

  750.0   0.00319

  751.0   0.00327

  752.0   0.00327

  753.0   0.00324

  754.0   0.00325

  755.0   0.00325

  756.0   0.00330

  757.0   0.00333

  758.0   0.00328

  759.0   0.00328

  760.0   0.00334

  761.0   0.00334

  762.0   0.00340

  763.0   0.00340

  764.0   0.00341

  765.0   0.00346

  766.0   0.00339

  767.0   0.00336

  768.0   0.00339

  769.0   0.00343

  770.0   0.00346

  771.0   0.00344

  772.0   0.00347

  773.0   0.00339

  774.0   0.00348

  775.0   0.00343

  776.0   0.00338

  777.0   0.00339

  778.0   0.00328

  779.0   0.00323

  780.0   0.00321

  781.0   0.00313

  782.0   0.00308

  783.0   0.00297

  784.0   0.00301

  785.0   0.00284

  786.0   0.00274

  787.0   0.00271

  788.0   0.00269

  789.0   0.00256

  790.0   0.00253

  791.0   0.00240

  792.0   0.00234

  793.0   0.00226

  794.0   0.00230

  795.0   0.00219

  796.0   0.00225

  797.0   0.00222

  798.0   0.00220

  799.0   0.00220

  800.0   0.00208

 
