ser ID: DU600

Method ID: A:\DEFAULT

Date: 07/25/00

Time: 12:02

 200.0   0.25060

  201.0   0.25706

  202.0   0.25690

  203.0   0.26161

  204.0   0.26775

  205.0   0.27486

  206.0   0.27792

  207.0   0.28106

  208.0   0.27944

  209.0   0.27516

  210.0   0.26965

  211.0   0.26538

  212.0   0.26194

  213.0   0.25732

  214.0   0.25489

  215.0   0.25343

  216.0   0.25006

  217.0   0.24497

  218.0   0.24092

  219.0   0.23576

  220.0   0.22997

  221.0   0.22421

  222.0   0.21724

  223.0   0.20911

  224.0   0.20119

  225.0   0.19245

  226.0   0.18313

  227.0   0.17413

  228.0   0.16564

  229.0   0.15841

  230.0   0.15018

  231.0   0.14254

  232.0   0.13594

  233.0   0.13002

  234.0   0.12416

  235.0   0.11996

  236.0   0.11613

  237.0   0.11236

  238.0   0.10948

  239.0   0.10553

  240.0   0.10284

  241.0   0.10075

  242.0   0.09783

  243.0   0.09473

  244.0   0.09232

  245.0   0.08986

  246.0   0.08830

  247.0   0.08610

  248.0   0.08279

  249.0   0.08007

  250.0   0.07807

  251.0   0.07652

  252.0   0.07563

  253.0   0.07461

  254.0   0.07238

  255.0   0.07091

  256.0   0.06977

  257.0   0.06925

  258.0   0.06918

  259.0   0.06782

  260.0   0.06605

  261.0   0.06496

  262.0   0.06308

  263.0   0.06145

  264.0   0.06095

  265.0   0.05930

  266.0   0.05864

  267.0   0.05804

  268.0   0.05665

  269.0   0.05501

  270.0   0.05325

  271.0   0.05230

  272.0   0.05063

  273.0   0.04980

  274.0   0.04830

  275.0   0.04733

  276.0   0.04691

  277.0   0.04567

  278.0   0.04480

  279.0   0.04448

  280.0   0.04330

  281.0   0.04297

  282.0   0.04235

  283.0   0.04208

  284.0   0.04201

  285.0   0.04191

  286.0   0.04200

  287.0   0.04141

  288.0   0.04139

  289.0   0.04198

  290.0   0.04096

  291.0   0.04121

  292.0   0.04153

  293.0   0.04142

  294.0   0.04108

  295.0   0.04122

  296.0   0.04185

  297.0   0.04232

  298.0   0.04190

  299.0   0.04215

  300.0   0.04137

  301.0   0.04163

  302.0   0.04154

  303.0   0.04153

  304.0   0.04172

  305.0   0.04166

  306.0   0.04095

  307.0   0.04164

  308.0   0.04098

  309.0   0.04119

  310.0   0.04001

  311.0   0.03911

  312.0   0.03921

  313.0   0.03808

  314.0   0.03759

  315.0   0.03716

  316.0   0.03649

  317.0   0.03664

  318.0   0.03568

  319.0   0.03549

  320.0   0.03568

  321.0   0.03455

  322.0   0.03231

  323.0   0.03170

  324.0   0.03083

  325.0   0.03052

  326.0   0.03021

  327.0   0.02957

  328.0   0.02907

  329.0   0.02893

  330.0   0.02936

  331.0   0.02819

  332.0   0.02829

  333.0   0.02788

  334.0   0.02754

  335.0   0.02711

  336.0   0.02658

  337.0   0.02671

  338.0   0.02618

  339.0   0.02573

  340.0   0.02597

  341.0   0.02542

  342.0   0.02512

  343.0   0.02477

  344.0   0.02436

  345.0   0.02425

  346.0   0.02399

  347.0   0.02353

  348.0   0.02350

  349.0   0.02344

  350.0   0.02341

  351.0   0.02304

  352.0   0.02330

  353.0   0.02281

  354.0   0.02244

  355.0   0.02224

  356.0   0.02223

  357.0   0.02291

  358.0   0.02275

  359.0   0.02273

  360.0   0.02255

  361.0   0.02273

  362.0   0.02216

  363.0   0.02195

  364.0   0.02154

  365.0   0.02202

  366.0   0.02130

  367.0   0.02119

  368.0   0.02090

  369.0   0.02072

  370.0   0.02059

  371.0   0.02041

  372.0   0.02059

  373.0   0.02051

  374.0   0.02054

  375.0   0.02024

  376.0   0.02015

  377.0   0.02028

  378.0   0.01966

  379.0   0.01969

  380.0   0.01930

  381.0   0.01922

  382.0   0.01935

  383.0   0.01922

  384.0   0.01942

  385.0   0.01966

  386.0   0.01938

  387.0   0.01907

  388.0   0.01901

  389.0   0.01908

  390.0   0.01923

  391.0   0.01926

  392.0   0.01921

  393.0   0.01938

  394.0   0.01942

  395.0   0.01967

  396.0   0.01979

  397.0   0.01976

  398.0   0.01960

  399.0   0.01959

  400.0   0.01962

  401.0   0.01978

  402.0   0.01975

  403.0   0.02003

  404.0   0.01992

  405.0   0.01988

  406.0   0.02022

  407.0   0.02019

  408.0   0.02021

  409.0   0.02030

  410.0   0.02052

  411.0   0.02053

  412.0   0.02069

  413.0   0.02083

  414.0   0.02073

  415.0   0.02089

  416.0   0.01986

  417.0   0.02014

  418.0   0.02004

  419.0   0.02039

  420.0   0.02036

  421.0   0.02057

  422.0   0.02093

  423.0   0.02096

  424.0   0.02114

  425.0   0.02121

  426.0   0.02137

  427.0   0.02149

  428.0   0.02153

  429.0   0.02184

  430.0   0.02191

  431.0   0.02217

  432.0   0.02235

  433.0   0.02250

  434.0   0.02274

  435.0   0.02302

  436.0   0.02313

  437.0   0.02335

  438.0   0.02353

  439.0   0.02371

  440.0   0.02390

  441.0   0.02404

  442.0   0.02429

  443.0   0.02458

  444.0   0.02484

  445.0   0.02511

  446.0   0.02529

  447.0   0.02553

  448.0   0.02584

  449.0   0.02610

  450.0   0.02621

  451.0   0.02644

  452.0   0.02680

  453.0   0.02697

  454.0   0.02722

  455.0   0.02752

  456.0   0.02780

  457.0   0.02805

  458.0   0.02825

  459.0   0.02850

  460.0   0.02879

  461.0   0.02892

  462.0   0.02914

  463.0   0.02924

  464.0   0.02943

  465.0   0.02950

  466.0   0.02971

  467.0   0.02983

  468.0   0.02995

  469.0   0.03008

  470.0   0.03025

  471.0   0.03043

  472.0   0.03054

  473.0   0.03067

  474.0   0.03091

  475.0   0.03110

  476.0   0.03120

  477.0   0.03137

  478.0   0.03158

  479.0   0.03173

  480.0   0.03197

  481.0   0.03216

  482.0   0.03228

  483.0   0.03249

  484.0   0.03265

  485.0   0.03277

  486.0   0.03292

  487.0   0.03306

  488.0   0.03320

  489.0   0.03336

  490.0   0.03347

  491.0   0.03371

  492.0   0.03393

  493.0   0.03408

  494.0   0.03422

  495.0   0.03443

  496.0   0.03459

  497.0   0.03472

  498.0   0.03481

  499.0   0.03496

  500.0   0.03506

  501.0   0.03522

  502.0   0.03532

  503.0   0.03549

  504.0   0.03559

  505.0   0.03570

  506.0   0.03580

  507.0   0.03596

  508.0   0.03607

  509.0   0.03617

  510.0   0.03630

  511.0   0.03645

  512.0   0.03650

  513.0   0.03661

  514.0   0.03664

  515.0   0.03669

  516.0   0.03686

  517.0   0.03700

  518.0   0.03711

  519.0   0.03725

  520.0   0.03735

  521.0   0.03744

  522.0   0.03745

  523.0   0.03754

  524.0   0.03760

  525.0   0.03763

  526.0   0.03768

  527.0   0.03776

  528.0   0.03783

  529.0   0.03795

  530.0   0.03799

  531.0   0.03811

  532.0   0.03814

  533.0   0.03819

  534.0   0.03820

  535.0   0.03827

  536.0   0.03825

  537.0   0.03834

  538.0   0.03838

  539.0   0.03841

  540.0   0.03841

  541.0   0.03840

  542.0   0.03833

  543.0   0.03836

  544.0   0.03832

  545.0   0.03830

  546.0   0.03831

  547.0   0.03829

  548.0   0.03836

  549.0   0.03841

  550.0   0.03845

  551.0   0.03848

  552.0   0.03857

  553.0   0.03865

  554.0   0.03868

  555.0   0.03871

  556.0   0.03876

  557.0   0.03948

  558.0   0.03950

  559.0   0.03941

  560.0   0.03932

  561.0   0.03923

  562.0   0.03918

  563.0   0.03904

  564.0   0.03887

  565.0   0.03874

  566.0   0.03863

  567.0   0.03852

  568.0   0.03837

  569.0   0.03824

  570.0   0.03813

  571.0   0.03798

  572.0   0.03794

  573.0   0.03790

  574.0   0.03774

  575.0   0.03763

  576.0   0.03750

  577.0   0.03732

  578.0   0.03720

  579.0   0.03706

  580.0   0.03696

  581.0   0.03686

  582.0   0.03674

  583.0   0.03663

  584.0   0.03649

  585.0   0.03646

  586.0   0.03637

  587.0   0.03626

  588.0   0.03617

  589.0   0.03603

  590.0   0.03594

  591.0   0.03582

  592.0   0.03568

  593.0   0.03565

  594.0   0.03555

  595.0   0.03543

  596.0   0.03528

  597.0   0.03516

  598.0   0.03506

  599.0   0.03494

  600.0   0.03481

  601.0   0.03465

  602.0   0.03448

  603.0   0.03433

  604.0   0.03416

  605.0   0.03399

  606.0   0.03379

  607.0   0.03363

  608.0   0.03349

  609.0   0.03336

  610.0   0.03318

  611.0   0.03301

  612.0   0.03289

  613.0   0.03271

  614.0   0.03248

  615.0   0.03227

  616.0   0.03203

  617.0   0.03186

  618.0   0.03161

  619.0   0.03144

  620.0   0.03123

  621.0   0.03104

  622.0   0.03086

  623.0   0.03066

  624.0   0.03045

  625.0   0.03021

  626.0   0.03006

  627.0   0.02988

  628.0   0.02972

  629.0   0.02959

  630.0   0.02945

  631.0   0.02932

  632.0   0.02920

  633.0   0.02903

  634.0   0.02888

  635.0   0.02870

  636.0   0.02862

  637.0   0.02845

  638.0   0.02835

  639.0   0.02819

  640.0   0.02803

  641.0   0.02790

  642.0   0.02775

  643.0   0.02763

  644.0   0.02752

  645.0   0.02741

  646.0   0.02726

  647.0   0.02718

  648.0   0.02703

  649.0   0.02690

  650.0   0.02677

  651.0   0.02668

  652.0   0.02656

  653.0   0.02643

  654.0   0.02632

  655.0   0.02620

  656.0   0.02610

  657.0   0.02594

  658.0   0.02580

  659.0   0.02573

  660.0   0.02559

  661.0   0.02549

  662.0   0.02534

  663.0   0.02518

  664.0   0.02508

  665.0   0.02493

  666.0   0.02478

  667.0   0.02462

  668.0   0.02452

  669.0   0.02434

  670.0   0.02420

  671.0   0.02409

  672.0   0.02402

  673.0   0.02384

  674.0   0.02374

  675.0   0.02364

  676.0   0.02354

  677.0   0.02335

  678.0   0.02324

  679.0   0.02316

  680.0   0.02308

  681.0   0.02305

  682.0   0.02301

  683.0   0.02297

  684.0   0.02292

  685.0   0.02291

  686.0   0.02282

  687.0   0.02283

  688.0   0.02281

  689.0   0.02274

  690.0   0.02276

  691.0   0.02271

  692.0   0.02270

  693.0   0.02266

  694.0   0.02268

  695.0   0.02265

  696.0   0.02261

  697.0   0.02256

  698.0   0.02255

  699.0   0.02248

  700.0   0.02248

  701.0   0.02248

  702.0   0.02241

  703.0   0.02239

  704.0   0.02236

  705.0   0.02231

  706.0   0.02230

  707.0   0.02228

  708.0   0.02222

  709.0   0.02218

  710.0   0.02213

  711.0   0.02209

  712.0   0.02203

  713.0   0.02197

  714.0   0.02193

  715.0   0.02183

  716.0   0.02179

  717.0   0.02171

  718.0   0.02165

  719.0   0.02157

  720.0   0.02147

  721.0   0.02135

  722.0   0.02119

  723.0   0.02104

  724.0   0.02081

  725.0   0.02062

  726.0   0.02050

  727.0   0.02042

  728.0   0.02030

  729.0   0.02033

  730.0   0.02032

  731.0   0.02036

  732.0   0.02046

  733.0   0.02056

  734.0   0.02054

  735.0   0.02051

  736.0   0.02142

  737.0   0.02138

  738.0   0.02124

  739.0   0.02124

  740.0   0.02114

  741.0   0.02104

  742.0   0.02098

  743.0   0.02092

  744.0   0.02084

  745.0   0.02076

  746.0   0.02072

  747.0   0.02062

  748.0   0.02059

  749.0   0.02053

  750.0   0.02041

  751.0   0.02030

  752.0   0.02025

  753.0   0.02018

  754.0   0.02007

  755.0   0.02008

  756.0   0.02001

  757.0   0.02000

  758.0   0.01992

  759.0   0.01988

  760.0   0.01984

  761.0   0.01980

  762.0   0.01971

  763.0   0.01970

  764.0   0.01964

  765.0   0.01955

  766.0   0.01954

  767.0   0.01951

  768.0   0.01945

  769.0   0.01942

  770.0   0.01940

  771.0   0.01932

  772.0   0.01932

  773.0   0.01923

  774.0   0.01921

  775.0   0.01918

  776.0   0.01913

  777.0   0.01905

  778.0   0.01897

  779.0   0.01903

  780.0   0.01901

  781.0   0.01899

  782.0   0.01897

  783.0   0.01897

  784.0   0.01892

  785.0   0.01887

  786.0   0.01882

  787.0   0.01875

  788.0   0.01870

  789.0   0.01859

  790.0   0.01852

  791.0   0.01850

  792.0   0.01842

  793.0   0.01836

  794.0   0.01832

  795.0   0.01832

  796.0   0.01833

  797.0   0.01838

  798.0   0.01844

  799.0   0.01843

  800.0   0.01838

 
