ser ID: DU600

Method ID: A:\DEFAULT

Date: 07/26/00

Time: 06:10

 200.0   3.23729

  201.0   3.30406

  202.0   3.03981

  203.0   2.90218

  204.0   2.94217

  205.0   2.55008

  206.0   2.63991

  207.0   2.81491

  208.0   2.84423

  209.0   3.09691

  210.0   2.69570

  211.0   2.77898

  212.0   3.16918

  213.0   3.36912

  214.0   2.99149

  215.0   3.23215

  216.0   3.72730

  217.0   3.26975

  218.0   3.76283

  219.0   3.77866

  220.0   3.31611

  221.0   3.80726

  222.0   3.82197

  223.0   3.83474

  224.0   3.84689

  225.0   3.85902

  226.0   3.87169

  227.0   3.88366

  228.0   3.89443

  229.0   3.90553

  230.0   3.13851

  231.0   3.92557

  232.0   3.15635

  233.0   3.46439

  234.0   3.64714

  235.0   3.47620

  236.0   3.95698

  237.0   3.65906

  238.0   3.36050

  239.0   3.48709

  240.0   3.66436

  241.0   3.96581

  242.0   3.06272

  243.0   3.18700

  244.0   3.36206

  245.0   3.66101

  246.0   3.48244

  247.0   3.35430

  248.0   3.25377

  249.0   3.64753

  250.0   3.09929

  251.0   3.46235

  252.0   3.33249

  253.0   3.32761

  254.0   3.62320

  255.0   3.91861

  256.0   3.61236

  257.0   3.60665

  258.0   3.42505

  259.0   3.59373

  260.0   3.58771

  261.0   3.58144

  262.0   3.27358

  263.0   3.56803

  264.0   3.16394

  265.0   2.95309

  266.0   3.00432

  267.0   3.06433

  268.0   2.79512

  269.0   2.87692

  270.0   2.64901

  271.0   2.54224

  272.0   2.49475

  273.0   2.39854

  274.0   2.29239

  275.0   2.22863

  276.0   2.18408

  277.0   2.10721

  278.0   2.02681

  279.0   1.95925

  280.0   1.93443

  281.0   1.84887

  282.0   1.80686

  283.0   1.76001

  284.0   1.72154

  285.0   1.68283

  286.0   1.64698

  287.0   1.61175

  288.0   1.57635

  289.0   1.53038

  290.0   1.51721

  291.0   1.49557

  292.0   1.47126

  293.0   1.43564

  294.0   1.42645

  295.0   1.41006

  296.0   1.39842

  297.0   1.37705

  298.0   1.35534

  299.0   1.33484

  300.0   1.32565

  301.0   1.31053

  302.0   1.29382

  303.0   1.27635

  304.0   1.26284

  305.0   1.25319

  306.0   1.23476

  307.0   1.21369

  308.0   1.19480

  309.0   1.16488

  310.0   1.13701

  311.0   1.11387

  312.0   1.07973

  313.0   1.04950

  314.0   1.01841

  315.0   0.99300

  316.0   0.96846

  317.0   0.94586

  318.0   0.93084

  319.0   0.91252

  320.0   0.89966

  321.0   0.89515

  322.0   0.87336

  323.0   0.86669

  324.0   0.85458

  325.0   0.84978

  326.0   0.84333

  327.0   0.83794

  328.0   0.83427

  329.0   0.82783

  330.0   0.82195

  331.0   0.81813

  332.0   0.80694

  333.0   0.80780

  334.0   0.80059

  335.0   0.79311

  336.0   0.78441

  337.0   0.77824

  338.0   0.77320

  339.0   0.76891

  340.0   0.76016

  341.0   0.75365

  342.0   0.74473

  343.0   0.74081

  344.0   0.73080

  345.0   0.72330

  346.0   0.71102

  347.0   0.70141

  348.0   0.69267

  349.0   0.68438

  350.0   0.67095

  351.0   0.65968

  352.0   0.64688

  353.0   0.63298

  354.0   0.62196

  355.0   0.61215

  356.0   0.60497

  357.0   0.58647

  358.0   0.57206

  359.0   0.55803

  360.0   0.54535

  361.0   0.53145

  362.0   0.51849

  363.0   0.50567

  364.0   0.49153

  365.0   0.47881

  366.0   0.46653

  367.0   0.45399

  368.0   0.44277

  369.0   0.43155

  370.0   0.41921

  371.0   0.40941

  372.0   0.40034

  373.0   0.39011

  374.0   0.38102

  375.0   0.37124

  376.0   0.36223

  377.0   0.35411

  378.0   0.34536

  379.0   0.33797

  380.0   0.33083

  381.0   0.32366

  382.0   0.31608

  383.0   0.30972

  384.0   0.30316

  385.0   0.29744

  386.0   0.29150

  387.0   0.28587

  388.0   0.28009

  389.0   0.27383

  390.0   0.27019

  391.0   0.26558

  392.0   0.26068

  393.0   0.25623

  394.0   0.25203

  395.0   0.24795

  396.0   0.24442

  397.0   0.24041

  398.0   0.23652

  399.0   0.23219

  400.0   0.22808

  401.0   0.22484

  402.0   0.22104

  403.0   0.21775

  404.0   0.21329

  405.0   0.20955

  406.0   0.20565

  407.0   0.20107

  408.0   0.19708

  409.0   0.19254

  410.0   0.18809

  411.0   0.18371

  412.0   0.17830

  413.0   0.17335

  414.0   0.16824

  415.0   0.16567

  416.0   0.15572

  417.0   0.14996

  418.0   0.14485

  419.0   0.13898

  420.0   0.13362

  421.0   0.12817

  422.0   0.12261

  423.0   0.11767

  424.0   0.11202

  425.0   0.10727

  426.0   0.10221

  427.0   0.09769

  428.0   0.09362

  429.0   0.08926

  430.0   0.08548

  431.0   0.08176

  432.0   0.07842

  433.0   0.07495

  434.0   0.07184

  435.0   0.06912

  436.0   0.06625

  437.0   0.06396

  438.0   0.06150

  439.0   0.05936

  440.0   0.05712

  441.0   0.05523

  442.0   0.05338

  443.0   0.05178

  444.0   0.05025

  445.0   0.04850

  446.0   0.04714

  447.0   0.04554

  448.0   0.04424

  449.0   0.04300

  450.0   0.04182

  451.0   0.04055

  452.0   0.03953

  453.0   0.03842

  454.0   0.03731

  455.0   0.03631

  456.0   0.03534

  457.0   0.03435

  458.0   0.03333

  459.0   0.03245

  460.0   0.03155

  461.0   0.03063

  462.0   0.02976

  463.0   0.02905

  464.0   0.02813

  465.0   0.02740

  466.0   0.02668

  467.0   0.02600

  468.0   0.02547

  469.0   0.02482

  470.0   0.02422

  471.0   0.02387

  472.0   0.02335

  473.0   0.02290

  474.0   0.02246

  475.0   0.02208

  476.0   0.02163

  477.0   0.02115

  478.0   0.02078

  479.0   0.02042

  480.0   0.01998

  481.0   0.01967

  482.0   0.01937

  483.0   0.01906

  484.0   0.01876

  485.0   0.01847

  486.0   0.01829

  487.0   0.01810

  488.0   0.01793

  489.0   0.01775

  490.0   0.01747

  491.0   0.01740

  492.0   0.01732

  493.0   0.01720

  494.0   0.01709

  495.0   0.01703

  496.0   0.01696

  497.0   0.01691

  498.0   0.01697

  499.0   0.01691

  500.0   0.01704

  501.0   0.01709

  502.0   0.01716

  503.0   0.01726

  504.0   0.01730

  505.0   0.01737

  506.0   0.01749

  507.0   0.01764

  508.0   0.01775

  509.0   0.01788

  510.0   0.01811

  511.0   0.01827

  512.0   0.01845

  513.0   0.01867

  514.0   0.01880

  515.0   0.01904

  516.0   0.01934

  517.0   0.01951

  518.0   0.01971

  519.0   0.01995

  520.0   0.02022

  521.0   0.02046

  522.0   0.02072

  523.0   0.02098

  524.0   0.02127

  525.0   0.02152

  526.0   0.02175

  527.0   0.02205

  528.0   0.02229

  529.0   0.02260

  530.0   0.02290

  531.0   0.02324

  532.0   0.02358

  533.0   0.02392

  534.0   0.02429

  535.0   0.02469

  536.0   0.02501

  537.0   0.02541

  538.0   0.02571

  539.0   0.02607

  540.0   0.02646

  541.0   0.02674

  542.0   0.02707

  543.0   0.02741

  544.0   0.02772

  545.0   0.02812

  546.0   0.02835

  547.0   0.02866

  548.0   0.02889

  549.0   0.02911

  550.0   0.02941

  551.0   0.02961

  552.0   0.02976

  553.0   0.02990

  554.0   0.02995

  555.0   0.03003

  556.0   0.03008

  557.0   0.03259

  558.0   0.03257

  559.0   0.03249

  560.0   0.03252

  561.0   0.03251

  562.0   0.03258

  563.0   0.03257

  564.0   0.03257

  565.0   0.03255

  566.0   0.03250

  567.0   0.03253

  568.0   0.03250

  569.0   0.03248

  570.0   0.03241

  571.0   0.03237

  572.0   0.03232

  573.0   0.03228

  574.0   0.03222

  575.0   0.03219

  576.0   0.03209

  577.0   0.03206

  578.0   0.03204

  579.0   0.03201

  580.0   0.03205

  581.0   0.03203

  582.0   0.03203

  583.0   0.03210

  584.0   0.03210

  585.0   0.03226

  586.0   0.03236

  587.0   0.03235

  588.0   0.03238

  589.0   0.03244

  590.0   0.03247

  591.0   0.03251

  592.0   0.03253

  593.0   0.03258

  594.0   0.03266

  595.0   0.03272

  596.0   0.03279

  597.0   0.03290

  598.0   0.03297

  599.0   0.03309

  600.0   0.03316

  601.0   0.03328

  602.0   0.03338

  603.0   0.03347

  604.0   0.03356

  605.0   0.03367

  606.0   0.03371

  607.0   0.03382

  608.0   0.03384

  609.0   0.03389

  610.0   0.03393

  611.0   0.03396

  612.0   0.03401

  613.0   0.03408

  614.0   0.03412

  615.0   0.03421

  616.0   0.03427

  617.0   0.03432

  618.0   0.03438

  619.0   0.03440

  620.0   0.03439

  621.0   0.03443

  622.0   0.03440

  623.0   0.03443

  624.0   0.03440

  625.0   0.03450

  626.0   0.03446

  627.0   0.03447

  628.0   0.03444

  629.0   0.03442

  630.0   0.03439

  631.0   0.03434

  632.0   0.03425

  633.0   0.03421

  634.0   0.03415

  635.0   0.03404

  636.0   0.03400

  637.0   0.03393

  638.0   0.03392

  639.0   0.03388

  640.0   0.03385

  641.0   0.03376

  642.0   0.03374

  643.0   0.03362

  644.0   0.03357

  645.0   0.03351

  646.0   0.03336

  647.0   0.03328

  648.0   0.03312

  649.0   0.03304

  650.0   0.03289

  651.0   0.03280

  652.0   0.03268

  653.0   0.03252

  654.0   0.03240

  655.0   0.03223

  656.0   0.03209

  657.0   0.03199

  658.0   0.03184

  659.0   0.03168

  660.0   0.03153

  661.0   0.03135

  662.0   0.03118

  663.0   0.03104

  664.0   0.03084

  665.0   0.03062

  666.0   0.03038

  667.0   0.03017

  668.0   0.02992

  669.0   0.02970

  670.0   0.02949

  671.0   0.02928

  672.0   0.02903

  673.0   0.02886

  674.0   0.02860

  675.0   0.02839

  676.0   0.02811

  677.0   0.02784

  678.0   0.02757

  679.0   0.02728

  680.0   0.02704

  681.0   0.02681

  682.0   0.02660

  683.0   0.02634

  684.0   0.02614

  685.0   0.02585

  686.0   0.02559

  687.0   0.02536

  688.0   0.02506

  689.0   0.02483

  690.0   0.02456

  691.0   0.02426

  692.0   0.02407

  693.0   0.02383

  694.0   0.02362

  695.0   0.02345

  696.0   0.02318

  697.0   0.02298

  698.0   0.02275

  699.0   0.02246

  700.0   0.02222

  701.0   0.02198

  702.0   0.02167

  703.0   0.02144

  704.0   0.02119

  705.0   0.02092

  706.0   0.02072

  707.0   0.02047

  708.0   0.02016

  709.0   0.01997

  710.0   0.01971

  711.0   0.01947

  712.0   0.01922

  713.0   0.01904

  714.0   0.01878

  715.0   0.01859

  716.0   0.01836

  717.0   0.01811

  718.0   0.01792

  719.0   0.01769

  720.0   0.01750

  721.0   0.01731

  722.0   0.01706

  723.0   0.01689

  724.0   0.01672

  725.0   0.01648

  726.0   0.01619

  727.0   0.01607

  728.0   0.01588

  729.0   0.01569

  730.0   0.01555

  731.0   0.01534

  732.0   0.01521

  733.0   0.01503

  734.0   0.01485

  735.0   0.01478

  736.0   0.01694

  737.0   0.01650

  738.0   0.01612

  739.0   0.01586

  740.0   0.01561

  741.0   0.01533

  742.0   0.01509

  743.0   0.01485

  744.0   0.01458

  745.0   0.01441

  746.0   0.01412

  747.0   0.01392

  748.0   0.01378

  749.0   0.01361

  750.0   0.01345

  751.0   0.01323

  752.0   0.01307

  753.0   0.01291

  754.0   0.01270

  755.0   0.01260

  756.0   0.01245

  757.0   0.01230

  758.0   0.01215

  759.0   0.01197

  760.0   0.01187

  761.0   0.01174

  762.0   0.01162

  763.0   0.01155

  764.0   0.01145

  765.0   0.01138

  766.0   0.01123

  767.0   0.01116

  768.0   0.01104

  769.0   0.01095

  770.0   0.01085

  771.0   0.01079

  772.0   0.01072

  773.0   0.01060

  774.0   0.01056

  775.0   0.01050

  776.0   0.01046

  777.0   0.01034

  778.0   0.01030

  779.0   0.01026

  780.0   0.01020

  781.0   0.01022

  782.0   0.01015

  783.0   0.01014

  784.0   0.01013

  785.0   0.01007

  786.0   0.01006

  787.0   0.01003

  788.0   0.01002

  789.0   0.00993

  790.0   0.00995

  791.0   0.00991

  792.0   0.00987

  793.0   0.00978

  794.0   0.00974

  795.0   0.00976

  796.0   0.00969

  797.0   0.00977

  798.0   0.00966

  799.0   0.00965

  800.0   0.00962

 
