ser ID: DU600

Method ID: A:\DEFAULT

Date: 07/26/00

Time: 08:41

 200.0   3.23729

  201.0   2.45896

  202.0   2.49574

  203.0   2.68034

  204.0   2.51620

  205.0   2.75420

  206.0   2.70686

  207.0   2.91182

  208.0   3.24217

  209.0   3.27300

  210.0   3.59879

  211.0   3.02202

  212.0   3.16918

  213.0   3.67015

  214.0   3.21334

  215.0   3.70927

  216.0   3.25018

  217.0   2.90177

  218.0   3.28571

  219.0   3.00051

  220.0   3.19117

  221.0   3.33014

  222.0   3.52094

  223.0   3.53371

  224.0   3.84689

  225.0   3.85902

  226.0   3.26963

  227.0   3.58263

  228.0   3.89443

  229.0   3.90553

  230.0   3.91666

  231.0   3.08047

  232.0   3.23553

  233.0   3.16336

  234.0   3.24920

  235.0   3.35126

  236.0   3.47986

  237.0   3.65906

  238.0   3.66153

  239.0   3.66318

  240.0   3.96539

  241.0   3.96581

  242.0   3.48869

  243.0   3.26618

  244.0   3.11902

  245.0   3.35998

  246.0   3.18141

  247.0   3.17821

  248.0   3.10765

  249.0   3.94856

  250.0   3.24541

  251.0   3.46235

  252.0   3.45743

  253.0   3.23070

  254.0   3.44711

  255.0   3.44149

  256.0   3.13524

  257.0   3.06258

  258.0   2.86077

  259.0   2.78082

  260.0   2.71265

  261.0   2.65202

  262.0   2.72951

  263.0   2.61378

  264.0   2.65879

  265.0   2.53397

  266.0   2.59415

  267.0   2.46227

  268.0   2.43857

  269.0   2.38401

  270.0   2.33374

  271.0   2.26469

  272.0   2.13573

  273.0   2.07315

  274.0   1.99136

  275.0   1.91079

  276.0   1.84829

  277.0   1.81941

  278.0   1.75574

  279.0   1.71092

  280.0   1.64833

  281.0   1.61559

  282.0   1.57719

  283.0   1.54855

  284.0   1.52426

  285.0   1.48834

  286.0   1.45292

  287.0   1.44134

  288.0   1.40813

  289.0   1.38827

  290.0   1.37726

  291.0   1.36001

  292.0   1.35452

  293.0   1.34934

  294.0   1.34635

  295.0   1.33561

  296.0   1.32707

  297.0   1.32153

  298.0   1.32215

  299.0   1.31287

  300.0   1.31113

  301.0   1.29921

  302.0   1.29661

  303.0   1.28583

  304.0   1.27747

  305.0   1.26894

  306.0   1.26046

  307.0   1.25520

  308.0   1.23876

  309.0   1.21990

  310.0   1.19381

  311.0   1.16943

  312.0   1.14246

  313.0   1.11794

  314.0   1.09073

  315.0   1.06577

  316.0   1.03890

  317.0   1.01631

  318.0   0.99632

  319.0   0.98365

  320.0   0.96544

  321.0   0.95989

  322.0   0.93382

  323.0   0.92634

  324.0   0.91352

  325.0   0.90524

  326.0   0.89440

  327.0   0.88564

  328.0   0.88010

  329.0   0.87087

  330.0   0.85957

  331.0   0.85263

  332.0   0.84305

  333.0   0.83168

  334.0   0.82332

  335.0   0.80703

  336.0   0.79854

  337.0   0.78319

  338.0   0.77106

  339.0   0.75642

  340.0   0.74099

  341.0   0.72816

  342.0   0.71202

  343.0   0.69729

  344.0   0.68038

  345.0   0.66607

  346.0   0.64917

  347.0   0.63272

  348.0   0.61549

  349.0   0.59826

  350.0   0.58067

  351.0   0.56245

  352.0   0.54698

  353.0   0.52705

  354.0   0.51217

  355.0   0.49543

  356.0   0.48572

  357.0   0.46171

  358.0   0.44554

  359.0   0.42792

  360.0   0.41393

  361.0   0.39823

  362.0   0.38403

  363.0   0.37021

  364.0   0.35693

  365.0   0.34388

  366.0   0.33187

  367.0   0.31869

  368.0   0.30776

  369.0   0.29704

  370.0   0.28644

  371.0   0.27693

  372.0   0.26810

  373.0   0.25909

  374.0   0.25171

  375.0   0.24402

  376.0   0.23673

  377.0   0.22967

  378.0   0.22305

  379.0   0.21637

  380.0   0.21126

  381.0   0.20547

  382.0   0.20062

  383.0   0.19595

  384.0   0.19207

  385.0   0.18788

  386.0   0.18409

  387.0   0.18076

  388.0   0.17761

  389.0   0.17455

  390.0   0.17263

  391.0   0.17101

  392.0   0.16846

  393.0   0.16687

  394.0   0.16494

  395.0   0.16328

  396.0   0.16161

  397.0   0.15978

  398.0   0.15798

  399.0   0.15564

  400.0   0.15406

  401.0   0.15199

  402.0   0.14974

  403.0   0.14794

  404.0   0.14483

  405.0   0.14280

  406.0   0.14031

  407.0   0.13718

  408.0   0.13461

  409.0   0.13148

  410.0   0.12831

  411.0   0.12537

  412.0   0.12141

  413.0   0.11800

  414.0   0.11407

  415.0   0.11210

  416.0   0.10443

  417.0   0.09997

  418.0   0.09600

  419.0   0.09171

  420.0   0.08761

  421.0   0.08365

  422.0   0.07956

  423.0   0.07579

  424.0   0.07157

  425.0   0.06789

  426.0   0.06428

  427.0   0.06086

  428.0   0.05807

  429.0   0.05495

  430.0   0.05210

  431.0   0.04957

  432.0   0.04727

  433.0   0.04494

  434.0   0.04304

  435.0   0.04122

  436.0   0.03940

  437.0   0.03788

  438.0   0.03638

  439.0   0.03508

  440.0   0.03379

  441.0   0.03269

  442.0   0.03158

  443.0   0.03072

  444.0   0.02972

  445.0   0.02883

  446.0   0.02815

  447.0   0.02734

  448.0   0.02667

  449.0   0.02606

  450.0   0.02545

  451.0   0.02481

  452.0   0.02431

  453.0   0.02377

  454.0   0.02337

  455.0   0.02284

  456.0   0.02240

  457.0   0.02193

  458.0   0.02142

  459.0   0.02093

  460.0   0.02058

  461.0   0.02011

  462.0   0.01980

  463.0   0.01944

  464.0   0.01898

  465.0   0.01862

  466.0   0.01834

  467.0   0.01805

  468.0   0.01790

  469.0   0.01768

  470.0   0.01742

  471.0   0.01732

  472.0   0.01716

  473.0   0.01698

  474.0   0.01687

  475.0   0.01675

  476.0   0.01665

  477.0   0.01647

  478.0   0.01635

  479.0   0.01618

  480.0   0.01602

  481.0   0.01583

  482.0   0.01574

  483.0   0.01568

  484.0   0.01567

  485.0   0.01555

  486.0   0.01560

  487.0   0.01559

  488.0   0.01557

  489.0   0.01558

  490.0   0.01551

  491.0   0.01557

  492.0   0.01562

  493.0   0.01563

  494.0   0.01573

  495.0   0.01583

  496.0   0.01591

  497.0   0.01599

  498.0   0.01611

  499.0   0.01624

  500.0   0.01643

  501.0   0.01656

  502.0   0.01684

  503.0   0.01708

  504.0   0.01726

  505.0   0.01750

  506.0   0.01774

  507.0   0.01801

  508.0   0.01827

  509.0   0.01847

  510.0   0.01879

  511.0   0.01910

  512.0   0.01932

  513.0   0.01966

  514.0   0.01993

  515.0   0.02025

  516.0   0.02068

  517.0   0.02090

  518.0   0.02129

  519.0   0.02167

  520.0   0.02204

  521.0   0.02244

  522.0   0.02281

  523.0   0.02315

  524.0   0.02351

  525.0   0.02387

  526.0   0.02421

  527.0   0.02462

  528.0   0.02502

  529.0   0.02548

  530.0   0.02593

  531.0   0.02637

  532.0   0.02688

  533.0   0.02728

  534.0   0.02769

  535.0   0.02825

  536.0   0.02867

  537.0   0.02917

  538.0   0.02957

  539.0   0.03011

  540.0   0.03058

  541.0   0.03096

  542.0   0.03140

  543.0   0.03185

  544.0   0.03226

  545.0   0.03273

  546.0   0.03305

  547.0   0.03344

  548.0   0.03380

  549.0   0.03406

  550.0   0.03442

  551.0   0.03471

  552.0   0.03489

  553.0   0.03502

  554.0   0.03511

  555.0   0.03523

  556.0   0.03533

  557.0   0.03806

  558.0   0.03802

  559.0   0.03800

  560.0   0.03801

  561.0   0.03797

  562.0   0.03805

  563.0   0.03807

  564.0   0.03805

  565.0   0.03797

  566.0   0.03795

  567.0   0.03789

  568.0   0.03788

  569.0   0.03788

  570.0   0.03787

  571.0   0.03787

  572.0   0.03783

  573.0   0.03784

  574.0   0.03780

  575.0   0.03783

  576.0   0.03772

  577.0   0.03775

  578.0   0.03776

  579.0   0.03769

  580.0   0.03771

  581.0   0.03772

  582.0   0.03769

  583.0   0.03770

  584.0   0.03770

  585.0   0.03782

  586.0   0.03795

  587.0   0.03798

  588.0   0.03807

  589.0   0.03811

  590.0   0.03822

  591.0   0.03835

  592.0   0.03839

  593.0   0.03843

  594.0   0.03856

  595.0   0.03863

  596.0   0.03873

  597.0   0.03884

  598.0   0.03896

  599.0   0.03910

  600.0   0.03918

  601.0   0.03931

  602.0   0.03943

  603.0   0.03952

  604.0   0.03964

  605.0   0.03971

  606.0   0.03974

  607.0   0.03986

  608.0   0.03988

  609.0   0.03992

  610.0   0.04003

  611.0   0.04006

  612.0   0.04014

  613.0   0.04019

  614.0   0.04026

  615.0   0.04033

  616.0   0.04037

  617.0   0.04045

  618.0   0.04053

  619.0   0.04059

  620.0   0.04061

  621.0   0.04063

  622.0   0.04061

  623.0   0.04063

  624.0   0.04059

  625.0   0.04064

  626.0   0.04067

  627.0   0.04065

  628.0   0.04063

  629.0   0.04062

  630.0   0.04062

  631.0   0.04059

  632.0   0.04051

  633.0   0.04047

  634.0   0.04040

  635.0   0.04032

  636.0   0.04025

  637.0   0.04023

  638.0   0.04017

  639.0   0.04009

  640.0   0.04004

  641.0   0.03993

  642.0   0.03987

  643.0   0.03979

  644.0   0.03971

  645.0   0.03959

  646.0   0.03946

  647.0   0.03933

  648.0   0.03917

  649.0   0.03904

  650.0   0.03883

  651.0   0.03873

  652.0   0.03859

  653.0   0.03838

  654.0   0.03822

  655.0   0.03803

  656.0   0.03786

  657.0   0.03768

  658.0   0.03749

  659.0   0.03728

  660.0   0.03706

  661.0   0.03681

  662.0   0.03660

  663.0   0.03637

  664.0   0.03613

  665.0   0.03589

  666.0   0.03558

  667.0   0.03531

  668.0   0.03503

  669.0   0.03474

  670.0   0.03444

  671.0   0.03419

  672.0   0.03387

  673.0   0.03357

  674.0   0.03323

  675.0   0.03296

  676.0   0.03262

  677.0   0.03228

  678.0   0.03194

  679.0   0.03161

  680.0   0.03131

  681.0   0.03101

  682.0   0.03078

  683.0   0.03041

  684.0   0.03015

  685.0   0.02980

  686.0   0.02948

  687.0   0.02920

  688.0   0.02888

  689.0   0.02859

  690.0   0.02830

  691.0   0.02795

  692.0   0.02764

  693.0   0.02736

  694.0   0.02705

  695.0   0.02684

  696.0   0.02653

  697.0   0.02623

  698.0   0.02594

  699.0   0.02560

  700.0   0.02527

  701.0   0.02499

  702.0   0.02464

  703.0   0.02435

  704.0   0.02399

  705.0   0.02369

  706.0   0.02337

  707.0   0.02309

  708.0   0.02280

  709.0   0.02253

  710.0   0.02225

  711.0   0.02198

  712.0   0.02169

  713.0   0.02142

  714.0   0.02113

  715.0   0.02089

  716.0   0.02060

  717.0   0.02032

  718.0   0.02006

  719.0   0.01977

  720.0   0.01953

  721.0   0.01931

  722.0   0.01903

  723.0   0.01881

  724.0   0.01854

  725.0   0.01825

  726.0   0.01798

  727.0   0.01778

  728.0   0.01755

  729.0   0.01737

  730.0   0.01713

  731.0   0.01693

  732.0   0.01677

  733.0   0.01655

  734.0   0.01633

  735.0   0.01621

  736.0   0.01837

  737.0   0.01795

  738.0   0.01757

  739.0   0.01731

  740.0   0.01694

  741.0   0.01663

  742.0   0.01641

  743.0   0.01611

  744.0   0.01580

  745.0   0.01559

  746.0   0.01538

  747.0   0.01516

  748.0   0.01501

  749.0   0.01476

  750.0   0.01455

  751.0   0.01425

  752.0   0.01411

  753.0   0.01390

  754.0   0.01369

  755.0   0.01353

  756.0   0.01340

  757.0   0.01323

  758.0   0.01311

  759.0   0.01296

  760.0   0.01288

  761.0   0.01262

  762.0   0.01255

  763.0   0.01248

  764.0   0.01236

  765.0   0.01226

  766.0   0.01211

  767.0   0.01207

  768.0   0.01195

  769.0   0.01186

  770.0   0.01168

  771.0   0.01165

  772.0   0.01158

  773.0   0.01146

  774.0   0.01148

  775.0   0.01142

  776.0   0.01141

  777.0   0.01137

  778.0   0.01131

  779.0   0.01124

  780.0   0.01118

  781.0   0.01109

  782.0   0.01108

  783.0   0.01102

  784.0   0.01095

  785.0   0.01092

  786.0   0.01091

  787.0   0.01085

  788.0   0.01088

  789.0   0.01082

  790.0   0.01087

  791.0   0.01080

  792.0   0.01082

  793.0   0.01082

  794.0   0.01076

  795.0   0.01078

  796.0   0.01071

  797.0   0.01073

  798.0   0.01074

  799.0   0.01064

  800.0   0.01059

 
