ser ID: DU600

Method ID: A:\DEFAULT

Date: 07/26/00

Time: 04:34

 200.0   2.93626

  201.0   3.30406

  202.0   3.34084

  203.0   3.37931

  204.0   3.41929

  205.0   3.45317

  206.0   3.48501

  207.0   3.51388

  208.0   3.54320

  209.0   2.97197

  210.0   2.82064

  211.0   3.62408

  212.0   3.16918

  213.0   3.67015

  214.0   3.08840

  215.0   3.40824

  216.0   3.72730

  217.0   3.74687

  218.0   3.76283

  219.0   3.30154

  220.0   3.09426

  221.0   3.80726

  222.0   3.82197

  223.0   3.83474

  224.0   3.84689

  225.0   3.38190

  226.0   3.87169

  227.0   3.88366

  228.0   3.89443

  229.0   3.42840

  230.0   3.21769

  231.0   3.92557

  232.0   3.93450

  233.0   3.94151

  234.0   3.24920

  235.0   3.17517

  236.0   3.95698

  237.0   3.96009

  238.0   3.96256

  239.0   3.96421

  240.0   3.96539

  241.0   3.96581

  242.0   3.96581

  243.0   3.96515

  244.0   3.96412

  245.0   3.66101

  246.0   3.95957

  247.0   3.95636

  248.0   3.47562

  249.0   3.17041

  250.0   3.64335

  251.0   3.46235

  252.0   3.93455

  253.0   3.92967

  254.0   3.92423

  255.0   3.61758

  256.0   3.91339

  257.0   3.90768

  258.0   3.90217

  259.0   3.89476

  260.0   3.88874

  261.0   3.18350

  262.0   3.87564

  263.0   3.86906

  264.0   3.56188

  265.0   3.55515

  266.0   3.24736

  267.0   3.06433

  268.0   3.23445

  269.0   3.22911

  270.0   3.22304

  271.0   2.97589

  272.0   2.97187

  273.0   3.51248

  274.0   3.20884

  275.0   2.85417

  276.0   2.69339

  277.0   2.76479

  278.0   2.72578

  279.0   2.65822

  280.0   2.52491

  281.0   2.38814

  282.0   2.40456

  283.0   2.28289

  284.0   2.23252

  285.0   2.12800

  286.0   2.02842

  287.0   1.96042

  288.0   1.91257

  289.0   1.86037

  290.0   1.78348

  291.0   1.72174

  292.0   1.67457

  293.0   1.61644

  294.0   1.58635

  295.0   1.52683

  296.0   1.48807

  297.0   1.43504

  298.0   1.39815

  299.0   1.35014

  300.0   1.30545

  301.0   1.26822

  302.0   1.22708

  303.0   1.19583

  304.0   1.16488

  305.0   1.13051

  306.0   1.09329

  307.0   1.05723

  308.0   1.01949

  309.0   0.97900

  310.0   0.94252

  311.0   0.89726

  312.0   0.85638

  313.0   0.82163

  314.0   0.78821

  315.0   0.76094

  316.0   0.73155

  317.0   0.70830

  318.0   0.68853

  319.0   0.67184

  320.0   0.66400

  321.0   0.65603

  322.0   0.64198

  323.0   0.63756

  324.0   0.63313

  325.0   0.63324

  326.0   0.63282

  327.0   0.63657

  328.0   0.64289

  329.0   0.64693

  330.0   0.64981

  331.0   0.65767

  332.0   0.66631

  333.0   0.67489

  334.0   0.68108

  335.0   0.69042

  336.0   0.69797

  337.0   0.70966

  338.0   0.72354

  339.0   0.73638

  340.0   0.74297

  341.0   0.75517

  342.0   0.76695

  343.0   0.78001

  344.0   0.79109

  345.0   0.79632

  346.0   0.80546

  347.0   0.81597

  348.0   0.82612

  349.0   0.83362

  350.0   0.84019

  351.0   0.83915

  352.0   0.84285

  353.0   0.84693

  354.0   0.85019

  355.0   0.85153

  356.0   0.84783

  357.0   0.84966

  358.0   0.84385

  359.0   0.83663

  360.0   0.82873

  361.0   0.82315

  362.0   0.81547

  363.0   0.80851

  364.0   0.79403

  365.0   0.78169

  366.0   0.77419

  367.0   0.76344

  368.0   0.75489

  369.0   0.74159

  370.0   0.72949

  371.0   0.71838

  372.0   0.70960

  373.0   0.69985

  374.0   0.68839

  375.0   0.67604

  376.0   0.66458

  377.0   0.65352

  378.0   0.64261

  379.0   0.63323

  380.0   0.62077

  381.0   0.60887

  382.0   0.59776

  383.0   0.58653

  384.0   0.57498

  385.0   0.56298

  386.0   0.55066

  387.0   0.53807

  388.0   0.52738

  389.0   0.51443

  390.0   0.50412

  391.0   0.49325

  392.0   0.48122

  393.0   0.47094

  394.0   0.46043

  395.0   0.45059

  396.0   0.44136

  397.0   0.43095

  398.0   0.42258

  399.0   0.41279

  400.0   0.40477

  401.0   0.39689

  402.0   0.38754

  403.0   0.38034

  404.0   0.37204

  405.0   0.36453

  406.0   0.35728

  407.0   0.34843

  408.0   0.34092

  409.0   0.33264

  410.0   0.32569

  411.0   0.31823

  412.0   0.30980

  413.0   0.30184

  414.0   0.29393

  415.0   0.29010

  416.0   0.27604

  417.0   0.26727

  418.0   0.25956

  419.0   0.25066

  420.0   0.24267

  421.0   0.23469

  422.0   0.22632

  423.0   0.21885

  424.0   0.21037

  425.0   0.20323

  426.0   0.19562

  427.0   0.18871

  428.0   0.18248

  429.0   0.17541

  430.0   0.16928

  431.0   0.16298

  432.0   0.15736

  433.0   0.15152

  434.0   0.14651

  435.0   0.14166

  436.0   0.13642

  437.0   0.13211

  438.0   0.12747

  439.0   0.12359

  440.0   0.11934

  441.0   0.11559

  442.0   0.11171

  443.0   0.10827

  444.0   0.10507

  445.0   0.10164

  446.0   0.09854

  447.0   0.09533

  448.0   0.09229

  449.0   0.08933

  450.0   0.08656

  451.0   0.08363

  452.0   0.08114

  453.0   0.07834

  454.0   0.07578

  455.0   0.07324

  456.0   0.07090

  457.0   0.06859

  458.0   0.06603

  459.0   0.06386

  460.0   0.06146

  461.0   0.05946

  462.0   0.05721

  463.0   0.05526

  464.0   0.05310

  465.0   0.05109

  466.0   0.04923

  467.0   0.04743

  468.0   0.04562

  469.0   0.04386

  470.0   0.04220

  471.0   0.04079

  472.0   0.03914

  473.0   0.03782

  474.0   0.03641

  475.0   0.03509

  476.0   0.03381

  477.0   0.03256

  478.0   0.03129

  479.0   0.03020

  480.0   0.02902

  481.0   0.02800

  482.0   0.02693

  483.0   0.02608

  484.0   0.02516

  485.0   0.02428

  486.0   0.02350

  487.0   0.02277

  488.0   0.02202

  489.0   0.02135

  490.0   0.02057

  491.0   0.02000

  492.0   0.01936

  493.0   0.01876

  494.0   0.01823

  495.0   0.01775

  496.0   0.01727

  497.0   0.01682

  498.0   0.01635

  499.0   0.01589

  500.0   0.01559

  501.0   0.01526

  502.0   0.01498

  503.0   0.01470

  504.0   0.01443

  505.0   0.01415

  506.0   0.01396

  507.0   0.01375

  508.0   0.01354

  509.0   0.01330

  510.0   0.01317

  511.0   0.01301

  512.0   0.01289

  513.0   0.01276

  514.0   0.01254

  515.0   0.01250

  516.0   0.01243

  517.0   0.01233

  518.0   0.01225

  519.0   0.01222

  520.0   0.01219

  521.0   0.01214

  522.0   0.01212

  523.0   0.01208

  524.0   0.01209

  525.0   0.01205

  526.0   0.01204

  527.0   0.01206

  528.0   0.01214

  529.0   0.01213

  530.0   0.01216

  531.0   0.01223

  532.0   0.01230

  533.0   0.01231

  534.0   0.01230

  535.0   0.01242

  536.0   0.01250

  537.0   0.01261

  538.0   0.01271

  539.0   0.01276

  540.0   0.01280

  541.0   0.01283

  542.0   0.01290

  543.0   0.01301

  544.0   0.01309

  545.0   0.01318

  546.0   0.01318

  547.0   0.01323

  548.0   0.01336

  549.0   0.01342

  550.0   0.01344

  551.0   0.01346

  552.0   0.01347

  553.0   0.01352

  554.0   0.01341

  555.0   0.01337

  556.0   0.01343

  557.0   0.01367

  558.0   0.01362

  559.0   0.01365

  560.0   0.01361

  561.0   0.01360

  562.0   0.01366

  563.0   0.01364

  564.0   0.01363

  565.0   0.01359

  566.0   0.01352

  567.0   0.01352

  568.0   0.01346

  569.0   0.01344

  570.0   0.01346

  571.0   0.01340

  572.0   0.01339

  573.0   0.01341

  574.0   0.01337

  575.0   0.01341

  576.0   0.01335

  577.0   0.01335

  578.0   0.01331

  579.0   0.01334

  580.0   0.01337

  581.0   0.01336

  582.0   0.01331

  583.0   0.01330

  584.0   0.01325

  585.0   0.01327

  586.0   0.01327

  587.0   0.01323

  588.0   0.01317

  589.0   0.01314

  590.0   0.01312

  591.0   0.01314

  592.0   0.01309

  593.0   0.01308

  594.0   0.01309

  595.0   0.01303

  596.0   0.01303

  597.0   0.01305

  598.0   0.01302

  599.0   0.01302

  600.0   0.01297

  601.0   0.01299

  602.0   0.01303

  603.0   0.01298

  604.0   0.01302

  605.0   0.01306

  606.0   0.01307

  607.0   0.01312

  608.0   0.01303

  609.0   0.01304

  610.0   0.01309

  611.0   0.01306

  612.0   0.01306

  613.0   0.01306

  614.0   0.01307

  615.0   0.01305

  616.0   0.01306

  617.0   0.01313

  618.0   0.01318

  619.0   0.01319

  620.0   0.01323

  621.0   0.01323

  622.0   0.01321

  623.0   0.01320

  624.0   0.01316

  625.0   0.01321

  626.0   0.01324

  627.0   0.01322

  628.0   0.01322

  629.0   0.01325

  630.0   0.01327

  631.0   0.01329

  632.0   0.01323

  633.0   0.01320

  634.0   0.01315

  635.0   0.01313

  636.0   0.01311

  637.0   0.01311

  638.0   0.01309

  639.0   0.01310

  640.0   0.01306

  641.0   0.01303

  642.0   0.01304

  643.0   0.01299

  644.0   0.01296

  645.0   0.01293

  646.0   0.01284

  647.0   0.01281

  648.0   0.01274

  649.0   0.01273

  650.0   0.01264

  651.0   0.01264

  652.0   0.01257

  653.0   0.01250

  654.0   0.01241

  655.0   0.01236

  656.0   0.01231

  657.0   0.01224

  658.0   0.01219

  659.0   0.01215

  660.0   0.01212

  661.0   0.01207

  662.0   0.01200

  663.0   0.01200

  664.0   0.01187

  665.0   0.01180

  666.0   0.01169

  667.0   0.01163

  668.0   0.01156

  669.0   0.01147

  670.0   0.01142

  671.0   0.01136

  672.0   0.01125

  673.0   0.01121

  674.0   0.01110

  675.0   0.01105

  676.0   0.01097

  677.0   0.01089

  678.0   0.01082

  679.0   0.01072

  680.0   0.01062

  681.0   0.01056

  682.0   0.01050

  683.0   0.01036

  684.0   0.01025

  685.0   0.01011

  686.0   0.01005

  687.0   0.00993

  688.0   0.00984

  689.0   0.00978

  690.0   0.00967

  691.0   0.00953

  692.0   0.00947

  693.0   0.00934

  694.0   0.00928

  695.0   0.00925

  696.0   0.00916

  697.0   0.00908

  698.0   0.00894

  699.0   0.00885

  700.0   0.00873

  701.0   0.00868

  702.0   0.00854

  703.0   0.00847

  704.0   0.00837

  705.0   0.00828

  706.0   0.00817

  707.0   0.00812

  708.0   0.00802

  709.0   0.00791

  710.0   0.00776

  711.0   0.00769

  712.0   0.00758

  713.0   0.00755

  714.0   0.00744

  715.0   0.00739

  716.0   0.00729

  717.0   0.00720

  718.0   0.00713

  719.0   0.00705

  720.0   0.00696

  721.0   0.00693

  722.0   0.00685

  723.0   0.00678

  724.0   0.00675

  725.0   0.00663

  726.0   0.00649

  727.0   0.00645

  728.0   0.00637

  729.0   0.00633

  730.0   0.00626

  731.0   0.00617

  732.0   0.00612

  733.0   0.00605

  734.0   0.00595

  735.0   0.00591

  736.0   0.00614

  737.0   0.00601

  738.0   0.00591

  739.0   0.00582

  740.0   0.00575

  741.0   0.00566

  742.0   0.00565

  743.0   0.00559

  744.0   0.00551

  745.0   0.00547

  746.0   0.00539

  747.0   0.00533

  748.0   0.00525

  749.0   0.00525

  750.0   0.00517

  751.0   0.00512

  752.0   0.00512

  753.0   0.00507

  754.0   0.00499

  755.0   0.00494

  756.0   0.00489

  757.0   0.00479

  758.0   0.00477

  759.0   0.00472

  760.0   0.00472

  761.0   0.00467

  762.0   0.00462

  763.0   0.00463

  764.0   0.00460

  765.0   0.00455

  766.0   0.00453

  767.0   0.00448

  768.0   0.00446

  769.0   0.00442

  770.0   0.00434

  771.0   0.00438

  772.0   0.00433

  773.0   0.00425

  774.0   0.00431

  775.0   0.00432

  776.0   0.00430

  777.0   0.00425

  778.0   0.00421

  779.0   0.00419

  780.0   0.00417

  781.0   0.00415

  782.0   0.00415

  783.0   0.00411

  784.0   0.00411

  785.0   0.00409

  786.0   0.00408

  787.0   0.00408

  788.0   0.00409

  789.0   0.00405

  790.0   0.00405

  791.0   0.00401

  792.0   0.00398

  793.0   0.00394

  794.0   0.00395

  795.0   0.00395

  796.0   0.00396

  797.0   0.00394

  798.0   0.00394

  799.0   0.00383

  800.0   0.00381

 
