ser ID: DU600

Method ID: A:\DEFAULT

Date: 07/26/00

Time: 07:29

 200.0   2.53832

  201.0   3.30406

  202.0   3.34084

  203.0   3.37931

  204.0   3.41929

  205.0   3.45317

  206.0   3.00789

  207.0   2.91182

  208.0   2.76505

  209.0   2.67094

  210.0   2.99673

  211.0   3.62408

  212.0   3.64631

  213.0   3.67015

  214.0   3.69046

  215.0   3.70927

  216.0   3.72730

  217.0   3.26975

  218.0   2.85974

  219.0   3.00051

  220.0   3.19117

  221.0   3.20520

  222.0   3.82197

  223.0   3.35762

  224.0   3.54586

  225.0   3.85902

  226.0   3.87169

  227.0   3.88366

  228.0   3.29237

  229.0   3.20656

  230.0   3.21769

  231.0   3.14742

  232.0   3.93450

  233.0   3.46439

  234.0   3.94817

  235.0   3.95332

  236.0   3.65595

  237.0   3.96009

  238.0   3.18441

  239.0   3.36215

  240.0   3.36333

  241.0   3.66478

  242.0   3.26684

  243.0   3.26618

  244.0   3.96412

  245.0   3.96204

  246.0   3.65854

  247.0   3.47924

  248.0   3.95274

  249.0   3.34650

  250.0   3.24541

  251.0   2.93947

  252.0   2.98031

  253.0   3.45255

  254.0   3.22526

  255.0   3.14046

  256.0   3.21442

  257.0   3.30562

  258.0   2.99908

  259.0   2.94052

  260.0   3.04364

  261.0   2.76852

  262.0   2.69955

  263.0   2.82766

  264.0   3.01781

  265.0   2.77700

  266.0   2.70329

  267.0   2.72854

  268.0   2.51429

  269.0   2.46944

  270.0   2.44489

  271.0   2.30248

  272.0   2.22591

  273.0   2.16030

  274.0   2.08663

  275.0   2.04499

  276.0   1.96223

  277.0   1.90855

  278.0   1.85071

  279.0   1.79574

  280.0   1.72088

  281.0   1.67278

  282.0   1.63518

  283.0   1.60001

  284.0   1.57541

  285.0   1.54003

  286.0   1.50702

  287.0   1.48121

  288.0   1.46061

  289.0   1.43816

  290.0   1.41849

  291.0   1.39438

  292.0   1.38838

  293.0   1.36977

  294.0   1.36345

  295.0   1.35074

  296.0   1.34346

  297.0   1.33476

  298.0   1.33095

  299.0   1.31573

  300.0   1.31543

  301.0   1.29921

  302.0   1.29661

  303.0   1.28583

  304.0   1.27883

  305.0   1.26894

  306.0   1.25651

  307.0   1.24606

  308.0   1.23112

  309.0   1.20517

  310.0   1.18439

  311.0   1.15929

  312.0   1.12959

  313.0   1.09655

  314.0   1.07030

  315.0   1.04345

  316.0   1.02019

  317.0   1.00076

  318.0   0.98208

  319.0   0.96314

  320.0   0.95177

  321.0   0.94630

  322.0   0.91981

  323.0   0.90876

  324.0   0.89564

  325.0   0.88979

  326.0   0.87999

  327.0   0.87497

  328.0   0.86957

  329.0   0.86123

  330.0   0.85418

  331.0   0.84669

  332.0   0.83725

  333.0   0.82295

  334.0   0.81241

  335.0   0.80292

  336.0   0.79340

  337.0   0.78540

  338.0   0.77320

  339.0   0.76314

  340.0   0.74997

  341.0   0.73730

  342.0   0.72312

  343.0   0.71026

  344.0   0.69494

  345.0   0.67968

  346.0   0.66787

  347.0   0.65299

  348.0   0.63720

  349.0   0.62341

  350.0   0.60580

  351.0   0.59093

  352.0   0.57540

  353.0   0.55705

  354.0   0.54120

  355.0   0.52663

  356.0   0.51692

  357.0   0.49612

  358.0   0.48124

  359.0   0.46397

  360.0   0.44977

  361.0   0.43597

  362.0   0.42142

  363.0   0.40747

  364.0   0.39375

  365.0   0.37987

  366.0   0.36813

  367.0   0.35533

  368.0   0.34487

  369.0   0.33483

  370.0   0.32269

  371.0   0.31429

  372.0   0.30520

  373.0   0.29567

  374.0   0.28749

  375.0   0.27889

  376.0   0.27040

  377.0   0.26297

  378.0   0.25623

  379.0   0.24936

  380.0   0.24319

  381.0   0.23750

  382.0   0.23174

  383.0   0.22691

  384.0   0.22189

  385.0   0.21775

  386.0   0.21332

  387.0   0.20897

  388.0   0.20522

  389.0   0.20172

  390.0   0.19918

  391.0   0.19634

  392.0   0.19323

  393.0   0.19118

  394.0   0.18836

  395.0   0.18624

  396.0   0.18411

  397.0   0.18179

  398.0   0.17919

  399.0   0.17648

  400.0   0.17383

  401.0   0.17157

  402.0   0.16904

  403.0   0.16690

  404.0   0.16373

  405.0   0.16102

  406.0   0.15829

  407.0   0.15474

  408.0   0.15192

  409.0   0.14812

  410.0   0.14484

  411.0   0.14125

  412.0   0.13672

  413.0   0.13305

  414.0   0.12884

  415.0   0.12661

  416.0   0.11846

  417.0   0.11366

  418.0   0.10932

  419.0   0.10443

  420.0   0.09999

  421.0   0.09571

  422.0   0.09110

  423.0   0.08695

  424.0   0.08243

  425.0   0.07856

  426.0   0.07459

  427.0   0.07086

  428.0   0.06771

  429.0   0.06413

  430.0   0.06109

  431.0   0.05802

  432.0   0.05549

  433.0   0.05273

  434.0   0.05062

  435.0   0.04854

  436.0   0.04657

  437.0   0.04477

  438.0   0.04304

  439.0   0.04154

  440.0   0.04000

  441.0   0.03867

  442.0   0.03723

  443.0   0.03618

  444.0   0.03513

  445.0   0.03390

  446.0   0.03301

  447.0   0.03202

  448.0   0.03121

  449.0   0.03044

  450.0   0.02969

  451.0   0.02890

  452.0   0.02819

  453.0   0.02748

  454.0   0.02678

  455.0   0.02622

  456.0   0.02559

  457.0   0.02497

  458.0   0.02432

  459.0   0.02376

  460.0   0.02322

  461.0   0.02282

  462.0   0.02224

  463.0   0.02189

  464.0   0.02136

  465.0   0.02089

  466.0   0.02053

  467.0   0.02016

  468.0   0.01981

  469.0   0.01947

  470.0   0.01913

  471.0   0.01898

  472.0   0.01880

  473.0   0.01851

  474.0   0.01830

  475.0   0.01811

  476.0   0.01792

  477.0   0.01770

  478.0   0.01747

  479.0   0.01722

  480.0   0.01701

  481.0   0.01683

  482.0   0.01662

  483.0   0.01648

  484.0   0.01640

  485.0   0.01624

  486.0   0.01617

  487.0   0.01613

  488.0   0.01612

  489.0   0.01605

  490.0   0.01598

  491.0   0.01597

  492.0   0.01605

  493.0   0.01602

  494.0   0.01609

  495.0   0.01612

  496.0   0.01620

  497.0   0.01624

  498.0   0.01635

  499.0   0.01638

  500.0   0.01655

  501.0   0.01666

  502.0   0.01686

  503.0   0.01712

  504.0   0.01728

  505.0   0.01750

  506.0   0.01770

  507.0   0.01793

  508.0   0.01815

  509.0   0.01835

  510.0   0.01862

  511.0   0.01890

  512.0   0.01915

  513.0   0.01942

  514.0   0.01963

  515.0   0.01995

  516.0   0.02031

  517.0   0.02058

  518.0   0.02093

  519.0   0.02128

  520.0   0.02160

  521.0   0.02193

  522.0   0.02226

  523.0   0.02263

  524.0   0.02296

  525.0   0.02328

  526.0   0.02359

  527.0   0.02390

  528.0   0.02430

  529.0   0.02466

  530.0   0.02501

  531.0   0.02540

  532.0   0.02587

  533.0   0.02626

  534.0   0.02671

  535.0   0.02718

  536.0   0.02760

  537.0   0.02809

  538.0   0.02847

  539.0   0.02898

  540.0   0.02942

  541.0   0.02979

  542.0   0.03026

  543.0   0.03070

  544.0   0.03110

  545.0   0.03152

  546.0   0.03184

  547.0   0.03220

  548.0   0.03251

  549.0   0.03281

  550.0   0.03307

  551.0   0.03329

  552.0   0.03348

  553.0   0.03365

  554.0   0.03375

  555.0   0.03382

  556.0   0.03388

  557.0   0.03669

  558.0   0.03665

  559.0   0.03664

  560.0   0.03665

  561.0   0.03665

  562.0   0.03670

  563.0   0.03671

  564.0   0.03665

  565.0   0.03661

  566.0   0.03655

  567.0   0.03657

  568.0   0.03657

  569.0   0.03654

  570.0   0.03653

  571.0   0.03650

  572.0   0.03647

  573.0   0.03646

  574.0   0.03644

  575.0   0.03643

  576.0   0.03640

  577.0   0.03635

  578.0   0.03632

  579.0   0.03629

  580.0   0.03636

  581.0   0.03633

  582.0   0.03631

  583.0   0.03633

  584.0   0.03637

  585.0   0.03648

  586.0   0.03661

  587.0   0.03668

  588.0   0.03677

  589.0   0.03679

  590.0   0.03691

  591.0   0.03699

  592.0   0.03702

  593.0   0.03714

  594.0   0.03726

  595.0   0.03731

  596.0   0.03742

  597.0   0.03755

  598.0   0.03768

  599.0   0.03780

  600.0   0.03789

  601.0   0.03803

  602.0   0.03813

  603.0   0.03819

  604.0   0.03824

  605.0   0.03835

  606.0   0.03840

  607.0   0.03845

  608.0   0.03851

  609.0   0.03857

  610.0   0.03865

  611.0   0.03869

  612.0   0.03873

  613.0   0.03875

  614.0   0.03882

  615.0   0.03891

  616.0   0.03898

  617.0   0.03906

  618.0   0.03912

  619.0   0.03917

  620.0   0.03921

  621.0   0.03922

  622.0   0.03923

  623.0   0.03922

  624.0   0.03920

  625.0   0.03927

  626.0   0.03926

  627.0   0.03926

  628.0   0.03921

  629.0   0.03923

  630.0   0.03924

  631.0   0.03923

  632.0   0.03919

  633.0   0.03917

  634.0   0.03910

  635.0   0.03902

  636.0   0.03895

  637.0   0.03891

  638.0   0.03885

  639.0   0.03880

  640.0   0.03874

  641.0   0.03863

  642.0   0.03861

  643.0   0.03851

  644.0   0.03841

  645.0   0.03831

  646.0   0.03818

  647.0   0.03807

  648.0   0.03791

  649.0   0.03787

  650.0   0.03769

  651.0   0.03759

  652.0   0.03747

  653.0   0.03728

  654.0   0.03709

  655.0   0.03694

  656.0   0.03681

  657.0   0.03666

  658.0   0.03651

  659.0   0.03631

  660.0   0.03614

  661.0   0.03588

  662.0   0.03571

  663.0   0.03545

  664.0   0.03521

  665.0   0.03495

  666.0   0.03468

  667.0   0.03440

  668.0   0.03414

  669.0   0.03384

  670.0   0.03353

  671.0   0.03328

  672.0   0.03296

  673.0   0.03274

  674.0   0.03244

  675.0   0.03223

  676.0   0.03190

  677.0   0.03156

  678.0   0.03118

  679.0   0.03087

  680.0   0.03059

  681.0   0.03030

  682.0   0.03004

  683.0   0.02970

  684.0   0.02943

  685.0   0.02910

  686.0   0.02877

  687.0   0.02850

  688.0   0.02819

  689.0   0.02790

  690.0   0.02764

  691.0   0.02730

  692.0   0.02704

  693.0   0.02674

  694.0   0.02646

  695.0   0.02626

  696.0   0.02594

  697.0   0.02565

  698.0   0.02536

  699.0   0.02504

  700.0   0.02474

  701.0   0.02448

  702.0   0.02417

  703.0   0.02391

  704.0   0.02361

  705.0   0.02331

  706.0   0.02303

  707.0   0.02279

  708.0   0.02247

  709.0   0.02225

  710.0   0.02196

  711.0   0.02167

  712.0   0.02138

  713.0   0.02111

  714.0   0.02081

  715.0   0.02058

  716.0   0.02025

  717.0   0.02000

  718.0   0.01977

  719.0   0.01951

  720.0   0.01931

  721.0   0.01907

  722.0   0.01876

  723.0   0.01852

  724.0   0.01829

  725.0   0.01802

  726.0   0.01779

  727.0   0.01764

  728.0   0.01746

  729.0   0.01730

  730.0   0.01708

  731.0   0.01693

  732.0   0.01672

  733.0   0.01657

  734.0   0.01636

  735.0   0.01624

  736.0   0.01845

  737.0   0.01801

  738.0   0.01760

  739.0   0.01728

  740.0   0.01699

  741.0   0.01671

  742.0   0.01649

  743.0   0.01625

  744.0   0.01596

  745.0   0.01567

  746.0   0.01549

  747.0   0.01524

  748.0   0.01501

  749.0   0.01485

  750.0   0.01463

  751.0   0.01436

  752.0   0.01417

  753.0   0.01401

  754.0   0.01385

  755.0   0.01369

  756.0   0.01360

  757.0   0.01342

  758.0   0.01330

  759.0   0.01312

  760.0   0.01302

  761.0   0.01284

  762.0   0.01272

  763.0   0.01265

  764.0   0.01250

  765.0   0.01240

  766.0   0.01222

  767.0   0.01216

  768.0   0.01206

  769.0   0.01200

  770.0   0.01188

  771.0   0.01179

  772.0   0.01178

  773.0   0.01163

  774.0   0.01156

  775.0   0.01156

  776.0   0.01152

  777.0   0.01146

  778.0   0.01139

  779.0   0.01139

  780.0   0.01129

  781.0   0.01126

  782.0   0.01125

  783.0   0.01119

  784.0   0.01118

  785.0   0.01115

  786.0   0.01109

  787.0   0.01108

  788.0   0.01102

  789.0   0.01096

  790.0   0.01101

  791.0   0.01100

  792.0   0.01103

  793.0   0.01090

  794.0   0.01087

  795.0   0.01089

  796.0   0.01088

  797.0   0.01087

  798.0   0.01086

  799.0   0.01084

  800.0   0.01079

 
