ser ID: DU600

Method ID: A:\DEFAULT

Date: 07/26/00

Time: 05:34

 200.0   3.23729

  201.0   3.30406

  202.0   3.03981

  203.0   3.37931

  204.0   2.81723

  205.0   2.75420

  206.0   3.48501

  207.0   2.91182

  208.0   3.54320

  209.0   3.57403

  210.0   3.12167

  211.0   3.62408

  212.0   3.16918

  213.0   2.82505

  214.0   3.69046

  215.0   3.23215

  216.0   3.72730

  217.0   3.74687

  218.0   3.76283

  219.0   3.17660

  220.0   3.79323

  221.0   3.80726

  222.0   3.82197

  223.0   3.83474

  224.0   3.84689

  225.0   3.55799

  226.0   3.87169

  227.0   3.88366

  228.0   3.29237

  229.0   3.42840

  230.0   3.61563

  231.0   3.44845

  232.0   3.93450

  233.0   3.64048

  234.0   3.47105

  235.0   3.65229

  236.0   3.65595

  237.0   3.96009

  238.0   3.96256

  239.0   3.48709

  240.0   3.48827

  241.0   3.96581

  242.0   3.96581

  243.0   3.48803

  244.0   3.96412

  245.0   3.96204

  246.0   3.65854

  247.0   3.95636

  248.0   3.65171

  249.0   3.64753

  250.0   3.46726

  251.0   3.93947

  252.0   3.33249

  253.0   3.92967

  254.0   3.92423

  255.0   3.61758

  256.0   3.61236

  257.0   3.30562

  258.0   3.90217

  259.0   3.41764

  260.0   3.88874

  261.0   3.88247

  262.0   3.17667

  263.0   3.56803

  264.0   3.56188

  265.0   3.25412

  266.0   3.84942

  267.0   2.93939

  268.0   3.05836

  269.0   3.13220

  270.0   3.04695

  271.0   2.70705

  272.0   2.70303

  273.0   2.63742

  274.0   2.50987

  275.0   2.46599

  276.0   2.39236

  277.0   2.27470

  278.0   2.21389

  279.0   2.15113

  280.0   2.10469

  281.0   2.03969

  282.0   1.96365

  283.0   1.90378

  284.0   1.86622

  285.0   1.81783

  286.0   1.77397

  287.0   1.70236

  288.0   1.66234

  289.0   1.62963

  290.0   1.59911

  291.0   1.55050

  292.0   1.51838

  293.0   1.48938

  294.0   1.47078

  295.0   1.44116

  296.0   1.42142

  297.0   1.39553

  298.0   1.36969

  299.0   1.34395

  300.0   1.32862

  301.0   1.30625

  302.0   1.28151

  303.0   1.26185

  304.0   1.24490

  305.0   1.22937

  306.0   1.20115

  307.0   1.18245

  308.0   1.15702

  309.0   1.12599

  310.0   1.09524

  311.0   1.06821

  312.0   1.02994

  313.0   0.99905

  314.0   0.96754

  315.0   0.94491

  316.0   0.91946

  317.0   0.89579

  318.0   0.87652

  319.0   0.86019

  320.0   0.84874

  321.0   0.84252

  322.0   0.82336

  323.0   0.81245

  324.0   0.80505

  325.0   0.79885

  326.0   0.79705

  327.0   0.79438

  328.0   0.78935

  329.0   0.78695

  330.0   0.78276

  331.0   0.78219

  332.0   0.77974

  333.0   0.77899

  334.0   0.77843

  335.0   0.77467

  336.0   0.77072

  337.0   0.76852

  338.0   0.76840

  339.0   0.76680

  340.0   0.76223

  341.0   0.76078

  342.0   0.75722

  343.0   0.75466

  344.0   0.75163

  345.0   0.74663

  346.0   0.74028

  347.0   0.73651

  348.0   0.73166

  349.0   0.72573

  350.0   0.71901

  351.0   0.71227

  352.0   0.70219

  353.0   0.69387

  354.0   0.68557

  355.0   0.67606

  356.0   0.67091

  357.0   0.65906

  358.0   0.64536

  359.0   0.63514

  360.0   0.62310

  361.0   0.61183

  362.0   0.59936

  363.0   0.58718

  364.0   0.57474

  365.0   0.56236

  366.0   0.54950

  367.0   0.53719

  368.0   0.52655

  369.0   0.51497

  370.0   0.50312

  371.0   0.49306

  372.0   0.48260

  373.0   0.47188

  374.0   0.46222

  375.0   0.45251

  376.0   0.44304

  377.0   0.43417

  378.0   0.42431

  379.0   0.41572

  380.0   0.40673

  381.0   0.39794

  382.0   0.38994

  383.0   0.38180

  384.0   0.37430

  385.0   0.36659

  386.0   0.35905

  387.0   0.35202

  388.0   0.34467

  389.0   0.33721

  390.0   0.33162

  391.0   0.32536

  392.0   0.31893

  393.0   0.31302

  394.0   0.30680

  395.0   0.30149

  396.0   0.29645

  397.0   0.29120

  398.0   0.28614

  399.0   0.28041

  400.0   0.27569

  401.0   0.27106

  402.0   0.26584

  403.0   0.26167

  404.0   0.25588

  405.0   0.25126

  406.0   0.24633

  407.0   0.24062

  408.0   0.23605

  409.0   0.23021

  410.0   0.22497

  411.0   0.21998

  412.0   0.21360

  413.0   0.20797

  414.0   0.20198

  415.0   0.19900

  416.0   0.18796

  417.0   0.18131

  418.0   0.17549

  419.0   0.16891

  420.0   0.16276

  421.0   0.15654

  422.0   0.15026

  423.0   0.14452

  424.0   0.13802

  425.0   0.13255

  426.0   0.12682

  427.0   0.12163

  428.0   0.11670

  429.0   0.11185

  430.0   0.10721

  431.0   0.10262

  432.0   0.09865

  433.0   0.09459

  434.0   0.09109

  435.0   0.08775

  436.0   0.08431

  437.0   0.08136

  438.0   0.07831

  439.0   0.07571

  440.0   0.07289

  441.0   0.07048

  442.0   0.06813

  443.0   0.06603

  444.0   0.06403

  445.0   0.06185

  446.0   0.06003

  447.0   0.05804

  448.0   0.05641

  449.0   0.05460

  450.0   0.05311

  451.0   0.05136

  452.0   0.04984

  453.0   0.04834

  454.0   0.04690

  455.0   0.04549

  456.0   0.04417

  457.0   0.04289

  458.0   0.04145

  459.0   0.04030

  460.0   0.03903

  461.0   0.03782

  462.0   0.03663

  463.0   0.03571

  464.0   0.03445

  465.0   0.03342

  466.0   0.03242

  467.0   0.03147

  468.0   0.03054

  469.0   0.02976

  470.0   0.02888

  471.0   0.02830

  472.0   0.02752

  473.0   0.02689

  474.0   0.02620

  475.0   0.02554

  476.0   0.02493

  477.0   0.02428

  478.0   0.02363

  479.0   0.02313

  480.0   0.02252

  481.0   0.02200

  482.0   0.02153

  483.0   0.02113

  484.0   0.02069

  485.0   0.02023

  486.0   0.01988

  487.0   0.01955

  488.0   0.01922

  489.0   0.01895

  490.0   0.01862

  491.0   0.01838

  492.0   0.01817

  493.0   0.01794

  494.0   0.01776

  495.0   0.01756

  496.0   0.01740

  497.0   0.01726

  498.0   0.01711

  499.0   0.01699

  500.0   0.01696

  501.0   0.01691

  502.0   0.01688

  503.0   0.01691

  504.0   0.01687

  505.0   0.01688

  506.0   0.01693

  507.0   0.01695

  508.0   0.01708

  509.0   0.01710

  510.0   0.01722

  511.0   0.01737

  512.0   0.01744

  513.0   0.01757

  514.0   0.01760

  515.0   0.01782

  516.0   0.01799

  517.0   0.01807

  518.0   0.01822

  519.0   0.01839

  520.0   0.01857

  521.0   0.01877

  522.0   0.01896

  523.0   0.01914

  524.0   0.01932

  525.0   0.01947

  526.0   0.01963

  527.0   0.01987

  528.0   0.02006

  529.0   0.02033

  530.0   0.02055

  531.0   0.02085

  532.0   0.02113

  533.0   0.02135

  534.0   0.02158

  535.0   0.02190

  536.0   0.02210

  537.0   0.02243

  538.0   0.02272

  539.0   0.02301

  540.0   0.02335

  541.0   0.02358

  542.0   0.02380

  543.0   0.02412

  544.0   0.02439

  545.0   0.02467

  546.0   0.02480

  547.0   0.02506

  548.0   0.02531

  549.0   0.02552

  550.0   0.02568

  551.0   0.02588

  552.0   0.02596

  553.0   0.02609

  554.0   0.02609

  555.0   0.02615

  556.0   0.02619

  557.0   0.02823

  558.0   0.02821

  559.0   0.02822

  560.0   0.02821

  561.0   0.02824

  562.0   0.02827

  563.0   0.02829

  564.0   0.02824

  565.0   0.02819

  566.0   0.02824

  567.0   0.02818

  568.0   0.02817

  569.0   0.02820

  570.0   0.02818

  571.0   0.02814

  572.0   0.02809

  573.0   0.02805

  574.0   0.02804

  575.0   0.02802

  576.0   0.02792

  577.0   0.02786

  578.0   0.02784

  579.0   0.02782

  580.0   0.02782

  581.0   0.02780

  582.0   0.02773

  583.0   0.02772

  584.0   0.02770

  585.0   0.02781

  586.0   0.02785

  587.0   0.02784

  588.0   0.02786

  589.0   0.02785

  590.0   0.02791

  591.0   0.02795

  592.0   0.02798

  593.0   0.02809

  594.0   0.02815

  595.0   0.02817

  596.0   0.02830

  597.0   0.02841

  598.0   0.02848

  599.0   0.02858

  600.0   0.02865

  601.0   0.02874

  602.0   0.02883

  603.0   0.02884

  604.0   0.02894

  605.0   0.02902

  606.0   0.02907

  607.0   0.02916

  608.0   0.02918

  609.0   0.02921

  610.0   0.02922

  611.0   0.02923

  612.0   0.02927

  613.0   0.02932

  614.0   0.02933

  615.0   0.02941

  616.0   0.02948

  617.0   0.02951

  618.0   0.02958

  619.0   0.02964

  620.0   0.02968

  621.0   0.02968

  622.0   0.02969

  623.0   0.02971

  624.0   0.02966

  625.0   0.02971

  626.0   0.02971

  627.0   0.02967

  628.0   0.02967

  629.0   0.02963

  630.0   0.02960

  631.0   0.02962

  632.0   0.02955

  633.0   0.02952

  634.0   0.02944

  635.0   0.02939

  636.0   0.02936

  637.0   0.02936

  638.0   0.02926

  639.0   0.02924

  640.0   0.02918

  641.0   0.02907

  642.0   0.02898

  643.0   0.02885

  644.0   0.02880

  645.0   0.02870

  646.0   0.02861

  647.0   0.02848

  648.0   0.02835

  649.0   0.02829

  650.0   0.02818

  651.0   0.02809

  652.0   0.02801

  653.0   0.02790

  654.0   0.02779

  655.0   0.02770

  656.0   0.02755

  657.0   0.02747

  658.0   0.02737

  659.0   0.02728

  660.0   0.02713

  661.0   0.02696

  662.0   0.02682

  663.0   0.02672

  664.0   0.02654

  665.0   0.02636

  666.0   0.02617

  667.0   0.02602

  668.0   0.02584

  669.0   0.02565

  670.0   0.02550

  671.0   0.02536

  672.0   0.02516

  673.0   0.02498

  674.0   0.02482

  675.0   0.02467

  676.0   0.02450

  677.0   0.02428

  678.0   0.02405

  679.0   0.02382

  680.0   0.02363

  681.0   0.02343

  682.0   0.02326

  683.0   0.02300

  684.0   0.02285

  685.0   0.02261

  686.0   0.02237

  687.0   0.02216

  688.0   0.02193

  689.0   0.02172

  690.0   0.02156

  691.0   0.02130

  692.0   0.02113

  693.0   0.02098

  694.0   0.02076

  695.0   0.02061

  696.0   0.02039

  697.0   0.02019

  698.0   0.01995

  699.0   0.01969

  700.0   0.01951

  701.0   0.01934

  702.0   0.01908

  703.0   0.01887

  704.0   0.01863

  705.0   0.01842

  706.0   0.01821

  707.0   0.01807

  708.0   0.01783

  709.0   0.01758

  710.0   0.01738

  711.0   0.01715

  712.0   0.01692

  713.0   0.01674

  714.0   0.01650

  715.0   0.01632

  716.0   0.01614

  717.0   0.01594

  718.0   0.01582

  719.0   0.01560

  720.0   0.01542

  721.0   0.01528

  722.0   0.01503

  723.0   0.01487

  724.0   0.01472

  725.0   0.01456

  726.0   0.01435

  727.0   0.01424

  728.0   0.01405

  729.0   0.01389

  730.0   0.01374

  731.0   0.01359

  732.0   0.01347

  733.0   0.01331

  734.0   0.01316

  735.0   0.01306

  736.0   0.01473

  737.0   0.01441

  738.0   0.01412

  739.0   0.01390

  740.0   0.01367

  741.0   0.01343

  742.0   0.01322

  743.0   0.01301

  744.0   0.01278

  745.0   0.01260

  746.0   0.01240

  747.0   0.01223

  748.0   0.01209

  749.0   0.01195

  750.0   0.01176

  751.0   0.01157

  752.0   0.01147

  753.0   0.01131

  754.0   0.01112

  755.0   0.01102

  756.0   0.01092

  757.0   0.01074

  758.0   0.01067

  759.0   0.01049

  760.0   0.01042

  761.0   0.01029

  762.0   0.01022

  763.0   0.01018

  764.0   0.01008

  765.0   0.00998

  766.0   0.00991

  767.0   0.00979

  768.0   0.00969

  769.0   0.00962

  770.0   0.00950

  771.0   0.00946

  772.0   0.00939

  773.0   0.00924

  774.0   0.00925

  775.0   0.00919

  776.0   0.00920

  777.0   0.00914

  778.0   0.00907

  779.0   0.00897

  780.0   0.00891

  781.0   0.00889

  782.0   0.00888

  783.0   0.00879

  784.0   0.00872

  785.0   0.00868

  786.0   0.00864

  787.0   0.00860

  788.0   0.00857

  789.0   0.00850

  790.0   0.00852

  791.0   0.00853

  792.0   0.00855

  793.0   0.00845

  794.0   0.00836

  795.0   0.00835

  796.0   0.00830

  797.0   0.00826

  798.0   0.00827

  799.0   0.00819

  800.0   0.00817

 
