ser ID: DU600

Method ID: A:\DEFAULT

Date: 07/26/00

Time: 08:05

 200.0   2.93626

  201.0   2.60509

  202.0   3.03981

  203.0   2.77725

  204.0   2.51620

  205.0   2.49892

  206.0   2.88295

  207.0   3.21285

  208.0   3.54320

  209.0   3.09691

  210.0   3.12167

  211.0   3.32305

  212.0   3.16918

  213.0   3.67015

  214.0   3.69046

  215.0   3.70927

  216.0   3.72730

  217.0   3.74687

  218.0   3.76283

  219.0   3.77866

  220.0   3.79323

  221.0   3.33014

  222.0   3.82197

  223.0   3.35762

  224.0   3.84689

  225.0   3.16005

  226.0   3.17272

  227.0   3.28160

  228.0   2.99134

  229.0   3.06043

  230.0   3.21769

  231.0   3.92557

  232.0   3.93450

  233.0   3.64048

  234.0   3.94817

  235.0   3.95332

  236.0   3.95698

  237.0   3.65906

  238.0   3.66153

  239.0   3.96421

  240.0   3.96539

  241.0   3.96581

  242.0   3.96581

  243.0   3.96515

  244.0   3.18597

  245.0   3.96204

  246.0   3.26060

  247.0   3.95636

  248.0   3.47562

  249.0   3.34650

  250.0   3.09929

  251.0   3.33741

  252.0   3.08945

  253.0   3.08458

  254.0   2.92423

  255.0   3.07351

  256.0   3.13524

  257.0   2.95344

  258.0   3.05707

  259.0   2.89476

  260.0   3.18977

  261.0   3.03737

  262.0   2.79646

  263.0   2.78987

  264.0   2.78373

  265.0   2.74224

  266.0   2.67333

  267.0   2.63836

  268.0   2.53548

  269.0   2.48874

  270.0   2.41013

  271.0   2.27692

  272.0   2.13573

  273.0   2.13227

  274.0   2.04005

  275.0   1.98887

  276.0   1.89352

  277.0   1.82846

  278.0   1.77153

  279.0   1.71444

  280.0   1.69307

  281.0   1.63285

  282.0   1.59838

  283.0   1.57095

  284.0   1.54544

  285.0   1.51006

  286.0   1.48330

  287.0   1.46683

  288.0   1.43171

  289.0   1.41968

  290.0   1.40257

  291.0   1.38595

  292.0   1.37843

  293.0   1.36497

  294.0   1.35872

  295.0   1.35229

  296.0   1.33893

  297.0   1.32298

  298.0   1.32070

  299.0   1.31287

  300.0   1.30404

  301.0   1.30061

  302.0   1.29941

  303.0   1.28858

  304.0   1.27076

  305.0   1.25578

  306.0   1.26312

  307.0   1.25785

  308.0   1.25446

  309.0   1.21493

  310.0   1.19026

  311.0   1.17057

  312.0   1.14246

  313.0   1.11172

  314.0   1.08381

  315.0   1.06008

  316.0   1.03347

  317.0   1.01455

  318.0   0.99209

  319.0   0.98030

  320.0   0.96299

  321.0   0.95344

  322.0   0.93303

  323.0   0.92091

  324.0   0.90973

  325.0   0.90077

  326.0   0.89440

  327.0   0.88492

  328.0   0.87727

  329.0   0.86740

  330.0   0.85821

  331.0   0.84998

  332.0   0.84046

  333.0   0.82854

  334.0   0.81421

  335.0   0.81058

  336.0   0.79854

  337.0   0.78540

  338.0   0.77320

  339.0   0.75899

  340.0   0.74545

  341.0   0.73150

  342.0   0.71846

  343.0   0.70261

  344.0   0.68589

  345.0   0.67385

  346.0   0.65782

  347.0   0.64140

  348.0   0.62529

  349.0   0.61012

  350.0   0.59170

  351.0   0.57433

  352.0   0.55813

  353.0   0.53922

  354.0   0.52483

  355.0   0.51046

  356.0   0.50049

  357.0   0.47612

  358.0   0.46173

  359.0   0.44460

  360.0   0.42860

  361.0   0.41385

  362.0   0.39901

  363.0   0.38559

  364.0   0.37188

  365.0   0.35834

  366.0   0.34695

  367.0   0.33408

  368.0   0.32334

  369.0   0.31263

  370.0   0.30124

  371.0   0.29193

  372.0   0.28388

  373.0   0.27475

  374.0   0.26585

  375.0   0.25814

  376.0   0.25074

  377.0   0.24343

  378.0   0.23654

  379.0   0.22993

  380.0   0.22411

  381.0   0.21849

  382.0   0.21323

  383.0   0.20854

  384.0   0.20436

  385.0   0.20032

  386.0   0.19605

  387.0   0.19268

  388.0   0.18942

  389.0   0.18607

  390.0   0.18400

  391.0   0.18172

  392.0   0.17905

  393.0   0.17677

  394.0   0.17486

  395.0   0.17280

  396.0   0.17068

  397.0   0.16873

  398.0   0.16666

  399.0   0.16417

  400.0   0.16194

  401.0   0.15993

  402.0   0.15756

  403.0   0.15561

  404.0   0.15259

  405.0   0.14991

  406.0   0.14760

  407.0   0.14432

  408.0   0.14174

  409.0   0.13817

  410.0   0.13510

  411.0   0.13197

  412.0   0.12783

  413.0   0.12407

  414.0   0.12019

  415.0   0.11816

  416.0   0.11001

  417.0   0.10554

  418.0   0.10169

  419.0   0.09699

  420.0   0.09271

  421.0   0.08858

  422.0   0.08423

  423.0   0.08039

  424.0   0.07601

  425.0   0.07235

  426.0   0.06844

  427.0   0.06497

  428.0   0.06206

  429.0   0.05874

  430.0   0.05579

  431.0   0.05307

  432.0   0.05061

  433.0   0.04819

  434.0   0.04608

  435.0   0.04418

  436.0   0.04227

  437.0   0.04063

  438.0   0.03901

  439.0   0.03760

  440.0   0.03625

  441.0   0.03500

  442.0   0.03389

  443.0   0.03290

  444.0   0.03196

  445.0   0.03093

  446.0   0.03013

  447.0   0.02928

  448.0   0.02855

  449.0   0.02781

  450.0   0.02719

  451.0   0.02652

  452.0   0.02592

  453.0   0.02532

  454.0   0.02469

  455.0   0.02423

  456.0   0.02370

  457.0   0.02305

  458.0   0.02254

  459.0   0.02208

  460.0   0.02171

  461.0   0.02124

  462.0   0.02076

  463.0   0.02042

  464.0   0.01999

  465.0   0.01954

  466.0   0.01917

  467.0   0.01894

  468.0   0.01862

  469.0   0.01828

  470.0   0.01800

  471.0   0.01789

  472.0   0.01764

  473.0   0.01745

  474.0   0.01729

  475.0   0.01713

  476.0   0.01700

  477.0   0.01683

  478.0   0.01668

  479.0   0.01652

  480.0   0.01636

  481.0   0.01624

  482.0   0.01609

  483.0   0.01606

  484.0   0.01596

  485.0   0.01586

  486.0   0.01586

  487.0   0.01583

  488.0   0.01582

  489.0   0.01576

  490.0   0.01571

  491.0   0.01573

  492.0   0.01582

  493.0   0.01578

  494.0   0.01588

  495.0   0.01595

  496.0   0.01604

  497.0   0.01608

  498.0   0.01621

  499.0   0.01626

  500.0   0.01643

  501.0   0.01658

  502.0   0.01682

  503.0   0.01704

  504.0   0.01722

  505.0   0.01744

  506.0   0.01768

  507.0   0.01791

  508.0   0.01813

  509.0   0.01837

  510.0   0.01866

  511.0   0.01897

  512.0   0.01917

  513.0   0.01949

  514.0   0.01975

  515.0   0.02008

  516.0   0.02045

  517.0   0.02080

  518.0   0.02111

  519.0   0.02150

  520.0   0.02188

  521.0   0.02224

  522.0   0.02261

  523.0   0.02294

  524.0   0.02331

  525.0   0.02359

  526.0   0.02395

  527.0   0.02431

  528.0   0.02470

  529.0   0.02509

  530.0   0.02549

  531.0   0.02592

  532.0   0.02641

  533.0   0.02678

  534.0   0.02729

  535.0   0.02780

  536.0   0.02820

  537.0   0.02877

  538.0   0.02916

  539.0   0.02963

  540.0   0.03010

  541.0   0.03048

  542.0   0.03088

  543.0   0.03130

  544.0   0.03170

  545.0   0.03220

  546.0   0.03250

  547.0   0.03288

  548.0   0.03319

  549.0   0.03350

  550.0   0.03379

  551.0   0.03408

  552.0   0.03423

  553.0   0.03441

  554.0   0.03448

  555.0   0.03456

  556.0   0.03466

  557.0   0.03741

  558.0   0.03735

  559.0   0.03733

  560.0   0.03736

  561.0   0.03738

  562.0   0.03746

  563.0   0.03744

  564.0   0.03742

  565.0   0.03737

  566.0   0.03731

  567.0   0.03733

  568.0   0.03727

  569.0   0.03728

  570.0   0.03724

  571.0   0.03723

  572.0   0.03720

  573.0   0.03716

  574.0   0.03713

  575.0   0.03714

  576.0   0.03704

  577.0   0.03703

  578.0   0.03697

  579.0   0.03696

  580.0   0.03700

  581.0   0.03699

  582.0   0.03695

  583.0   0.03699

  584.0   0.03701

  585.0   0.03715

  586.0   0.03726

  587.0   0.03734

  588.0   0.03739

  589.0   0.03739

  590.0   0.03750

  591.0   0.03758

  592.0   0.03758

  593.0   0.03764

  594.0   0.03778

  595.0   0.03787

  596.0   0.03800

  597.0   0.03811

  598.0   0.03826

  599.0   0.03839

  600.0   0.03850

  601.0   0.03863

  602.0   0.03872

  603.0   0.03875

  604.0   0.03882

  605.0   0.03891

  606.0   0.03896

  607.0   0.03905

  608.0   0.03906

  609.0   0.03911

  610.0   0.03920

  611.0   0.03920

  612.0   0.03930

  613.0   0.03935

  614.0   0.03940

  615.0   0.03947

  616.0   0.03956

  617.0   0.03965

  618.0   0.03968

  619.0   0.03974

  620.0   0.03976

  621.0   0.03983

  622.0   0.03986

  623.0   0.03984

  624.0   0.03979

  625.0   0.03982

  626.0   0.03983

  627.0   0.03983

  628.0   0.03982

  629.0   0.03982

  630.0   0.03979

  631.0   0.03976

  632.0   0.03968

  633.0   0.03964

  634.0   0.03957

  635.0   0.03946

  636.0   0.03937

  637.0   0.03935

  638.0   0.03927

  639.0   0.03922

  640.0   0.03918

  641.0   0.03909

  642.0   0.03902

  643.0   0.03890

  644.0   0.03881

  645.0   0.03870

  646.0   0.03851

  647.0   0.03840

  648.0   0.03824

  649.0   0.03811

  650.0   0.03795

  651.0   0.03788

  652.0   0.03773

  653.0   0.03756

  654.0   0.03743

  655.0   0.03722

  656.0   0.03707

  657.0   0.03692

  658.0   0.03672

  659.0   0.03650

  660.0   0.03626

  661.0   0.03604

  662.0   0.03580

  663.0   0.03559

  664.0   0.03535

  665.0   0.03507

  666.0   0.03479

  667.0   0.03454

  668.0   0.03427

  669.0   0.03398

  670.0   0.03370

  671.0   0.03344

  672.0   0.03314

  673.0   0.03285

  674.0   0.03253

  675.0   0.03226

  676.0   0.03198

  677.0   0.03163

  678.0   0.03129

  679.0   0.03098

  680.0   0.03066

  681.0   0.03037

  682.0   0.03012

  683.0   0.02977

  684.0   0.02950

  685.0   0.02910

  686.0   0.02877

  687.0   0.02850

  688.0   0.02819

  689.0   0.02784

  690.0   0.02760

  691.0   0.02722

  692.0   0.02696

  693.0   0.02666

  694.0   0.02637

  695.0   0.02613

  696.0   0.02584

  697.0   0.02549

  698.0   0.02518

  699.0   0.02487

  700.0   0.02457

  701.0   0.02431

  702.0   0.02393

  703.0   0.02367

  704.0   0.02339

  705.0   0.02307

  706.0   0.02283

  707.0   0.02255

  708.0   0.02223

  709.0   0.02194

  710.0   0.02167

  711.0   0.02138

  712.0   0.02113

  713.0   0.02084

  714.0   0.02054

  715.0   0.02028

  716.0   0.02002

  717.0   0.01972

  718.0   0.01945

  719.0   0.01914

  720.0   0.01892

  721.0   0.01865

  722.0   0.01841

  723.0   0.01818

  724.0   0.01798

  725.0   0.01770

  726.0   0.01745

  727.0   0.01727

  728.0   0.01704

  729.0   0.01685

  730.0   0.01666

  731.0   0.01641

  732.0   0.01624

  733.0   0.01602

  734.0   0.01582

  735.0   0.01573

  736.0   0.01786

  737.0   0.01742

  738.0   0.01701

  739.0   0.01678

  740.0   0.01644

  741.0   0.01613

  742.0   0.01591

  743.0   0.01564

  744.0   0.01533

  745.0   0.01512

  746.0   0.01486

  747.0   0.01466

  748.0   0.01444

  749.0   0.01427

  750.0   0.01408

  751.0   0.01381

  752.0   0.01367

  753.0   0.01352

  754.0   0.01328

  755.0   0.01317

  756.0   0.01299

  757.0   0.01282

  758.0   0.01267

  759.0   0.01252

  760.0   0.01244

  761.0   0.01229

  762.0   0.01217

  763.0   0.01212

  764.0   0.01200

  765.0   0.01188

  766.0   0.01178

  767.0   0.01166

  768.0   0.01159

  769.0   0.01153

  770.0   0.01141

  771.0   0.01137

  772.0   0.01128

  773.0   0.01113

  774.0   0.01112

  775.0   0.01111

  776.0   0.01107

  777.0   0.01104

  778.0   0.01094

  779.0   0.01088

  780.0   0.01084

  781.0   0.01075

  782.0   0.01074

  783.0   0.01068

  784.0   0.01067

  785.0   0.01061

  786.0   0.01054

  787.0   0.01051

  788.0   0.01048

  789.0   0.01044

  790.0   0.01052

  791.0   0.01046

  792.0   0.01045

  793.0   0.01038

  794.0   0.01035

  795.0   0.01034

  796.0   0.01033

  797.0   0.01032

  798.0   0.01027

  799.0   0.01020

  800.0   0.01021

 
