ser ID: DU600

Method ID: A:\DEFAULT

Date: 07/26/00

Time: 04:46

 200.0   2.45914

  201.0   3.30406

  202.0   3.03981

  203.0   3.37931

  204.0   3.41929

  205.0   2.97604

  206.0   3.00789

  207.0   3.51388

  208.0   3.54320

  209.0   3.27300

  210.0   3.59879

  211.0   2.92511

  212.0   3.16918

  213.0   2.89200

  214.0   2.91231

  215.0   3.40824

  216.0   3.72730

  217.0   3.74687

  218.0   3.76283

  219.0   3.77866

  220.0   3.31611

  221.0   3.02911

  222.0   3.34485

  223.0   3.83474

  224.0   3.84689

  225.0   3.85902

  226.0   3.87169

  227.0   3.88366

  228.0   3.19546

  229.0   3.20656

  230.0   3.31460

  231.0   3.44845

  232.0   3.93450

  233.0   3.94151

  234.0   3.94817

  235.0   3.95332

  236.0   3.47986

  237.0   3.48297

  238.0   3.96256

  239.0   3.96421

  240.0   3.96539

  241.0   3.96581

  242.0   3.96581

  243.0   3.96515

  244.0   3.66309

  245.0   2.92064

  246.0   3.65854

  247.0   3.95636

  248.0   3.95274

  249.0   3.94856

  250.0   3.94438

  251.0   3.63844

  252.0   3.63352

  253.0   3.08458

  254.0   2.84505

  255.0   3.31655

  256.0   3.91339

  257.0   3.90768

  258.0   3.90217

  259.0   3.59373

  260.0   3.88874

  261.0   3.88247

  262.0   3.87564

  263.0   3.86906

  264.0   3.86291

  265.0   3.85618

  266.0   3.84942

  267.0   3.06433

  268.0   2.53548

  269.0   2.41619

  270.0   2.42716

  271.0   2.67486

  272.0   2.67084

  273.0   2.85927

  274.0   2.81090

  275.0   2.69447

  276.0   2.60321

  277.0   2.60206

  278.0   2.60084

  279.0   2.46192

  280.0   2.50263

  281.0   2.29797

  282.0   2.18972

  283.0   2.18862

  284.0   2.09315

  285.0   2.01477

  286.0   1.96676

  287.0   1.93004

  288.0   1.85458

  289.0   1.79557

  290.0   1.73232

  291.0   1.67382

  292.0   1.62270

  293.0   1.57841

  294.0   1.55078

  295.0   1.50653

  296.0   1.46941

  297.0   1.43504

  298.0   1.39299

  299.0   1.35014

  300.0   1.30970

  301.0   1.27875

  302.0   1.24779

  303.0   1.21752

  304.0   1.18958

  305.0   1.16069

  306.0   1.12506

  307.0   1.09025

  308.0   1.05418

  309.0   1.01484

  310.0   0.98599

  311.0   0.94690

  312.0   0.90901

  313.0   0.87490

  314.0   0.84036

  315.0   0.80944

  316.0   0.78292

  317.0   0.75967

  318.0   0.74342

  319.0   0.72587

  320.0   0.71591

  321.0   0.70869

  322.0   0.69067

  323.0   0.68631

  324.0   0.68293

  325.0   0.68100

  326.0   0.68068

  327.0   0.68233

  328.0   0.68387

  329.0   0.68696

  330.0   0.69099

  331.0   0.69350

  332.0   0.70000

  333.0   0.70438

  334.0   0.71085

  335.0   0.71833

  336.0   0.72475

  337.0   0.72971

  338.0   0.73519

  339.0   0.74579

  340.0   0.74946

  341.0   0.76181

  342.0   0.77060

  343.0   0.77472

  344.0   0.78462

  345.0   0.78925

  346.0   0.79444

  347.0   0.79756

  348.0   0.80120

  349.0   0.81002

  350.0   0.81118

  351.0   0.81300

  352.0   0.81535

  353.0   0.81339

  354.0   0.81009

  355.0   0.80503

  356.0   0.80543

  357.0   0.80115

  358.0   0.79679

  359.0   0.78848

  360.0   0.78073

  361.0   0.77008

  362.0   0.76004

  363.0   0.74948

  364.0   0.74147

  365.0   0.73095

  366.0   0.71861

  367.0   0.70764

  368.0   0.69904

  369.0   0.68705

  370.0   0.67412

  371.0   0.66257

  372.0   0.65273

  373.0   0.64088

  374.0   0.63244

  375.0   0.62203

  376.0   0.61152

  377.0   0.59985

  378.0   0.58900

  379.0   0.57859

  380.0   0.56745

  381.0   0.55610

  382.0   0.54650

  383.0   0.53534

  384.0   0.52474

  385.0   0.51466

  386.0   0.50307

  387.0   0.49248

  388.0   0.48148

  389.0   0.47029

  390.0   0.46105

  391.0   0.45192

  392.0   0.44143

  393.0   0.43239

  394.0   0.42322

  395.0   0.41417

  396.0   0.40595

  397.0   0.39683

  398.0   0.38902

  399.0   0.38049

  400.0   0.37364

  401.0   0.36641

  402.0   0.35832

  403.0   0.35207

  404.0   0.34371

  405.0   0.33718

  406.0   0.33053

  407.0   0.32270

  408.0   0.31609

  409.0   0.30845

  410.0   0.30146

  411.0   0.29498

  412.0   0.28674

  413.0   0.27962

  414.0   0.27194

  415.0   0.26808

  416.0   0.25493

  417.0   0.24673

  418.0   0.23917

  419.0   0.23094

  420.0   0.22339

  421.0   0.21582

  422.0   0.20769

  423.0   0.20050

  424.0   0.19271

  425.0   0.18583

  426.0   0.17864

  427.0   0.17207

  428.0   0.16617

  429.0   0.15956

  430.0   0.15372

  431.0   0.14785

  432.0   0.14258

  433.0   0.13713

  434.0   0.13259

  435.0   0.12804

  436.0   0.12335

  437.0   0.11936

  438.0   0.11506

  439.0   0.11133

  440.0   0.10748

  441.0   0.10403

  442.0   0.10057

  443.0   0.09756

  444.0   0.09460

  445.0   0.09140

  446.0   0.08878

  447.0   0.08577

  448.0   0.08311

  449.0   0.08044

  450.0   0.07806

  451.0   0.07543

  452.0   0.07316

  453.0   0.07068

  454.0   0.06846

  455.0   0.06616

  456.0   0.06409

  457.0   0.06194

  458.0   0.05969

  459.0   0.05780

  460.0   0.05578

  461.0   0.05389

  462.0   0.05199

  463.0   0.05032

  464.0   0.04837

  465.0   0.04661

  466.0   0.04493

  467.0   0.04340

  468.0   0.04181

  469.0   0.04041

  470.0   0.03889

  471.0   0.03768

  472.0   0.03627

  473.0   0.03510

  474.0   0.03388

  475.0   0.03272

  476.0   0.03158

  477.0   0.03056

  478.0   0.02951

  479.0   0.02855

  480.0   0.02751

  481.0   0.02663

  482.0   0.02575

  483.0   0.02497

  484.0   0.02414

  485.0   0.02345

  486.0   0.02273

  487.0   0.02218

  488.0   0.02158

  489.0   0.02096

  490.0   0.02035

  491.0   0.01982

  492.0   0.01933

  493.0   0.01883

  494.0   0.01838

  495.0   0.01798

  496.0   0.01754

  497.0   0.01720

  498.0   0.01680

  499.0   0.01646

  500.0   0.01617

  501.0   0.01588

  502.0   0.01567

  503.0   0.01549

  504.0   0.01526

  505.0   0.01511

  506.0   0.01498

  507.0   0.01482

  508.0   0.01476

  509.0   0.01456

  510.0   0.01450

  511.0   0.01441

  512.0   0.01429

  513.0   0.01422

  514.0   0.01409

  515.0   0.01413

  516.0   0.01413

  517.0   0.01406

  518.0   0.01405

  519.0   0.01409

  520.0   0.01409

  521.0   0.01410

  522.0   0.01415

  523.0   0.01415

  524.0   0.01425

  525.0   0.01424

  526.0   0.01425

  527.0   0.01427

  528.0   0.01435

  529.0   0.01443

  530.0   0.01450

  531.0   0.01466

  532.0   0.01474

  533.0   0.01482

  534.0   0.01495

  535.0   0.01512

  536.0   0.01520

  537.0   0.01536

  538.0   0.01552

  539.0   0.01565

  540.0   0.01580

  541.0   0.01589

  542.0   0.01600

  543.0   0.01617

  544.0   0.01632

  545.0   0.01645

  546.0   0.01648

  547.0   0.01657

  548.0   0.01668

  549.0   0.01671

  550.0   0.01678

  551.0   0.01682

  552.0   0.01685

  553.0   0.01689

  554.0   0.01683

  555.0   0.01684

  556.0   0.01685

  557.0   0.01755

  558.0   0.01753

  559.0   0.01751

  560.0   0.01752

  561.0   0.01752

  562.0   0.01756

  563.0   0.01753

  564.0   0.01752

  565.0   0.01750

  566.0   0.01747

  567.0   0.01746

  568.0   0.01746

  569.0   0.01750

  570.0   0.01749

  571.0   0.01746

  572.0   0.01742

  573.0   0.01743

  574.0   0.01739

  575.0   0.01738

  576.0   0.01736

  577.0   0.01731

  578.0   0.01731

  579.0   0.01729

  580.0   0.01734

  581.0   0.01730

  582.0   0.01725

  583.0   0.01726

  584.0   0.01717

  585.0   0.01717

  586.0   0.01713

  587.0   0.01709

  588.0   0.01704

  589.0   0.01699

  590.0   0.01698

  591.0   0.01701

  592.0   0.01696

  593.0   0.01697

  594.0   0.01702

  595.0   0.01698

  596.0   0.01696

  597.0   0.01698

  598.0   0.01697

  599.0   0.01699

  600.0   0.01700

  601.0   0.01706

  602.0   0.01708

  603.0   0.01710

  604.0   0.01715

  605.0   0.01719

  606.0   0.01718

  607.0   0.01726

  608.0   0.01724

  609.0   0.01727

  610.0   0.01731

  611.0   0.01733

  612.0   0.01738

  613.0   0.01743

  614.0   0.01745

  615.0   0.01752

  616.0   0.01753

  617.0   0.01755

  618.0   0.01759

  619.0   0.01759

  620.0   0.01764

  621.0   0.01766

  622.0   0.01764

  623.0   0.01764

  624.0   0.01760

  625.0   0.01767

  626.0   0.01761

  627.0   0.01757

  628.0   0.01758

  629.0   0.01759

  630.0   0.01760

  631.0   0.01760

  632.0   0.01755

  633.0   0.01751

  634.0   0.01752

  635.0   0.01747

  636.0   0.01741

  637.0   0.01740

  638.0   0.01734

  639.0   0.01735

  640.0   0.01731

  641.0   0.01731

  642.0   0.01731

  643.0   0.01724

  644.0   0.01721

  645.0   0.01711

  646.0   0.01698

  647.0   0.01692

  648.0   0.01683

  649.0   0.01678

  650.0   0.01671

  651.0   0.01666

  652.0   0.01661

  653.0   0.01652

  654.0   0.01642

  655.0   0.01636

  656.0   0.01626

  657.0   0.01621

  658.0   0.01613

  659.0   0.01606

  660.0   0.01600

  661.0   0.01592

  662.0   0.01584

  663.0   0.01582

  664.0   0.01569

  665.0   0.01560

  666.0   0.01546

  667.0   0.01540

  668.0   0.01531

  669.0   0.01520

  670.0   0.01512

  671.0   0.01505

  672.0   0.01497

  673.0   0.01487

  674.0   0.01474

  675.0   0.01464

  676.0   0.01454

  677.0   0.01439

  678.0   0.01430

  679.0   0.01418

  680.0   0.01407

  681.0   0.01399

  682.0   0.01386

  683.0   0.01370

  684.0   0.01362

  685.0   0.01346

  686.0   0.01334

  687.0   0.01321

  688.0   0.01307

  689.0   0.01292

  690.0   0.01281

  691.0   0.01267

  692.0   0.01260

  693.0   0.01247

  694.0   0.01236

  695.0   0.01229

  696.0   0.01216

  697.0   0.01206

  698.0   0.01187

  699.0   0.01175

  700.0   0.01160

  701.0   0.01147

  702.0   0.01132

  703.0   0.01121

  704.0   0.01108

  705.0   0.01095

  706.0   0.01082

  707.0   0.01071

  708.0   0.01054

  709.0   0.01038

  710.0   0.01025

  711.0   0.01010

  712.0   0.01000

  713.0   0.00991

  714.0   0.00981

  715.0   0.00971

  716.0   0.00959

  717.0   0.00947

  718.0   0.00937

  719.0   0.00925

  720.0   0.00913

  721.0   0.00903

  722.0   0.00891

  723.0   0.00879

  724.0   0.00866

  725.0   0.00861

  726.0   0.00846

  727.0   0.00839

  728.0   0.00830

  729.0   0.00828

  730.0   0.00820

  731.0   0.00810

  732.0   0.00809

  733.0   0.00798

  734.0   0.00790

  735.0   0.00786

  736.0   0.00830

  737.0   0.00806

  738.0   0.00790

  739.0   0.00786

  740.0   0.00773

  741.0   0.00761

  742.0   0.00754

  743.0   0.00740

  744.0   0.00726

  745.0   0.00720

  746.0   0.00714

  747.0   0.00703

  748.0   0.00697

  749.0   0.00689

  750.0   0.00683

  751.0   0.00673

  752.0   0.00668

  753.0   0.00662

  754.0   0.00652

  755.0   0.00652

  756.0   0.00645

  757.0   0.00637

  758.0   0.00628

  759.0   0.00615

  760.0   0.00615

  761.0   0.00608

  762.0   0.00597

  763.0   0.00595

  764.0   0.00590

  765.0   0.00586

  766.0   0.00584

  767.0   0.00579

  768.0   0.00569

  769.0   0.00570

  770.0   0.00560

  771.0   0.00555

  772.0   0.00551

  773.0   0.00543

  774.0   0.00547

  775.0   0.00542

  776.0   0.00540

  777.0   0.00536

  778.0   0.00531

  779.0   0.00529

  780.0   0.00519

  781.0   0.00515

  782.0   0.00516

  783.0   0.00511

  784.0   0.00506

  785.0   0.00502

  786.0   0.00503

  787.0   0.00501

  788.0   0.00497

  789.0   0.00487

  790.0   0.00496

  791.0   0.00497

  792.0   0.00495

  793.0   0.00493

  794.0   0.00489

  795.0   0.00493

  796.0   0.00488

  797.0   0.00486

  798.0   0.00483

  799.0   0.00475

  800.0   0.00464

 
