ser ID: DU600

Method ID: A:\DEFAULT

Date: 08/06/00

Time: 07:37

 200.0   3.17114

  201.0   3.24254

  202.0   2.58456

  203.0   2.62387

  204.0   3.36530

  205.0   3.40209

  206.0   3.43313

  207.0   2.98752

  208.0   2.89307

  209.0   3.04961

  210.0   3.07579

  211.0   3.57921

  212.0   3.30168

  213.0   3.62870

  214.0   3.65040

  215.0   3.06828

  216.0   2.99105

  217.0   3.01140

  218.0   3.02873

  219.0   2.96606

  220.0   3.75959

  221.0   3.77422

  222.0   3.18808

  223.0   3.80353

  224.0   3.51581

  225.0   3.13066

  226.0   2.99795

  227.0   3.55413

  228.0   3.86794

  229.0   3.87898

  230.0   3.28942

  231.0   3.90206

  232.0   3.61029

  233.0   3.22079

  234.0   3.02423

  235.0   2.97884

  236.0   3.03433

  237.0   3.33890

  238.0   3.94325

  239.0   2.99063

  240.0   2.79964

  241.0   2.79909

  242.0   2.64355

  243.0   2.54526

  244.0   2.44975

  245.0   2.38222

  246.0   2.29185

  247.0   2.16798

  248.0   2.06436

  249.0   1.95043

  250.0   1.84011

  251.0   1.73202

  252.0   1.63988

  253.0   1.55403

  254.0   1.48302

  255.0   1.40804

  256.0   1.33806

  257.0   1.26558

  258.0   1.19970

  259.0   1.13537

  260.0   1.08360

  261.0   1.03565

  262.0   0.98960

  263.0   0.94974

  264.0   0.91154

  265.0   0.87785

  266.0   0.84451

  267.0   0.81361

  268.0   0.78556

  269.0   0.76133

  270.0   0.73780

  271.0   0.71352

  272.0   0.68898

  273.0   0.66416

  274.0   0.63734

  275.0   0.61413

  276.0   0.59104

  277.0   0.56757

  278.0   0.54421

  279.0   0.52422

  280.0   0.50355

  281.0   0.48144

  282.0   0.46307

  283.0   0.44332

  284.0   0.42551

  285.0   0.40565

  286.0   0.38897

  287.0   0.37136

  288.0   0.35346

  289.0   0.33768

  290.0   0.32316

  291.0   0.30907

  292.0   0.29519

  293.0   0.28396

  294.0   0.27290

  295.0   0.26130

  296.0   0.24985

  297.0   0.23962

  298.0   0.22927

  299.0   0.21947

  300.0   0.21159

  301.0   0.20466

  302.0   0.19847

  303.0   0.19353

  304.0   0.18808

  305.0   0.18385

  306.0   0.17855

  307.0   0.17449

  308.0   0.17111

  309.0   0.16743

  310.0   0.16389

  311.0   0.16018

  312.0   0.15628

  313.0   0.15311

  314.0   0.14923

  315.0   0.14563

  316.0   0.14244

  317.0   0.13909

  318.0   0.13660

  319.0   0.13486

  320.0   0.13340

  321.0   0.13218

  322.0   0.13034

  323.0   0.12849

  324.0   0.12759

  325.0   0.12689

  326.0   0.12640

  327.0   0.12611

  328.0   0.12644

  329.0   0.12712

  330.0   0.12640

  331.0   0.12614

  332.0   0.12591

  333.0   0.12600

  334.0   0.12503

  335.0   0.12590

  336.0   0.12608

  337.0   0.12617

  338.0   0.12689

  339.0   0.12747

  340.0   0.12814

  341.0   0.12785

  342.0   0.12808

  343.0   0.12804

  344.0   0.12882

  345.0   0.12963

  346.0   0.12941

  347.0   0.12982

  348.0   0.13001

  349.0   0.13024

  350.0   0.12843

  351.0   0.12843

  352.0   0.12894

  353.0   0.12810

  354.0   0.12693

  355.0   0.12624

  356.0   0.12494

  357.0   0.12434

  358.0   0.12269

  359.0   0.12052

  360.0   0.11915

  361.0   0.11791

  362.0   0.11588

  363.0   0.11328

  364.0   0.11226

  365.0   0.10916

  366.0   0.10734

  367.0   0.10493

  368.0   0.10340

  369.0   0.10119

  370.0   0.09851

  371.0   0.09631

  372.0   0.09458

  373.0   0.09272

  374.0   0.09049

  375.0   0.08818

  376.0   0.08636

  377.0   0.08437

  378.0   0.08181

  379.0   0.08005

  380.0   0.07824

  381.0   0.07605

  382.0   0.07419

  383.0   0.07270

  384.0   0.07084

  385.0   0.06923

  386.0   0.06688

  387.0   0.06547

  388.0   0.06376

  389.0   0.06244

  390.0   0.06121

  391.0   0.05974

  392.0   0.05877

  393.0   0.05751

  394.0   0.05619

  395.0   0.05510

  396.0   0.05398

  397.0   0.05309

  398.0   0.05209

  399.0   0.05113

  400.0   0.05036

  401.0   0.04959

  402.0   0.04878

  403.0   0.04767

  404.0   0.04672

  405.0   0.04604

  406.0   0.04537

  407.0   0.04443

  408.0   0.04352

  409.0   0.04236

  410.0   0.04144

  411.0   0.04073

  412.0   0.03968

  413.0   0.03863

  414.0   0.03782

  415.0   0.03718

  416.0   0.03556

  417.0   0.03421

  418.0   0.03322

  419.0   0.03194

  420.0   0.03087

  421.0   0.02968

  422.0   0.02855

  423.0   0.02732

  424.0   0.02621

  425.0   0.02514

  426.0   0.02420

  427.0   0.02322

  428.0   0.02214

  429.0   0.02106

  430.0   0.02025

  431.0   0.01937

  432.0   0.01862

  433.0   0.01791

  434.0   0.01728

  435.0   0.01666

  436.0   0.01576

  437.0   0.01516

  438.0   0.01451

  439.0   0.01402

  440.0   0.01343

  441.0   0.01300

  442.0   0.01251

  443.0   0.01212

  444.0   0.01166

  445.0   0.01110

  446.0   0.01072

  447.0   0.01043

  448.0   0.01003

  449.0   0.00969

  450.0   0.00949

  451.0   0.00921

  452.0   0.00886

  453.0   0.00861

  454.0   0.00829

  455.0   0.00801

  456.0   0.00779

  457.0   0.00754

  458.0   0.00724

  459.0   0.00700

  460.0   0.00683

  461.0   0.00658

  462.0   0.00636

  463.0   0.00621

  464.0   0.00609

  465.0   0.00596

  466.0   0.00581

  467.0   0.00566

  468.0   0.00553

  469.0   0.00533

  470.0   0.00521

  471.0   0.00515

  472.0   0.00512

  473.0   0.00499

  474.0   0.00487

  475.0   0.00474

  476.0   0.00461

  477.0   0.00450

  478.0   0.00439

  479.0   0.00427

  480.0   0.00414

  481.0   0.00409

  482.0   0.00396

  483.0   0.00396

  484.0   0.00389

  485.0   0.00386

  486.0   0.00377

  487.0   0.00372

  488.0   0.00374

  489.0   0.00367

  490.0   0.00366

  491.0   0.00364

  492.0   0.00356

  493.0   0.00352

  494.0   0.00346

  495.0   0.00345

  496.0   0.00345

  497.0   0.00348

  498.0   0.00355

  499.0   0.00360

  500.0   0.00371

  501.0   0.00372

  502.0   0.00377

  503.0   0.00390

  504.0   0.00399

  505.0   0.00404

  506.0   0.00411

  507.0   0.00420

  508.0   0.00427

  509.0   0.00427

  510.0   0.00436

  511.0   0.00434

  512.0   0.00441

  513.0   0.00447

  514.0   0.00456

  515.0   0.00466

  516.0   0.00477

  517.0   0.00481

  518.0   0.00487

  519.0   0.00492

  520.0   0.00494

  521.0   0.00499

  522.0   0.00502

  523.0   0.00509

  524.0   0.00506

  525.0   0.00512

  526.0   0.00512

  527.0   0.00519

  528.0   0.00521

  529.0   0.00529

  530.0   0.00529

  531.0   0.00532

  532.0   0.00540

  533.0   0.00545

  534.0   0.00557

  535.0   0.00565

  536.0   0.00570

  537.0   0.00579

  538.0   0.00585

  539.0   0.00591

  540.0   0.00597

  541.0   0.00608

  542.0   0.00622

  543.0   0.00631

  544.0   0.00645

  545.0   0.00649

  546.0   0.00664

  547.0   0.00669

  548.0   0.00679

  549.0   0.00682

  550.0   0.00690

  551.0   0.00694

  552.0   0.00704

  553.0   0.00708

  554.0   0.00719

  555.0   0.00722

  556.0   0.00723

  557.0   0.00798

  558.0   0.00801

  559.0   0.00802

  560.0   0.00801

  561.0   0.00798

  562.0   0.00794

  563.0   0.00796

  564.0   0.00793

  565.0   0.00796

  566.0   0.00799

  567.0   0.00800

  568.0   0.00803

  569.0   0.00800

  570.0   0.00803

  571.0   0.00804

  572.0   0.00800

  573.0   0.00804

  574.0   0.00806

  575.0   0.00803

  576.0   0.00806

  577.0   0.00805

  578.0   0.00813

  579.0   0.00818

  580.0   0.00825

  581.0   0.00828

  582.0   0.00831

  583.0   0.00833

  584.0   0.00843

  585.0   0.00847

  586.0   0.00854

  587.0   0.00861

  588.0   0.00867

  589.0   0.00878

  590.0   0.00877

  591.0   0.00886

  592.0   0.00890

  593.0   0.00899

  594.0   0.00899

  595.0   0.00915

  596.0   0.00917

  597.0   0.00919

  598.0   0.00921

  599.0   0.00919

  600.0   0.00917

  601.0   0.00918

  602.0   0.00921

  603.0   0.00920

  604.0   0.00920

  605.0   0.00921

  606.0   0.00923

  607.0   0.00921

  608.0   0.00927

  609.0   0.00921

  610.0   0.00917

  611.0   0.00920

  612.0   0.00918

  613.0   0.00922

  614.0   0.00925

  615.0   0.00932

  616.0   0.00930

  617.0   0.00930

  618.0   0.00933

  619.0   0.00931

  620.0   0.00934

  621.0   0.00934

  622.0   0.00934

  623.0   0.00930

  624.0   0.00929

  625.0   0.00929

  626.0   0.00931

  627.0   0.00933

  628.0   0.00930

  629.0   0.00934

  630.0   0.00931

  631.0   0.00927

  632.0   0.00924

  633.0   0.00927

  634.0   0.00931

  635.0   0.00932

  636.0   0.00933

  637.0   0.00936

  638.0   0.00936

  639.0   0.00942

  640.0   0.00947

  641.0   0.00950

  642.0   0.00955

  643.0   0.00960

  644.0   0.00967

  645.0   0.00972

  646.0   0.00977

  647.0   0.00981

  648.0   0.00979

  649.0   0.00981

  650.0   0.00983

  651.0   0.00982

  652.0   0.00982

  653.0   0.00981

  654.0   0.00979

  655.0   0.00978

  656.0   0.00978

  657.0   0.00977

  658.0   0.00975

  659.0   0.00979

  660.0   0.00977

  661.0   0.00982

  662.0   0.00981

  663.0   0.00979

  664.0   0.00974

  665.0   0.00972

  666.0   0.00966

  667.0   0.00972

  668.0   0.00970

  669.0   0.00971

  670.0   0.00968

  671.0   0.00965

  672.0   0.00961

  673.0   0.00960

  674.0   0.00958

  675.0   0.00952

  676.0   0.00945

  677.0   0.00938

  678.0   0.00939

  679.0   0.00943

  680.0   0.00954

  681.0   0.00966

  682.0   0.00973

  683.0   0.00976

  684.0   0.00970

  685.0   0.00972

  686.0   0.00970

  687.0   0.00968

  688.0   0.00963

  689.0   0.00963

  690.0   0.00954

  691.0   0.00951

  692.0   0.00948

  693.0   0.00946

  694.0   0.00941

  695.0   0.00937

  696.0   0.00938

  697.0   0.00935

  698.0   0.00934

  699.0   0.00935

  700.0   0.00932

  701.0   0.00923

  702.0   0.00918

  703.0   0.00917

  704.0   0.00916

  705.0   0.00913

  706.0   0.00915

  707.0   0.00909

  708.0   0.00907

  709.0   0.00908

  710.0   0.00893

  711.0   0.00895

  712.0   0.00892

  713.0   0.00883

  714.0   0.00885

  715.0   0.00882

  716.0   0.00886

  717.0   0.00884

  718.0   0.00888

  719.0   0.00883

  720.0   0.00879

  721.0   0.00879

  722.0   0.00875

  723.0   0.00878

  724.0   0.00876

  725.0   0.00874

  726.0   0.00872

  727.0   0.00872

  728.0   0.00867

  729.0   0.00863

  730.0   0.00860

  731.0   0.00852

  732.0   0.00848

  733.0   0.00847

  734.0   0.00848

  735.0   0.00847

  736.0   0.00861

  737.0   0.00852

  738.0   0.00847

  739.0   0.00845

  740.0   0.00840

  741.0   0.00838

  742.0   0.00836

  743.0   0.00838

  744.0   0.00842

  745.0   0.00844

  746.0   0.00846

  747.0   0.00845

  748.0   0.00842

  749.0   0.00836

  750.0   0.00819

  751.0   0.00821

  752.0   0.00813

  753.0   0.00802

  754.0   0.00803

  755.0   0.00803

  756.0   0.00795

  757.0   0.00787

  758.0   0.00786

  759.0   0.00781

  760.0   0.00775

  761.0   0.00776

  762.0   0.00768

  763.0   0.00763

  764.0   0.00756

  765.0   0.00754

  766.0   0.00754

  767.0   0.00753

  768.0   0.00748

  769.0   0.00741

  770.0   0.00739

  771.0   0.00743

  772.0   0.00741

  773.0   0.00734

  774.0   0.00726

  775.0   0.00719

  776.0   0.00717

  777.0   0.00716

  778.0   0.00708

  779.0   0.00710

  780.0   0.00714

  781.0   0.00706

  782.0   0.00705

  783.0   0.00706

  784.0   0.00696

  785.0   0.00688

  786.0   0.00684

  787.0   0.00688

  788.0   0.00690

  789.0   0.00686

  790.0   0.00681

  791.0   0.00685

  792.0   0.00690

  793.0   0.00685

  794.0   0.00681

  795.0   0.00676

  796.0   0.00686

  797.0   0.00684

  798.0   0.00679

  799.0   0.00680

  800.0   0.00680

 
