ser ID: DU600

Method ID: A:\DEFAULT

Date: 08/06/00

Time: 06:09

 200.0   3.17114

  201.0   3.24254

  202.0   2.58456

  203.0   2.62387

  204.0   3.36530

  205.0   3.40209

  206.0   3.43313

  207.0   3.46464

  208.0   2.71698

  209.0   2.68163

  210.0   3.25188

  211.0   3.27818

  212.0   3.60271

  213.0   3.62870

  214.0   3.34937

  215.0   3.67034

  216.0   3.21290

  217.0   3.40934

  218.0   3.72770

  219.0   3.74421

  220.0   3.75959

  221.0   3.47319

  222.0   3.18808

  223.0   3.02537

  224.0   2.91375

  225.0   3.05147

  226.0   3.84305

  227.0   3.37803

  228.0   3.56691

  229.0   3.40186

  230.0   3.59045

  231.0   3.42494

  232.0   3.43420

  233.0   3.91976

  234.0   3.62629

  235.0   3.93308

  236.0   3.93742

  237.0   3.09587

  238.0   3.04016

  239.0   3.09978

  240.0   3.64473

  241.0   3.94522

  242.0   3.04149

  243.0   2.86402

  244.0   2.86193

  245.0   2.65977

  246.0   2.52033

  247.0   2.56968

  248.0   2.39620

  249.0   2.32149

  250.0   2.17110

  251.0   2.03881

  252.0   1.96001

  253.0   1.87086

  254.0   1.79929

  255.0   1.71192

  256.0   1.62584

  257.0   1.54016

  258.0   1.46309

  259.0   1.38021

  260.0   1.31369

  261.0   1.25902

  262.0   1.19504

  263.0   1.14706

  264.0   1.10172

  265.0   1.06099

  266.0   1.01654

  267.0   0.98927

  268.0   0.95538

  269.0   0.93199

  270.0   0.90282

  271.0   0.88007

  272.0   0.85149

  273.0   0.82701

  274.0   0.80090

  275.0   0.78000

  276.0   0.75240

  277.0   0.72697

  278.0   0.69619

  279.0   0.66972

  280.0   0.64257

  281.0   0.61317

  282.0   0.58857

  283.0   0.56265

  284.0   0.53669

  285.0   0.50819

  286.0   0.48250

  287.0   0.45729

  288.0   0.43307

  289.0   0.41036

  290.0   0.38872

  291.0   0.36956

  292.0   0.34949

  293.0   0.33090

  294.0   0.31455

  295.0   0.29739

  296.0   0.28091

  297.0   0.26413

  298.0   0.24941

  299.0   0.23348

  300.0   0.22139

  301.0   0.21114

  302.0   0.19986

  303.0   0.19066

  304.0   0.18251

  305.0   0.17415

  306.0   0.16521

  307.0   0.15916

  308.0   0.15253

  309.0   0.14735

  310.0   0.14196

  311.0   0.13659

  312.0   0.13167

  313.0   0.12654

  314.0   0.12271

  315.0   0.11963

  316.0   0.11676

  317.0   0.11398

  318.0   0.11104

  319.0   0.10924

  320.0   0.10871

  321.0   0.10783

  322.0   0.10752

  323.0   0.10799

  324.0   0.10855

  325.0   0.10967

  326.0   0.11142

  327.0   0.11249

  328.0   0.11535

  329.0   0.11832

  330.0   0.12045

  331.0   0.12342

  332.0   0.12656

  333.0   0.12976

  334.0   0.13228

  335.0   0.13624

  336.0   0.14017

  337.0   0.14439

  338.0   0.14860

  339.0   0.15292

  340.0   0.15721

  341.0   0.16103

  342.0   0.16594

  343.0   0.16953

  344.0   0.17427

  345.0   0.17823

  346.0   0.18193

  347.0   0.18528

  348.0   0.18903

  349.0   0.19235

  350.0   0.19572

  351.0   0.19784

  352.0   0.19981

  353.0   0.19994

  354.0   0.20135

  355.0   0.20182

  356.0   0.20238

  357.0   0.20335

  358.0   0.20170

  359.0   0.20021

  360.0   0.19962

  361.0   0.19728

  362.0   0.19584

  363.0   0.19283

  364.0   0.19070

  365.0   0.18742

  366.0   0.18414

  367.0   0.18056

  368.0   0.17736

  369.0   0.17406

  370.0   0.17000

  371.0   0.16690

  372.0   0.16371

  373.0   0.16021

  374.0   0.15684

  375.0   0.15383

  376.0   0.14943

  377.0   0.14625

  378.0   0.14122

  379.0   0.13826

  380.0   0.13534

  381.0   0.13194

  382.0   0.12878

  383.0   0.12528

  384.0   0.12161

  385.0   0.11846

  386.0   0.11463

  387.0   0.11138

  388.0   0.10852

  389.0   0.10584

  390.0   0.10314

  391.0   0.10003

  392.0   0.09725

  393.0   0.09469

  394.0   0.09229

  395.0   0.09025

  396.0   0.08813

  397.0   0.08574

  398.0   0.08378

  399.0   0.08165

  400.0   0.08015

  401.0   0.07844

  402.0   0.07705

  403.0   0.07550

  404.0   0.07385

  405.0   0.07220

  406.0   0.07069

  407.0   0.06938

  408.0   0.06811

  409.0   0.06652

  410.0   0.06500

  411.0   0.06376

  412.0   0.06210

  413.0   0.06060

  414.0   0.05927

  415.0   0.05834

  416.0   0.05630

  417.0   0.05466

  418.0   0.05327

  419.0   0.05111

  420.0   0.04968

  421.0   0.04807

  422.0   0.04632

  423.0   0.04461

  424.0   0.04323

  425.0   0.04173

  426.0   0.04025

  427.0   0.03879

  428.0   0.03717

  429.0   0.03561

  430.0   0.03431

  431.0   0.03299

  432.0   0.03179

  433.0   0.03049

  434.0   0.02931

  435.0   0.02816

  436.0   0.02685

  437.0   0.02590

  438.0   0.02478

  439.0   0.02387

  440.0   0.02287

  441.0   0.02190

  442.0   0.02099

  443.0   0.02022

  444.0   0.01938

  445.0   0.01851

  446.0   0.01783

  447.0   0.01716

  448.0   0.01653

  449.0   0.01583

  450.0   0.01543

  451.0   0.01472

  452.0   0.01419

  453.0   0.01362

  454.0   0.01309

  455.0   0.01243

  456.0   0.01210

  457.0   0.01169

  458.0   0.01116

  459.0   0.01068

  460.0   0.01024

  461.0   0.00988

  462.0   0.00943

  463.0   0.00910

  464.0   0.00890

  465.0   0.00861

  466.0   0.00833

  467.0   0.00799

  468.0   0.00783

  469.0   0.00761

  470.0   0.00726

  471.0   0.00697

  472.0   0.00683

  473.0   0.00659

  474.0   0.00646

  475.0   0.00623

  476.0   0.00600

  477.0   0.00585

  478.0   0.00560

  479.0   0.00542

  480.0   0.00519

  481.0   0.00499

  482.0   0.00489

  483.0   0.00478

  484.0   0.00460

  485.0   0.00450

  486.0   0.00441

  487.0   0.00430

  488.0   0.00422

  489.0   0.00412

  490.0   0.00402

  491.0   0.00395

  492.0   0.00377

  493.0   0.00373

  494.0   0.00367

  495.0   0.00364

  496.0   0.00356

  497.0   0.00348

  498.0   0.00347

  499.0   0.00344

  500.0   0.00351

  501.0   0.00352

  502.0   0.00348

  503.0   0.00357

  504.0   0.00362

  505.0   0.00361

  506.0   0.00371

  507.0   0.00380

  508.0   0.00380

  509.0   0.00379

  510.0   0.00381

  511.0   0.00378

  512.0   0.00380

  513.0   0.00384

  514.0   0.00386

  515.0   0.00390

  516.0   0.00392

  517.0   0.00391

  518.0   0.00392

  519.0   0.00393

  520.0   0.00388

  521.0   0.00386

  522.0   0.00387

  523.0   0.00389

  524.0   0.00390

  525.0   0.00392

  526.0   0.00392

  527.0   0.00397

  528.0   0.00397

  529.0   0.00401

  530.0   0.00400

  531.0   0.00404

  532.0   0.00409

  533.0   0.00406

  534.0   0.00407

  535.0   0.00404

  536.0   0.00407

  537.0   0.00418

  538.0   0.00421

  539.0   0.00425

  540.0   0.00423

  541.0   0.00429

  542.0   0.00443

  543.0   0.00452

  544.0   0.00458

  545.0   0.00460

  546.0   0.00465

  547.0   0.00465

  548.0   0.00475

  549.0   0.00476

  550.0   0.00485

  551.0   0.00490

  552.0   0.00494

  553.0   0.00492

  554.0   0.00499

  555.0   0.00499

  556.0   0.00499

  557.0   0.00547

  558.0   0.00553

  559.0   0.00551

  560.0   0.00549

  561.0   0.00554

  562.0   0.00551

  563.0   0.00548

  564.0   0.00546

  565.0   0.00545

  566.0   0.00552

  567.0   0.00553

  568.0   0.00555

  569.0   0.00555

  570.0   0.00558

  571.0   0.00559

  572.0   0.00559

  573.0   0.00559

  574.0   0.00562

  575.0   0.00565

  576.0   0.00561

  577.0   0.00563

  578.0   0.00564

  579.0   0.00566

  580.0   0.00577

  581.0   0.00578

  582.0   0.00578

  583.0   0.00581

  584.0   0.00592

  585.0   0.00600

  586.0   0.00606

  587.0   0.00611

  588.0   0.00613

  589.0   0.00622

  590.0   0.00628

  591.0   0.00635

  592.0   0.00639

  593.0   0.00646

  594.0   0.00651

  595.0   0.00657

  596.0   0.00656

  597.0   0.00653

  598.0   0.00656

  599.0   0.00648

  600.0   0.00651

  601.0   0.00649

  602.0   0.00652

  603.0   0.00647

  604.0   0.00645

  605.0   0.00648

  606.0   0.00648

  607.0   0.00642

  608.0   0.00640

  609.0   0.00638

  610.0   0.00636

  611.0   0.00637

  612.0   0.00637

  613.0   0.00639

  614.0   0.00642

  615.0   0.00639

  616.0   0.00643

  617.0   0.00640

  618.0   0.00640

  619.0   0.00644

  620.0   0.00646

  621.0   0.00650

  622.0   0.00647

  623.0   0.00649

  624.0   0.00646

  625.0   0.00644

  626.0   0.00644

  627.0   0.00649

  628.0   0.00644

  629.0   0.00649

  630.0   0.00651

  631.0   0.00656

  632.0   0.00657

  633.0   0.00656

  634.0   0.00661

  635.0   0.00660

  636.0   0.00661

  637.0   0.00664

  638.0   0.00666

  639.0   0.00669

  640.0   0.00675

  641.0   0.00682

  642.0   0.00689

  643.0   0.00694

  644.0   0.00700

  645.0   0.00704

  646.0   0.00711

  647.0   0.00711

  648.0   0.00716

  649.0   0.00720

  650.0   0.00723

  651.0   0.00722

  652.0   0.00726

  653.0   0.00723

  654.0   0.00722

  655.0   0.00723

  656.0   0.00720

  657.0   0.00724

  658.0   0.00730

  659.0   0.00731

  660.0   0.00735

  661.0   0.00741

  662.0   0.00742

  663.0   0.00738

  664.0   0.00738

  665.0   0.00741

  666.0   0.00740

  667.0   0.00747

  668.0   0.00744

  669.0   0.00744

  670.0   0.00743

  671.0   0.00745

  672.0   0.00743

  673.0   0.00742

  674.0   0.00742

  675.0   0.00740

  676.0   0.00742

  677.0   0.00739

  678.0   0.00736

  679.0   0.00737

  680.0   0.00744

  681.0   0.00743

  682.0   0.00742

  683.0   0.00743

  684.0   0.00744

  685.0   0.00748

  686.0   0.00748

  687.0   0.00745

  688.0   0.00741

  689.0   0.00740

  690.0   0.00736

  691.0   0.00737

  692.0   0.00740

  693.0   0.00738

  694.0   0.00733

  695.0   0.00737

  696.0   0.00738

  697.0   0.00736

  698.0   0.00734

  699.0   0.00738

  700.0   0.00736

  701.0   0.00728

  702.0   0.00726

  703.0   0.00728

  704.0   0.00732

  705.0   0.00730

  706.0   0.00732

  707.0   0.00730

  708.0   0.00733

  709.0   0.00733

  710.0   0.00732

  711.0   0.00732

  712.0   0.00733

  713.0   0.00725

  714.0   0.00730

  715.0   0.00728

  716.0   0.00731

  717.0   0.00730

  718.0   0.00733

  719.0   0.00732

  720.0   0.00724

  721.0   0.00727

  722.0   0.00717

  723.0   0.00716

  724.0   0.00716

  725.0   0.00713

  726.0   0.00709

  727.0   0.00715

  728.0   0.00714

  729.0   0.00715

  730.0   0.00713

  731.0   0.00709

  732.0   0.00709

  733.0   0.00704

  734.0   0.00712

  735.0   0.00713

  736.0   0.00723

  737.0   0.00718

  738.0   0.00722

  739.0   0.00723

  740.0   0.00724

  741.0   0.00725

  742.0   0.00726

  743.0   0.00731

  744.0   0.00741

  745.0   0.00743

  746.0   0.00747

  747.0   0.00758

  748.0   0.00757

  749.0   0.00752

  750.0   0.00735

  751.0   0.00738

  752.0   0.00735

  753.0   0.00727

  754.0   0.00721

  755.0   0.00719

  756.0   0.00714

  757.0   0.00709

  758.0   0.00707

  759.0   0.00702

  760.0   0.00700

  761.0   0.00703

  762.0   0.00706

  763.0   0.00704

  764.0   0.00691

  765.0   0.00694

  766.0   0.00692

  767.0   0.00690

  768.0   0.00683

  769.0   0.00681

  770.0   0.00682

  771.0   0.00691

  772.0   0.00690

  773.0   0.00679

  774.0   0.00675

  775.0   0.00673

  776.0   0.00674

  777.0   0.00673

  778.0   0.00665

  779.0   0.00666

  780.0   0.00665

  781.0   0.00660

  782.0   0.00656

  783.0   0.00657

  784.0   0.00655

  785.0   0.00653

  786.0   0.00643

  787.0   0.00644

  788.0   0.00649

  789.0   0.00641

  790.0   0.00643

  791.0   0.00644

  792.0   0.00645

  793.0   0.00644

  794.0   0.00642

  795.0   0.00631

  796.0   0.00638

  797.0   0.00645

  798.0   0.00640

  799.0   0.00644

  800.0   0.00635

 
