ser ID: DU600

Method ID: A:\DEFAULT

Date: 08/06/00

Time: 06:22

 200.0   3.17114

  201.0   2.64048

  202.0   2.80641

  203.0   3.32284

  204.0   2.58715

  205.0   3.40209

  206.0   3.43313

  207.0   3.46464

  208.0   2.89307

  209.0   2.74858

  210.0   2.77476

  211.0   3.27818

  212.0   3.60271

  213.0   3.62870

  214.0   3.04834

  215.0   3.19322

  216.0   3.69002

  217.0   3.23325

  218.0   3.72770

  219.0   3.74421

  220.0   3.75959

  221.0   3.77422

  222.0   3.79014

  223.0   2.84928

  224.0   3.33972

  225.0   3.22757

  226.0   3.84305

  227.0   3.85516

  228.0   3.26588

  229.0   3.40186

  230.0   3.28942

  231.0   3.20309

  232.0   3.91132

  233.0   3.91976

  234.0   3.22835

  235.0   3.93308

  236.0   3.93742

  237.0   2.98672

  238.0   2.98900

  239.0   2.99063

  240.0   3.64473

  241.0   3.34316

  242.0   3.09948

  243.0   2.73908

  244.0   2.64008

  245.0   2.63749

  246.0   2.61309

  247.0   2.50004

  248.0   2.30443

  249.0   2.23336

  250.0   2.13396

  251.0   1.99479

  252.0   1.90080

  253.0   1.81086

  254.0   1.74737

  255.0   1.64825

  256.0   1.56815

  257.0   1.48988

  258.0   1.40657

  259.0   1.34125

  260.0   1.27846

  261.0   1.21933

  262.0   1.15741

  263.0   1.11036

  264.0   1.06732

  265.0   1.02843

  266.0   0.98910

  267.0   0.95828

  268.0   0.92965

  269.0   0.90188

  270.0   0.87220

  271.0   0.84579

  272.0   0.82182

  273.0   0.79651

  274.0   0.77198

  275.0   0.74751

  276.0   0.71987

  277.0   0.69436

  278.0   0.66334

  279.0   0.63907

  280.0   0.61456

  281.0   0.58774

  282.0   0.56239

  283.0   0.53715

  284.0   0.51450

  285.0   0.48645

  286.0   0.46299

  287.0   0.43944

  288.0   0.41639

  289.0   0.39525

  290.0   0.37640

  291.0   0.35746

  292.0   0.33857

  293.0   0.32224

  294.0   0.30723

  295.0   0.29133

  296.0   0.27560

  297.0   0.26150

  298.0   0.24660

  299.0   0.23262

  300.0   0.22163

  301.0   0.21114

  302.0   0.20114

  303.0   0.19307

  304.0   0.18557

  305.0   0.17853

  306.0   0.17076

  307.0   0.16458

  308.0   0.15904

  309.0   0.15364

  310.0   0.14892

  311.0   0.14379

  312.0   0.13934

  313.0   0.13435

  314.0   0.13080

  315.0   0.12767

  316.0   0.12477

  317.0   0.12091

  318.0   0.11861

  319.0   0.11607

  320.0   0.11562

  321.0   0.11503

  322.0   0.11383

  323.0   0.11384

  324.0   0.11405

  325.0   0.11470

  326.0   0.11585

  327.0   0.11720

  328.0   0.11970

  329.0   0.12193

  330.0   0.12303

  331.0   0.12458

  332.0   0.12656

  333.0   0.12963

  334.0   0.13215

  335.0   0.13519

  336.0   0.13782

  337.0   0.14097

  338.0   0.14386

  339.0   0.14723

  340.0   0.15032

  341.0   0.15477

  342.0   0.15805

  343.0   0.16094

  344.0   0.16442

  345.0   0.16687

  346.0   0.16957

  347.0   0.17258

  348.0   0.17654

  349.0   0.17952

  350.0   0.18047

  351.0   0.18184

  352.0   0.18334

  353.0   0.18451

  354.0   0.18555

  355.0   0.18581

  356.0   0.18575

  357.0   0.18595

  358.0   0.18412

  359.0   0.18331

  360.0   0.18239

  361.0   0.18086

  362.0   0.17801

  363.0   0.17546

  364.0   0.17333

  365.0   0.16942

  366.0   0.16724

  367.0   0.16439

  368.0   0.16174

  369.0   0.15837

  370.0   0.15435

  371.0   0.15146

  372.0   0.14812

  373.0   0.14588

  374.0   0.14260

  375.0   0.13958

  376.0   0.13587

  377.0   0.13281

  378.0   0.12854

  379.0   0.12613

  380.0   0.12348

  381.0   0.12013

  382.0   0.11685

  383.0   0.11413

  384.0   0.11040

  385.0   0.10801

  386.0   0.10485

  387.0   0.10206

  388.0   0.09927

  389.0   0.09659

  390.0   0.09421

  391.0   0.09151

  392.0   0.08948

  393.0   0.08746

  394.0   0.08511

  395.0   0.08300

  396.0   0.08112

  397.0   0.07912

  398.0   0.07737

  399.0   0.07608

  400.0   0.07440

  401.0   0.07266

  402.0   0.07134

  403.0   0.06988

  404.0   0.06858

  405.0   0.06735

  406.0   0.06593

  407.0   0.06485

  408.0   0.06325

  409.0   0.06168

  410.0   0.06036

  411.0   0.05919

  412.0   0.05786

  413.0   0.05637

  414.0   0.05497

  415.0   0.05416

  416.0   0.05191

  417.0   0.05042

  418.0   0.04896

  419.0   0.04721

  420.0   0.04580

  421.0   0.04421

  422.0   0.04266

  423.0   0.04105

  424.0   0.03970

  425.0   0.03828

  426.0   0.03668

  427.0   0.03546

  428.0   0.03393

  429.0   0.03246

  430.0   0.03124

  431.0   0.02993

  432.0   0.02881

  433.0   0.02765

  434.0   0.02642

  435.0   0.02552

  436.0   0.02440

  437.0   0.02338

  438.0   0.02233

  439.0   0.02152

  440.0   0.02062

  441.0   0.01985

  442.0   0.01908

  443.0   0.01824

  444.0   0.01758

  445.0   0.01674

  446.0   0.01614

  447.0   0.01554

  448.0   0.01507

  449.0   0.01448

  450.0   0.01400

  451.0   0.01340

  452.0   0.01293

  453.0   0.01246

  454.0   0.01198

  455.0   0.01146

  456.0   0.01109

  457.0   0.01073

  458.0   0.01033

  459.0   0.00990

  460.0   0.00955

  461.0   0.00932

  462.0   0.00887

  463.0   0.00850

  464.0   0.00827

  465.0   0.00803

  466.0   0.00784

  467.0   0.00754

  468.0   0.00733

  469.0   0.00705

  470.0   0.00675

  471.0   0.00657

  472.0   0.00648

  473.0   0.00624

  474.0   0.00606

  475.0   0.00581

  476.0   0.00565

  477.0   0.00543

  478.0   0.00529

  479.0   0.00515

  480.0   0.00493

  481.0   0.00476

  482.0   0.00466

  483.0   0.00456

  484.0   0.00443

  485.0   0.00434

  486.0   0.00424

  487.0   0.00409

  488.0   0.00401

  489.0   0.00392

  490.0   0.00389

  491.0   0.00386

  492.0   0.00375

  493.0   0.00367

  494.0   0.00356

  495.0   0.00355

  496.0   0.00351

  497.0   0.00350

  498.0   0.00345

  499.0   0.00344

  500.0   0.00351

  501.0   0.00350

  502.0   0.00348

  503.0   0.00351

  504.0   0.00350

  505.0   0.00358

  506.0   0.00365

  507.0   0.00374

  508.0   0.00374

  509.0   0.00376

  510.0   0.00381

  511.0   0.00378

  512.0   0.00385

  513.0   0.00384

  514.0   0.00388

  515.0   0.00394

  516.0   0.00394

  517.0   0.00395

  518.0   0.00399

  519.0   0.00400

  520.0   0.00398

  521.0   0.00395

  522.0   0.00398

  523.0   0.00403

  524.0   0.00401

  525.0   0.00403

  526.0   0.00395

  527.0   0.00401

  528.0   0.00407

  529.0   0.00414

  530.0   0.00416

  531.0   0.00415

  532.0   0.00418

  533.0   0.00417

  534.0   0.00425

  535.0   0.00423

  536.0   0.00428

  537.0   0.00431

  538.0   0.00434

  539.0   0.00445

  540.0   0.00447

  541.0   0.00454

  542.0   0.00457

  543.0   0.00465

  544.0   0.00475

  545.0   0.00484

  546.0   0.00492

  547.0   0.00490

  548.0   0.00496

  549.0   0.00498

  550.0   0.00510

  551.0   0.00514

  552.0   0.00521

  553.0   0.00521

  554.0   0.00527

  555.0   0.00529

  556.0   0.00532

  557.0   0.00579

  558.0   0.00583

  559.0   0.00579

  560.0   0.00584

  561.0   0.00586

  562.0   0.00586

  563.0   0.00584

  564.0   0.00582

  565.0   0.00587

  566.0   0.00590

  567.0   0.00588

  568.0   0.00588

  569.0   0.00588

  570.0   0.00591

  571.0   0.00589

  572.0   0.00584

  573.0   0.00585

  574.0   0.00585

  575.0   0.00585

  576.0   0.00588

  577.0   0.00590

  578.0   0.00593

  579.0   0.00595

  580.0   0.00601

  581.0   0.00606

  582.0   0.00606

  583.0   0.00607

  584.0   0.00614

  585.0   0.00621

  586.0   0.00630

  587.0   0.00636

  588.0   0.00642

  589.0   0.00647

  590.0   0.00651

  591.0   0.00660

  592.0   0.00664

  593.0   0.00669

  594.0   0.00669

  595.0   0.00676

  596.0   0.00682

  597.0   0.00678

  598.0   0.00677

  599.0   0.00674

  600.0   0.00675

  601.0   0.00671

  602.0   0.00672

  603.0   0.00669

  604.0   0.00669

  605.0   0.00670

  606.0   0.00671

  607.0   0.00673

  608.0   0.00670

  609.0   0.00670

  610.0   0.00670

  611.0   0.00674

  612.0   0.00672

  613.0   0.00679

  614.0   0.00683

  615.0   0.00685

  616.0   0.00685

  617.0   0.00685

  618.0   0.00685

  619.0   0.00689

  620.0   0.00689

  621.0   0.00692

  622.0   0.00690

  623.0   0.00689

  624.0   0.00684

  625.0   0.00685

  626.0   0.00687

  627.0   0.00690

  628.0   0.00689

  629.0   0.00692

  630.0   0.00689

  631.0   0.00690

  632.0   0.00687

  633.0   0.00683

  634.0   0.00684

  635.0   0.00684

  636.0   0.00687

  637.0   0.00692

  638.0   0.00695

  639.0   0.00705

  640.0   0.00706

  641.0   0.00716

  642.0   0.00721

  643.0   0.00726

  644.0   0.00729

  645.0   0.00736

  646.0   0.00738

  647.0   0.00741

  648.0   0.00743

  649.0   0.00745

  650.0   0.00750

  651.0   0.00751

  652.0   0.00753

  653.0   0.00748

  654.0   0.00749

  655.0   0.00748

  656.0   0.00747

  657.0   0.00747

  658.0   0.00749

  659.0   0.00750

  660.0   0.00747

  661.0   0.00753

  662.0   0.00753

  663.0   0.00756

  664.0   0.00750

  665.0   0.00751

  666.0   0.00752

  667.0   0.00757

  668.0   0.00755

  669.0   0.00758

  670.0   0.00756

  671.0   0.00757

  672.0   0.00754

  673.0   0.00756

  674.0   0.00754

  675.0   0.00754

  676.0   0.00751

  677.0   0.00746

  678.0   0.00748

  679.0   0.00744

  680.0   0.00746

  681.0   0.00740

  682.0   0.00737

  683.0   0.00736

  684.0   0.00737

  685.0   0.00739

  686.0   0.00742

  687.0   0.00741

  688.0   0.00741

  689.0   0.00740

  690.0   0.00734

  691.0   0.00731

  692.0   0.00731

  693.0   0.00730

  694.0   0.00732

  695.0   0.00733

  696.0   0.00731

  697.0   0.00733

  698.0   0.00736

  699.0   0.00740

  700.0   0.00734

  701.0   0.00726

  702.0   0.00728

  703.0   0.00726

  704.0   0.00726

  705.0   0.00724

  706.0   0.00728

  707.0   0.00728

  708.0   0.00727

  709.0   0.00723

  710.0   0.00719

  711.0   0.00724

  712.0   0.00718

  713.0   0.00719

  714.0   0.00721

  715.0   0.00720

  716.0   0.00723

  717.0   0.00723

  718.0   0.00724

  719.0   0.00725

  720.0   0.00726

  721.0   0.00727

  722.0   0.00724

  723.0   0.00726

  724.0   0.00725

  725.0   0.00724

  726.0   0.00723

  727.0   0.00722

  728.0   0.00723

  729.0   0.00729

  730.0   0.00725

  731.0   0.00721

  732.0   0.00721

  733.0   0.00726

  734.0   0.00729

  735.0   0.00727

  736.0   0.00744

  737.0   0.00738

  738.0   0.00739

  739.0   0.00737

  740.0   0.00732

  741.0   0.00736

  742.0   0.00740

  743.0   0.00742

  744.0   0.00749

  745.0   0.00751

  746.0   0.00759

  747.0   0.00766

  748.0   0.00771

  749.0   0.00763

  750.0   0.00752

  751.0   0.00760

  752.0   0.00749

  753.0   0.00746

  754.0   0.00741

  755.0   0.00747

  756.0   0.00742

  757.0   0.00737

  758.0   0.00735

  759.0   0.00733

  760.0   0.00725

  761.0   0.00720

  762.0   0.00723

  763.0   0.00730

  764.0   0.00733

  765.0   0.00754

  766.0   0.00771

  767.0   0.00781

  768.0   0.00774

  769.0   0.00766

  770.0   0.00759

  771.0   0.00763

  772.0   0.00758

  773.0   0.00756

  774.0   0.00746

  775.0   0.00742

  776.0   0.00740

  777.0   0.00736

  778.0   0.00729

  779.0   0.00730

  780.0   0.00731

  781.0   0.00730

  782.0   0.00731

  783.0   0.00729

  784.0   0.00728

  785.0   0.00721

  786.0   0.00719

  787.0   0.00723

  788.0   0.00719

  789.0   0.00712

  790.0   0.00711

  791.0   0.00712

  792.0   0.00713

  793.0   0.00712

  794.0   0.00710

  795.0   0.00715

  796.0   0.00713

  797.0   0.00708

  798.0   0.00712

  799.0   0.00722

  800.0   0.00710

 
