ser ID: DU600

Method ID: A:\DEFAULT

Date: 08/06/00

Time: 06:04

 200.0   2.32604

  201.0   2.76542

  202.0   2.58456

  203.0   3.32284

  204.0   3.36530

  205.0   2.80003

  206.0   2.65498

  207.0   2.56155

  208.0   3.19410

  209.0   3.52673

  210.0   3.55291

  211.0   3.57921

  212.0   3.12559

  213.0   3.15157

  214.0   2.74731

  215.0   2.97137

  216.0   2.91187

  217.0   3.71037

  218.0   3.42667

  219.0   3.74421

  220.0   3.45856

  221.0   3.29710

  222.0   3.79014

  223.0   3.20147

  224.0   3.51581

  225.0   3.82963

  226.0   3.84305

  227.0   3.85516

  228.0   3.86794

  229.0   3.18001

  230.0   3.19251

  231.0   3.42494

  232.0   3.30926

  233.0   3.31770

  234.0   3.62629

  235.0   3.63205

  236.0   3.93742

  237.0   3.46384

  238.0   3.94325

  239.0   3.24591

  240.0   3.10067

  241.0   3.24625

  242.0   3.34252

  243.0   2.94320

  244.0   2.82717

  245.0   2.79239

  246.0   2.57358

  247.0   2.50004

  248.0   2.37138

  249.0   2.28010

  250.0   2.23805

  251.0   2.10769

  252.0   1.99558

  253.0   1.90865

  254.0   1.83147

  255.0   1.72058

  256.0   1.64525

  257.0   1.57083

  258.0   1.48546

  259.0   1.40035

  260.0   1.33244

  261.0   1.27235

  262.0   1.20473

  263.0   1.15408

  264.0   1.11382

  265.0   1.07670

  266.0   1.03514

  267.0   1.00497

  268.0   0.97008

  269.0   0.94311

  270.0   0.91278

  271.0   0.88747

  272.0   0.86558

  273.0   0.84188

  274.0   0.81913

  275.0   0.79432

  276.0   0.76796

  277.0   0.74011

  278.0   0.70881

  279.0   0.68227

  280.0   0.65533

  281.0   0.62631

  282.0   0.60070

  283.0   0.57355

  284.0   0.54822

  285.0   0.51734

  286.0   0.49135

  287.0   0.46543

  288.0   0.43858

  289.0   0.41614

  290.0   0.39439

  291.0   0.37412

  292.0   0.35319

  293.0   0.33475

  294.0   0.31737

  295.0   0.29839

  296.0   0.28173

  297.0   0.26545

  298.0   0.25018

  299.0   0.23410

  300.0   0.22175

  301.0   0.20948

  302.0   0.19766

  303.0   0.18770

  304.0   0.17948

  305.0   0.17193

  306.0   0.16245

  307.0   0.15587

  308.0   0.14925

  309.0   0.14298

  310.0   0.13770

  311.0   0.13200

  312.0   0.12783

  313.0   0.12290

  314.0   0.11949

  315.0   0.11628

  316.0   0.11225

  317.0   0.10942

  318.0   0.10667

  319.0   0.10505

  320.0   0.10506

  321.0   0.10475

  322.0   0.10470

  323.0   0.10405

  324.0   0.10570

  325.0   0.10681

  326.0   0.10928

  327.0   0.11123

  328.0   0.11421

  329.0   0.11730

  330.0   0.11967

  331.0   0.12225

  332.0   0.12591

  333.0   0.12937

  334.0   0.13241

  335.0   0.13794

  336.0   0.14136

  337.0   0.14584

  338.0   0.15086

  339.0   0.15505

  340.0   0.15962

  341.0   0.16440

  342.0   0.16946

  343.0   0.17430

  344.0   0.17866

  345.0   0.18362

  346.0   0.18748

  347.0   0.19015

  348.0   0.19478

  349.0   0.19855

  350.0   0.20197

  351.0   0.20441

  352.0   0.20641

  353.0   0.20772

  354.0   0.20903

  355.0   0.20925

  356.0   0.21027

  357.0   0.21109

  358.0   0.21032

  359.0   0.20920

  360.0   0.20813

  361.0   0.20614

  362.0   0.20327

  363.0   0.19980

  364.0   0.19836

  365.0   0.19533

  366.0   0.19217

  367.0   0.18835

  368.0   0.18493

  369.0   0.18173

  370.0   0.17655

  371.0   0.17354

  372.0   0.17062

  373.0   0.16741

  374.0   0.16359

  375.0   0.15980

  376.0   0.15566

  377.0   0.15240

  378.0   0.14728

  379.0   0.14448

  380.0   0.14128

  381.0   0.13737

  382.0   0.13389

  383.0   0.13054

  384.0   0.12647

  385.0   0.12327

  386.0   0.11943

  387.0   0.11609

  388.0   0.11317

  389.0   0.11003

  390.0   0.10715

  391.0   0.10393

  392.0   0.10089

  393.0   0.09825

  394.0   0.09592

  395.0   0.09358

  396.0   0.09130

  397.0   0.08911

  398.0   0.08685

  399.0   0.08468

  400.0   0.08280

  401.0   0.08085

  402.0   0.07952

  403.0   0.07799

  404.0   0.07621

  405.0   0.07465

  406.0   0.07315

  407.0   0.07186

  408.0   0.07007

  409.0   0.06868

  410.0   0.06713

  411.0   0.06583

  412.0   0.06424

  413.0   0.06270

  414.0   0.06113

  415.0   0.06029

  416.0   0.05821

  417.0   0.05660

  418.0   0.05497

  419.0   0.05303

  420.0   0.05146

  421.0   0.04971

  422.0   0.04824

  423.0   0.04648

  424.0   0.04497

  425.0   0.04334

  426.0   0.04175

  427.0   0.04024

  428.0   0.03866

  429.0   0.03699

  430.0   0.03572

  431.0   0.03436

  432.0   0.03313

  433.0   0.03185

  434.0   0.03052

  435.0   0.02940

  436.0   0.02789

  437.0   0.02679

  438.0   0.02577

  439.0   0.02484

  440.0   0.02381

  441.0   0.02272

  442.0   0.02185

  443.0   0.02101

  444.0   0.02016

  445.0   0.01922

  446.0   0.01864

  447.0   0.01790

  448.0   0.01722

  449.0   0.01651

  450.0   0.01596

  451.0   0.01534

  452.0   0.01484

  453.0   0.01423

  454.0   0.01368

  455.0   0.01298

  456.0   0.01252

  457.0   0.01211

  458.0   0.01157

  459.0   0.01114

  460.0   0.01069

  461.0   0.01033

  462.0   0.00983

  463.0   0.00945

  464.0   0.00921

  465.0   0.00888

  466.0   0.00864

  467.0   0.00828

  468.0   0.00801

  469.0   0.00765

  470.0   0.00740

  471.0   0.00714

  472.0   0.00700

  473.0   0.00678

  474.0   0.00655

  475.0   0.00635

  476.0   0.00611

  477.0   0.00591

  478.0   0.00565

  479.0   0.00547

  480.0   0.00525

  481.0   0.00504

  482.0   0.00487

  483.0   0.00476

  484.0   0.00465

  485.0   0.00458

  486.0   0.00446

  487.0   0.00430

  488.0   0.00424

  489.0   0.00410

  490.0   0.00402

  491.0   0.00400

  492.0   0.00384

  493.0   0.00376

  494.0   0.00363

  495.0   0.00357

  496.0   0.00353

  497.0   0.00352

  498.0   0.00357

  499.0   0.00352

  500.0   0.00357

  501.0   0.00350

  502.0   0.00348

  503.0   0.00351

  504.0   0.00354

  505.0   0.00356

  506.0   0.00361

  507.0   0.00363

  508.0   0.00366

  509.0   0.00366

  510.0   0.00370

  511.0   0.00368

  512.0   0.00367

  513.0   0.00371

  514.0   0.00365

  515.0   0.00370

  516.0   0.00374

  517.0   0.00377

  518.0   0.00375

  519.0   0.00375

  520.0   0.00368

  521.0   0.00370

  522.0   0.00367

  523.0   0.00369

  524.0   0.00365

  525.0   0.00363

  526.0   0.00363

  527.0   0.00365

  528.0   0.00363

  529.0   0.00367

  530.0   0.00366

  531.0   0.00366

  532.0   0.00372

  533.0   0.00369

  534.0   0.00378

  535.0   0.00379

  536.0   0.00382

  537.0   0.00387

  538.0   0.00388

  539.0   0.00389

  540.0   0.00387

  541.0   0.00392

  542.0   0.00408

  543.0   0.00412

  544.0   0.00418

  545.0   0.00420

  546.0   0.00424

  547.0   0.00424

  548.0   0.00430

  549.0   0.00434

  550.0   0.00441

  551.0   0.00442

  552.0   0.00450

  553.0   0.00451

  554.0   0.00459

  555.0   0.00459

  556.0   0.00463

  557.0   0.00489

  558.0   0.00495

  559.0   0.00496

  560.0   0.00499

  561.0   0.00504

  562.0   0.00499

  563.0   0.00496

  564.0   0.00495

  565.0   0.00495

  566.0   0.00501

  567.0   0.00497

  568.0   0.00500

  569.0   0.00497

  570.0   0.00500

  571.0   0.00501

  572.0   0.00495

  573.0   0.00496

  574.0   0.00501

  575.0   0.00500

  576.0   0.00500

  577.0   0.00505

  578.0   0.00509

  579.0   0.00512

  580.0   0.00522

  581.0   0.00519

  582.0   0.00518

  583.0   0.00520

  584.0   0.00529

  585.0   0.00531

  586.0   0.00535

  587.0   0.00540

  588.0   0.00547

  589.0   0.00552

  590.0   0.00553

  591.0   0.00562

  592.0   0.00565

  593.0   0.00578

  594.0   0.00579

  595.0   0.00587

  596.0   0.00589

  597.0   0.00586

  598.0   0.00589

  599.0   0.00587

  600.0   0.00590

  601.0   0.00588

  602.0   0.00591

  603.0   0.00587

  604.0   0.00591

  605.0   0.00591

  606.0   0.00592

  607.0   0.00594

  608.0   0.00595

  609.0   0.00590

  610.0   0.00587

  611.0   0.00587

  612.0   0.00585

  613.0   0.00589

  614.0   0.00591

  615.0   0.00590

  616.0   0.00589

  617.0   0.00592

  618.0   0.00591

  619.0   0.00593

  620.0   0.00595

  621.0   0.00596

  622.0   0.00600

  623.0   0.00601

  624.0   0.00601

  625.0   0.00600

  626.0   0.00598

  627.0   0.00602

  628.0   0.00596

  629.0   0.00602

  630.0   0.00600

  631.0   0.00601

  632.0   0.00602

  633.0   0.00601

  634.0   0.00604

  635.0   0.00602

  636.0   0.00602

  637.0   0.00603

  638.0   0.00606

  639.0   0.00614

  640.0   0.00618

  641.0   0.00624

  642.0   0.00633

  643.0   0.00638

  644.0   0.00646

  645.0   0.00653

  646.0   0.00660

  647.0   0.00661

  648.0   0.00662

  649.0   0.00665

  650.0   0.00669

  651.0   0.00671

  652.0   0.00676

  653.0   0.00670

  654.0   0.00669

  655.0   0.00666

  656.0   0.00667

  657.0   0.00668

  658.0   0.00674

  659.0   0.00674

  660.0   0.00677

  661.0   0.00679

  662.0   0.00679

  663.0   0.00678

  664.0   0.00676

  665.0   0.00677

  666.0   0.00679

  667.0   0.00686

  668.0   0.00687

  669.0   0.00688

  670.0   0.00684

  671.0   0.00682

  672.0   0.00684

  673.0   0.00682

  674.0   0.00682

  675.0   0.00678

  676.0   0.00681

  677.0   0.00680

  678.0   0.00679

  679.0   0.00682

  680.0   0.00685

  681.0   0.00684

  682.0   0.00683

  683.0   0.00687

  684.0   0.00688

  685.0   0.00690

  686.0   0.00693

  687.0   0.00695

  688.0   0.00694

  689.0   0.00692

  690.0   0.00685

  691.0   0.00681

  692.0   0.00684

  693.0   0.00685

  694.0   0.00682

  695.0   0.00682

  696.0   0.00683

  697.0   0.00686

  698.0   0.00684

  699.0   0.00688

  700.0   0.00681

  701.0   0.00673

  702.0   0.00679

  703.0   0.00679

  704.0   0.00680

  705.0   0.00680

  706.0   0.00684

  707.0   0.00682

  708.0   0.00682

  709.0   0.00682

  710.0   0.00676

  711.0   0.00674

  712.0   0.00672

  713.0   0.00670

  714.0   0.00675

  715.0   0.00675

  716.0   0.00680

  717.0   0.00682

  718.0   0.00681

  719.0   0.00681

  720.0   0.00680

  721.0   0.00674

  722.0   0.00672

  723.0   0.00673

  724.0   0.00672

  725.0   0.00667

  726.0   0.00665

  727.0   0.00673

  728.0   0.00667

  729.0   0.00667

  730.0   0.00665

  731.0   0.00663

  732.0   0.00661

  733.0   0.00663

  734.0   0.00665

  735.0   0.00666

  736.0   0.00675

  737.0   0.00673

  738.0   0.00673

  739.0   0.00683

  740.0   0.00678

  741.0   0.00680

  742.0   0.00684

  743.0   0.00688

  744.0   0.00699

  745.0   0.00698

  746.0   0.00705

  747.0   0.00710

  748.0   0.00707

  749.0   0.00704

  750.0   0.00690

  751.0   0.00696

  752.0   0.00687

  753.0   0.00685

  754.0   0.00685

  755.0   0.00685

  756.0   0.00683

  757.0   0.00681

  758.0   0.00679

  759.0   0.00677

  760.0   0.00674

  761.0   0.00675

  762.0   0.00678

  763.0   0.00679

  764.0   0.00668

  765.0   0.00666

  766.0   0.00670

  767.0   0.00671

  768.0   0.00666

  769.0   0.00664

  770.0   0.00656

  771.0   0.00663

  772.0   0.00667

  773.0   0.00659

  774.0   0.00652

  775.0   0.00645

  776.0   0.00640

  777.0   0.00641

  778.0   0.00631

  779.0   0.00632

  780.0   0.00630

  781.0   0.00631

  782.0   0.00627

  783.0   0.00631

  784.0   0.00614

  785.0   0.00619

  786.0   0.00614

  787.0   0.00612

  788.0   0.00605

  789.0   0.00606

  790.0   0.00602

  791.0   0.00606

  792.0   0.00610

  793.0   0.00602

  794.0   0.00603

  795.0   0.00599

  796.0   0.00603

  797.0   0.00604

  798.0   0.00601

  799.0   0.00608

  800.0   0.00600

 
