ser ID: DU600

Method ID: A:\DEFAULT

Date: 08/06/00

Time: 10:06

 200.0   2.32604

  201.0   2.94151

  202.0   2.38044

  203.0   2.72078

  204.0   3.06427

  205.0   3.40209

  206.0   3.43313

  207.0   2.56155

  208.0   2.65003

  209.0   2.74858

  210.0   3.55291

  211.0   3.57921

  212.0   2.90374

  213.0   3.02664

  214.0   2.95143

  215.0   2.82524

  216.0   3.38899

  217.0   3.23325

  218.0   3.25058

  219.0   3.26709

  220.0   3.45856

  221.0   3.77422

  222.0   3.31302

  223.0   3.10456

  224.0   3.21478

  225.0   3.82963

  226.0   3.54202

  227.0   3.85516

  228.0   3.56691

  229.0   3.40186

  230.0   3.04638

  231.0   3.30000

  232.0   3.13317

  233.0   3.91976

  234.0   3.08222

  235.0   3.08798

  236.0   2.89602

  237.0   3.03787

  238.0   2.71280

  239.0   2.66612

  240.0   2.58404

  241.0   2.60280

  242.0   2.51322

  243.0   2.39913

  244.0   2.25092

  245.0   2.16037

  246.0   2.03768

  247.0   1.91857

  248.0   1.83777

  249.0   1.74171

  250.0   1.63373

  251.0   1.52826

  252.0   1.45000

  253.0   1.36270

  254.0   1.29113

  255.0   1.21890

  256.0   1.15110

  257.0   1.08879

  258.0   1.02882

  259.0   0.97364

  260.0   0.92690

  261.0   0.88423

  262.0   0.84467

  263.0   0.81093

  264.0   0.78049

  265.0   0.75015

  266.0   0.71652

  267.0   0.69146

  268.0   0.66905

  269.0   0.64624

  270.0   0.62251

  271.0   0.59944

  272.0   0.57806

  273.0   0.55751

  274.0   0.53278

  275.0   0.51178

  276.0   0.49070

  277.0   0.47293

  278.0   0.45244

  279.0   0.43581

  280.0   0.41858

  281.0   0.40078

  282.0   0.38629

  283.0   0.37260

  284.0   0.36035

  285.0   0.34562

  286.0   0.33176

  287.0   0.31834

  288.0   0.30501

  289.0   0.29375

  290.0   0.28258

  291.0   0.27288

  292.0   0.26371

  293.0   0.25403

  294.0   0.24611

  295.0   0.23641

  296.0   0.22809

  297.0   0.22118

  298.0   0.21354

  299.0   0.20694

  300.0   0.20177

  301.0   0.19667

  302.0   0.19260

  303.0   0.18906

  304.0   0.18603

  305.0   0.18385

  306.0   0.18061

  307.0   0.17815

  308.0   0.17513

  309.0   0.17251

  310.0   0.17004

  311.0   0.16696

  312.0   0.16476

  313.0   0.16154

  314.0   0.15796

  315.0   0.15539

  316.0   0.15167

  317.0   0.14791

  318.0   0.14563

  319.0   0.14388

  320.0   0.14199

  321.0   0.14043

  322.0   0.13752

  323.0   0.13488

  324.0   0.13347

  325.0   0.13199

  326.0   0.12993

  327.0   0.12926

  328.0   0.12906

  329.0   0.12765

  330.0   0.12549

  331.0   0.12445

  332.0   0.12127

  333.0   0.12087

  334.0   0.11841

  335.0   0.11754

  336.0   0.11615

  337.0   0.11456

  338.0   0.11190

  339.0   0.11038

  340.0   0.10896

  341.0   0.10745

  342.0   0.10613

  343.0   0.10429

  344.0   0.10259

  345.0   0.10036

  346.0   0.09807

  347.0   0.09662

  348.0   0.09623

  349.0   0.09451

  350.0   0.09206

  351.0   0.09007

  352.0   0.08857

  353.0   0.08559

  354.0   0.08398

  355.0   0.08288

  356.0   0.08170

  357.0   0.07969

  358.0   0.07787

  359.0   0.07527

  360.0   0.07352

  361.0   0.07200

  362.0   0.06977

  363.0   0.06809

  364.0   0.06722

  365.0   0.06503

  366.0   0.06344

  367.0   0.06148

  368.0   0.05993

  369.0   0.05843

  370.0   0.05729

  371.0   0.05585

  372.0   0.05447

  373.0   0.05360

  374.0   0.05215

  375.0   0.05061

  376.0   0.04941

  377.0   0.04830

  378.0   0.04669

  379.0   0.04609

  380.0   0.04475

  381.0   0.04319

  382.0   0.04242

  383.0   0.04191

  384.0   0.04093

  385.0   0.04017

  386.0   0.03876

  387.0   0.03763

  388.0   0.03731

  389.0   0.03660

  390.0   0.03653

  391.0   0.03576

  392.0   0.03509

  393.0   0.03453

  394.0   0.03406

  395.0   0.03360

  396.0   0.03315

  397.0   0.03299

  398.0   0.03222

  399.0   0.03173

  400.0   0.03143

  401.0   0.03083

  402.0   0.03081

  403.0   0.03037

  404.0   0.02992

  405.0   0.02934

  406.0   0.02897

  407.0   0.02836

  408.0   0.02783

  409.0   0.02730

  410.0   0.02665

  411.0   0.02625

  412.0   0.02549

  413.0   0.02466

  414.0   0.02402

  415.0   0.02363

  416.0   0.02258

  417.0   0.02182

  418.0   0.02107

  419.0   0.02024

  420.0   0.01939

  421.0   0.01867

  422.0   0.01770

  423.0   0.01690

  424.0   0.01645

  425.0   0.01571

  426.0   0.01495

  427.0   0.01440

  428.0   0.01354

  429.0   0.01294

  430.0   0.01246

  431.0   0.01196

  432.0   0.01151

  433.0   0.01117

  434.0   0.01075

  435.0   0.01033

  436.0   0.00970

  437.0   0.00945

  438.0   0.00925

  439.0   0.00892

  440.0   0.00864

  441.0   0.00844

  442.0   0.00809

  443.0   0.00792

  444.0   0.00771

  445.0   0.00731

  446.0   0.00712

  447.0   0.00697

  448.0   0.00684

  449.0   0.00658

  450.0   0.00655

  451.0   0.00635

  452.0   0.00620

  453.0   0.00610

  454.0   0.00584

  455.0   0.00563

  456.0   0.00555

  457.0   0.00552

  458.0   0.00532

  459.0   0.00529

  460.0   0.00509

  461.0   0.00505

  462.0   0.00489

  463.0   0.00476

  464.0   0.00470

  465.0   0.00470

  466.0   0.00458

  467.0   0.00449

  468.0   0.00442

  469.0   0.00431

  470.0   0.00426

  471.0   0.00422

  472.0   0.00422

  473.0   0.00414

  474.0   0.00420

  475.0   0.00418

  476.0   0.00401

  477.0   0.00402

  478.0   0.00387

  479.0   0.00378

  480.0   0.00380

  481.0   0.00371

  482.0   0.00368

  483.0   0.00367

  484.0   0.00368

  485.0   0.00364

  486.0   0.00361

  487.0   0.00358

  488.0   0.00360

  489.0   0.00355

  490.0   0.00353

  491.0   0.00358

  492.0   0.00358

  493.0   0.00360

  494.0   0.00361

  495.0   0.00368

  496.0   0.00368

  497.0   0.00367

  498.0   0.00374

  499.0   0.00381

  500.0   0.00393

  501.0   0.00396

  502.0   0.00407

  503.0   0.00418

  504.0   0.00429

  505.0   0.00445

  506.0   0.00454

  507.0   0.00464

  508.0   0.00469

  509.0   0.00474

  510.0   0.00487

  511.0   0.00494

  512.0   0.00499

  513.0   0.00507

  514.0   0.00512

  515.0   0.00523

  516.0   0.00536

  517.0   0.00540

  518.0   0.00548

  519.0   0.00554

  520.0   0.00555

  521.0   0.00559

  522.0   0.00566

  523.0   0.00576

  524.0   0.00581

  525.0   0.00584

  526.0   0.00588

  527.0   0.00601

  528.0   0.00610

  529.0   0.00624

  530.0   0.00628

  531.0   0.00636

  532.0   0.00648

  533.0   0.00655

  534.0   0.00668

  535.0   0.00677

  536.0   0.00683

  537.0   0.00698

  538.0   0.00706

  539.0   0.00717

  540.0   0.00725

  541.0   0.00738

  542.0   0.00753

  543.0   0.00765

  544.0   0.00779

  545.0   0.00793

  546.0   0.00804

  547.0   0.00806

  548.0   0.00816

  549.0   0.00821

  550.0   0.00828

  551.0   0.00836

  552.0   0.00852

  553.0   0.00859

  554.0   0.00868

  555.0   0.00870

  556.0   0.00876

  557.0   0.00953

  558.0   0.00955

  559.0   0.00955

  560.0   0.00959

  561.0   0.00958

  562.0   0.00955

  563.0   0.00954

  564.0   0.00951

  565.0   0.00956

  566.0   0.00962

  567.0   0.00961

  568.0   0.00962

  569.0   0.00962

  570.0   0.00964

  571.0   0.00962

  572.0   0.00959

  573.0   0.00957

  574.0   0.00965

  575.0   0.00963

  576.0   0.00965

  577.0   0.00969

  578.0   0.00974

  579.0   0.00976

  580.0   0.00982

  581.0   0.00984

  582.0   0.00986

  583.0   0.00987

  584.0   0.00996

  585.0   0.01002

  586.0   0.01012

  587.0   0.01022

  588.0   0.01029

  589.0   0.01035

  590.0   0.01042

  591.0   0.01051

  592.0   0.01057

  593.0   0.01071

  594.0   0.01070

  595.0   0.01078

  596.0   0.01079

  597.0   0.01079

  598.0   0.01082

  599.0   0.01077

  600.0   0.01079

  601.0   0.01075

  602.0   0.01082

  603.0   0.01081

  604.0   0.01082

  605.0   0.01083

  606.0   0.01085

  607.0   0.01083

  608.0   0.01086

  609.0   0.01087

  610.0   0.01084

  611.0   0.01087

  612.0   0.01084

  613.0   0.01094

  614.0   0.01096

  615.0   0.01096

  616.0   0.01097

  617.0   0.01094

  618.0   0.01093

  619.0   0.01098

  620.0   0.01099

  621.0   0.01102

  622.0   0.01100

  623.0   0.01102

  624.0   0.01100

  625.0   0.01098

  626.0   0.01098

  627.0   0.01100

  628.0   0.01095

  629.0   0.01099

  630.0   0.01097

  631.0   0.01098

  632.0   0.01097

  633.0   0.01096

  634.0   0.01098

  635.0   0.01099

  636.0   0.01100

  637.0   0.01099

  638.0   0.01102

  639.0   0.01105

  640.0   0.01106

  641.0   0.01113

  642.0   0.01119

  643.0   0.01126

  644.0   0.01130

  645.0   0.01133

  646.0   0.01140

  647.0   0.01140

  648.0   0.01142

  649.0   0.01142

  650.0   0.01143

  651.0   0.01143

  652.0   0.01144

  653.0   0.01143

  654.0   0.01139

  655.0   0.01135

  656.0   0.01128

  657.0   0.01126

  658.0   0.01122

  659.0   0.01123

  660.0   0.01124

  661.0   0.01127

  662.0   0.01122

  663.0   0.01118

  664.0   0.01115

  665.0   0.01115

  666.0   0.01110

  667.0   0.01110

  668.0   0.01106

  669.0   0.01107

  670.0   0.01102

  671.0   0.01097

  672.0   0.01096

  673.0   0.01090

  674.0   0.01091

  675.0   0.01084

  676.0   0.01080

  677.0   0.01073

  678.0   0.01070

  679.0   0.01065

  680.0   0.01066

  681.0   0.01060

  682.0   0.01057

  683.0   0.01058

  684.0   0.01055

  685.0   0.01049

  686.0   0.01051

  687.0   0.01044

  688.0   0.01038

  689.0   0.01031

  690.0   0.01026

  691.0   0.01019

  692.0   0.01019

  693.0   0.01018

  694.0   0.01011

  695.0   0.01010

  696.0   0.01007

  697.0   0.01005

  698.0   0.01002

  699.0   0.00997

  700.0   0.00987

  701.0   0.00978

  702.0   0.00980

  703.0   0.00981

  704.0   0.00978

  705.0   0.00978

  706.0   0.00977

  707.0   0.00974

  708.0   0.00968

  709.0   0.00964

  710.0   0.00955

  711.0   0.00959

  712.0   0.00957

  713.0   0.00953

  714.0   0.00947

  715.0   0.00945

  716.0   0.00944

  717.0   0.00938

  718.0   0.00934

  719.0   0.00927

  720.0   0.00923

  721.0   0.00924

  722.0   0.00918

  723.0   0.00914

  724.0   0.00912

  725.0   0.00911

  726.0   0.00907

  727.0   0.00912

  728.0   0.00905

  729.0   0.00903

  730.0   0.00903

  731.0   0.00900

  732.0   0.00892

  733.0   0.00888

  734.0   0.00892

  735.0   0.00889

  736.0   0.00930

  737.0   0.00927

  738.0   0.00918

  739.0   0.00919

  740.0   0.00916

  741.0   0.00911

  742.0   0.00913

  743.0   0.00911

  744.0   0.00910

  745.0   0.00906

  746.0   0.00913

  747.0   0.00915

  748.0   0.00912

  749.0   0.00903

  750.0   0.00886

  751.0   0.00889

  752.0   0.00878

  753.0   0.00867

  754.0   0.00861

  755.0   0.00862

  756.0   0.00854

  757.0   0.00846

  758.0   0.00839

  759.0   0.00843

  760.0   0.00835

  761.0   0.00838

  762.0   0.00839

  763.0   0.00828

  764.0   0.00824

  765.0   0.00819

  766.0   0.00814

  767.0   0.00815

  768.0   0.00805

  769.0   0.00795

  770.0   0.00787

  771.0   0.00788

  772.0   0.00787

  773.0   0.00782

  774.0   0.00772

  775.0   0.00771

  776.0   0.00772

  777.0   0.00770

  778.0   0.00763

  779.0   0.00764

  780.0   0.00766

  781.0   0.00761

  782.0   0.00754

  783.0   0.00753

  784.0   0.00748

  785.0   0.00744

  786.0   0.00743

  787.0   0.00738

  788.0   0.00737

  789.0   0.00733

  790.0   0.00734

  791.0   0.00736

  792.0   0.00737

  793.0   0.00735

  794.0   0.00743

  795.0   0.00733

  796.0   0.00737

  797.0   0.00735

  798.0   0.00736

  799.0   0.00740

  800.0   0.00731

 
