ser ID: DU600

Method ID: A:\DEFAULT

Date: 08/06/00

Time: 06:30

 200.0   3.17114

  201.0   3.24254

  202.0   2.38044

  203.0   2.72078

  204.0   3.36530

  205.0   3.10106

  206.0   3.43313

  207.0   2.98752

  208.0   3.01801

  209.0   3.52673

  210.0   3.55291

  211.0   3.57921

  212.0   3.60271

  213.0   3.32767

  214.0   2.80531

  215.0   2.89219

  216.0   3.21290

  217.0   3.71037

  218.0   3.72770

  219.0   3.74421

  220.0   3.75959

  221.0   2.99607

  222.0   3.79014

  223.0   3.32640

  224.0   3.81684

  225.0   3.82963

  226.0   3.54202

  227.0   3.85516

  228.0   3.86794

  229.0   3.10083

  230.0   3.41436

  231.0   3.90206

  232.0   3.91132

  233.0   3.91976

  234.0   3.14917

  235.0   3.23411

  236.0   3.15927

  237.0   3.63993

  238.0   3.09815

  239.0   3.64385

  240.0   3.46864

  241.0   3.16707

  242.0   2.86540

  243.0   2.76711

  244.0   2.59869

  245.0   2.65977

  246.0   2.57358

  247.0   2.39993

  248.0   2.27447

  249.0   2.16768

  250.0   2.06803

  251.0   1.99479

  252.0   1.90507

  253.0   1.79369

  254.0   1.71214

  255.0   1.61046

  256.0   1.53036

  257.0   1.45607

  258.0   1.38643

  259.0   1.31508

  260.0   1.25432

  261.0   1.19980

  262.0   1.13849

  263.0   1.09081

  264.0   1.04792

  265.0   1.01633

  266.0   0.97417

  267.0   0.94184

  268.0   0.91131

  269.0   0.88341

  270.0   0.85618

  271.0   0.83337

  272.0   0.80772

  273.0   0.78224

  274.0   0.75559

  275.0   0.72776

  276.0   0.70340

  277.0   0.67739

  278.0   0.65036

  279.0   0.62497

  280.0   0.60177

  281.0   0.57247

  282.0   0.54872

  283.0   0.52446

  284.0   0.50267

  285.0   0.47683

  286.0   0.45428

  287.0   0.43098

  288.0   0.40782

  289.0   0.38780

  290.0   0.36877

  291.0   0.35225

  292.0   0.33376

  293.0   0.31775

  294.0   0.30203

  295.0   0.28618

  296.0   0.27250

  297.0   0.25875

  298.0   0.24521

  299.0   0.23188

  300.0   0.22018

  301.0   0.21042

  302.0   0.20102

  303.0   0.19376

  304.0   0.18648

  305.0   0.18011

  306.0   0.17244

  307.0   0.16637

  308.0   0.16071

  309.0   0.15587

  310.0   0.15138

  311.0   0.14659

  312.0   0.14216

  313.0   0.13706

  314.0   0.13342

  315.0   0.13031

  316.0   0.12696

  317.0   0.12382

  318.0   0.12132

  319.0   0.11904

  320.0   0.11791

  321.0   0.11782

  322.0   0.11683

  323.0   0.11685

  324.0   0.11594

  325.0   0.11711

  326.0   0.11738

  327.0   0.11886

  328.0   0.12073

  329.0   0.12257

  330.0   0.12290

  331.0   0.12484

  332.0   0.12721

  333.0   0.13015

  334.0   0.13176

  335.0   0.13441

  336.0   0.13599

  337.0   0.13888

  338.0   0.14150

  339.0   0.14553

  340.0   0.14822

  341.0   0.15069

  342.0   0.15369

  343.0   0.15578

  344.0   0.15938

  345.0   0.16235

  346.0   0.16490

  347.0   0.16710

  348.0   0.16943

  349.0   0.17198

  350.0   0.17345

  351.0   0.17533

  352.0   0.17681

  353.0   0.17632

  354.0   0.17704

  355.0   0.17782

  356.0   0.17718

  357.0   0.17779

  358.0   0.17669

  359.0   0.17537

  360.0   0.17344

  361.0   0.17236

  362.0   0.16874

  363.0   0.16654

  364.0   0.16537

  365.0   0.16265

  366.0   0.15987

  367.0   0.15614

  368.0   0.15308

  369.0   0.15058

  370.0   0.14742

  371.0   0.14496

  372.0   0.14165

  373.0   0.13858

  374.0   0.13565

  375.0   0.13245

  376.0   0.12928

  377.0   0.12678

  378.0   0.12266

  379.0   0.12009

  380.0   0.11730

  381.0   0.11431

  382.0   0.11142

  383.0   0.10869

  384.0   0.10577

  385.0   0.10290

  386.0   0.09960

  387.0   0.09728

  388.0   0.09461

  389.0   0.09247

  390.0   0.09016

  391.0   0.08773

  392.0   0.08565

  393.0   0.08366

  394.0   0.08153

  395.0   0.07988

  396.0   0.07806

  397.0   0.07617

  398.0   0.07437

  399.0   0.07274

  400.0   0.07139

  401.0   0.07002

  402.0   0.06883

  403.0   0.06743

  404.0   0.06577

  405.0   0.06462

  406.0   0.06348

  407.0   0.06224

  408.0   0.06085

  409.0   0.05936

  410.0   0.05821

  411.0   0.05688

  412.0   0.05554

  413.0   0.05427

  414.0   0.05274

  415.0   0.05209

  416.0   0.04993

  417.0   0.04850

  418.0   0.04701

  419.0   0.04487

  420.0   0.04387

  421.0   0.04250

  422.0   0.04084

  423.0   0.03920

  424.0   0.03774

  425.0   0.03638

  426.0   0.03491

  427.0   0.03380

  428.0   0.03231

  429.0   0.03096

  430.0   0.02971

  431.0   0.02838

  432.0   0.02748

  433.0   0.02636

  434.0   0.02534

  435.0   0.02429

  436.0   0.02309

  437.0   0.02221

  438.0   0.02129

  439.0   0.02056

  440.0   0.01973

  441.0   0.01898

  442.0   0.01818

  443.0   0.01750

  444.0   0.01676

  445.0   0.01602

  446.0   0.01548

  447.0   0.01489

  448.0   0.01443

  449.0   0.01389

  450.0   0.01347

  451.0   0.01292

  452.0   0.01254

  453.0   0.01199

  454.0   0.01155

  455.0   0.01100

  456.0   0.01063

  457.0   0.01040

  458.0   0.00992

  459.0   0.00957

  460.0   0.00926

  461.0   0.00903

  462.0   0.00859

  463.0   0.00823

  464.0   0.00796

  465.0   0.00776

  466.0   0.00754

  467.0   0.00732

  468.0   0.00707

  469.0   0.00677

  470.0   0.00651

  471.0   0.00631

  472.0   0.00625

  473.0   0.00602

  474.0   0.00591

  475.0   0.00569

  476.0   0.00548

  477.0   0.00535

  478.0   0.00513

  479.0   0.00496

  480.0   0.00477

  481.0   0.00458

  482.0   0.00449

  483.0   0.00441

  484.0   0.00426

  485.0   0.00419

  486.0   0.00408

  487.0   0.00391

  488.0   0.00390

  489.0   0.00385

  490.0   0.00380

  491.0   0.00378

  492.0   0.00369

  493.0   0.00363

  494.0   0.00359

  495.0   0.00359

  496.0   0.00356

  497.0   0.00357

  498.0   0.00353

  499.0   0.00354

  500.0   0.00365

  501.0   0.00364

  502.0   0.00361

  503.0   0.00366

  504.0   0.00370

  505.0   0.00377

  506.0   0.00378

  507.0   0.00384

  508.0   0.00387

  509.0   0.00383

  510.0   0.00395

  511.0   0.00391

  512.0   0.00393

  513.0   0.00395

  514.0   0.00397

  515.0   0.00405

  516.0   0.00411

  517.0   0.00411

  518.0   0.00416

  519.0   0.00419

  520.0   0.00418

  521.0   0.00417

  522.0   0.00420

  523.0   0.00421

  524.0   0.00417

  525.0   0.00417

  526.0   0.00415

  527.0   0.00424

  528.0   0.00430

  529.0   0.00436

  530.0   0.00429

  531.0   0.00435

  532.0   0.00443

  533.0   0.00441

  534.0   0.00451

  535.0   0.00445

  536.0   0.00450

  537.0   0.00457

  538.0   0.00466

  539.0   0.00466

  540.0   0.00473

  541.0   0.00482

  542.0   0.00490

  543.0   0.00499

  544.0   0.00510

  545.0   0.00518

  546.0   0.00528

  547.0   0.00527

  548.0   0.00533

  549.0   0.00536

  550.0   0.00542

  551.0   0.00543

  552.0   0.00550

  553.0   0.00554

  554.0   0.00558

  555.0   0.00559

  556.0   0.00560

  557.0   0.00619

  558.0   0.00620

  559.0   0.00621

  560.0   0.00623

  561.0   0.00621

  562.0   0.00618

  563.0   0.00616

  564.0   0.00609

  565.0   0.00616

  566.0   0.00621

  567.0   0.00621

  568.0   0.00623

  569.0   0.00621

  570.0   0.00623

  571.0   0.00627

  572.0   0.00625

  573.0   0.00627

  574.0   0.00629

  575.0   0.00629

  576.0   0.00627

  577.0   0.00629

  578.0   0.00628

  579.0   0.00632

  580.0   0.00638

  581.0   0.00640

  582.0   0.00642

  583.0   0.00641

  584.0   0.00654

  585.0   0.00663

  586.0   0.00665

  587.0   0.00675

  588.0   0.00676

  589.0   0.00684

  590.0   0.00688

  591.0   0.00694

  592.0   0.00699

  593.0   0.00707

  594.0   0.00713

  595.0   0.00719

  596.0   0.00725

  597.0   0.00722

  598.0   0.00721

  599.0   0.00717

  600.0   0.00717

  601.0   0.00711

  602.0   0.00710

  603.0   0.00706

  604.0   0.00705

  605.0   0.00708

  606.0   0.00707

  607.0   0.00709

  608.0   0.00710

  609.0   0.00710

  610.0   0.00708

  611.0   0.00713

  612.0   0.00710

  613.0   0.00715

  614.0   0.00716

  615.0   0.00718

  616.0   0.00719

  617.0   0.00715

  618.0   0.00715

  619.0   0.00719

  620.0   0.00723

  621.0   0.00723

  622.0   0.00720

  623.0   0.00719

  624.0   0.00719

  625.0   0.00713

  626.0   0.00711

  627.0   0.00714

  628.0   0.00710

  629.0   0.00714

  630.0   0.00715

  631.0   0.00716

  632.0   0.00713

  633.0   0.00709

  634.0   0.00710

  635.0   0.00710

  636.0   0.00714

  637.0   0.00721

  638.0   0.00722

  639.0   0.00730

  640.0   0.00737

  641.0   0.00742

  642.0   0.00747

  643.0   0.00752

  644.0   0.00755

  645.0   0.00757

  646.0   0.00762

  647.0   0.00765

  648.0   0.00772

  649.0   0.00774

  650.0   0.00778

  651.0   0.00778

  652.0   0.00782

  653.0   0.00778

  654.0   0.00775

  655.0   0.00772

  656.0   0.00768

  657.0   0.00771

  658.0   0.00771

  659.0   0.00774

  660.0   0.00777

  661.0   0.00785

  662.0   0.00784

  663.0   0.00783

  664.0   0.00778

  665.0   0.00777

  666.0   0.00777

  667.0   0.00781

  668.0   0.00781

  669.0   0.00782

  670.0   0.00785

  671.0   0.00785

  672.0   0.00784

  673.0   0.00782

  674.0   0.00782

  675.0   0.00780

  676.0   0.00776

  677.0   0.00771

  678.0   0.00771

  679.0   0.00773

  680.0   0.00774

  681.0   0.00772

  682.0   0.00768

  683.0   0.00770

  684.0   0.00768

  685.0   0.00772

  686.0   0.00770

  687.0   0.00771

  688.0   0.00768

  689.0   0.00764

  690.0   0.00760

  691.0   0.00759

  692.0   0.00761

  693.0   0.00764

  694.0   0.00760

  695.0   0.00756

  696.0   0.00760

  697.0   0.00762

  698.0   0.00763

  699.0   0.00761

  700.0   0.00758

  701.0   0.00756

  702.0   0.00754

  703.0   0.00754

  704.0   0.00754

  705.0   0.00754

  706.0   0.00753

  707.0   0.00755

  708.0   0.00753

  709.0   0.00756

  710.0   0.00754

  711.0   0.00757

  712.0   0.00756

  713.0   0.00750

  714.0   0.00753

  715.0   0.00754

  716.0   0.00755

  717.0   0.00756

  718.0   0.00757

  719.0   0.00754

  720.0   0.00753

  721.0   0.00756

  722.0   0.00753

  723.0   0.00750

  724.0   0.00750

  725.0   0.00747

  726.0   0.00749

  727.0   0.00753

  728.0   0.00752

  729.0   0.00751

  730.0   0.00752

  731.0   0.00750

  732.0   0.00751

  733.0   0.00748

  734.0   0.00754

  735.0   0.00752

  736.0   0.00772

  737.0   0.00764

  738.0   0.00764

  739.0   0.00771

  740.0   0.00772

  741.0   0.00770

  742.0   0.00768

  743.0   0.00773

  744.0   0.00777

  745.0   0.00782

  746.0   0.00784

  747.0   0.00794

  748.0   0.00794

  749.0   0.00788

  750.0   0.00777

  751.0   0.00782

  752.0   0.00782

  753.0   0.00771

  754.0   0.00769

  755.0   0.00764

  756.0   0.00764

  757.0   0.00757

  758.0   0.00752

  759.0   0.00747

  760.0   0.00747

  761.0   0.00748

  762.0   0.00751

  763.0   0.00746

  764.0   0.00733

  765.0   0.00740

  766.0   0.00740

  767.0   0.00741

  768.0   0.00737

  769.0   0.00726

  770.0   0.00722

  771.0   0.00728

  772.0   0.00727

  773.0   0.00719

  774.0   0.00718

  775.0   0.00722

  776.0   0.00743

  777.0   0.00759

  778.0   0.00760

  779.0   0.00756

  780.0   0.00760

  781.0   0.00753

  782.0   0.00751

  783.0   0.00755

  784.0   0.00757

  785.0   0.00756

  786.0   0.00748

  787.0   0.00753

  788.0   0.00755

  789.0   0.00750

  790.0   0.00743

  791.0   0.00747

  792.0   0.00752

  793.0   0.00750

  794.0   0.00746

  795.0   0.00745

  796.0   0.00749

  797.0   0.00750

  798.0   0.00748

  799.0   0.00755

  800.0   0.00749

 
