ser ID: DU600

Method ID: A:\DEFAULT

Date: 08/06/00

Time: 06:29

 200.0   2.47217

  201.0   2.28830

  202.0   2.58456

  203.0   3.32284

  204.0   3.36530

  205.0   3.10106

  206.0   2.83107

  207.0   3.16361

  208.0   3.49513

  209.0   3.52673

  210.0   3.55291

  211.0   3.57921

  212.0   3.00065

  213.0   3.62870

  214.0   3.34937

  215.0   3.19322

  216.0   3.21290

  217.0   3.10831

  218.0   3.12564

  219.0   3.74421

  220.0   2.80535

  221.0   3.29710

  222.0   3.79014

  223.0   3.80353

  224.0   3.81684

  225.0   3.82963

  226.0   3.54202

  227.0   3.85516

  228.0   3.86794

  229.0   3.18001

  230.0   3.89148

  231.0   3.60103

  232.0   3.30926

  233.0   3.91976

  234.0   3.92732

  235.0   3.93308

  236.0   3.15927

  237.0   3.33890

  238.0   3.09815

  239.0   3.34282

  240.0   2.94576

  241.0   3.10012

  242.0   3.09948

  243.0   3.04011

  244.0   2.57939

  245.0   2.59610

  246.0   2.47291

  247.0   2.45429

  248.0   2.31489

  249.0   2.19116

  250.0   2.08044

  251.0   1.95008

  252.0   1.87597

  253.0   1.79369

  254.0   1.71496

  255.0   1.62425

  256.0   1.54390

  257.0   1.46428

  258.0   1.39352

  259.0   1.31872

  260.0   1.25861

  261.0   1.20172

  262.0   1.14442

  263.0   1.09620

  264.0   1.05145

  265.0   1.01237

  266.0   0.97847

  267.0   0.94589

  268.0   0.91514

  269.0   0.88757

  270.0   0.85618

  271.0   0.83243

  272.0   0.81176

  273.0   0.78395

  274.0   0.75720

  275.0   0.73118

  276.0   0.70592

  277.0   0.67943

  278.0   0.65357

  279.0   0.62830

  280.0   0.60149

  281.0   0.57435

  282.0   0.55076

  283.0   0.52639

  284.0   0.50404

  285.0   0.47878

  286.0   0.45489

  287.0   0.43274

  288.0   0.40967

  289.0   0.38797

  290.0   0.36894

  291.0   0.35193

  292.0   0.33561

  293.0   0.31850

  294.0   0.30376

  295.0   0.28645

  296.0   0.27210

  297.0   0.25888

  298.0   0.24559

  299.0   0.23138

  300.0   0.22079

  301.0   0.21066

  302.0   0.20102

  303.0   0.19318

  304.0   0.18682

  305.0   0.17954

  306.0   0.17200

  307.0   0.16659

  308.0   0.16116

  309.0   0.15621

  310.0   0.15116

  311.0   0.14603

  312.0   0.14125

  313.0   0.13775

  314.0   0.13285

  315.0   0.12973

  316.0   0.12708

  317.0   0.12324

  318.0   0.12120

  319.0   0.11880

  320.0   0.11767

  321.0   0.11709

  322.0   0.11645

  323.0   0.11585

  324.0   0.11607

  325.0   0.11711

  326.0   0.11725

  327.0   0.11848

  328.0   0.11996

  329.0   0.12218

  330.0   0.12406

  331.0   0.12549

  332.0   0.12682

  333.0   0.12937

  334.0   0.13098

  335.0   0.13467

  336.0   0.13677

  337.0   0.13927

  338.0   0.14111

  339.0   0.14422

  340.0   0.14848

  341.0   0.15174

  342.0   0.15435

  343.0   0.15710

  344.0   0.15938

  345.0   0.16235

  346.0   0.16517

  347.0   0.16843

  348.0   0.17063

  349.0   0.17278

  350.0   0.17372

  351.0   0.17546

  352.0   0.17789

  353.0   0.17821

  354.0   0.17840

  355.0   0.17823

  356.0   0.17759

  357.0   0.17864

  358.0   0.17669

  359.0   0.17564

  360.0   0.17489

  361.0   0.17353

  362.0   0.17088

  363.0   0.16814

  364.0   0.16597

  365.0   0.16289

  366.0   0.16077

  367.0   0.15767

  368.0   0.15467

  369.0   0.15171

  370.0   0.14782

  371.0   0.14496

  372.0   0.14277

  373.0   0.13983

  374.0   0.13651

  375.0   0.13370

  376.0   0.13000

  377.0   0.12732

  378.0   0.12370

  379.0   0.12102

  380.0   0.11806

  381.0   0.11478

  382.0   0.11193

  383.0   0.10943

  384.0   0.10691

  385.0   0.10400

  386.0   0.10043

  387.0   0.09771

  388.0   0.09550

  389.0   0.09278

  390.0   0.09096

  391.0   0.08850

  392.0   0.08631

  393.0   0.08393

  394.0   0.08202

  395.0   0.08033

  396.0   0.07859

  397.0   0.07656

  398.0   0.07492

  399.0   0.07294

  400.0   0.07155

  401.0   0.07022

  402.0   0.06903

  403.0   0.06782

  404.0   0.06623

  405.0   0.06499

  406.0   0.06374

  407.0   0.06272

  408.0   0.06115

  409.0   0.05962

  410.0   0.05833

  411.0   0.05731

  412.0   0.05602

  413.0   0.05460

  414.0   0.05297

  415.0   0.05223

  416.0   0.05033

  417.0   0.04869

  418.0   0.04729

  419.0   0.04541

  420.0   0.04405

  421.0   0.04267

  422.0   0.04084

  423.0   0.03944

  424.0   0.03821

  425.0   0.03684

  426.0   0.03535

  427.0   0.03401

  428.0   0.03267

  429.0   0.03123

  430.0   0.03004

  431.0   0.02890

  432.0   0.02767

  433.0   0.02654

  434.0   0.02546

  435.0   0.02447

  436.0   0.02343

  437.0   0.02249

  438.0   0.02146

  439.0   0.02062

  440.0   0.01978

  441.0   0.01908

  442.0   0.01828

  443.0   0.01765

  444.0   0.01690

  445.0   0.01612

  446.0   0.01562

  447.0   0.01508

  448.0   0.01452

  449.0   0.01389

  450.0   0.01347

  451.0   0.01292

  452.0   0.01245

  453.0   0.01199

  454.0   0.01151

  455.0   0.01096

  456.0   0.01071

  457.0   0.01036

  458.0   0.01000

  459.0   0.00953

  460.0   0.00922

  461.0   0.00895

  462.0   0.00847

  463.0   0.00815

  464.0   0.00796

  465.0   0.00773

  466.0   0.00747

  467.0   0.00721

  468.0   0.00700

  469.0   0.00677

  470.0   0.00658

  471.0   0.00634

  472.0   0.00622

  473.0   0.00602

  474.0   0.00591

  475.0   0.00572

  476.0   0.00548

  477.0   0.00537

  478.0   0.00516

  479.0   0.00499

  480.0   0.00490

  481.0   0.00471

  482.0   0.00459

  483.0   0.00448

  484.0   0.00440

  485.0   0.00434

  486.0   0.00420

  487.0   0.00409

  488.0   0.00399

  489.0   0.00389

  490.0   0.00384

  491.0   0.00384

  492.0   0.00373

  493.0   0.00369

  494.0   0.00359

  495.0   0.00357

  496.0   0.00358

  497.0   0.00354

  498.0   0.00351

  499.0   0.00352

  500.0   0.00357

  501.0   0.00352

  502.0   0.00359

  503.0   0.00365

  504.0   0.00374

  505.0   0.00375

  506.0   0.00380

  507.0   0.00388

  508.0   0.00391

  509.0   0.00387

  510.0   0.00393

  511.0   0.00389

  512.0   0.00389

  513.0   0.00395

  514.0   0.00399

  515.0   0.00401

  516.0   0.00405

  517.0   0.00404

  518.0   0.00407

  519.0   0.00409

  520.0   0.00407

  521.0   0.00408

  522.0   0.00407

  523.0   0.00409

  524.0   0.00412

  525.0   0.00412

  526.0   0.00414

  527.0   0.00421

  528.0   0.00421

  529.0   0.00423

  530.0   0.00431

  531.0   0.00430

  532.0   0.00436

  533.0   0.00435

  534.0   0.00442

  535.0   0.00448

  536.0   0.00450

  537.0   0.00455

  538.0   0.00457

  539.0   0.00458

  540.0   0.00458

  541.0   0.00467

  542.0   0.00475

  543.0   0.00482

  544.0   0.00497

  545.0   0.00499

  546.0   0.00512

  547.0   0.00516

  548.0   0.00524

  549.0   0.00529

  550.0   0.00534

  551.0   0.00541

  552.0   0.00548

  553.0   0.00546

  554.0   0.00546

  555.0   0.00549

  556.0   0.00550

  557.0   0.00610

  558.0   0.00610

  559.0   0.00611

  560.0   0.00614

  561.0   0.00609

  562.0   0.00604

  563.0   0.00602

  564.0   0.00600

  565.0   0.00605

  566.0   0.00612

  567.0   0.00612

  568.0   0.00616

  569.0   0.00616

  570.0   0.00619

  571.0   0.00614

  572.0   0.00612

  573.0   0.00612

  574.0   0.00619

  575.0   0.00619

  576.0   0.00617

  577.0   0.00621

  578.0   0.00619

  579.0   0.00624

  580.0   0.00628

  581.0   0.00628

  582.0   0.00628

  583.0   0.00631

  584.0   0.00640

  585.0   0.00649

  586.0   0.00657

  587.0   0.00665

  588.0   0.00670

  589.0   0.00676

  590.0   0.00682

  591.0   0.00689

  592.0   0.00691

  593.0   0.00701

  594.0   0.00705

  595.0   0.00715

  596.0   0.00712

  597.0   0.00711

  598.0   0.00710

  599.0   0.00709

  600.0   0.00710

  601.0   0.00706

  602.0   0.00707

  603.0   0.00706

  604.0   0.00705

  605.0   0.00708

  606.0   0.00711

  607.0   0.00705

  608.0   0.00704

  609.0   0.00704

  610.0   0.00699

  611.0   0.00704

  612.0   0.00704

  613.0   0.00708

  614.0   0.00711

  615.0   0.00715

  616.0   0.00713

  617.0   0.00713

  618.0   0.00713

  619.0   0.00715

  620.0   0.00716

  621.0   0.00714

  622.0   0.00713

  623.0   0.00712

  624.0   0.00712

  625.0   0.00709

  626.0   0.00711

  627.0   0.00716

  628.0   0.00713

  629.0   0.00719

  630.0   0.00720

  631.0   0.00721

  632.0   0.00723

  633.0   0.00723

  634.0   0.00722

  635.0   0.00718

  636.0   0.00718

  637.0   0.00722

  638.0   0.00722

  639.0   0.00728

  640.0   0.00730

  641.0   0.00735

  642.0   0.00740

  643.0   0.00745

  644.0   0.00752

  645.0   0.00755

  646.0   0.00763

  647.0   0.00767

  648.0   0.00770

  649.0   0.00771

  650.0   0.00774

  651.0   0.00778

  652.0   0.00777

  653.0   0.00778

  654.0   0.00775

  655.0   0.00776

  656.0   0.00775

  657.0   0.00774

  658.0   0.00777

  659.0   0.00777

  660.0   0.00778

  661.0   0.00781

  662.0   0.00782

  663.0   0.00778

  664.0   0.00776

  665.0   0.00779

  666.0   0.00780

  667.0   0.00785

  668.0   0.00786

  669.0   0.00788

  670.0   0.00784

  671.0   0.00784

  672.0   0.00778

  673.0   0.00777

  674.0   0.00777

  675.0   0.00771

  676.0   0.00771

  677.0   0.00767

  678.0   0.00768

  679.0   0.00764

  680.0   0.00765

  681.0   0.00758

  682.0   0.00757

  683.0   0.00756

  684.0   0.00757

  685.0   0.00756

  686.0   0.00760

  687.0   0.00763

  688.0   0.00761

  689.0   0.00759

  690.0   0.00754

  691.0   0.00754

  692.0   0.00752

  693.0   0.00753

  694.0   0.00749

  695.0   0.00744

  696.0   0.00746

  697.0   0.00744

  698.0   0.00748

  699.0   0.00752

  700.0   0.00752

  701.0   0.00744

  702.0   0.00750

  703.0   0.00750

  704.0   0.00748

  705.0   0.00748

  706.0   0.00753

  707.0   0.00753

  708.0   0.00753

  709.0   0.00754

  710.0   0.00752

  711.0   0.00749

  712.0   0.00749

  713.0   0.00748

  714.0   0.00749

  715.0   0.00748

  716.0   0.00755

  717.0   0.00754

  718.0   0.00752

  719.0   0.00749

  720.0   0.00750

  721.0   0.00747

  722.0   0.00742

  723.0   0.00746

  724.0   0.00741

  725.0   0.00743

  726.0   0.00742

  727.0   0.00746

  728.0   0.00744

  729.0   0.00746

  730.0   0.00747

  731.0   0.00745

  732.0   0.00743

  733.0   0.00746

  734.0   0.00749

  735.0   0.00745

  736.0   0.00772

  737.0   0.00770

  738.0   0.00773

  739.0   0.00776

  740.0   0.00774

  741.0   0.00776

  742.0   0.00777

  743.0   0.00776

  744.0   0.00780

  745.0   0.00782

  746.0   0.00795

  747.0   0.00800

  748.0   0.00799

  749.0   0.00791

  750.0   0.00777

  751.0   0.00785

  752.0   0.00774

  753.0   0.00769

  754.0   0.00761

  755.0   0.00764

  756.0   0.00756

  757.0   0.00751

  758.0   0.00749

  759.0   0.00744

  760.0   0.00742

  761.0   0.00742

  762.0   0.00743

  763.0   0.00741

  764.0   0.00730

  765.0   0.00734

  766.0   0.00732

  767.0   0.00730

  768.0   0.00723

  769.0   0.00718

  770.0   0.00716

  771.0   0.00723

  772.0   0.00724

  773.0   0.00728

  774.0   0.00738

  775.0   0.00765

  776.0   0.00775

  777.0   0.00767

  778.0   0.00766

  779.0   0.00764

  780.0   0.00769

  781.0   0.00761

  782.0   0.00754

  783.0   0.00755

  784.0   0.00745

  785.0   0.00741

  786.0   0.00743

  787.0   0.00738

  788.0   0.00734

  789.0   0.00730

  790.0   0.00725

  791.0   0.00730

  792.0   0.00728

  793.0   0.00738

  794.0   0.00734

  795.0   0.00730

  796.0   0.00737

  797.0   0.00738

  798.0   0.00736

  799.0   0.00740

  800.0   0.00734

 
