ser ID: DU600

Method ID: A:\DEFAULT

Date: 08/06/00

Time: 08:25

 200.0   3.17114

  201.0   2.54357

  202.0   3.28353

  203.0   3.32284

  204.0   3.06427

  205.0   3.40209

  206.0   3.43313

  207.0   3.16361

  208.0   3.49513

  209.0   2.92467

  210.0   3.55291

  211.0   3.57921

  212.0   3.12559

  213.0   3.02664

  214.0   3.65040

  215.0   3.06828

  216.0   3.21290

  217.0   3.71037

  218.0   3.72770

  219.0   3.74421

  220.0   3.15753

  221.0   3.07525

  222.0   2.79014

  223.0   3.50250

  224.0   3.33972

  225.0   3.82963

  226.0   3.84305

  227.0   3.85516

  228.0   3.86794

  229.0   3.57795

  230.0   3.28942

  231.0   3.05696

  232.0   3.30926

  233.0   3.31770

  234.0   3.92732

  235.0   3.33102

  236.0   3.33536

  237.0   3.24199

  238.0   2.76716

  239.0   2.90348

  240.0   2.66701

  241.0   2.71477

  242.0   2.74046

  243.0   2.54526

  244.0   2.42260

  245.0   2.30505

  246.0   2.13597

  247.0   2.03931

  248.0   1.94995

  249.0   1.84437

  250.0   1.74610

  251.0   1.65380

  252.0   1.55337

  253.0   1.47453

  254.0   1.39587

  255.0   1.31284

  256.0   1.24881

  257.0   1.18015

  258.0   1.12434

  259.0   1.06196

  260.0   1.01266

  261.0   0.96907

  262.0   0.92325

  263.0   0.88564

  264.0   0.84991

  265.0   0.81763

  266.0   0.78601

  267.0   0.76003

  268.0   0.73377

  269.0   0.71026

  270.0   0.68437

  271.0   0.65916

  272.0   0.63703

  273.0   0.61518

  274.0   0.59118

  275.0   0.56747

  276.0   0.54678

  277.0   0.52491

  278.0   0.50200

  279.0   0.48382

  280.0   0.46365

  281.0   0.44340

  282.0   0.42786

  283.0   0.41141

  284.0   0.39625

  285.0   0.37777

  286.0   0.36241

  287.0   0.34757

  288.0   0.33064

  289.0   0.31762

  290.0   0.30479

  291.0   0.29327

  292.0   0.28183

  293.0   0.27067

  294.0   0.26152

  295.0   0.24969

  296.0   0.24002

  297.0   0.23159

  298.0   0.22308

  299.0   0.21446

  300.0   0.20794

  301.0   0.20175

  302.0   0.19627

  303.0   0.19272

  304.0   0.18762

  305.0   0.18397

  306.0   0.18015

  307.0   0.17781

  308.0   0.17478

  309.0   0.17112

  310.0   0.16829

  311.0   0.16473

  312.0   0.16073

  313.0   0.15760

  314.0   0.15447

  315.0   0.15175

  316.0   0.14825

  317.0   0.14458

  318.0   0.14202

  319.0   0.13922

  320.0   0.13830

  321.0   0.13711

  322.0   0.13411

  323.0   0.13239

  324.0   0.13098

  325.0   0.12989

  326.0   0.12980

  327.0   0.12886

  328.0   0.12866

  329.0   0.12725

  330.0   0.12653

  331.0   0.12536

  332.0   0.12462

  333.0   0.12471

  334.0   0.12324

  335.0   0.12246

  336.0   0.12241

  337.0   0.12164

  338.0   0.12038

  339.0   0.11952

  340.0   0.11924

  341.0   0.11911

  342.0   0.11902

  343.0   0.11781

  344.0   0.11706

  345.0   0.11635

  346.0   0.11522

  347.0   0.11390

  348.0   0.11379

  349.0   0.11370

  350.0   0.11195

  351.0   0.11091

  352.0   0.11002

  353.0   0.10754

  354.0   0.10648

  355.0   0.10506

  356.0   0.10503

  357.0   0.10305

  358.0   0.10128

  359.0   0.09975

  360.0   0.09896

  361.0   0.09674

  362.0   0.09385

  363.0   0.09221

  364.0   0.09031

  365.0   0.08877

  366.0   0.08692

  367.0   0.08478

  368.0   0.08265

  369.0   0.08160

  370.0   0.07869

  371.0   0.07750

  372.0   0.07530

  373.0   0.07414

  374.0   0.07268

  375.0   0.07097

  376.0   0.06887

  377.0   0.06777

  378.0   0.06538

  379.0   0.06387

  380.0   0.06251

  381.0   0.06104

  382.0   0.05986

  383.0   0.05864

  384.0   0.05677

  385.0   0.05567

  386.0   0.05374

  387.0   0.05228

  388.0   0.05152

  389.0   0.05084

  390.0   0.04983

  391.0   0.04864

  392.0   0.04776

  393.0   0.04678

  394.0   0.04586

  395.0   0.04520

  396.0   0.04466

  397.0   0.04401

  398.0   0.04310

  399.0   0.04239

  400.0   0.04167

  401.0   0.04079

  402.0   0.04033

  403.0   0.03973

  404.0   0.03930

  405.0   0.03854

  406.0   0.03799

  407.0   0.03723

  408.0   0.03618

  409.0   0.03537

  410.0   0.03458

  411.0   0.03423

  412.0   0.03312

  413.0   0.03219

  414.0   0.03135

  415.0   0.03090

  416.0   0.02959

  417.0   0.02852

  418.0   0.02768

  419.0   0.02648

  420.0   0.02547

  421.0   0.02459

  422.0   0.02353

  423.0   0.02243

  424.0   0.02168

  425.0   0.02073

  426.0   0.01998

  427.0   0.01910

  428.0   0.01819

  429.0   0.01721

  430.0   0.01662

  431.0   0.01590

  432.0   0.01530

  433.0   0.01486

  434.0   0.01423

  435.0   0.01374

  436.0   0.01308

  437.0   0.01248

  438.0   0.01205

  439.0   0.01162

  440.0   0.01128

  441.0   0.01089

  442.0   0.01040

  443.0   0.01009

  444.0   0.00970

  445.0   0.00922

  446.0   0.00896

  447.0   0.00870

  448.0   0.00855

  449.0   0.00826

  450.0   0.00808

  451.0   0.00778

  452.0   0.00753

  453.0   0.00729

  454.0   0.00715

  455.0   0.00688

  456.0   0.00679

  457.0   0.00667

  458.0   0.00642

  459.0   0.00622

  460.0   0.00598

  461.0   0.00590

  462.0   0.00580

  463.0   0.00559

  464.0   0.00547

  465.0   0.00543

  466.0   0.00536

  467.0   0.00522

  468.0   0.00506

  469.0   0.00491

  470.0   0.00487

  471.0   0.00475

  472.0   0.00467

  473.0   0.00458

  474.0   0.00444

  475.0   0.00436

  476.0   0.00430

  477.0   0.00428

  478.0   0.00412

  479.0   0.00405

  480.0   0.00391

  481.0   0.00386

  482.0   0.00378

  483.0   0.00377

  484.0   0.00375

  485.0   0.00374

  486.0   0.00370

  487.0   0.00363

  488.0   0.00364

  489.0   0.00360

  490.0   0.00362

  491.0   0.00364

  492.0   0.00356

  493.0   0.00358

  494.0   0.00356

  495.0   0.00353

  496.0   0.00358

  497.0   0.00361

  498.0   0.00372

  499.0   0.00373

  500.0   0.00387

  501.0   0.00388

  502.0   0.00389

  503.0   0.00400

  504.0   0.00407

  505.0   0.00418

  506.0   0.00429

  507.0   0.00441

  508.0   0.00445

  509.0   0.00448

  510.0   0.00459

  511.0   0.00456

  512.0   0.00468

  513.0   0.00475

  514.0   0.00484

  515.0   0.00492

  516.0   0.00499

  517.0   0.00505

  518.0   0.00511

  519.0   0.00519

  520.0   0.00520

  521.0   0.00521

  522.0   0.00527

  523.0   0.00530

  524.0   0.00534

  525.0   0.00537

  526.0   0.00544

  527.0   0.00554

  528.0   0.00559

  529.0   0.00567

  530.0   0.00575

  531.0   0.00583

  532.0   0.00593

  533.0   0.00598

  534.0   0.00609

  535.0   0.00614

  536.0   0.00618

  537.0   0.00631

  538.0   0.00639

  539.0   0.00651

  540.0   0.00655

  541.0   0.00670

  542.0   0.00685

  543.0   0.00695

  544.0   0.00709

  545.0   0.00721

  546.0   0.00728

  547.0   0.00734

  548.0   0.00740

  549.0   0.00743

  550.0   0.00753

  551.0   0.00765

  552.0   0.00774

  553.0   0.00779

  554.0   0.00788

  555.0   0.00787

  556.0   0.00792

  557.0   0.00873

  558.0   0.00876

  559.0   0.00874

  560.0   0.00878

  561.0   0.00879

  562.0   0.00875

  563.0   0.00873

  564.0   0.00870

  565.0   0.00870

  566.0   0.00875

  567.0   0.00869

  568.0   0.00869

  569.0   0.00865

  570.0   0.00868

  571.0   0.00869

  572.0   0.00865

  573.0   0.00870

  574.0   0.00874

  575.0   0.00875

  576.0   0.00883

  577.0   0.00888

  578.0   0.00887

  579.0   0.00892

  580.0   0.00894

  581.0   0.00897

  582.0   0.00900

  583.0   0.00899

  584.0   0.00910

  585.0   0.00916

  586.0   0.00927

  587.0   0.00936

  588.0   0.00947

  589.0   0.00957

  590.0   0.00962

  591.0   0.00969

  592.0   0.00974

  593.0   0.00983

  594.0   0.00984

  595.0   0.00991

  596.0   0.00994

  597.0   0.00994

  598.0   0.00994

  599.0   0.00993

  600.0   0.00995

  601.0   0.00995

  602.0   0.00999

  603.0   0.00995

  604.0   0.00995

  605.0   0.00999

  606.0   0.00999

  607.0   0.00997

  608.0   0.01000

  609.0   0.00995

  610.0   0.00996

  611.0   0.00995

  612.0   0.00995

  613.0   0.00995

  614.0   0.00995

  615.0   0.00998

  616.0   0.01001

  617.0   0.01000

  618.0   0.01000

  619.0   0.01003

  620.0   0.01006

  621.0   0.01006

  622.0   0.01005

  623.0   0.01004

  624.0   0.01005

  625.0   0.01005

  626.0   0.01009

  627.0   0.01011

  628.0   0.01008

  629.0   0.01014

  630.0   0.01011

  631.0   0.01011

  632.0   0.01012

  633.0   0.01009

  634.0   0.01005

  635.0   0.01006

  636.0   0.01005

  637.0   0.01008

  638.0   0.01011

  639.0   0.01019

  640.0   0.01020

  641.0   0.01022

  642.0   0.01025

  643.0   0.01028

  644.0   0.01032

  645.0   0.01037

  646.0   0.01040

  647.0   0.01046

  648.0   0.01051

  649.0   0.01055

  650.0   0.01057

  651.0   0.01061

  652.0   0.01061

  653.0   0.01059

  654.0   0.01058

  655.0   0.01054

  656.0   0.01050

  657.0   0.01050

  658.0   0.01044

  659.0   0.01041

  660.0   0.01039

  661.0   0.01039

  662.0   0.01033

  663.0   0.01031

  664.0   0.01028

  665.0   0.01026

  666.0   0.01029

  667.0   0.01031

  668.0   0.01031

  669.0   0.01029

  670.0   0.01024

  671.0   0.01021

  672.0   0.01018

  673.0   0.01013

  674.0   0.01007

  675.0   0.01000

  676.0   0.00995

  677.0   0.00984

  678.0   0.00978

  679.0   0.00979

  680.0   0.00972

  681.0   0.00969

  682.0   0.00966

  683.0   0.00965

  684.0   0.00959

  685.0   0.00961

  686.0   0.00957

  687.0   0.00955

  688.0   0.00948

  689.0   0.00939

  690.0   0.00932

  691.0   0.00930

  692.0   0.00929

  693.0   0.00931

  694.0   0.00927

  695.0   0.00926

  696.0   0.00923

  697.0   0.00916

  698.0   0.00915

  699.0   0.00911

  700.0   0.00904

  701.0   0.00893

  702.0   0.00892

  703.0   0.00895

  704.0   0.00894

  705.0   0.00889

  706.0   0.00890

  707.0   0.00889

  708.0   0.00888

  709.0   0.00888

  710.0   0.00881

  711.0   0.00876

  712.0   0.00873

  713.0   0.00864

  714.0   0.00862

  715.0   0.00859

  716.0   0.00856

  717.0   0.00858

  718.0   0.00862

  719.0   0.00857

  720.0   0.00855

  721.0   0.00852

  722.0   0.00846

  723.0   0.00846

  724.0   0.00841

  725.0   0.00842

  726.0   0.00837

  727.0   0.00846

  728.0   0.00841

  729.0   0.00841

  730.0   0.00838

  731.0   0.00830

  732.0   0.00831

  733.0   0.00829

  734.0   0.00830

  735.0   0.00827

  736.0   0.00873

  737.0   0.00864

  738.0   0.00864

  739.0   0.00862

  740.0   0.00860

  741.0   0.00852

  742.0   0.00853

  743.0   0.00852

  744.0   0.00859

  745.0   0.00861

  746.0   0.00862

  747.0   0.00867

  748.0   0.00858

  749.0   0.00855

  750.0   0.00839

  751.0   0.00841

  752.0   0.00833

  753.0   0.00827

  754.0   0.00817

  755.0   0.00817

  756.0   0.00815

  757.0   0.00804

  758.0   0.00805

  759.0   0.00798

  760.0   0.00795

  761.0   0.00793

  762.0   0.00791

  763.0   0.00792

  764.0   0.00778

  765.0   0.00779

  766.0   0.00777

  767.0   0.00775

  768.0   0.00765

  769.0   0.00758

  770.0   0.00753

  771.0   0.00754

  772.0   0.00752

  773.0   0.00748

  774.0   0.00741

  775.0   0.00733

  776.0   0.00732

  777.0   0.00727

  778.0   0.00720

  779.0   0.00718

  780.0   0.00719

  781.0   0.00715

  782.0   0.00711

  783.0   0.00715

  784.0   0.00710

  785.0   0.00703

  786.0   0.00696

  787.0   0.00697

  788.0   0.00696

  789.0   0.00691

  790.0   0.00687

  791.0   0.00685

  792.0   0.00690

  793.0   0.00688

  794.0   0.00689

  795.0   0.00682

  796.0   0.00689

  797.0   0.00693

  798.0   0.00688

  799.0   0.00692

  800.0   0.00689

 
