ser ID: DU600

Method ID: A:\DEFAULT

Date: 08/06/00

Time: 06:08

 200.0   3.17114

  201.0   2.39744

  202.0   2.58456

  203.0   2.62387

  204.0   2.88818

  205.0   2.55699

  206.0   2.73416

  207.0   2.86258

  208.0   3.49513

  209.0   3.52673

  210.0   3.55291

  211.0   3.57921

  212.0   2.82456

  213.0   3.62870

  214.0   3.04834

  215.0   2.97137

  216.0   3.38899

  217.0   3.71037

  218.0   3.72770

  219.0   3.26709

  220.0   3.28247

  221.0   2.92913

  222.0   3.18808

  223.0   3.20147

  224.0   3.51581

  225.0   3.82963

  226.0   3.36592

  227.0   3.85516

  228.0   3.16897

  229.0   2.97589

  230.0   3.41436

  231.0   3.30000

  232.0   3.91132

  233.0   3.91976

  234.0   3.92732

  235.0   3.93308

  236.0   3.09232

  237.0   3.16281

  238.0   3.16510

  239.0   3.46776

  240.0   3.94576

  241.0   3.24625

  242.0   3.24561

  243.0   2.94320

  244.0   2.73699

  245.0   2.63749

  246.0   2.53737

  247.0   2.46901

  248.0   2.37138

  249.0   2.34377

  250.0   2.17892

  251.0   2.05653

  252.0   1.97998

  253.0   1.87086

  254.0   1.77580

  255.0   1.71192

  256.0   1.63544

  257.0   1.55217

  258.0   1.47327

  259.0   1.38021

  260.0   1.31614

  261.0   1.25575

  262.0   1.19504

  263.0   1.15143

  264.0   1.10732

  265.0   1.06172

  266.0   1.02265

  267.0   0.99185

  268.0   0.95901

  269.0   0.93142

  270.0   0.90446

  271.0   0.88217

  272.0   0.85647

  273.0   0.83366

  274.0   0.80675

  275.0   0.78085

  276.0   0.75482

  277.0   0.72736

  278.0   0.69976

  279.0   0.67308

  280.0   0.64636

  281.0   0.61672

  282.0   0.59108

  283.0   0.56343

  284.0   0.53768

  285.0   0.51145

  286.0   0.48513

  287.0   0.46082

  288.0   0.43405

  289.0   0.41129

  290.0   0.38978

  291.0   0.36956

  292.0   0.35029

  293.0   0.33305

  294.0   0.31662

  295.0   0.29725

  296.0   0.28050

  297.0   0.26505

  298.0   0.24916

  299.0   0.23410

  300.0   0.22236

  301.0   0.21078

  302.0   0.19940

  303.0   0.19077

  304.0   0.18195

  305.0   0.17427

  306.0   0.16554

  307.0   0.15883

  308.0   0.15352

  309.0   0.14691

  310.0   0.14163

  311.0   0.13648

  312.0   0.13090

  313.0   0.12676

  314.0   0.12226

  315.0   0.12008

  316.0   0.11665

  317.0   0.11306

  318.0   0.11150

  319.0   0.10912

  320.0   0.10800

  321.0   0.10783

  322.0   0.10678

  323.0   0.10700

  324.0   0.10756

  325.0   0.10967

  326.0   0.11154

  327.0   0.11325

  328.0   0.11586

  329.0   0.11845

  330.0   0.12083

  331.0   0.12316

  332.0   0.12682

  333.0   0.13119

  334.0   0.13307

  335.0   0.13729

  336.0   0.14136

  337.0   0.14492

  338.0   0.14913

  339.0   0.15331

  340.0   0.15841

  341.0   0.16237

  342.0   0.16743

  343.0   0.17048

  344.0   0.17481

  345.0   0.17933

  346.0   0.18304

  347.0   0.18764

  348.0   0.19141

  349.0   0.19445

  350.0   0.19656

  351.0   0.19812

  352.0   0.20067

  353.0   0.20209

  354.0   0.20379

  355.0   0.20443

  356.0   0.20470

  357.0   0.20531

  358.0   0.20495

  359.0   0.20294

  360.0   0.20173

  361.0   0.19975

  362.0   0.19678

  363.0   0.19440

  364.0   0.19222

  365.0   0.18938

  366.0   0.18628

  367.0   0.18264

  368.0   0.17915

  369.0   0.17591

  370.0   0.17158

  371.0   0.16802

  372.0   0.16537

  373.0   0.16200

  374.0   0.15839

  375.0   0.15505

  376.0   0.15043

  377.0   0.14730

  378.0   0.14362

  379.0   0.14012

  380.0   0.13685

  381.0   0.13291

  382.0   0.12945

  383.0   0.12644

  384.0   0.12285

  385.0   0.11972

  386.0   0.11589

  387.0   0.11261

  388.0   0.10961

  389.0   0.10653

  390.0   0.10385

  391.0   0.10088

  392.0   0.09870

  393.0   0.09606

  394.0   0.09326

  395.0   0.09089

  396.0   0.08858

  397.0   0.08666

  398.0   0.08447

  399.0   0.08267

  400.0   0.08087

  401.0   0.07919

  402.0   0.07761

  403.0   0.07601

  404.0   0.07439

  405.0   0.07292

  406.0   0.07168

  407.0   0.07002

  408.0   0.06849

  409.0   0.06682

  410.0   0.06539

  411.0   0.06420

  412.0   0.06274

  413.0   0.06123

  414.0   0.05971

  415.0   0.05895

  416.0   0.05670

  417.0   0.05505

  418.0   0.05355

  419.0   0.05148

  420.0   0.05004

  421.0   0.04824

  422.0   0.04673

  423.0   0.04510

  424.0   0.04363

  425.0   0.04204

  426.0   0.04048

  427.0   0.03893

  428.0   0.03746

  429.0   0.03589

  430.0   0.03465

  431.0   0.03325

  432.0   0.03204

  433.0   0.03080

  434.0   0.02955

  435.0   0.02834

  436.0   0.02703

  437.0   0.02606

  438.0   0.02489

  439.0   0.02398

  440.0   0.02308

  441.0   0.02216

  442.0   0.02120

  443.0   0.02046

  444.0   0.01962

  445.0   0.01879

  446.0   0.01812

  447.0   0.01739

  448.0   0.01676

  449.0   0.01605

  450.0   0.01565

  451.0   0.01494

  452.0   0.01441

  453.0   0.01375

  454.0   0.01326

  455.0   0.01260

  456.0   0.01227

  457.0   0.01177

  458.0   0.01128

  459.0   0.01085

  460.0   0.01040

  461.0   0.01001

  462.0   0.00951

  463.0   0.00922

  464.0   0.00893

  465.0   0.00861

  466.0   0.00833

  467.0   0.00802

  468.0   0.00780

  469.0   0.00747

  470.0   0.00720

  471.0   0.00697

  472.0   0.00680

  473.0   0.00652

  474.0   0.00639

  475.0   0.00620

  476.0   0.00600

  477.0   0.00580

  478.0   0.00554

  479.0   0.00534

  480.0   0.00504

  481.0   0.00486

  482.0   0.00474

  483.0   0.00461

  484.0   0.00448

  485.0   0.00441

  486.0   0.00424

  487.0   0.00409

  488.0   0.00406

  489.0   0.00403

  490.0   0.00391

  491.0   0.00389

  492.0   0.00377

  493.0   0.00369

  494.0   0.00356

  495.0   0.00355

  496.0   0.00349

  497.0   0.00344

  498.0   0.00343

  499.0   0.00334

  500.0   0.00341

  501.0   0.00338

  502.0   0.00336

  503.0   0.00343

  504.0   0.00343

  505.0   0.00342

  506.0   0.00348

  507.0   0.00351

  508.0   0.00357

  509.0   0.00351

  510.0   0.00357

  511.0   0.00355

  512.0   0.00359

  513.0   0.00359

  514.0   0.00367

  515.0   0.00373

  516.0   0.00378

  517.0   0.00377

  518.0   0.00375

  519.0   0.00373

  520.0   0.00367

  521.0   0.00366

  522.0   0.00369

  523.0   0.00367

  524.0   0.00363

  525.0   0.00361

  526.0   0.00363

  527.0   0.00368

  528.0   0.00370

  529.0   0.00365

  530.0   0.00364

  531.0   0.00366

  532.0   0.00370

  533.0   0.00371

  534.0   0.00378

  535.0   0.00377

  536.0   0.00380

  537.0   0.00385

  538.0   0.00384

  539.0   0.00391

  540.0   0.00389

  541.0   0.00397

  542.0   0.00406

  543.0   0.00412

  544.0   0.00426

  545.0   0.00428

  546.0   0.00431

  547.0   0.00429

  548.0   0.00430

  549.0   0.00436

  550.0   0.00447

  551.0   0.00450

  552.0   0.00454

  553.0   0.00455

  554.0   0.00459

  555.0   0.00461

  556.0   0.00463

  557.0   0.00493

  558.0   0.00492

  559.0   0.00491

  560.0   0.00492

  561.0   0.00495

  562.0   0.00492

  563.0   0.00491

  564.0   0.00488

  565.0   0.00495

  566.0   0.00503

  567.0   0.00504

  568.0   0.00509

  569.0   0.00505

  570.0   0.00506

  571.0   0.00509

  572.0   0.00506

  573.0   0.00507

  574.0   0.00507

  575.0   0.00504

  576.0   0.00500

  577.0   0.00505

  578.0   0.00509

  579.0   0.00510

  580.0   0.00516

  581.0   0.00515

  582.0   0.00518

  583.0   0.00518

  584.0   0.00531

  585.0   0.00531

  586.0   0.00539

  587.0   0.00540

  588.0   0.00549

  589.0   0.00554

  590.0   0.00557

  591.0   0.00564

  592.0   0.00563

  593.0   0.00574

  594.0   0.00581

  595.0   0.00586

  596.0   0.00589

  597.0   0.00586

  598.0   0.00588

  599.0   0.00585

  600.0   0.00587

  601.0   0.00586

  602.0   0.00588

  603.0   0.00580

  604.0   0.00580

  605.0   0.00582

  606.0   0.00585

  607.0   0.00585

  608.0   0.00586

  609.0   0.00586

  610.0   0.00585

  611.0   0.00585

  612.0   0.00587

  613.0   0.00598

  614.0   0.00598

  615.0   0.00599

  616.0   0.00601

  617.0   0.00601

  618.0   0.00600

  619.0   0.00605

  620.0   0.00604

  621.0   0.00603

  622.0   0.00602

  623.0   0.00597

  624.0   0.00595

  625.0   0.00590

  626.0   0.00591

  627.0   0.00595

  628.0   0.00593

  629.0   0.00599

  630.0   0.00598

  631.0   0.00596

  632.0   0.00597

  633.0   0.00600

  634.0   0.00603

  635.0   0.00604

  636.0   0.00602

  637.0   0.00603

  638.0   0.00605

  639.0   0.00606

  640.0   0.00609

  641.0   0.00612

  642.0   0.00621

  643.0   0.00629

  644.0   0.00638

  645.0   0.00643

  646.0   0.00651

  647.0   0.00656

  648.0   0.00656

  649.0   0.00662

  650.0   0.00664

  651.0   0.00662

  652.0   0.00664

  653.0   0.00665

  654.0   0.00666

  655.0   0.00665

  656.0   0.00667

  657.0   0.00669

  658.0   0.00670

  659.0   0.00673

  660.0   0.00673

  661.0   0.00673

  662.0   0.00672

  663.0   0.00676

  664.0   0.00672

  665.0   0.00671

  666.0   0.00674

  667.0   0.00679

  668.0   0.00678

  669.0   0.00683

  670.0   0.00682

  671.0   0.00682

  672.0   0.00682

  673.0   0.00680

  674.0   0.00684

  675.0   0.00679

  676.0   0.00679

  677.0   0.00673

  678.0   0.00672

  679.0   0.00673

  680.0   0.00676

  681.0   0.00675

  682.0   0.00672

  683.0   0.00673

  684.0   0.00668

  685.0   0.00672

  686.0   0.00678

  687.0   0.00677

  688.0   0.00676

  689.0   0.00673

  690.0   0.00667

  691.0   0.00668

  692.0   0.00665

  693.0   0.00670

  694.0   0.00667

  695.0   0.00668

  696.0   0.00666

  697.0   0.00667

  698.0   0.00667

  699.0   0.00664

  700.0   0.00664

  701.0   0.00658

  702.0   0.00659

  703.0   0.00665

  704.0   0.00666

  705.0   0.00664

  706.0   0.00668

  707.0   0.00665

  708.0   0.00665

  709.0   0.00666

  710.0   0.00661

  711.0   0.00663

  712.0   0.00662

  713.0   0.00658

  714.0   0.00660

  715.0   0.00658

  716.0   0.00662

  717.0   0.00658

  718.0   0.00663

  719.0   0.00664

  720.0   0.00660

  721.0   0.00663

  722.0   0.00657

  723.0   0.00660

  724.0   0.00659

  725.0   0.00655

  726.0   0.00651

  727.0   0.00661

  728.0   0.00657

  729.0   0.00663

  730.0   0.00661

  731.0   0.00656

  732.0   0.00653

  733.0   0.00651

  734.0   0.00658

  735.0   0.00653

  736.0   0.00658

  737.0   0.00656

  738.0   0.00659

  739.0   0.00663

  740.0   0.00659

  741.0   0.00660

  742.0   0.00664

  743.0   0.00669

  744.0   0.00679

  745.0   0.00675

  746.0   0.00680

  747.0   0.00688

  748.0   0.00685

  749.0   0.00676

  750.0   0.00659

  751.0   0.00673

  752.0   0.00665

  753.0   0.00660

  754.0   0.00654

  755.0   0.00657

  756.0   0.00658

  757.0   0.00656

  758.0   0.00656

  759.0   0.00651

  760.0   0.00652

  761.0   0.00655

  762.0   0.00656

  763.0   0.00656

  764.0   0.00643

  765.0   0.00646

  766.0   0.00653

  767.0   0.00648

  768.0   0.00638

  769.0   0.00627

  770.0   0.00628

  771.0   0.00635

  772.0   0.00638

  773.0   0.00631

  774.0   0.00626

  775.0   0.00619

  776.0   0.00617

  777.0   0.00609

  778.0   0.00608

  779.0   0.00603

  780.0   0.00604

  781.0   0.00599

  782.0   0.00598

  783.0   0.00602

  784.0   0.00597

  785.0   0.00592

  786.0   0.00588

  787.0   0.00583

  788.0   0.00581

  789.0   0.00580

  790.0   0.00575

  791.0   0.00576

  792.0   0.00577

  793.0   0.00573

  794.0   0.00574

  795.0   0.00569

  796.0   0.00573

  797.0   0.00571

  798.0   0.00566

  799.0   0.00587

  800.0   0.00600

 
