ser ID: DU600

Method ID: A:\DEFAULT

Date: 08/06/00

Time: 06:03

 200.0   2.69402

  201.0   3.24254

  202.0   2.68147

  203.0   2.72078

  204.0   3.06427

  205.0   3.40209

  206.0   3.13210

  207.0   2.76567

  208.0   3.01801

  209.0   3.52673

  210.0   3.55291

  211.0   3.57921

  212.0   3.60271

  213.0   3.32767

  214.0   2.95143

  215.0   3.06828

  216.0   3.69002

  217.0   3.71037

  218.0   3.72770

  219.0   3.44318

  220.0   3.75959

  221.0   3.29710

  222.0   3.79014

  223.0   3.20147

  224.0   3.11787

  225.0   3.82963

  226.0   3.84305

  227.0   3.85516

  228.0   3.56691

  229.0   3.18001

  230.0   3.41436

  231.0   2.99897

  232.0   3.13317

  233.0   3.31770

  234.0   3.92732

  235.0   3.93308

  236.0   3.93742

  237.0   3.24199

  238.0   3.46613

  239.0   3.04179

  240.0   2.94576

  241.0   3.04213

  242.0   3.09948

  243.0   3.46608

  244.0   2.89972

  245.0   2.65977

  246.0   2.61309

  247.0   2.46901

  248.0   2.37138

  249.0   2.31077

  250.0   2.21172

  251.0   2.11453

  252.0   2.01730

  253.0   1.90428

  254.0   1.82777

  255.0   1.71767

  256.0   1.64525

  257.0   1.56661

  258.0   1.48546

  259.0   1.40628

  260.0   1.34017

  261.0   1.27918

  262.0   1.20966

  263.0   1.15942

  264.0   1.11382

  265.0   1.07442

  266.0   1.03797

  267.0   1.00297

  268.0   0.97446

  269.0   0.94727

  270.0   0.91446

  271.0   0.89230

  272.0   0.86712

  273.0   0.84433

  274.0   0.82100

  275.0   0.79521

  276.0   0.76879

  277.0   0.74287

  278.0   0.71175

  279.0   0.68469

  280.0   0.65728

  281.0   0.62905

  282.0   0.60357

  283.0   0.57598

  284.0   0.54924

  285.0   0.51948

  286.0   0.49337

  287.0   0.46628

  288.0   0.43996

  289.0   0.41746

  290.0   0.39529

  291.0   0.37514

  292.0   0.35400

  293.0   0.33537

  294.0   0.31766

  295.0   0.29782

  296.0   0.28091

  297.0   0.26532

  298.0   0.24993

  299.0   0.23410

  300.0   0.22139

  301.0   0.20924

  302.0   0.19731

  303.0   0.18759

  304.0   0.17892

  305.0   0.17027

  306.0   0.16223

  307.0   0.15565

  308.0   0.14828

  309.0   0.14201

  310.0   0.13651

  311.0   0.13135

  312.0   0.12652

  313.0   0.12247

  314.0   0.11849

  315.0   0.11584

  316.0   0.11169

  317.0   0.10863

  318.0   0.10622

  319.0   0.10459

  320.0   0.10413

  321.0   0.10322

  322.0   0.10421

  323.0   0.10393

  324.0   0.10546

  325.0   0.10619

  326.0   0.10841

  327.0   0.10972

  328.0   0.11345

  329.0   0.11692

  330.0   0.11929

  331.0   0.12277

  332.0   0.12591

  333.0   0.12963

  334.0   0.13202

  335.0   0.13729

  336.0   0.14189

  337.0   0.14611

  338.0   0.15099

  339.0   0.15572

  340.0   0.16029

  341.0   0.16467

  342.0   0.16974

  343.0   0.17430

  344.0   0.17949

  345.0   0.18501

  346.0   0.18860

  347.0   0.19254

  348.0   0.19676

  349.0   0.19997

  350.0   0.20268

  351.0   0.20513

  352.0   0.20756

  353.0   0.20991

  354.0   0.21093

  355.0   0.21145

  356.0   0.21190

  357.0   0.21262

  358.0   0.21167

  359.0   0.21023

  360.0   0.20986

  361.0   0.20797

  362.0   0.20463

  363.0   0.20219

  364.0   0.20017

  365.0   0.19633

  366.0   0.19338

  367.0   0.18964

  368.0   0.18687

  369.0   0.18351

  370.0   0.17858

  371.0   0.17550

  372.0   0.17191

  373.0   0.16798

  374.0   0.16479

  375.0   0.16087

  376.0   0.15710

  377.0   0.15403

  378.0   0.14900

  379.0   0.14585

  380.0   0.14164

  381.0   0.13807

  382.0   0.13471

  383.0   0.13139

  384.0   0.12760

  385.0   0.12424

  386.0   0.12036

  387.0   0.11700

  388.0   0.11355

  389.0   0.11046

  390.0   0.10782

  391.0   0.10488

  392.0   0.10201

  393.0   0.09926

  394.0   0.09653

  395.0   0.09395

  396.0   0.09184

  397.0   0.08955

  398.0   0.08750

  399.0   0.08524

  400.0   0.08348

  401.0   0.08160

  402.0   0.08005

  403.0   0.07835

  404.0   0.07667

  405.0   0.07533

  406.0   0.07377

  407.0   0.07225

  408.0   0.07059

  409.0   0.06885

  410.0   0.06732

  411.0   0.06624

  412.0   0.06470

  413.0   0.06324

  414.0   0.06160

  415.0   0.06070

  416.0   0.05851

  417.0   0.05670

  418.0   0.05506

  419.0   0.05312

  420.0   0.05164

  421.0   0.05005

  422.0   0.04841

  423.0   0.04673

  424.0   0.04521

  425.0   0.04358

  426.0   0.04205

  427.0   0.04054

  428.0   0.03895

  429.0   0.03741

  430.0   0.03599

  431.0   0.03449

  432.0   0.03319

  433.0   0.03191

  434.0   0.03070

  435.0   0.02952

  436.0   0.02812

  437.0   0.02702

  438.0   0.02593

  439.0   0.02489

  440.0   0.02386

  441.0   0.02298

  442.0   0.02200

  443.0   0.02126

  444.0   0.02031

  445.0   0.01942

  446.0   0.01864

  447.0   0.01790

  448.0   0.01736

  449.0   0.01664

  450.0   0.01610

  451.0   0.01538

  452.0   0.01489

  453.0   0.01423

  454.0   0.01368

  455.0   0.01311

  456.0   0.01264

  457.0   0.01219

  458.0   0.01170

  459.0   0.01118

  460.0   0.01073

  461.0   0.01041

  462.0   0.00995

  463.0   0.00957

  464.0   0.00921

  465.0   0.00896

  466.0   0.00860

  467.0   0.00832

  468.0   0.00805

  469.0   0.00779

  470.0   0.00747

  471.0   0.00717

  472.0   0.00696

  473.0   0.00674

  474.0   0.00652

  475.0   0.00629

  476.0   0.00609

  477.0   0.00594

  478.0   0.00568

  479.0   0.00547

  480.0   0.00525

  481.0   0.00507

  482.0   0.00497

  483.0   0.00478

  484.0   0.00462

  485.0   0.00448

  486.0   0.00439

  487.0   0.00419

  488.0   0.00413

  489.0   0.00407

  490.0   0.00400

  491.0   0.00391

  492.0   0.00377

  493.0   0.00369

  494.0   0.00361

  495.0   0.00351

  496.0   0.00349

  497.0   0.00346

  498.0   0.00343

  499.0   0.00338

  500.0   0.00347

  501.0   0.00340

  502.0   0.00342

  503.0   0.00341

  504.0   0.00341

  505.0   0.00342

  506.0   0.00348

  507.0   0.00347

  508.0   0.00349

  509.0   0.00345

  510.0   0.00345

  511.0   0.00342

  512.0   0.00344

  513.0   0.00348

  514.0   0.00354

  515.0   0.00364

  516.0   0.00370

  517.0   0.00367

  518.0   0.00366

  519.0   0.00366

  520.0   0.00365

  521.0   0.00362

  522.0   0.00365

  523.0   0.00363

  524.0   0.00359

  525.0   0.00356

  526.0   0.00357

  527.0   0.00359

  528.0   0.00358

  529.0   0.00363

  530.0   0.00364

  531.0   0.00362

  532.0   0.00359

  533.0   0.00358

  534.0   0.00365

  535.0   0.00366

  536.0   0.00367

  537.0   0.00375

  538.0   0.00371

  539.0   0.00380

  540.0   0.00383

  541.0   0.00388

  542.0   0.00402

  543.0   0.00406

  544.0   0.00414

  545.0   0.00414

  546.0   0.00416

  547.0   0.00416

  548.0   0.00418

  549.0   0.00421

  550.0   0.00424

  551.0   0.00430

  552.0   0.00440

  553.0   0.00441

  554.0   0.00452

  555.0   0.00451

  556.0   0.00453

  557.0   0.00496

  558.0   0.00497

  559.0   0.00493

  560.0   0.00496

  561.0   0.00497

  562.0   0.00494

  563.0   0.00496

  564.0   0.00495

  565.0   0.00500

  566.0   0.00501

  567.0   0.00502

  568.0   0.00507

  569.0   0.00508

  570.0   0.00511

  571.0   0.00507

  572.0   0.00506

  573.0   0.00507

  574.0   0.00514

  575.0   0.00512

  576.0   0.00511

  577.0   0.00514

  578.0   0.00513

  579.0   0.00518

  580.0   0.00522

  581.0   0.00526

  582.0   0.00522

  583.0   0.00520

  584.0   0.00527

  585.0   0.00534

  586.0   0.00539

  587.0   0.00542

  588.0   0.00551

  589.0   0.00552

  590.0   0.00557

  591.0   0.00562

  592.0   0.00571

  593.0   0.00576

  594.0   0.00583

  595.0   0.00589

  596.0   0.00592

  597.0   0.00592

  598.0   0.00595

  599.0   0.00587

  600.0   0.00583

  601.0   0.00579

  602.0   0.00582

  603.0   0.00576

  604.0   0.00576

  605.0   0.00578

  606.0   0.00581

  607.0   0.00581

  608.0   0.00583

  609.0   0.00584

  610.0   0.00587

  611.0   0.00589

  612.0   0.00585

  613.0   0.00589

  614.0   0.00595

  615.0   0.00595

  616.0   0.00594

  617.0   0.00592

  618.0   0.00595

  619.0   0.00597

  620.0   0.00601

  621.0   0.00601

  622.0   0.00598

  623.0   0.00596

  624.0   0.00595

  625.0   0.00592

  626.0   0.00593

  627.0   0.00592

  628.0   0.00591

  629.0   0.00594

  630.0   0.00596

  631.0   0.00598

  632.0   0.00599

  633.0   0.00598

  634.0   0.00597

  635.0   0.00597

  636.0   0.00600

  637.0   0.00601

  638.0   0.00605

  639.0   0.00611

  640.0   0.00614

  641.0   0.00621

  642.0   0.00627

  643.0   0.00632

  644.0   0.00636

  645.0   0.00643

  646.0   0.00651

  647.0   0.00660

  648.0   0.00668

  649.0   0.00675

  650.0   0.00676

  651.0   0.00676

  652.0   0.00676

  653.0   0.00677

  654.0   0.00679

  655.0   0.00683

  656.0   0.00679

  657.0   0.00683

  658.0   0.00689

  659.0   0.00692

  660.0   0.00689

  661.0   0.00695

  662.0   0.00694

  663.0   0.00692

  664.0   0.00688

  665.0   0.00687

  666.0   0.00688

  667.0   0.00694

  668.0   0.00697

  669.0   0.00702

  670.0   0.00705

  671.0   0.00705

  672.0   0.00705

  673.0   0.00703

  674.0   0.00705

  675.0   0.00701

  676.0   0.00700

  677.0   0.00696

  678.0   0.00693

  679.0   0.00696

  680.0   0.00695

  681.0   0.00693

  682.0   0.00694

  683.0   0.00689

  684.0   0.00693

  685.0   0.00694

  686.0   0.00694

  687.0   0.00693

  688.0   0.00691

  689.0   0.00692

  690.0   0.00685

  691.0   0.00686

  692.0   0.00686

  693.0   0.00685

  694.0   0.00684

  695.0   0.00685

  696.0   0.00689

  697.0   0.00690

  698.0   0.00688

  699.0   0.00693

  700.0   0.00689

  701.0   0.00683

  702.0   0.00685

  703.0   0.00687

  704.0   0.00684

  705.0   0.00682

  706.0   0.00680

  707.0   0.00678

  708.0   0.00682

  709.0   0.00680

  710.0   0.00676

  711.0   0.00676

  712.0   0.00674

  713.0   0.00670

  714.0   0.00675

  715.0   0.00675

  716.0   0.00680

  717.0   0.00678

  718.0   0.00678

  719.0   0.00675

  720.0   0.00673

  721.0   0.00676

  722.0   0.00672

  723.0   0.00676

  724.0   0.00677

  725.0   0.00676

  726.0   0.00677

  727.0   0.00682

  728.0   0.00683

  729.0   0.00682

  730.0   0.00680

  731.0   0.00675

  732.0   0.00673

  733.0   0.00670

  734.0   0.00675

  735.0   0.00675

  736.0   0.00681

  737.0   0.00681

  738.0   0.00679

  739.0   0.00683

  740.0   0.00684

  741.0   0.00685

  742.0   0.00681

  743.0   0.00680

  744.0   0.00693

  745.0   0.00695

  746.0   0.00705

  747.0   0.00710

  748.0   0.00707

  749.0   0.00704

  750.0   0.00690

  751.0   0.00701

  752.0   0.00693

  753.0   0.00690

  754.0   0.00688

  755.0   0.00688

  756.0   0.00691

  757.0   0.00684

  758.0   0.00685

  759.0   0.00685

  760.0   0.00680

  761.0   0.00678

  762.0   0.00675

  763.0   0.00673

  764.0   0.00663

  765.0   0.00666

  766.0   0.00664

  767.0   0.00668

  768.0   0.00663

  769.0   0.00655

  770.0   0.00654

  771.0   0.00655

  772.0   0.00656

  773.0   0.00651

  774.0   0.00641

  775.0   0.00636

  776.0   0.00631

  777.0   0.00630

  778.0   0.00625

  779.0   0.00623

  780.0   0.00624

  781.0   0.00617

  782.0   0.00609

  783.0   0.00613

  784.0   0.00609

  785.0   0.00604

  786.0   0.00605

  787.0   0.00606

  788.0   0.00599

  789.0   0.00592

  790.0   0.00587

  791.0   0.00585

  792.0   0.00580

  793.0   0.00576

  794.0   0.00574

  795.0   0.00569

  796.0   0.00570

  797.0   0.00577

  798.0   0.00575

  799.0   0.00584

  800.0   0.00588

 
