ser ID: DU600

Method ID: A:\DEFAULT

Date: 08/06/00

Time: 10:30

 200.0   3.17114

  201.0   2.76542

  202.0   2.98250

  203.0   3.32284

  204.0   3.36530

  205.0   2.80003

  206.0   2.65498

  207.0   2.51040

  208.0   2.89307

  209.0   3.52673

  210.0   3.55291

  211.0   2.97715

  212.0   2.90374

  213.0   3.15157

  214.0   3.17328

  215.0   3.06828

  216.0   3.21290

  217.0   3.10831

  218.0   3.72770

  219.0   3.74421

  220.0   3.15753

  221.0   3.47319

  222.0   3.31302

  223.0   3.80353

  224.0   3.33972

  225.0   3.22757

  226.0   3.06489

  227.0   3.85516

  228.0   3.86794

  229.0   3.87898

  230.0   3.89148

  231.0   3.20309

  232.0   3.21235

  233.0   3.44264

  234.0   2.92732

  235.0   3.23411

  236.0   2.93742

  237.0   2.89957

  238.0   2.98900

  239.0   2.94488

  240.0   2.69049

  241.0   2.66647

  242.0   2.51322

  243.0   2.33041

  244.0   2.25092

  245.0   2.12561

  246.0   2.07797

  247.0   1.93577

  248.0   1.84489

  249.0   1.72216

  250.0   1.61609

  251.0   1.51247

  252.0   1.42510

  253.0   1.35161

  254.0   1.27744

  255.0   1.20268

  256.0   1.13548

  257.0   1.07844

  258.0   1.01785

  259.0   0.96115

  260.0   0.91697

  261.0   0.87419

  262.0   0.83578

  263.0   0.80337

  264.0   0.77110

  265.0   0.74055

  266.0   0.70982

  267.0   0.68472

  268.0   0.65980

  269.0   0.63736

  270.0   0.61315

  271.0   0.59316

  272.0   0.57255

  273.0   0.54997

  274.0   0.52633

  275.0   0.50538

  276.0   0.48436

  277.0   0.46495

  278.0   0.44560

  279.0   0.42903

  280.0   0.41262

  281.0   0.39683

  282.0   0.38247

  283.0   0.36855

  284.0   0.35592

  285.0   0.34054

  286.0   0.32759

  287.0   0.31550

  288.0   0.30269

  289.0   0.29078

  290.0   0.28093

  291.0   0.27074

  292.0   0.26082

  293.0   0.25198

  294.0   0.24372

  295.0   0.23543

  296.0   0.22748

  297.0   0.22022

  298.0   0.21295

  299.0   0.20647

  300.0   0.20120

  301.0   0.19575

  302.0   0.19226

  303.0   0.18918

  304.0   0.18625

  305.0   0.18454

  306.0   0.18072

  307.0   0.17827

  308.0   0.17605

  309.0   0.17309

  310.0   0.17051

  311.0   0.16791

  312.0   0.16536

  313.0   0.16226

  314.0   0.15856

  315.0   0.15612

  316.0   0.15266

  317.0   0.14853

  318.0   0.14613

  319.0   0.14363

  320.0   0.14250

  321.0   0.14146

  322.0   0.13713

  323.0   0.13554

  324.0   0.13347

  325.0   0.13212

  326.0   0.13204

  327.0   0.12952

  328.0   0.12879

  329.0   0.12660

  330.0   0.12458

  331.0   0.12355

  332.0   0.12178

  333.0   0.12074

  334.0   0.11803

  335.0   0.11692

  336.0   0.11478

  337.0   0.11308

  338.0   0.11129

  339.0   0.10989

  340.0   0.10800

  341.0   0.10568

  342.0   0.10531

  343.0   0.10289

  344.0   0.10028

  345.0   0.09864

  346.0   0.09682

  347.0   0.09425

  348.0   0.09310

  349.0   0.09184

  350.0   0.08951

  351.0   0.08764

  352.0   0.08604

  353.0   0.08318

  354.0   0.08114

  355.0   0.07916

  356.0   0.07831

  357.0   0.07597

  358.0   0.07434

  359.0   0.07216

  360.0   0.07100

  361.0   0.06872

  362.0   0.06678

  363.0   0.06468

  364.0   0.06314

  365.0   0.06144

  366.0   0.06048

  367.0   0.05869

  368.0   0.05763

  369.0   0.05619

  370.0   0.05391

  371.0   0.05233

  372.0   0.05151

  373.0   0.05067

  374.0   0.04959

  375.0   0.04848

  376.0   0.04696

  377.0   0.04594

  378.0   0.04403

  379.0   0.04327

  380.0   0.04242

  381.0   0.04144

  382.0   0.04067

  383.0   0.03989

  384.0   0.03887

  385.0   0.03808

  386.0   0.03679

  387.0   0.03603

  388.0   0.03542

  389.0   0.03517

  390.0   0.03490

  391.0   0.03392

  392.0   0.03350

  393.0   0.03313

  394.0   0.03253

  395.0   0.03205

  396.0   0.03174

  397.0   0.03164

  398.0   0.03100

  399.0   0.03044

  400.0   0.03023

  401.0   0.02980

  402.0   0.02950

  403.0   0.02916

  404.0   0.02877

  405.0   0.02825

  406.0   0.02778

  407.0   0.02733

  408.0   0.02667

  409.0   0.02597

  410.0   0.02548

  411.0   0.02516

  412.0   0.02474

  413.0   0.02386

  414.0   0.02307

  415.0   0.02275

  416.0   0.02193

  417.0   0.02083

  418.0   0.02020

  419.0   0.01914

  420.0   0.01840

  421.0   0.01787

  422.0   0.01700

  423.0   0.01622

  424.0   0.01556

  425.0   0.01491

  426.0   0.01439

  427.0   0.01364

  428.0   0.01307

  429.0   0.01242

  430.0   0.01195

  431.0   0.01140

  432.0   0.01097

  433.0   0.01064

  434.0   0.01022

  435.0   0.00988

  436.0   0.00937

  437.0   0.00902

  438.0   0.00872

  439.0   0.00845

  440.0   0.00823

  441.0   0.00794

  442.0   0.00780

  443.0   0.00758

  444.0   0.00733

  445.0   0.00703

  446.0   0.00689

  447.0   0.00675

  448.0   0.00657

  449.0   0.00649

  450.0   0.00646

  451.0   0.00617

  452.0   0.00612

  453.0   0.00593

  454.0   0.00576

  455.0   0.00559

  456.0   0.00555

  457.0   0.00548

  458.0   0.00532

  459.0   0.00517

  460.0   0.00505

  461.0   0.00489

  462.0   0.00481

  463.0   0.00468

  464.0   0.00466

  465.0   0.00463

  466.0   0.00454

  467.0   0.00441

  468.0   0.00442

  469.0   0.00428

  470.0   0.00423

  471.0   0.00418

  472.0   0.00425

  473.0   0.00423

  474.0   0.00423

  475.0   0.00406

  476.0   0.00404

  477.0   0.00394

  478.0   0.00392

  479.0   0.00384

  480.0   0.00373

  481.0   0.00363

  482.0   0.00358

  483.0   0.00359

  484.0   0.00365

  485.0   0.00369

  486.0   0.00363

  487.0   0.00358

  488.0   0.00358

  489.0   0.00355

  490.0   0.00353

  491.0   0.00358

  492.0   0.00358

  493.0   0.00363

  494.0   0.00359

  495.0   0.00364

  496.0   0.00366

  497.0   0.00369

  498.0   0.00378

  499.0   0.00381

  500.0   0.00393

  501.0   0.00396

  502.0   0.00403

  503.0   0.00414

  504.0   0.00427

  505.0   0.00439

  506.0   0.00450

  507.0   0.00464

  508.0   0.00473

  509.0   0.00478

  510.0   0.00489

  511.0   0.00490

  512.0   0.00496

  513.0   0.00505

  514.0   0.00510

  515.0   0.00523

  516.0   0.00532

  517.0   0.00538

  518.0   0.00548

  519.0   0.00556

  520.0   0.00562

  521.0   0.00567

  522.0   0.00569

  523.0   0.00574

  524.0   0.00576

  525.0   0.00584

  526.0   0.00588

  527.0   0.00597

  528.0   0.00605

  529.0   0.00611

  530.0   0.00621

  531.0   0.00627

  532.0   0.00645

  533.0   0.00650

  534.0   0.00666

  535.0   0.00668

  536.0   0.00676

  537.0   0.00687

  538.0   0.00699

  539.0   0.00717

  540.0   0.00721

  541.0   0.00734

  542.0   0.00753

  543.0   0.00758

  544.0   0.00776

  545.0   0.00787

  546.0   0.00800

  547.0   0.00802

  548.0   0.00810

  549.0   0.00821

  550.0   0.00835

  551.0   0.00844

  552.0   0.00857

  553.0   0.00863

  554.0   0.00876

  555.0   0.00882

  556.0   0.00886

  557.0   0.00953

  558.0   0.00951

  559.0   0.00951

  560.0   0.00954

  561.0   0.00958

  562.0   0.00951

  563.0   0.00949

  564.0   0.00942

  565.0   0.00949

  566.0   0.00954

  567.0   0.00954

  568.0   0.00956

  569.0   0.00953

  570.0   0.00953

  571.0   0.00953

  572.0   0.00948

  573.0   0.00951

  574.0   0.00959

  575.0   0.00961

  576.0   0.00961

  577.0   0.00965

  578.0   0.00970

  579.0   0.00976

  580.0   0.00984

  581.0   0.00984

  582.0   0.00984

  583.0   0.00983

  584.0   0.00992

  585.0   0.01000

  586.0   0.01010

  587.0   0.01014

  588.0   0.01023

  589.0   0.01031

  590.0   0.01038

  591.0   0.01045

  592.0   0.01051

  593.0   0.01061

  594.0   0.01066

  595.0   0.01075

  596.0   0.01072

  597.0   0.01069

  598.0   0.01072

  599.0   0.01072

  600.0   0.01075

  601.0   0.01077

  602.0   0.01078

  603.0   0.01081

  604.0   0.01080

  605.0   0.01081

  606.0   0.01083

  607.0   0.01081

  608.0   0.01085

  609.0   0.01083

  610.0   0.01082

  611.0   0.01083

  612.0   0.01086

  613.0   0.01090

  614.0   0.01094

  615.0   0.01099

  616.0   0.01098

  617.0   0.01099

  618.0   0.01097

  619.0   0.01100

  620.0   0.01097

  621.0   0.01097

  622.0   0.01093

  623.0   0.01089

  624.0   0.01087

  625.0   0.01087

  626.0   0.01089

  627.0   0.01089

  628.0   0.01093

  629.0   0.01099

  630.0   0.01097

  631.0   0.01100

  632.0   0.01095

  633.0   0.01096

  634.0   0.01098

  635.0   0.01099

  636.0   0.01100

  637.0   0.01099

  638.0   0.01101

  639.0   0.01107

  640.0   0.01106

  641.0   0.01108

  642.0   0.01109

  643.0   0.01114

  644.0   0.01118

  645.0   0.01126

  646.0   0.01130

  647.0   0.01133

  648.0   0.01135

  649.0   0.01137

  650.0   0.01139

  651.0   0.01136

  652.0   0.01139

  653.0   0.01133

  654.0   0.01127

  655.0   0.01127

  656.0   0.01123

  657.0   0.01122

  658.0   0.01123

  659.0   0.01123

  660.0   0.01124

  661.0   0.01131

  662.0   0.01125

  663.0   0.01120

  664.0   0.01113

  665.0   0.01113

  666.0   0.01112

  667.0   0.01113

  668.0   0.01108

  669.0   0.01105

  670.0   0.01095

  671.0   0.01092

  672.0   0.01085

  673.0   0.01084

  674.0   0.01082

  675.0   0.01077

  676.0   0.01073

  677.0   0.01066

  678.0   0.01063

  679.0   0.01058

  680.0   0.01057

  681.0   0.01051

  682.0   0.01042

  683.0   0.01038

  684.0   0.01033

  685.0   0.01027

  686.0   0.01024

  687.0   0.01020

  688.0   0.01013

  689.0   0.01008

  690.0   0.01001

  691.0   0.01004

  692.0   0.01001

  693.0   0.01003

  694.0   0.00996

  695.0   0.00993

  696.0   0.00988

  697.0   0.00982

  698.0   0.00977

  699.0   0.00974

  700.0   0.00971

  701.0   0.00960

  702.0   0.00960

  703.0   0.00959

  704.0   0.00958

  705.0   0.00958

  706.0   0.00951

  707.0   0.00946

  708.0   0.00937

  709.0   0.00935

  710.0   0.00930

  711.0   0.00928

  712.0   0.00926

  713.0   0.00915

  714.0   0.00915

  715.0   0.00915

  716.0   0.00919

  717.0   0.00914

  718.0   0.00914

  719.0   0.00905

  720.0   0.00901

  721.0   0.00901

  722.0   0.00893

  723.0   0.00891

  724.0   0.00885

  725.0   0.00883

  726.0   0.00884

  727.0   0.00884

  728.0   0.00879

  729.0   0.00879

  730.0   0.00877

  731.0   0.00871

  732.0   0.00872

  733.0   0.00871

  734.0   0.00872

  735.0   0.00869

  736.0   0.00910

  737.0   0.00907

  738.0   0.00904

  739.0   0.00901

  740.0   0.00896

  741.0   0.00894

  742.0   0.00890

  743.0   0.00894

  744.0   0.00893

  745.0   0.00889

  746.0   0.00893

  747.0   0.00898

  748.0   0.00900

  749.0   0.00886

  750.0   0.00872

  751.0   0.00872

  752.0   0.00861

  753.0   0.00856

  754.0   0.00850

  755.0   0.00848

  756.0   0.00837

  757.0   0.00838

  758.0   0.00836

  759.0   0.00826

  760.0   0.00826

  761.0   0.00827

  762.0   0.00822

  763.0   0.00828

  764.0   0.00809

  765.0   0.00810

  766.0   0.00814

  767.0   0.00815

  768.0   0.00802

  769.0   0.00795

  770.0   0.00790

  771.0   0.00788

  772.0   0.00792

  773.0   0.00779

  774.0   0.00769

  775.0   0.00765

  776.0   0.00763

  777.0   0.00762

  778.0   0.00754

  779.0   0.00750

  780.0   0.00748

  781.0   0.00744

  782.0   0.00740

  783.0   0.00741

  784.0   0.00737

  785.0   0.00732

  786.0   0.00731

  787.0   0.00732

  788.0   0.00728

  789.0   0.00724

  790.0   0.00722

  791.0   0.00721

  792.0   0.00722

  793.0   0.00712

  794.0   0.00716

  795.0   0.00706

  796.0   0.00707

  797.0   0.00708

  798.0   0.00709

  799.0   0.00716

  800.0   0.00710

 
