ser ID: DU600

Method ID: A:\DEFAULT

Date: 08/06/00

Time: 10:42

 200.0   2.32604

  201.0   2.39744

  202.0   2.80641

  203.0   3.32284

  204.0   2.88818

  205.0   3.40209

  206.0   2.47889

  207.0   2.76567

  208.0   2.71698

  209.0   3.52673

  210.0   3.55291

  211.0   3.57921

  212.0   3.30168

  213.0   2.78360

  214.0   2.80531

  215.0   2.89219

  216.0   2.78693

  217.0   3.71037

  218.0   3.42667

  219.0   3.14215

  220.0   3.75959

  221.0   3.17216

  222.0   2.94505

  223.0   2.95843

  224.0   3.33972

  225.0   3.35250

  226.0   3.84305

  227.0   3.55413

  228.0   3.86794

  229.0   3.87898

  230.0   3.11333

  231.0   2.94781

  232.0   3.13317

  233.0   3.61873

  234.0   3.22835

  235.0   3.15493

  236.0   2.98318

  237.0   2.89957

  238.0   2.79712

  239.0   2.86570

  240.0   2.62354

  241.0   2.56501

  242.0   2.54664

  243.0   2.36341

  244.0   2.25987

  245.0   2.10601

  246.0   2.01103

  247.0   1.92709

  248.0   1.82731

  249.0   1.72766

  250.0   1.61609

  251.0   1.50393

  252.0   1.42367

  253.0   1.33962

  254.0   1.26720

  255.0   1.19566

  256.0   1.13394

  257.0   1.07235

  258.0   1.01188

  259.0   0.95848

  260.0   0.91016

  261.0   0.87104

  262.0   0.83160

  263.0   0.79750

  264.0   0.76740

  265.0   0.73705

  266.0   0.70683

  267.0   0.68060

  268.0   0.65556

  269.0   0.63212

  270.0   0.60896

  271.0   0.58993

  272.0   0.56840

  273.0   0.54749

  274.0   0.52255

  275.0   0.50154

  276.0   0.48069

  277.0   0.46204

  278.0   0.44301

  279.0   0.42673

  280.0   0.41003

  281.0   0.39327

  282.0   0.38040

  283.0   0.36487

  284.0   0.35315

  285.0   0.33896

  286.0   0.32576

  287.0   0.31386

  288.0   0.30110

  289.0   0.28938

  290.0   0.27860

  291.0   0.26927

  292.0   0.25991

  293.0   0.25146

  294.0   0.24397

  295.0   0.23444

  296.0   0.22591

  297.0   0.21939

  298.0   0.21095

  299.0   0.20496

  300.0   0.19981

  301.0   0.19518

  302.0   0.19169

  303.0   0.18895

  304.0   0.18660

  305.0   0.18340

  306.0   0.17981

  307.0   0.17815

  308.0   0.17559

  309.0   0.17391

  310.0   0.17110

  311.0   0.16755

  312.0   0.16452

  313.0   0.16166

  314.0   0.15748

  315.0   0.15551

  316.0   0.15303

  317.0   0.14940

  318.0   0.14675

  319.0   0.14388

  320.0   0.14224

  321.0   0.14043

  322.0   0.13766

  323.0   0.13475

  324.0   0.13373

  325.0   0.13225

  326.0   0.13086

  327.0   0.12965

  328.0   0.12853

  329.0   0.12712

  330.0   0.12510

  331.0   0.12329

  332.0   0.12127

  333.0   0.11947

  334.0   0.11816

  335.0   0.11642

  336.0   0.11453

  337.0   0.11321

  338.0   0.11080

  339.0   0.10905

  340.0   0.10776

  341.0   0.10627

  342.0   0.10366

  343.0   0.10185

  344.0   0.09936

  345.0   0.09773

  346.0   0.09580

  347.0   0.09324

  348.0   0.09165

  349.0   0.09084

  350.0   0.08775

  351.0   0.08577

  352.0   0.08440

  353.0   0.08122

  354.0   0.07972

  355.0   0.07753

  356.0   0.07777

  357.0   0.07463

  358.0   0.07259

  359.0   0.07077

  360.0   0.06902

  361.0   0.06760

  362.0   0.06519

  363.0   0.06284

  364.0   0.06201

  365.0   0.06007

  366.0   0.05905

  367.0   0.05704

  368.0   0.05576

  369.0   0.05445

  370.0   0.05207

  371.0   0.05139

  372.0   0.05031

  373.0   0.04986

  374.0   0.04839

  375.0   0.04739

  376.0   0.04578

  377.0   0.04435

  378.0   0.04268

  379.0   0.04190

  380.0   0.04149

  381.0   0.04015

  382.0   0.03958

  383.0   0.03857

  384.0   0.03739

  385.0   0.03669

  386.0   0.03569

  387.0   0.03523

  388.0   0.03468

  389.0   0.03405

  390.0   0.03364

  391.0   0.03281

  392.0   0.03254

  393.0   0.03227

  394.0   0.03200

  395.0   0.03141

  396.0   0.03107

  397.0   0.03053

  398.0   0.03001

  399.0   0.02969

  400.0   0.02933

  401.0   0.02913

  402.0   0.02900

  403.0   0.02838

  404.0   0.02808

  405.0   0.02747

  406.0   0.02705

  407.0   0.02692

  408.0   0.02639

  409.0   0.02570

  410.0   0.02507

  411.0   0.02476

  412.0   0.02384

  413.0   0.02315

  414.0   0.02272

  415.0   0.02229

  416.0   0.02137

  417.0   0.02056

  418.0   0.01985

  419.0   0.01880

  420.0   0.01816

  421.0   0.01739

  422.0   0.01677

  423.0   0.01584

  424.0   0.01542

  425.0   0.01469

  426.0   0.01404

  427.0   0.01337

  428.0   0.01273

  429.0   0.01222

  430.0   0.01182

  431.0   0.01128

  432.0   0.01078

  433.0   0.01040

  434.0   0.00999

  435.0   0.00966

  436.0   0.00910

  437.0   0.00886

  438.0   0.00861

  439.0   0.00835

  440.0   0.00818

  441.0   0.00784

  442.0   0.00770

  443.0   0.00753

  444.0   0.00718

  445.0   0.00698

  446.0   0.00671

  447.0   0.00666

  448.0   0.00653

  449.0   0.00649

  450.0   0.00638

  451.0   0.00622

  452.0   0.00612

  453.0   0.00593

  454.0   0.00576

  455.0   0.00555

  456.0   0.00547

  457.0   0.00535

  458.0   0.00516

  459.0   0.00496

  460.0   0.00493

  461.0   0.00485

  462.0   0.00469

  463.0   0.00456

  464.0   0.00446

  465.0   0.00451

  466.0   0.00450

  467.0   0.00449

  468.0   0.00438

  469.0   0.00428

  470.0   0.00423

  471.0   0.00412

  472.0   0.00416

  473.0   0.00411

  474.0   0.00411

  475.0   0.00400

  476.0   0.00395

  477.0   0.00391

  478.0   0.00384

  479.0   0.00381

  480.0   0.00375

  481.0   0.00368

  482.0   0.00356

  483.0   0.00357

  484.0   0.00353

  485.0   0.00357

  486.0   0.00354

  487.0   0.00349

  488.0   0.00351

  489.0   0.00349

  490.0   0.00353

  491.0   0.00358

  492.0   0.00356

  493.0   0.00360

  494.0   0.00356

  495.0   0.00359

  496.0   0.00362

  497.0   0.00369

  498.0   0.00380

  499.0   0.00387

  500.0   0.00397

  501.0   0.00398

  502.0   0.00401

  503.0   0.00418

  504.0   0.00432

  505.0   0.00437

  506.0   0.00452

  507.0   0.00460

  508.0   0.00467

  509.0   0.00476

  510.0   0.00489

  511.0   0.00492

  512.0   0.00501

  513.0   0.00505

  514.0   0.00514

  515.0   0.00525

  516.0   0.00534

  517.0   0.00538

  518.0   0.00544

  519.0   0.00552

  520.0   0.00555

  521.0   0.00567

  522.0   0.00573

  523.0   0.00580

  524.0   0.00587

  525.0   0.00584

  526.0   0.00590

  527.0   0.00601

  528.0   0.00607

  529.0   0.00618

  530.0   0.00623

  531.0   0.00629

  532.0   0.00645

  533.0   0.00655

  534.0   0.00670

  535.0   0.00674

  536.0   0.00683

  537.0   0.00698

  538.0   0.00708

  539.0   0.00720

  540.0   0.00730

  541.0   0.00742

  542.0   0.00757

  543.0   0.00769

  544.0   0.00783

  545.0   0.00797

  546.0   0.00800

  547.0   0.00810

  548.0   0.00816

  549.0   0.00825

  550.0   0.00837

  551.0   0.00850

  552.0   0.00859

  553.0   0.00861

  554.0   0.00870

  555.0   0.00868

  556.0   0.00874

  557.0   0.00955

  558.0   0.00958

  559.0   0.00958

  560.0   0.00959

  561.0   0.00960

  562.0   0.00955

  563.0   0.00958

  564.0   0.00956

  565.0   0.00956

  566.0   0.00962

  567.0   0.00961

  568.0   0.00967

  569.0   0.00964

  570.0   0.00966

  571.0   0.00966

  572.0   0.00963

  573.0   0.00964

  574.0   0.00970

  575.0   0.00965

  576.0   0.00965

  577.0   0.00971

  578.0   0.00974

  579.0   0.00984

  580.0   0.00992

  581.0   0.00992

  582.0   0.00992

  583.0   0.00991

  584.0   0.01000

  585.0   0.01006

  586.0   0.01014

  587.0   0.01016

  588.0   0.01025

  589.0   0.01029

  590.0   0.01036

  591.0   0.01043

  592.0   0.01049

  593.0   0.01056

  594.0   0.01064

  595.0   0.01071

  596.0   0.01079

  597.0   0.01079

  598.0   0.01084

  599.0   0.01083

  600.0   0.01083

  601.0   0.01081

  602.0   0.01084

  603.0   0.01085

  604.0   0.01082

  605.0   0.01083

  606.0   0.01083

  607.0   0.01084

  608.0   0.01088

  609.0   0.01085

  610.0   0.01086

  611.0   0.01085

  612.0   0.01082

  613.0   0.01085

  614.0   0.01091

  615.0   0.01088

  616.0   0.01089

  617.0   0.01092

  618.0   0.01093

  619.0   0.01096

  620.0   0.01099

  621.0   0.01102

  622.0   0.01098

  623.0   0.01100

  624.0   0.01096

  625.0   0.01096

  626.0   0.01096

  627.0   0.01100

  628.0   0.01095

  629.0   0.01102

  630.0   0.01102

  631.0   0.01100

  632.0   0.01097

  633.0   0.01097

  634.0   0.01096

  635.0   0.01095

  636.0   0.01098

  637.0   0.01101

  638.0   0.01106

  639.0   0.01114

  640.0   0.01113

  641.0   0.01118

  642.0   0.01123

  643.0   0.01125

  644.0   0.01128

  645.0   0.01135

  646.0   0.01140

  647.0   0.01142

  648.0   0.01142

  649.0   0.01139

  650.0   0.01139

  651.0   0.01138

  652.0   0.01135

  653.0   0.01129

  654.0   0.01131

  655.0   0.01125

  656.0   0.01126

  657.0   0.01124

  658.0   0.01125

  659.0   0.01125

  660.0   0.01126

  661.0   0.01129

  662.0   0.01127

  663.0   0.01122

  664.0   0.01113

  665.0   0.01115

  666.0   0.01112

  667.0   0.01112

  668.0   0.01110

  669.0   0.01108

  670.0   0.01103

  671.0   0.01100

  672.0   0.01096

  673.0   0.01090

  674.0   0.01087

  675.0   0.01077

  676.0   0.01077

  677.0   0.01072

  678.0   0.01066

  679.0   0.01065

  680.0   0.01061

  681.0   0.01058

  682.0   0.01057

  683.0   0.01049

  684.0   0.01045

  685.0   0.01040

  686.0   0.01038

  687.0   0.01035

  688.0   0.01026

  689.0   0.01019

  690.0   0.01012

  691.0   0.01013

  692.0   0.01010

  693.0   0.01008

  694.0   0.01002

  695.0   0.00999

  696.0   0.00998

  697.0   0.00993

  698.0   0.00988

  699.0   0.00984

  700.0   0.00977

  701.0   0.00970

  702.0   0.00964

  703.0   0.00961

  704.0   0.00954

  705.0   0.00950

  706.0   0.00949

  707.0   0.00946

  708.0   0.00937

  709.0   0.00937

  710.0   0.00930

  711.0   0.00930

  712.0   0.00926

  713.0   0.00919

  714.0   0.00921

  715.0   0.00917

  716.0   0.00919

  717.0   0.00914

  718.0   0.00908

  719.0   0.00908

  720.0   0.00903

  721.0   0.00897

  722.0   0.00888

  723.0   0.00887

  724.0   0.00885

  725.0   0.00883

  726.0   0.00879

  727.0   0.00879

  728.0   0.00879

  729.0   0.00879

  730.0   0.00877

  731.0   0.00873

  732.0   0.00868

  733.0   0.00869

  734.0   0.00875

  735.0   0.00869

  736.0   0.00910

  737.0   0.00898

  738.0   0.00898

  739.0   0.00896

  740.0   0.00891

  741.0   0.00889

  742.0   0.00887

  743.0   0.00888

  744.0   0.00890

  745.0   0.00889

  746.0   0.00896

  747.0   0.00898

  748.0   0.00895

  749.0   0.00889

  750.0   0.00875

  751.0   0.00875

  752.0   0.00869

  753.0   0.00861

  754.0   0.00856

  755.0   0.00853

  756.0   0.00848

  757.0   0.00841

  758.0   0.00839

  759.0   0.00837

  760.0   0.00829

  761.0   0.00830

  762.0   0.00830

  763.0   0.00831

  764.0   0.00818

  765.0   0.00813

  766.0   0.00808

  767.0   0.00809

  768.0   0.00805

  769.0   0.00795

  770.0   0.00790

  771.0   0.00791

  772.0   0.00795

  773.0   0.00785

  774.0   0.00772

  775.0   0.00773

  776.0   0.00772

  777.0   0.00770

  778.0   0.00754

  779.0   0.00750

  780.0   0.00754

  781.0   0.00750

  782.0   0.00745

  783.0   0.00747

  784.0   0.00742

  785.0   0.00735

  786.0   0.00728

  787.0   0.00726

  788.0   0.00734

  789.0   0.00727

  790.0   0.00719

  791.0   0.00718

  792.0   0.00719

  793.0   0.00718

  794.0   0.00716

  795.0   0.00709

  796.0   0.00725

  797.0   0.00723

  798.0   0.00715

  799.0   0.00722

  800.0   0.00719

 
