ser ID: DU600

Method ID: A:\DEFAULT

Date: 08/06/00

Time: 07:01

 200.0   2.47217

  201.0   2.64048

  202.0   3.28353

  203.0   3.02181

  204.0   2.52020

  205.0   2.92497

  206.0   3.43313

  207.0   3.46464

  208.0   3.19410

  209.0   3.22570

  210.0   3.25188

  211.0   2.88024

  212.0   3.00065

  213.0   2.92973

  214.0   3.17328

  215.0   3.19322

  216.0   3.69002

  217.0   3.71037

  218.0   3.42667

  219.0   3.74421

  220.0   3.15753

  221.0   3.07525

  222.0   3.79014

  223.0   3.50250

  224.0   3.51581

  225.0   3.82963

  226.0   3.84305

  227.0   3.37803

  228.0   3.39082

  229.0   3.18001

  230.0   3.04638

  231.0   3.05696

  232.0   3.91132

  233.0   3.91976

  234.0   3.22835

  235.0   3.23411

  236.0   3.15927

  237.0   2.98672

  238.0   2.98900

  239.0   2.83093

  240.0   2.86658

  241.0   2.99098

  242.0   2.83064

  243.0   2.64217

  244.0   2.59869

  245.0   2.50716

  246.0   2.40383

  247.0   2.22384

  248.0   2.12834

  249.0   2.03706

  250.0   1.94156

  251.0   1.85696

  252.0   1.74504

  253.0   1.66624

  254.0   1.58159

  255.0   1.50995

  256.0   1.42291

  257.0   1.35495

  258.0   1.28756

  259.0   1.21986

  260.0   1.16582

  261.0   1.11040

  262.0   1.05874

  263.0   1.01521

  264.0   0.97262

  265.0   0.93660

  266.0   0.90063

  267.0   0.87276

  268.0   0.84670

  269.0   0.82054

  270.0   0.79064

  271.0   0.76588

  272.0   0.74334

  273.0   0.71718

  274.0   0.69141

  275.0   0.66740

  276.0   0.64250

  277.0   0.61902

  278.0   0.59153

  279.0   0.56928

  280.0   0.54673

  281.0   0.52171

  282.0   0.50048

  283.0   0.47993

  284.0   0.45957

  285.0   0.43780

  286.0   0.41709

  287.0   0.39689

  288.0   0.37772

  289.0   0.35954

  290.0   0.34298

  291.0   0.32730

  292.0   0.31250

  293.0   0.29953

  294.0   0.28653

  295.0   0.27215

  296.0   0.25979

  297.0   0.24832

  298.0   0.23580

  299.0   0.22441

  300.0   0.21586

  301.0   0.20724

  302.0   0.20009

  303.0   0.19353

  304.0   0.18739

  305.0   0.18271

  306.0   0.17549

  307.0   0.17120

  308.0   0.16667

  309.0   0.16229

  310.0   0.15861

  311.0   0.15419

  312.0   0.15014

  313.0   0.14657

  314.0   0.14207

  315.0   0.13949

  316.0   0.13552

  317.0   0.13210

  318.0   0.13088

  319.0   0.12822

  320.0   0.12706

  321.0   0.12667

  322.0   0.12456

  323.0   0.12334

  324.0   0.12243

  325.0   0.12223

  326.0   0.12251

  327.0   0.12299

  328.0   0.12396

  329.0   0.12569

  330.0   0.12575

  331.0   0.12640

  332.0   0.12695

  333.0   0.12704

  334.0   0.12774

  335.0   0.12936

  336.0   0.13043

  337.0   0.13267

  338.0   0.13337

  339.0   0.13532

  340.0   0.13685

  341.0   0.13765

  342.0   0.13949

  343.0   0.14029

  344.0   0.14243

  345.0   0.14371

  346.0   0.14546

  347.0   0.14571

  348.0   0.14788

  349.0   0.14896

  350.0   0.14845

  351.0   0.14871

  352.0   0.14974

  353.0   0.14969

  354.0   0.14916

  355.0   0.14902

  356.0   0.14874

  357.0   0.14805

  358.0   0.14678

  359.0   0.14511

  360.0   0.14377

  361.0   0.14187

  362.0   0.13897

  363.0   0.13714

  364.0   0.13515

  365.0   0.13335

  366.0   0.13055

  367.0   0.12819

  368.0   0.12549

  369.0   0.12324

  370.0   0.12012

  371.0   0.11750

  372.0   0.11555

  373.0   0.11331

  374.0   0.11069

  375.0   0.10838

  376.0   0.10578

  377.0   0.10360

  378.0   0.10007

  379.0   0.09774

  380.0   0.09602

  381.0   0.09324

  382.0   0.09096

  383.0   0.08884

  384.0   0.08629

  385.0   0.08433

  386.0   0.08186

  387.0   0.07960

  388.0   0.07767

  389.0   0.07589

  390.0   0.07449

  391.0   0.07243

  392.0   0.07093

  393.0   0.06940

  394.0   0.06751

  395.0   0.06634

  396.0   0.06476

  397.0   0.06348

  398.0   0.06216

  399.0   0.06107

  400.0   0.06007

  401.0   0.05889

  402.0   0.05782

  403.0   0.05681

  404.0   0.05559

  405.0   0.05456

  406.0   0.05358

  407.0   0.05282

  408.0   0.05146

  409.0   0.05023

  410.0   0.04900

  411.0   0.04805

  412.0   0.04680

  413.0   0.04563

  414.0   0.04462

  415.0   0.04387

  416.0   0.04211

  417.0   0.04083

  418.0   0.03946

  419.0   0.03791

  420.0   0.03668

  421.0   0.03542

  422.0   0.03396

  423.0   0.03266

  424.0   0.03155

  425.0   0.03020

  426.0   0.02898

  427.0   0.02787

  428.0   0.02668

  429.0   0.02534

  430.0   0.02436

  431.0   0.02343

  432.0   0.02253

  433.0   0.02172

  434.0   0.02087

  435.0   0.02000

  436.0   0.01901

  437.0   0.01817

  438.0   0.01746

  439.0   0.01686

  440.0   0.01621

  441.0   0.01552

  442.0   0.01499

  443.0   0.01441

  444.0   0.01377

  445.0   0.01313

  446.0   0.01263

  447.0   0.01222

  448.0   0.01198

  449.0   0.01165

  450.0   0.01134

  451.0   0.01082

  452.0   0.01046

  453.0   0.01002

  454.0   0.00968

  455.0   0.00927

  456.0   0.00900

  457.0   0.00874

  458.0   0.00844

  459.0   0.00806

  460.0   0.00780

  461.0   0.00754

  462.0   0.00727

  463.0   0.00712

  464.0   0.00687

  465.0   0.00677

  466.0   0.00660

  467.0   0.00644

  468.0   0.00628

  469.0   0.00606

  470.0   0.00597

  471.0   0.00578

  472.0   0.00577

  473.0   0.00561

  474.0   0.00548

  475.0   0.00531

  476.0   0.00516

  477.0   0.00509

  478.0   0.00491

  479.0   0.00475

  480.0   0.00462

  481.0   0.00448

  482.0   0.00436

  483.0   0.00431

  484.0   0.00423

  485.0   0.00415

  486.0   0.00403

  487.0   0.00393

  488.0   0.00387

  489.0   0.00387

  490.0   0.00384

  491.0   0.00386

  492.0   0.00382

  493.0   0.00382

  494.0   0.00376

  495.0   0.00374

  496.0   0.00370

  497.0   0.00367

  498.0   0.00372

  499.0   0.00381

  500.0   0.00385

  501.0   0.00390

  502.0   0.00393

  503.0   0.00402

  504.0   0.00407

  505.0   0.00418

  506.0   0.00427

  507.0   0.00434

  508.0   0.00441

  509.0   0.00440

  510.0   0.00447

  511.0   0.00449

  512.0   0.00454

  513.0   0.00460

  514.0   0.00469

  515.0   0.00473

  516.0   0.00473

  517.0   0.00478

  518.0   0.00478

  519.0   0.00481

  520.0   0.00483

  521.0   0.00486

  522.0   0.00486

  523.0   0.00487

  524.0   0.00486

  525.0   0.00493

  526.0   0.00495

  527.0   0.00506

  528.0   0.00508

  529.0   0.00518

  530.0   0.00522

  531.0   0.00525

  532.0   0.00538

  533.0   0.00540

  534.0   0.00550

  535.0   0.00550

  536.0   0.00555

  537.0   0.00559

  538.0   0.00563

  539.0   0.00569

  540.0   0.00576

  541.0   0.00589

  542.0   0.00596

  543.0   0.00610

  544.0   0.00618

  545.0   0.00630

  546.0   0.00635

  547.0   0.00639

  548.0   0.00649

  549.0   0.00654

  550.0   0.00667

  551.0   0.00669

  552.0   0.00679

  553.0   0.00677

  554.0   0.00685

  555.0   0.00686

  556.0   0.00690

  557.0   0.00761

  558.0   0.00764

  559.0   0.00760

  560.0   0.00766

  561.0   0.00768

  562.0   0.00767

  563.0   0.00771

  564.0   0.00768

  565.0   0.00764

  566.0   0.00770

  567.0   0.00767

  568.0   0.00773

  569.0   0.00769

  570.0   0.00771

  571.0   0.00769

  572.0   0.00766

  573.0   0.00763

  574.0   0.00764

  575.0   0.00757

  576.0   0.00754

  577.0   0.00757

  578.0   0.00759

  579.0   0.00764

  580.0   0.00772

  581.0   0.00773

  582.0   0.00777

  583.0   0.00787

  584.0   0.00801

  585.0   0.00809

  586.0   0.00821

  587.0   0.00834

  588.0   0.00845

  589.0   0.00850

  590.0   0.00854

  591.0   0.00860

  592.0   0.00859

  593.0   0.00868

  594.0   0.00874

  595.0   0.00881

  596.0   0.00883

  597.0   0.00880

  598.0   0.00878

  599.0   0.00872

  600.0   0.00876

  601.0   0.00875

  602.0   0.00877

  603.0   0.00876

  604.0   0.00877

  605.0   0.00879

  606.0   0.00881

  607.0   0.00880

  608.0   0.00877

  609.0   0.00876

  610.0   0.00874

  611.0   0.00879

  612.0   0.00880

  613.0   0.00890

  614.0   0.00893

  615.0   0.00895

  616.0   0.00893

  617.0   0.00893

  618.0   0.00891

  619.0   0.00892

  620.0   0.00895

  621.0   0.00894

  622.0   0.00892

  623.0   0.00889

  624.0   0.00889

  625.0   0.00891

  626.0   0.00888

  627.0   0.00890

  628.0   0.00885

  629.0   0.00889

  630.0   0.00892

  631.0   0.00891

  632.0   0.00890

  633.0   0.00886

  634.0   0.00886

  635.0   0.00887

  636.0   0.00889

  637.0   0.00893

  638.0   0.00893

  639.0   0.00894

  640.0   0.00895

  641.0   0.00897

  642.0   0.00904

  643.0   0.00905

  644.0   0.00910

  645.0   0.00912

  646.0   0.00917

  647.0   0.00914

  648.0   0.00907

  649.0   0.00911

  650.0   0.00913

  651.0   0.00910

  652.0   0.00912

  653.0   0.00908

  654.0   0.00909

  655.0   0.00908

  656.0   0.00905

  657.0   0.00905

  658.0   0.00904

  659.0   0.00908

  660.0   0.00908

  661.0   0.00914

  662.0   0.00908

  663.0   0.00913

  664.0   0.00908

  665.0   0.00909

  666.0   0.00912

  667.0   0.00917

  668.0   0.00912

  669.0   0.00912

  670.0   0.00906

  671.0   0.00905

  672.0   0.00903

  673.0   0.00900

  674.0   0.00903

  675.0   0.00897

  676.0   0.00895

  677.0   0.00891

  678.0   0.00889

  679.0   0.00886

  680.0   0.00888

  681.0   0.00882

  682.0   0.00880

  683.0   0.00881

  684.0   0.00881

  685.0   0.00884

  686.0   0.00884

  687.0   0.00882

  688.0   0.00881

  689.0   0.00879

  690.0   0.00874

  691.0   0.00872

  692.0   0.00872

  693.0   0.00874

  694.0   0.00872

  695.0   0.00870

  696.0   0.00871

  697.0   0.00868

  698.0   0.00866

  699.0   0.00866

  700.0   0.00863

  701.0   0.00866

  702.0   0.00882

  703.0   0.00907

  704.0   0.00908

  705.0   0.00905

  706.0   0.00906

  707.0   0.00907

  708.0   0.00903

  709.0   0.00904

  710.0   0.00899

  711.0   0.00903

  712.0   0.00898

  713.0   0.00896

  714.0   0.00896

  715.0   0.00893

  716.0   0.00895

  717.0   0.00895

  718.0   0.00894

  719.0   0.00888

  720.0   0.00881

  721.0   0.00881

  722.0   0.00873

  723.0   0.00871

  724.0   0.00867

  725.0   0.00865

  726.0   0.00858

  727.0   0.00853

  728.0   0.00848

  729.0   0.00843

  730.0   0.00836

  731.0   0.00827

  732.0   0.00814

  733.0   0.00820

  734.0   0.00815

  735.0   0.00814

  736.0   0.00847

  737.0   0.00844

  738.0   0.00844

  739.0   0.00850

  740.0   0.00845

  741.0   0.00838

  742.0   0.00836

  743.0   0.00840

  744.0   0.00848

  745.0   0.00844

  746.0   0.00851

  747.0   0.00856

  748.0   0.00853

  749.0   0.00847

  750.0   0.00836

  751.0   0.00838

  752.0   0.00833

  753.0   0.00822

  754.0   0.00814

  755.0   0.00825

  756.0   0.00815

  757.0   0.00815

  758.0   0.00805

  759.0   0.00806

  760.0   0.00806

  761.0   0.00807

  762.0   0.00805

  763.0   0.00803

  764.0   0.00790

  765.0   0.00790

  766.0   0.00788

  767.0   0.00784

  768.0   0.00776

  769.0   0.00763

  770.0   0.00764

  771.0   0.00768

  772.0   0.00767

  773.0   0.00759

  774.0   0.00758

  775.0   0.00756

  776.0   0.00757

  777.0   0.00750

  778.0   0.00746

  779.0   0.00741

  780.0   0.00743

  781.0   0.00735

  782.0   0.00731

  783.0   0.00732

  784.0   0.00725

  785.0   0.00723

  786.0   0.00722

  787.0   0.00721

  788.0   0.00716

  789.0   0.00715

  790.0   0.00716

  791.0   0.00721

  792.0   0.00716

  793.0   0.00721

  794.0   0.00719

  795.0   0.00715

  796.0   0.00719

  797.0   0.00717

  798.0   0.00712

  799.0   0.00725

  800.0   0.00710

 
