ser ID: DU600

Method ID: A:\DEFAULT

Date: 08/06/00

Time: 06:31

 200.0   3.17114

  201.0   3.24254

  202.0   2.68147

  203.0   2.54469

  204.0   2.88818

  205.0   3.40209

  206.0   3.13210

  207.0   3.46464

  208.0   2.79616

  209.0   3.22570

  210.0   2.95085

  211.0   2.97715

  212.0   3.60271

  213.0   3.62870

  214.0   3.04834

  215.0   3.36931

  216.0   3.38899

  217.0   3.71037

  218.0   3.72770

  219.0   3.74421

  220.0   3.75959

  221.0   3.77422

  222.0   3.79014

  223.0   3.10456

  224.0   3.21478

  225.0   3.05147

  226.0   3.84305

  227.0   3.85516

  228.0   3.08979

  229.0   3.10083

  230.0   2.98839

  231.0   3.90206

  232.0   3.91132

  233.0   3.22079

  234.0   3.92732

  235.0   3.33102

  236.0   3.33536

  237.0   3.09587

  238.0   2.98900

  239.0   2.90348

  240.0   3.46864

  241.0   3.24625

  242.0   2.94458

  243.0   2.79707

  244.0   2.61889

  245.0   2.52355

  246.0   2.47291

  247.0   2.44005

  248.0   2.29421

  249.0   2.18319

  250.0   2.09321

  251.0   1.95962

  252.0   1.88409

  253.0   1.77074

  254.0   1.72647

  255.0   1.61730

  256.0   1.53611

  257.0   1.45607

  258.0   1.38503

  259.0   1.30788

  260.0   1.25113

  261.0   1.19600

  262.0   1.13765

  263.0   1.09005

  264.0   1.04512

  265.0   1.00650

  266.0   0.96870

  267.0   0.93955

  268.0   0.91077

  269.0   0.88341

  270.0   0.85569

  271.0   0.83055

  272.0   0.80193

  273.0   0.77801

  274.0   0.75279

  275.0   0.72851

  276.0   0.70161

  277.0   0.67603

  278.0   0.64527

  279.0   0.62226

  280.0   0.59750

  281.0   0.57221

  282.0   0.54771

  283.0   0.52278

  284.0   0.50061

  285.0   0.47489

  286.0   0.45202

  287.0   0.42923

  288.0   0.40708

  289.0   0.38639

  290.0   0.36810

  291.0   0.35000

  292.0   0.33175

  293.0   0.31552

  294.0   0.30189

  295.0   0.28618

  296.0   0.27196

  297.0   0.25758

  298.0   0.24407

  299.0   0.23052

  300.0   0.21994

  301.0   0.21102

  302.0   0.20137

  303.0   0.19353

  304.0   0.18614

  305.0   0.17965

  306.0   0.17188

  307.0   0.16659

  308.0   0.16071

  309.0   0.15610

  310.0   0.15138

  311.0   0.14704

  312.0   0.14204

  313.0   0.13740

  314.0   0.13353

  315.0   0.13134

  316.0   0.12743

  317.0   0.12406

  318.0   0.12179

  319.0   0.11976

  320.0   0.11924

  321.0   0.11892

  322.0   0.11683

  323.0   0.11648

  324.0   0.11632

  325.0   0.11698

  326.0   0.11840

  327.0   0.11861

  328.0   0.12034

  329.0   0.12205

  330.0   0.12367

  331.0   0.12510

  332.0   0.12747

  333.0   0.12924

  334.0   0.13007

  335.0   0.13311

  336.0   0.13690

  337.0   0.13914

  338.0   0.14111

  339.0   0.14448

  340.0   0.14743

  341.0   0.14925

  342.0   0.15278

  343.0   0.15591

  344.0   0.15977

  345.0   0.16195

  346.0   0.16371

  347.0   0.16590

  348.0   0.16903

  349.0   0.17104

  350.0   0.17291

  351.0   0.17358

  352.0   0.17560

  353.0   0.17497

  354.0   0.17541

  355.0   0.17632

  356.0   0.17759

  357.0   0.17553

  358.0   0.17448

  359.0   0.17320

  360.0   0.17278

  361.0   0.17146

  362.0   0.16849

  363.0   0.16605

  364.0   0.16382

  365.0   0.16046

  366.0   0.15819

  367.0   0.15582

  368.0   0.15276

  369.0   0.14945

  370.0   0.14603

  371.0   0.14322

  372.0   0.14063

  373.0   0.13849

  374.0   0.13496

  375.0   0.13171

  376.0   0.12848

  377.0   0.12517

  378.0   0.12178

  379.0   0.11937

  380.0   0.11668

  381.0   0.11358

  382.0   0.11084

  383.0   0.10782

  384.0   0.10481

  385.0   0.10210

  386.0   0.09938

  387.0   0.09663

  388.0   0.09419

  389.0   0.09140

  390.0   0.08932

  391.0   0.08700

  392.0   0.08528

  393.0   0.08306

  394.0   0.08098

  395.0   0.07922

  396.0   0.07728

  397.0   0.07570

  398.0   0.07412

  399.0   0.07240

  400.0   0.07094

  401.0   0.06941

  402.0   0.06832

  403.0   0.06712

  404.0   0.06566

  405.0   0.06432

  406.0   0.06295

  407.0   0.06185

  408.0   0.06055

  409.0   0.05897

  410.0   0.05789

  411.0   0.05666

  412.0   0.05524

  413.0   0.05386

  414.0   0.05248

  415.0   0.05175

  416.0   0.05003

  417.0   0.04802

  418.0   0.04682

  419.0   0.04478

  420.0   0.04352

  421.0   0.04216

  422.0   0.04059

  423.0   0.03912

  424.0   0.03767

  425.0   0.03623

  426.0   0.03491

  427.0   0.03358

  428.0   0.03224

  429.0   0.03082

  430.0   0.02971

  431.0   0.02832

  432.0   0.02735

  433.0   0.02636

  434.0   0.02522

  435.0   0.02418

  436.0   0.02297

  437.0   0.02210

  438.0   0.02113

  439.0   0.02046

  440.0   0.01968

  441.0   0.01878

  442.0   0.01808

  443.0   0.01740

  444.0   0.01671

  445.0   0.01607

  446.0   0.01544

  447.0   0.01489

  448.0   0.01434

  449.0   0.01376

  450.0   0.01333

  451.0   0.01275

  452.0   0.01236

  453.0   0.01194

  454.0   0.01142

  455.0   0.01091

  456.0   0.01059

  457.0   0.01027

  458.0   0.00992

  459.0   0.00957

  460.0   0.00922

  461.0   0.00887

  462.0   0.00851

  463.0   0.00815

  464.0   0.00792

  465.0   0.00776

  466.0   0.00743

  467.0   0.00714

  468.0   0.00700

  469.0   0.00673

  470.0   0.00651

  471.0   0.00624

  472.0   0.00615

  473.0   0.00596

  474.0   0.00581

  475.0   0.00563

  476.0   0.00542

  477.0   0.00526

  478.0   0.00508

  479.0   0.00491

  480.0   0.00480

  481.0   0.00473

  482.0   0.00456

  483.0   0.00451

  484.0   0.00438

  485.0   0.00429

  486.0   0.00427

  487.0   0.00416

  488.0   0.00408

  489.0   0.00398

  490.0   0.00389

  491.0   0.00389

  492.0   0.00377

  493.0   0.00380

  494.0   0.00369

  495.0   0.00364

  496.0   0.00358

  497.0   0.00352

  498.0   0.00357

  499.0   0.00354

  500.0   0.00361

  501.0   0.00358

  502.0   0.00357

  503.0   0.00366

  504.0   0.00372

  505.0   0.00373

  506.0   0.00377

  507.0   0.00386

  508.0   0.00389

  509.0   0.00389

  510.0   0.00404

  511.0   0.00400

  512.0   0.00406

  513.0   0.00404

  514.0   0.00410

  515.0   0.00414

  516.0   0.00422

  517.0   0.00422

  518.0   0.00419

  519.0   0.00420

  520.0   0.00419

  521.0   0.00424

  522.0   0.00427

  523.0   0.00429

  524.0   0.00423

  525.0   0.00424

  526.0   0.00426

  527.0   0.00432

  528.0   0.00434

  529.0   0.00434

  530.0   0.00433

  531.0   0.00435

  532.0   0.00445

  533.0   0.00448

  534.0   0.00458

  535.0   0.00461

  536.0   0.00463

  537.0   0.00470

  538.0   0.00475

  539.0   0.00479

  540.0   0.00479

  541.0   0.00489

  542.0   0.00502

  543.0   0.00512

  544.0   0.00520

  545.0   0.00522

  546.0   0.00528

  547.0   0.00527

  548.0   0.00537

  549.0   0.00536

  550.0   0.00544

  551.0   0.00545

  552.0   0.00556

  553.0   0.00556

  554.0   0.00570

  555.0   0.00565

  556.0   0.00574

  557.0   0.00621

  558.0   0.00622

  559.0   0.00618

  560.0   0.00623

  561.0   0.00621

  562.0   0.00618

  563.0   0.00616

  564.0   0.00616

  565.0   0.00621

  566.0   0.00623

  567.0   0.00619

  568.0   0.00621

  569.0   0.00621

  570.0   0.00619

  571.0   0.00619

  572.0   0.00619

  573.0   0.00617

  574.0   0.00623

  575.0   0.00625

  576.0   0.00627

  577.0   0.00631

  578.0   0.00636

  579.0   0.00636

  580.0   0.00640

  581.0   0.00640

  582.0   0.00642

  583.0   0.00641

  584.0   0.00650

  585.0   0.00655

  586.0   0.00663

  587.0   0.00677

  588.0   0.00683

  589.0   0.00689

  590.0   0.00696

  591.0   0.00702

  592.0   0.00704

  593.0   0.00708

  594.0   0.00711

  595.0   0.00713

  596.0   0.00716

  597.0   0.00713

  598.0   0.00714

  599.0   0.00711

  600.0   0.00712

  601.0   0.00715

  602.0   0.00718

  603.0   0.00711

  604.0   0.00716

  605.0   0.00714

  606.0   0.00715

  607.0   0.00716

  608.0   0.00721

  609.0   0.00717

  610.0   0.00717

  611.0   0.00718

  612.0   0.00718

  613.0   0.00720

  614.0   0.00722

  615.0   0.00718

  616.0   0.00719

  617.0   0.00720

  618.0   0.00719

  619.0   0.00721

  620.0   0.00723

  621.0   0.00725

  622.0   0.00725

  623.0   0.00725

  624.0   0.00724

  625.0   0.00719

  626.0   0.00718

  627.0   0.00721

  628.0   0.00713

  629.0   0.00719

  630.0   0.00718

  631.0   0.00717

  632.0   0.00715

  633.0   0.00714

  634.0   0.00713

  635.0   0.00716

  636.0   0.00719

  637.0   0.00722

  638.0   0.00731

  639.0   0.00737

  640.0   0.00735

  641.0   0.00742

  642.0   0.00747

  643.0   0.00753

  644.0   0.00757

  645.0   0.00765

  646.0   0.00769

  647.0   0.00775

  648.0   0.00781

  649.0   0.00783

  650.0   0.00779

  651.0   0.00780

  652.0   0.00784

  653.0   0.00779

  654.0   0.00780

  655.0   0.00777

  656.0   0.00777

  657.0   0.00781

  658.0   0.00782

  659.0   0.00788

  660.0   0.00789

  661.0   0.00795

  662.0   0.00789

  663.0   0.00788

  664.0   0.00783

  665.0   0.00781

  666.0   0.00782

  667.0   0.00788

  668.0   0.00790

  669.0   0.00793

  670.0   0.00789

  671.0   0.00789

  672.0   0.00785

  673.0   0.00786

  674.0   0.00784

  675.0   0.00780

  676.0   0.00783

  677.0   0.00781

  678.0   0.00777

  679.0   0.00778

  680.0   0.00778

  681.0   0.00778

  682.0   0.00777

  683.0   0.00774

  684.0   0.00773

  685.0   0.00774

  686.0   0.00775

  687.0   0.00776

  688.0   0.00774

  689.0   0.00773

  690.0   0.00771

  691.0   0.00773

  692.0   0.00772

  693.0   0.00773

  694.0   0.00769

  695.0   0.00773

  696.0   0.00771

  697.0   0.00773

  698.0   0.00773

  699.0   0.00775

  700.0   0.00773

  701.0   0.00764

  702.0   0.00766

  703.0   0.00766

  704.0   0.00768

  705.0   0.00768

  706.0   0.00771

  707.0   0.00771

  708.0   0.00772

  709.0   0.00772

  710.0   0.00767

  711.0   0.00763

  712.0   0.00764

  713.0   0.00763

  714.0   0.00764

  715.0   0.00765

  716.0   0.00766

  717.0   0.00764

  718.0   0.00763

  719.0   0.00760

  720.0   0.00757

  721.0   0.00754

  722.0   0.00751

  723.0   0.00755

  724.0   0.00752

  725.0   0.00754

  726.0   0.00751

  727.0   0.00760

  728.0   0.00761

  729.0   0.00758

  730.0   0.00756

  731.0   0.00757

  732.0   0.00755

  733.0   0.00758

  734.0   0.00756

  735.0   0.00755

  736.0   0.00778

  737.0   0.00770

  738.0   0.00773

  739.0   0.00779

  740.0   0.00780

  741.0   0.00773

  742.0   0.00774

  743.0   0.00778

  744.0   0.00783

  745.0   0.00782

  746.0   0.00795

  747.0   0.00800

  748.0   0.00794

  749.0   0.00791

  750.0   0.00777

  751.0   0.00782

  752.0   0.00777

  753.0   0.00769

  754.0   0.00763

  755.0   0.00766

  756.0   0.00761

  757.0   0.00754

  758.0   0.00749

  759.0   0.00747

  760.0   0.00744

  761.0   0.00745

  762.0   0.00746

  763.0   0.00746

  764.0   0.00736

  765.0   0.00740

  766.0   0.00732

  767.0   0.00733

  768.0   0.00723

  769.0   0.00715

  770.0   0.00713

  771.0   0.00711

  772.0   0.00710

  773.0   0.00714

  774.0   0.00709

  775.0   0.00708

  776.0   0.00735

  777.0   0.00750

  778.0   0.00769

  779.0   0.00770

  780.0   0.00777

  781.0   0.00770

  782.0   0.00763

  783.0   0.00761

  784.0   0.00754

  785.0   0.00744

  786.0   0.00737

  787.0   0.00732

  788.0   0.00737

  789.0   0.00730

  790.0   0.00728

  791.0   0.00727

  792.0   0.00728

  793.0   0.00729

  794.0   0.00731

  795.0   0.00721

  796.0   0.00731

  797.0   0.00735

  798.0   0.00733

  799.0   0.00734

  800.0   0.00728

 
