ser ID: DU600

Method ID: A:\DEFAULT

Date: 08/06/00

Time: 09:54

 200.0   3.17114

  201.0   2.54357

  202.0   3.28353

  203.0   3.32284

  204.0   3.36530

  205.0   2.62394

  206.0   2.83107

  207.0   2.86258

  208.0   3.19410

  209.0   3.52673

  210.0   3.55291

  211.0   3.57921

  212.0   3.60271

  213.0   3.15157

  214.0   3.65040

  215.0   3.67034

  216.0   3.21290

  217.0   3.23325

  218.0   3.25058

  219.0   3.44318

  220.0   3.15753

  221.0   3.17216

  222.0   3.79014

  223.0   3.80353

  224.0   3.51581

  225.0   3.35250

  226.0   2.99795

  227.0   3.01006

  228.0   3.86794

  229.0   3.87898

  230.0   3.89148

  231.0   3.90206

  232.0   3.61029

  233.0   3.31770

  234.0   3.02423

  235.0   3.23411

  236.0   2.93742

  237.0   3.16281

  238.0   2.90185

  239.0   2.79875

  240.0   2.74164

  241.0   2.54728

  242.0   2.43943

  243.0   2.41172

  244.0   2.29766

  245.0   2.19033

  246.0   2.09646

  247.0   1.95828

  248.0   1.86322

  249.0   1.73603

  250.0   1.64513

  251.0   1.55025

  252.0   1.46379

  253.0   1.37280

  254.0   1.30306

  255.0   1.22074

  256.0   1.15751

  257.0   1.09796

  258.0   1.03880

  259.0   0.98087

  260.0   0.93552

  261.0   0.89450

  262.0   0.85201

  263.0   0.81659

  264.0   0.78507

  265.0   0.75520

  266.0   0.72609

  267.0   0.69963

  268.0   0.67564

  269.0   0.65196

  270.0   0.62597

  271.0   0.60581

  272.0   0.58444

  273.0   0.56287

  274.0   0.53884

  275.0   0.51851

  276.0   0.49646

  277.0   0.47591

  278.0   0.45590

  279.0   0.44071

  280.0   0.42387

  281.0   0.40550

  282.0   0.39139

  283.0   0.37686

  284.0   0.36266

  285.0   0.34834

  286.0   0.33502

  287.0   0.32166

  288.0   0.30823

  289.0   0.29673

  290.0   0.28549

  291.0   0.27477

  292.0   0.26516

  293.0   0.25622

  294.0   0.24813

  295.0   0.23864

  296.0   0.23003

  297.0   0.22226

  298.0   0.21437

  299.0   0.20752

  300.0   0.20224

  301.0   0.19782

  302.0   0.19352

  303.0   0.18963

  304.0   0.18682

  305.0   0.18408

  306.0   0.18038

  307.0   0.17838

  308.0   0.17663

  309.0   0.17321

  310.0   0.17028

  311.0   0.16732

  312.0   0.16393

  313.0   0.16118

  314.0   0.15844

  315.0   0.15563

  316.0   0.15204

  317.0   0.14915

  318.0   0.14575

  319.0   0.14287

  320.0   0.14135

  321.0   0.14043

  322.0   0.13726

  323.0   0.13475

  324.0   0.13321

  325.0   0.13199

  326.0   0.13125

  327.0   0.12991

  328.0   0.12893

  329.0   0.12765

  330.0   0.12510

  331.0   0.12380

  332.0   0.12255

  333.0   0.12228

  334.0   0.11955

  335.0   0.11830

  336.0   0.11615

  337.0   0.11481

  338.0   0.11299

  339.0   0.11292

  340.0   0.11100

  341.0   0.10888

  342.0   0.10742

  343.0   0.10558

  344.0   0.10340

  345.0   0.10208

  346.0   0.10023

  347.0   0.09888

  348.0   0.09747

  349.0   0.09597

  350.0   0.09295

  351.0   0.09140

  352.0   0.09034

  353.0   0.08801

  354.0   0.08651

  355.0   0.08431

  356.0   0.08313

  357.0   0.08196

  358.0   0.07998

  359.0   0.07775

  360.0   0.07616

  361.0   0.07416

  362.0   0.07168

  363.0   0.07015

  364.0   0.06875

  365.0   0.06734

  366.0   0.06596

  367.0   0.06350

  368.0   0.06156

  369.0   0.06043

  370.0   0.05859

  371.0   0.05781

  372.0   0.05661

  373.0   0.05536

  374.0   0.05364

  375.0   0.05268

  376.0   0.05114

  377.0   0.05029

  378.0   0.04831

  379.0   0.04748

  380.0   0.04615

  381.0   0.04522

  382.0   0.04412

  383.0   0.04319

  384.0   0.04227

  385.0   0.04122

  386.0   0.04012

  387.0   0.03923

  388.0   0.03856

  389.0   0.03778

  390.0   0.03741

  391.0   0.03666

  392.0   0.03626

  393.0   0.03581

  394.0   0.03524

  395.0   0.03448

  396.0   0.03417

  397.0   0.03368

  398.0   0.03333

  399.0   0.03275

  400.0   0.03244

  401.0   0.03187

  402.0   0.03158

  403.0   0.03126

  404.0   0.03068

  405.0   0.03009

  406.0   0.02964

  407.0   0.02917

  408.0   0.02855

  409.0   0.02779

  410.0   0.02721

  411.0   0.02693

  412.0   0.02611

  413.0   0.02538

  414.0   0.02459

  415.0   0.02428

  416.0   0.02351

  417.0   0.02245

  418.0   0.02177

  419.0   0.02066

  420.0   0.01997

  421.0   0.01916

  422.0   0.01833

  423.0   0.01751

  424.0   0.01675

  425.0   0.01614

  426.0   0.01544

  427.0   0.01474

  428.0   0.01414

  429.0   0.01327

  430.0   0.01284

  431.0   0.01227

  432.0   0.01194

  433.0   0.01146

  434.0   0.01109

  435.0   0.01062

  436.0   0.00998

  437.0   0.00967

  438.0   0.00930

  439.0   0.00912

  440.0   0.00884

  441.0   0.00859

  442.0   0.00824

  443.0   0.00792

  444.0   0.00775

  445.0   0.00740

  446.0   0.00717

  447.0   0.00706

  448.0   0.00693

  449.0   0.00667

  450.0   0.00664

  451.0   0.00648

  452.0   0.00633

  453.0   0.00614

  454.0   0.00597

  455.0   0.00576

  456.0   0.00568

  457.0   0.00564

  458.0   0.00544

  459.0   0.00537

  460.0   0.00525

  461.0   0.00513

  462.0   0.00505

  463.0   0.00488

  464.0   0.00485

  465.0   0.00474

  466.0   0.00469

  467.0   0.00456

  468.0   0.00445

  469.0   0.00435

  470.0   0.00423

  471.0   0.00418

  472.0   0.00422

  473.0   0.00411

  474.0   0.00411

  475.0   0.00409

  476.0   0.00398

  477.0   0.00394

  478.0   0.00384

  479.0   0.00381

  480.0   0.00380

  481.0   0.00373

  482.0   0.00371

  483.0   0.00369

  484.0   0.00363

  485.0   0.00367

  486.0   0.00361

  487.0   0.00356

  488.0   0.00364

  489.0   0.00360

  490.0   0.00360

  491.0   0.00360

  492.0   0.00360

  493.0   0.00365

  494.0   0.00363

  495.0   0.00361

  496.0   0.00366

  497.0   0.00371

  498.0   0.00382

  499.0   0.00383

  500.0   0.00397

  501.0   0.00402

  502.0   0.00407

  503.0   0.00422

  504.0   0.00436

  505.0   0.00445

  506.0   0.00454

  507.0   0.00462

  508.0   0.00469

  509.0   0.00476

  510.0   0.00485

  511.0   0.00483

  512.0   0.00490

  513.0   0.00499

  514.0   0.00510

  515.0   0.00519

  516.0   0.00534

  517.0   0.00540

  518.0   0.00548

  519.0   0.00552

  520.0   0.00557

  521.0   0.00565

  522.0   0.00569

  523.0   0.00576

  524.0   0.00572

  525.0   0.00579

  526.0   0.00584

  527.0   0.00597

  528.0   0.00603

  529.0   0.00611

  530.0   0.00617

  531.0   0.00625

  532.0   0.00636

  533.0   0.00648

  534.0   0.00659

  535.0   0.00662

  536.0   0.00672

  537.0   0.00683

  538.0   0.00693

  539.0   0.00709

  540.0   0.00715

  541.0   0.00732

  542.0   0.00742

  543.0   0.00756

  544.0   0.00777

  545.0   0.00787

  546.0   0.00795

  547.0   0.00802

  548.0   0.00812

  549.0   0.00817

  550.0   0.00832

  551.0   0.00840

  552.0   0.00850

  553.0   0.00847

  554.0   0.00858

  555.0   0.00862

  556.0   0.00870

  557.0   0.00948

  558.0   0.00948

  559.0   0.00946

  560.0   0.00950

  561.0   0.00946

  562.0   0.00941

  563.0   0.00942

  564.0   0.00940

  565.0   0.00942

  566.0   0.00947

  567.0   0.00947

  568.0   0.00953

  569.0   0.00953

  570.0   0.00951

  571.0   0.00951

  572.0   0.00948

  573.0   0.00949

  574.0   0.00953

  575.0   0.00955

  576.0   0.00952

  577.0   0.00959

  578.0   0.00957

  579.0   0.00961

  580.0   0.00969

  581.0   0.00970

  582.0   0.00970

  583.0   0.00969

  584.0   0.00982

  585.0   0.00992

  586.0   0.01004

  587.0   0.01011

  588.0   0.01023

  589.0   0.01033

  590.0   0.01038

  591.0   0.01051

  592.0   0.01055

  593.0   0.01063

  594.0   0.01066

  595.0   0.01076

  596.0   0.01079

  597.0   0.01077

  598.0   0.01078

  599.0   0.01072

  600.0   0.01071

  601.0   0.01069

  602.0   0.01076

  603.0   0.01070

  604.0   0.01071

  605.0   0.01072

  606.0   0.01076

  607.0   0.01075

  608.0   0.01081

  609.0   0.01079

  610.0   0.01078

  611.0   0.01080

  612.0   0.01082

  613.0   0.01086

  614.0   0.01091

  615.0   0.01087

  616.0   0.01089

  617.0   0.01090

  618.0   0.01088

  619.0   0.01092

  620.0   0.01094

  621.0   0.01091

  622.0   0.01091

  623.0   0.01089

  624.0   0.01089

  625.0   0.01087

  626.0   0.01089

  627.0   0.01091

  628.0   0.01091

  629.0   0.01095

  630.0   0.01096

  631.0   0.01093

  632.0   0.01090

  633.0   0.01085

  634.0   0.01082

  635.0   0.01082

  636.0   0.01084

  637.0   0.01084

  638.0   0.01088

  639.0   0.01096

  640.0   0.01101

  641.0   0.01106

  642.0   0.01109

  643.0   0.01116

  644.0   0.01123

  645.0   0.01125

  646.0   0.01131

  647.0   0.01131

  648.0   0.01133

  649.0   0.01132

  650.0   0.01136

  651.0   0.01135

  652.0   0.01134

  653.0   0.01129

  654.0   0.01131

  655.0   0.01125

  656.0   0.01123

  657.0   0.01122

  658.0   0.01120

  659.0   0.01119

  660.0   0.01116

  661.0   0.01113

  662.0   0.01111

  663.0   0.01110

  664.0   0.01108

  665.0   0.01108

  666.0   0.01105

  667.0   0.01108

  668.0   0.01108

  669.0   0.01112

  670.0   0.01107

  671.0   0.01104

  672.0   0.01098

  673.0   0.01093

  674.0   0.01094

  675.0   0.01086

  676.0   0.01080

  677.0   0.01072

  678.0   0.01068

  679.0   0.01065

  680.0   0.01066

  681.0   0.01058

  682.0   0.01055

  683.0   0.01051

  684.0   0.01047

  685.0   0.01044

  686.0   0.01042

  687.0   0.01039

  688.0   0.01036

  689.0   0.01029

  690.0   0.01022

  691.0   0.01021

  692.0   0.01019

  693.0   0.01020

  694.0   0.01015

  695.0   0.01012

  696.0   0.01007

  697.0   0.01003

  698.0   0.01002

  699.0   0.00997

  700.0   0.00991

  701.0   0.00978

  702.0   0.00978

  703.0   0.00985

  704.0   0.00982

  705.0   0.00978

  706.0   0.00979

  707.0   0.00981

  708.0   0.00976

  709.0   0.00970

  710.0   0.00966

  711.0   0.00959

  712.0   0.00955

  713.0   0.00945

  714.0   0.00942

  715.0   0.00940

  716.0   0.00940

  717.0   0.00940

  718.0   0.00940

  719.0   0.00934

  720.0   0.00935

  721.0   0.00937

  722.0   0.00927

  723.0   0.00928

  724.0   0.00919

  725.0   0.00916

  726.0   0.00914

  727.0   0.00917

  728.0   0.00915

  729.0   0.00910

  730.0   0.00910

  731.0   0.00905

  732.0   0.00899

  733.0   0.00896

  734.0   0.00895

  735.0   0.00894

  736.0   0.00941

  737.0   0.00938

  738.0   0.00933

  739.0   0.00933

  740.0   0.00925

  741.0   0.00920

  742.0   0.00921

  743.0   0.00914

  744.0   0.00921

  745.0   0.00920

  746.0   0.00924

  747.0   0.00926

  748.0   0.00923

  749.0   0.00911

  750.0   0.00895

  751.0   0.00897

  752.0   0.00883

  753.0   0.00875

  754.0   0.00870

  755.0   0.00867

  756.0   0.00862

  757.0   0.00849

  758.0   0.00847

  759.0   0.00843

  760.0   0.00837

  761.0   0.00832

  762.0   0.00830

  763.0   0.00828

  764.0   0.00815

  765.0   0.00819

  766.0   0.00822

  767.0   0.00818

  768.0   0.00808

  769.0   0.00800

  770.0   0.00796

  771.0   0.00797

  772.0   0.00792

  773.0   0.00788

  774.0   0.00781

  775.0   0.00773

  776.0   0.00775

  777.0   0.00770

  778.0   0.00760

  779.0   0.00762

  780.0   0.00766

  781.0   0.00759

  782.0   0.00754

  783.0   0.00755

  784.0   0.00754

  785.0   0.00753

  786.0   0.00748

  787.0   0.00750

  788.0   0.00749

  789.0   0.00741

  790.0   0.00737

  791.0   0.00738

  792.0   0.00740

  793.0   0.00741

  794.0   0.00740

  795.0   0.00736

  796.0   0.00740

  797.0   0.00741

  798.0   0.00736

  799.0   0.00740

  800.0   0.00731

 
