ser ID: DU600

Method ID: A:\DEFAULT

Date: 08/06/00

Time: 06:11

 200.0   3.17114

  201.0   3.24254

  202.0   2.98250

  203.0   2.84572

  204.0   2.58715

  205.0   3.40209

  206.0   2.58803

  207.0   3.46464

  208.0   3.49513

  209.0   2.74858

  210.0   3.55291

  211.0   3.27818

  212.0   3.60271

  213.0   3.32767

  214.0   3.65040

  215.0   3.36931

  216.0   2.99105

  217.0   3.23325

  218.0   3.72770

  219.0   3.74421

  220.0   3.75959

  221.0   3.77422

  222.0   2.94505

  223.0   2.95843

  224.0   3.51581

  225.0   3.82963

  226.0   3.84305

  227.0   3.85516

  228.0   3.86794

  229.0   3.27692

  230.0   3.89148

  231.0   3.12391

  232.0   3.43420

  233.0   3.91976

  234.0   3.92732

  235.0   3.93308

  236.0   3.09232

  237.0   2.94096

  238.0   3.04016

  239.0   3.94488

  240.0   3.94576

  241.0   3.34316

  242.0   2.90319

  243.0   2.82925

  244.0   2.71066

  245.0   2.63749

  246.0   2.63428

  247.0   2.53347

  248.0   2.37138

  249.0   2.28010

  250.0   2.14114

  251.0   2.02738

  252.0   1.96491

  253.0   1.89145

  254.0   1.79585

  255.0   1.69236

  256.0   1.60954

  257.0   1.52656

  258.0   1.45975

  259.0   1.37463

  260.0   1.31614

  261.0   1.25143

  262.0   1.18932

  263.0   1.13674

  264.0   1.09306

  265.0   1.05515

  266.0   1.01722

  267.0   0.98352

  268.0   0.95298

  269.0   0.92626

  270.0   0.89415

  271.0   0.87124

  272.0   0.84853

  273.0   0.82466

  274.0   0.79868

  275.0   0.77112

  276.0   0.74602

  277.0   0.71868

  278.0   0.69054

  279.0   0.66375

  280.0   0.63881

  281.0   0.60936

  282.0   0.58386

  283.0   0.55977

  284.0   0.53201

  285.0   0.50472

  286.0   0.48118

  287.0   0.45729

  288.0   0.42976

  289.0   0.40796

  290.0   0.38627

  291.0   0.36688

  292.0   0.34725

  293.0   0.33075

  294.0   0.31381

  295.0   0.29598

  296.0   0.27982

  297.0   0.26386

  298.0   0.24865

  299.0   0.23448

  300.0   0.22272

  301.0   0.21114

  302.0   0.19986

  303.0   0.19135

  304.0   0.18263

  305.0   0.17527

  306.0   0.16742

  307.0   0.16092

  308.0   0.15418

  309.0   0.14834

  310.0   0.14316

  311.0   0.13747

  312.0   0.13355

  313.0   0.12920

  314.0   0.12471

  315.0   0.12166

  316.0   0.11767

  317.0   0.11455

  318.0   0.11231

  319.0   0.11123

  320.0   0.11049

  321.0   0.10986

  322.0   0.10899

  323.0   0.10886

  324.0   0.10955

  325.0   0.11117

  326.0   0.11281

  327.0   0.11465

  328.0   0.11701

  329.0   0.11858

  330.0   0.12135

  331.0   0.12393

  332.0   0.12721

  333.0   0.13015

  334.0   0.13267

  335.0   0.13611

  336.0   0.13952

  337.0   0.14373

  338.0   0.14887

  339.0   0.15252

  340.0   0.15627

  341.0   0.15969

  342.0   0.16378

  343.0   0.16804

  344.0   0.17331

  345.0   0.17687

  346.0   0.17987

  347.0   0.18279

  348.0   0.18681

  349.0   0.19067

  350.0   0.19333

  351.0   0.19515

  352.0   0.19669

  353.0   0.19752

  354.0   0.19834

  355.0   0.19923

  356.0   0.20007

  357.0   0.20050

  358.0   0.19980

  359.0   0.19820

  360.0   0.19695

  361.0   0.19468

  362.0   0.19198

  363.0   0.18985

  364.0   0.18817

  365.0   0.18400

  366.0   0.18129

  367.0   0.17735

  368.0   0.17490

  369.0   0.17167

  370.0   0.16760

  371.0   0.16458

  372.0   0.16136

  373.0   0.15758

  374.0   0.15459

  375.0   0.15087

  376.0   0.14752

  377.0   0.14401

  378.0   0.13984

  379.0   0.13655

  380.0   0.13318

  381.0   0.12973

  382.0   0.12672

  383.0   0.12354

  384.0   0.11981

  385.0   0.11667

  386.0   0.11302

  387.0   0.11016

  388.0   0.10733

  389.0   0.10426

  390.0   0.10170

  391.0   0.09889

  392.0   0.09609

  393.0   0.09384

  394.0   0.09141

  395.0   0.08903

  396.0   0.08711

  397.0   0.08491

  398.0   0.08284

  399.0   0.08102

  400.0   0.07923

  401.0   0.07741

  402.0   0.07620

  403.0   0.07475

  404.0   0.07289

  405.0   0.07149

  406.0   0.07000

  407.0   0.06885

  408.0   0.06733

  409.0   0.06559

  410.0   0.06423

  411.0   0.06304

  412.0   0.06168

  413.0   0.06003

  414.0   0.05860

  415.0   0.05770

  416.0   0.05550

  417.0   0.05369

  418.0   0.05242

  419.0   0.05038

  420.0   0.04889

  421.0   0.04738

  422.0   0.04565

  423.0   0.04404

  424.0   0.04260

  425.0   0.04119

  426.0   0.03965

  427.0   0.03821

  428.0   0.03661

  429.0   0.03499

  430.0   0.03384

  431.0   0.03240

  432.0   0.03128

  433.0   0.02999

  434.0   0.02870

  435.0   0.02758

  436.0   0.02628

  437.0   0.02539

  438.0   0.02418

  439.0   0.02334

  440.0   0.02234

  441.0   0.02149

  442.0   0.02069

  443.0   0.01997

  444.0   0.01914

  445.0   0.01822

  446.0   0.01755

  447.0   0.01693

  448.0   0.01640

  449.0   0.01565

  450.0   0.01516

  451.0   0.01450

  452.0   0.01397

  453.0   0.01341

  454.0   0.01296

  455.0   0.01235

  456.0   0.01197

  457.0   0.01152

  458.0   0.01099

  459.0   0.01052

  460.0   0.01016

  461.0   0.00984

  462.0   0.00935

  463.0   0.00894

  464.0   0.00866

  465.0   0.00842

  466.0   0.00818

  467.0   0.00788

  468.0   0.00761

  469.0   0.00733

  470.0   0.00709

  471.0   0.00681

  472.0   0.00670

  473.0   0.00656

  474.0   0.00633

  475.0   0.00614

  476.0   0.00588

  477.0   0.00580

  478.0   0.00554

  479.0   0.00534

  480.0   0.00514

  481.0   0.00496

  482.0   0.00484

  483.0   0.00463

  484.0   0.00455

  485.0   0.00443

  486.0   0.00434

  487.0   0.00416

  488.0   0.00410

  489.0   0.00403

  490.0   0.00393

  491.0   0.00393

  492.0   0.00377

  493.0   0.00373

  494.0   0.00361

  495.0   0.00357

  496.0   0.00353

  497.0   0.00350

  498.0   0.00347

  499.0   0.00342

  500.0   0.00345

  501.0   0.00338

  502.0   0.00340

  503.0   0.00345

  504.0   0.00348

  505.0   0.00350

  506.0   0.00357

  507.0   0.00361

  508.0   0.00363

  509.0   0.00357

  510.0   0.00364

  511.0   0.00355

  512.0   0.00363

  513.0   0.00365

  514.0   0.00369

  515.0   0.00371

  516.0   0.00374

  517.0   0.00373

  518.0   0.00377

  519.0   0.00378

  520.0   0.00378

  521.0   0.00379

  522.0   0.00376

  523.0   0.00381

  524.0   0.00381

  525.0   0.00385

  526.0   0.00381

  527.0   0.00385

  528.0   0.00385

  529.0   0.00387

  530.0   0.00386

  531.0   0.00386

  532.0   0.00389

  533.0   0.00386

  534.0   0.00394

  535.0   0.00397

  536.0   0.00398

  537.0   0.00401

  538.0   0.00401

  539.0   0.00410

  540.0   0.00411

  541.0   0.00418

  542.0   0.00426

  543.0   0.00429

  544.0   0.00435

  545.0   0.00441

  546.0   0.00448

  547.0   0.00446

  548.0   0.00452

  549.0   0.00453

  550.0   0.00456

  551.0   0.00463

  552.0   0.00471

  553.0   0.00476

  554.0   0.00479

  555.0   0.00483

  556.0   0.00487

  557.0   0.00519

  558.0   0.00520

  559.0   0.00519

  560.0   0.00522

  561.0   0.00529

  562.0   0.00519

  563.0   0.00523

  564.0   0.00522

  565.0   0.00527

  566.0   0.00532

  567.0   0.00531

  568.0   0.00531

  569.0   0.00529

  570.0   0.00532

  571.0   0.00533

  572.0   0.00533

  573.0   0.00532

  574.0   0.00539

  575.0   0.00540

  576.0   0.00536

  577.0   0.00536

  578.0   0.00533

  579.0   0.00540

  580.0   0.00543

  581.0   0.00546

  582.0   0.00544

  583.0   0.00545

  584.0   0.00553

  585.0   0.00558

  586.0   0.00571

  587.0   0.00583

  588.0   0.00606

  589.0   0.00624

  590.0   0.00632

  591.0   0.00639

  592.0   0.00645

  593.0   0.00651

  594.0   0.00652

  595.0   0.00663

  596.0   0.00663

  597.0   0.00661

  598.0   0.00660

  599.0   0.00655

  600.0   0.00657

  601.0   0.00654

  602.0   0.00650

  603.0   0.00646

  604.0   0.00643

  605.0   0.00647

  606.0   0.00650

  607.0   0.00649

  608.0   0.00649

  609.0   0.00649

  610.0   0.00647

  611.0   0.00651

  612.0   0.00653

  613.0   0.00656

  614.0   0.00658

  615.0   0.00659

  616.0   0.00657

  617.0   0.00662

  618.0   0.00657

  619.0   0.00660

  620.0   0.00660

  621.0   0.00664

  622.0   0.00661

  623.0   0.00661

  624.0   0.00657

  625.0   0.00659

  626.0   0.00661

  627.0   0.00666

  628.0   0.00665

  629.0   0.00671

  630.0   0.00672

  631.0   0.00673

  632.0   0.00674

  633.0   0.00673

  634.0   0.00676

  635.0   0.00675

  636.0   0.00677

  637.0   0.00682

  638.0   0.00685

  639.0   0.00691

  640.0   0.00696

  641.0   0.00704

  642.0   0.00709

  643.0   0.00714

  644.0   0.00717

  645.0   0.00723

  646.0   0.00729

  647.0   0.00733

  648.0   0.00738

  649.0   0.00737

  650.0   0.00742

  651.0   0.00741

  652.0   0.00741

  653.0   0.00731

  654.0   0.00727

  655.0   0.00730

  656.0   0.00729

  657.0   0.00733

  658.0   0.00739

  659.0   0.00745

  660.0   0.00747

  661.0   0.00755

  662.0   0.00754

  663.0   0.00754

  664.0   0.00750

  665.0   0.00753

  666.0   0.00754

  667.0   0.00759

  668.0   0.00760

  669.0   0.00765

  670.0   0.00764

  671.0   0.00763

  672.0   0.00761

  673.0   0.00757

  674.0   0.00759

  675.0   0.00754

  676.0   0.00750

  677.0   0.00748

  678.0   0.00750

  679.0   0.00751

  680.0   0.00753

  681.0   0.00749

  682.0   0.00748

  683.0   0.00751

  684.0   0.00751

  685.0   0.00754

  686.0   0.00755

  687.0   0.00760

  688.0   0.00759

  689.0   0.00755

  690.0   0.00751

  691.0   0.00750

  692.0   0.00752

  693.0   0.00753

  694.0   0.00750

  695.0   0.00750

  696.0   0.00746

  697.0   0.00748

  698.0   0.00750

  699.0   0.00748

  700.0   0.00742

  701.0   0.00738

  702.0   0.00738

  703.0   0.00740

  704.0   0.00736

  705.0   0.00734

  706.0   0.00739

  707.0   0.00736

  708.0   0.00733

  709.0   0.00737

  710.0   0.00736

  711.0   0.00736

  712.0   0.00731

  713.0   0.00725

  714.0   0.00726

  715.0   0.00726

  716.0   0.00729

  717.0   0.00728

  718.0   0.00726

  719.0   0.00725

  720.0   0.00717

  721.0   0.00716

  722.0   0.00715

  723.0   0.00721

  724.0   0.00720

  725.0   0.00719

  726.0   0.00716

  727.0   0.00720

  728.0   0.00726

  729.0   0.00724

  730.0   0.00725

  731.0   0.00723

  732.0   0.00724

  733.0   0.00724

  734.0   0.00724

  735.0   0.00720

  736.0   0.00692

  737.0   0.00690

  738.0   0.00693

  739.0   0.00691

  740.0   0.00692

  741.0   0.00694

  742.0   0.00698

  743.0   0.00700

  744.0   0.00707

  745.0   0.00715

  746.0   0.00725

  747.0   0.00727

  748.0   0.00724

  749.0   0.00724

  750.0   0.00710

  751.0   0.00712

  752.0   0.00712

  753.0   0.00710

  754.0   0.00707

  755.0   0.00705

  756.0   0.00700

  757.0   0.00695

  758.0   0.00693

  759.0   0.00685

  760.0   0.00685

  761.0   0.00686

  762.0   0.00692

  763.0   0.00696

  764.0   0.00682

  765.0   0.00686

  766.0   0.00689

  767.0   0.00687

  768.0   0.00680

  769.0   0.00675

  770.0   0.00676

  771.0   0.00680

  772.0   0.00684

  773.0   0.00674

  774.0   0.00672

  775.0   0.00670

  776.0   0.00666

  777.0   0.00664

  778.0   0.00659

  779.0   0.00655

  780.0   0.00656

  781.0   0.00651

  782.0   0.00653

  783.0   0.00651

  784.0   0.00641

  785.0   0.00633

  786.0   0.00629

  787.0   0.00630

  788.0   0.00622

  789.0   0.00621

  790.0   0.00628

  791.0   0.00644

  792.0   0.00648

  793.0   0.00641

  794.0   0.00642

  795.0   0.00631

  796.0   0.00627

  797.0   0.00627

  798.0   0.00619

  799.0   0.00626

  800.0   0.00620

 
