ser ID: DU600

Method ID: A:\DEFAULT

Date: 08/06/00

Time: 06:18

 200.0   2.69402

  201.0   3.24254

  202.0   2.80641

  203.0   2.84572

  204.0   3.36530

  205.0   3.40209

  206.0   3.43313

  207.0   2.98752

  208.0   2.79616

  209.0   3.22570

  210.0   3.55291

  211.0   3.27818

  212.0   3.60271

  213.0   3.62870

  214.0   3.65040

  215.0   2.97137

  216.0   3.38899

  217.0   3.71037

  218.0   3.72770

  219.0   3.74421

  220.0   3.75959

  221.0   3.77422

  222.0   3.18808

  223.0   3.20147

  224.0   3.81684

  225.0   3.82963

  226.0   3.84305

  227.0   3.85516

  228.0   3.86794

  229.0   3.87898

  230.0   2.98839

  231.0   3.20309

  232.0   3.91132

  233.0   3.91976

  234.0   3.92732

  235.0   3.33102

  236.0   3.09232

  237.0   3.24199

  238.0   3.24428

  239.0   3.94488

  240.0   3.46864

  241.0   2.99098

  242.0   2.99034

  243.0   2.98896

  244.0   2.68584

  245.0   2.61630

  246.0   2.52033

  247.0   2.45429

  248.0   2.38361

  249.0   2.23336

  250.0   2.14114

  251.0   2.00005

  252.0   1.90940

  253.0   1.83610

  254.0   1.75664

  255.0   1.66845

  256.0   1.58080

  257.0   1.50783

  258.0   1.42923

  259.0   1.34903

  260.0   1.28185

  261.0   1.23250

  262.0   1.17353

  263.0   1.12583

  264.0   1.07924

  265.0   1.04018

  266.0   0.99612

  267.0   0.96613

  268.0   0.93941

  269.0   0.91279

  270.0   0.88304

  271.0   0.85659

  272.0   0.83259

  273.0   0.80764

  274.0   0.77914

  275.0   0.75510

  276.0   0.73083

  277.0   0.70399

  278.0   0.67470

  279.0   0.64947

  280.0   0.62169

  281.0   0.59305

  282.0   0.56952

  283.0   0.54515

  284.0   0.52089

  285.0   0.49425

  286.0   0.46932

  287.0   0.44645

  288.0   0.42093

  289.0   0.39993

  290.0   0.37915

  291.0   0.36123

  292.0   0.34218

  293.0   0.32571

  294.0   0.30956

  295.0   0.29231

  296.0   0.27641

  297.0   0.26268

  298.0   0.24852

  299.0   0.23448

  300.0   0.22236

  301.0   0.21161

  302.0   0.20044

  303.0   0.19272

  304.0   0.18500

  305.0   0.17819

  306.0   0.17065

  307.0   0.16369

  308.0   0.15849

  309.0   0.15220

  310.0   0.14714

  311.0   0.14201

  312.0   0.13777

  313.0   0.13379

  314.0   0.12955

  315.0   0.12573

  316.0   0.12189

  317.0   0.11847

  318.0   0.11720

  319.0   0.11500

  320.0   0.11418

  321.0   0.11382

  322.0   0.11296

  323.0   0.11234

  324.0   0.11267

  325.0   0.11319

  326.0   0.11445

  327.0   0.11579

  328.0   0.11829

  329.0   0.12115

  330.0   0.12316

  331.0   0.12497

  332.0   0.12682

  333.0   0.12963

  334.0   0.13150

  335.0   0.13598

  336.0   0.13912

  337.0   0.14255

  338.0   0.14583

  339.0   0.14934

  340.0   0.15163

  341.0   0.15623

  342.0   0.16057

  343.0   0.16427

  344.0   0.16736

  345.0   0.17022

  346.0   0.17374

  347.0   0.17663

  348.0   0.17966

  349.0   0.18293

  350.0   0.18458

  351.0   0.18582

  352.0   0.18844

  353.0   0.18908

  354.0   0.18958

  355.0   0.19015

  356.0   0.19108

  357.0   0.19133

  358.0   0.18966

  359.0   0.18733

  360.0   0.18688

  361.0   0.18484

  362.0   0.18305

  363.0   0.18012

  364.0   0.17810

  365.0   0.17462

  366.0   0.17218

  367.0   0.16908

  368.0   0.16619

  369.0   0.16301

  370.0   0.15882

  371.0   0.15599

  372.0   0.15297

  373.0   0.14999

  374.0   0.14647

  375.0   0.14348

  376.0   0.13928

  377.0   0.13719

  378.0   0.13260

  379.0   0.12955

  380.0   0.12643

  381.0   0.12304

  382.0   0.12037

  383.0   0.11754

  384.0   0.11398

  385.0   0.11117

  386.0   0.10756

  387.0   0.10463

  388.0   0.10253

  389.0   0.09944

  390.0   0.09723

  391.0   0.09415

  392.0   0.09182

  393.0   0.08951

  394.0   0.08735

  395.0   0.08542

  396.0   0.08335

  397.0   0.08136

  398.0   0.07942

  399.0   0.07755

  400.0   0.07602

  401.0   0.07433

  402.0   0.07338

  403.0   0.07176

  404.0   0.07014

  405.0   0.06866

  406.0   0.06731

  407.0   0.06614

  408.0   0.06481

  409.0   0.06319

  410.0   0.06161

  411.0   0.06028

  412.0   0.05891

  413.0   0.05756

  414.0   0.05631

  415.0   0.05549

  416.0   0.05330

  417.0   0.05176

  418.0   0.05036

  419.0   0.04830

  420.0   0.04677

  421.0   0.04524

  422.0   0.04365

  423.0   0.04218

  424.0   0.04071

  425.0   0.03928

  426.0   0.03772

  427.0   0.03625

  428.0   0.03484

  429.0   0.03335

  430.0   0.03224

  431.0   0.03071

  432.0   0.02963

  433.0   0.02839

  434.0   0.02726

  435.0   0.02634

  436.0   0.02508

  437.0   0.02411

  438.0   0.02309

  439.0   0.02222

  440.0   0.02130

  441.0   0.02041

  442.0   0.01969

  443.0   0.01893

  444.0   0.01821

  445.0   0.01726

  446.0   0.01670

  447.0   0.01605

  448.0   0.01544

  449.0   0.01488

  450.0   0.01440

  451.0   0.01376

  452.0   0.01332

  453.0   0.01276

  454.0   0.01223

  455.0   0.01180

  456.0   0.01143

  457.0   0.01102

  458.0   0.01058

  459.0   0.01011

  460.0   0.00971

  461.0   0.00936

  462.0   0.00903

  463.0   0.00870

  464.0   0.00835

  465.0   0.00819

  466.0   0.00788

  467.0   0.00762

  468.0   0.00740

  469.0   0.00708

  470.0   0.00678

  471.0   0.00664

  472.0   0.00648

  473.0   0.00634

  474.0   0.00618

  475.0   0.00596

  476.0   0.00571

  477.0   0.00554

  478.0   0.00532

  479.0   0.00518

  480.0   0.00504

  481.0   0.00486

  482.0   0.00469

  483.0   0.00453

  484.0   0.00436

  485.0   0.00429

  486.0   0.00415

  487.0   0.00405

  488.0   0.00403

  489.0   0.00394

  490.0   0.00386

  491.0   0.00382

  492.0   0.00377

  493.0   0.00373

  494.0   0.00365

  495.0   0.00364

  496.0   0.00362

  497.0   0.00352

  498.0   0.00355

  499.0   0.00352

  500.0   0.00357

  501.0   0.00352

  502.0   0.00348

  503.0   0.00349

  504.0   0.00360

  505.0   0.00363

  506.0   0.00363

  507.0   0.00368

  508.0   0.00368

  509.0   0.00366

  510.0   0.00376

  511.0   0.00378

  512.0   0.00372

  513.0   0.00378

  514.0   0.00376

  515.0   0.00379

  516.0   0.00385

  517.0   0.00388

  518.0   0.00392

  519.0   0.00395

  520.0   0.00396

  521.0   0.00395

  522.0   0.00398

  523.0   0.00398

  524.0   0.00399

  525.0   0.00401

  526.0   0.00403

  527.0   0.00405

  528.0   0.00408

  529.0   0.00412

  530.0   0.00407

  531.0   0.00406

  532.0   0.00409

  533.0   0.00406

  534.0   0.00416

  535.0   0.00414

  536.0   0.00417

  537.0   0.00424

  538.0   0.00425

  539.0   0.00430

  540.0   0.00434

  541.0   0.00444

  542.0   0.00453

  543.0   0.00457

  544.0   0.00465

  545.0   0.00471

  546.0   0.00473

  547.0   0.00473

  548.0   0.00479

  549.0   0.00483

  550.0   0.00489

  551.0   0.00493

  552.0   0.00502

  553.0   0.00503

  554.0   0.00509

  555.0   0.00511

  556.0   0.00516

  557.0   0.00565

  558.0   0.00564

  559.0   0.00563

  560.0   0.00563

  561.0   0.00563

  562.0   0.00563

  563.0   0.00561

  564.0   0.00558

  565.0   0.00558

  566.0   0.00561

  567.0   0.00566

  568.0   0.00568

  569.0   0.00566

  570.0   0.00569

  571.0   0.00567

  572.0   0.00565

  573.0   0.00564

  574.0   0.00570

  575.0   0.00565

  576.0   0.00565

  577.0   0.00567

  578.0   0.00570

  579.0   0.00575

  580.0   0.00577

  581.0   0.00582

  582.0   0.00582

  583.0   0.00585

  584.0   0.00594

  585.0   0.00600

  586.0   0.00604

  587.0   0.00611

  588.0   0.00615

  589.0   0.00622

  590.0   0.00628

  591.0   0.00633

  592.0   0.00634

  593.0   0.00640

  594.0   0.00643

  595.0   0.00649

  596.0   0.00652

  597.0   0.00646

  598.0   0.00651

  599.0   0.00644

  600.0   0.00644

  601.0   0.00641

  602.0   0.00644

  603.0   0.00644

  604.0   0.00647

  605.0   0.00647

  606.0   0.00648

  607.0   0.00647

  608.0   0.00649

  609.0   0.00651

  610.0   0.00651

  611.0   0.00653

  612.0   0.00653

  613.0   0.00656

  614.0   0.00656

  615.0   0.00657

  616.0   0.00657

  617.0   0.00657

  618.0   0.00657

  619.0   0.00658

  620.0   0.00660

  621.0   0.00659

  622.0   0.00657

  623.0   0.00660

  624.0   0.00657

  625.0   0.00657

  626.0   0.00660

  627.0   0.00664

  628.0   0.00658

  629.0   0.00664

  630.0   0.00663

  631.0   0.00663

  632.0   0.00660

  633.0   0.00663

  634.0   0.00664

  635.0   0.00665

  636.0   0.00668

  637.0   0.00668

  638.0   0.00669

  639.0   0.00676

  640.0   0.00680

  641.0   0.00689

  642.0   0.00694

  643.0   0.00700

  644.0   0.00709

  645.0   0.00714

  646.0   0.00716

  647.0   0.00721

  648.0   0.00728

  649.0   0.00732

  650.0   0.00732

  651.0   0.00727

  652.0   0.00731

  653.0   0.00726

  654.0   0.00730

  655.0   0.00730

  656.0   0.00727

  657.0   0.00723

  658.0   0.00728

  659.0   0.00731

  660.0   0.00732

  661.0   0.00738

  662.0   0.00737

  663.0   0.00735

  664.0   0.00733

  665.0   0.00734

  666.0   0.00735

  667.0   0.00740

  668.0   0.00737

  669.0   0.00742

  670.0   0.00738

  671.0   0.00738

  672.0   0.00733

  673.0   0.00735

  674.0   0.00738

  675.0   0.00734

  676.0   0.00735

  677.0   0.00733

  678.0   0.00730

  679.0   0.00732

  680.0   0.00733

  681.0   0.00727

  682.0   0.00724

  683.0   0.00727

  684.0   0.00724

  685.0   0.00725

  686.0   0.00724

  687.0   0.00719

  688.0   0.00715

  689.0   0.00710

  690.0   0.00708

  691.0   0.00709

  692.0   0.00712

  693.0   0.00713

  694.0   0.00711

  695.0   0.00710

  696.0   0.00708

  697.0   0.00706

  698.0   0.00709

  699.0   0.00709

  700.0   0.00705

  701.0   0.00695

  702.0   0.00699

  703.0   0.00702

  704.0   0.00700

  705.0   0.00700

  706.0   0.00698

  707.0   0.00698

  708.0   0.00700

  709.0   0.00698

  710.0   0.00694

  711.0   0.00699

  712.0   0.00697

  713.0   0.00700

  714.0   0.00702

  715.0   0.00698

  716.0   0.00699

  717.0   0.00702

  718.0   0.00702

  719.0   0.00701

  720.0   0.00700

  721.0   0.00703

  722.0   0.00699

  723.0   0.00705

  724.0   0.00700

  725.0   0.00703

  726.0   0.00707

  727.0   0.00713

  728.0   0.00714

  729.0   0.00710

  730.0   0.00716

  731.0   0.00714

  732.0   0.00716

  733.0   0.00714

  734.0   0.00719

  735.0   0.00720

  736.0   0.00752

  737.0   0.00758

  738.0   0.00770

  739.0   0.00779

  740.0   0.00783

  741.0   0.00778

  742.0   0.00780

  743.0   0.00784

  744.0   0.00791

  745.0   0.00790

  746.0   0.00795

  747.0   0.00803

  748.0   0.00805

  749.0   0.00791

  750.0   0.00777

  751.0   0.00791

  752.0   0.00780

  753.0   0.00780

  754.0   0.00769

  755.0   0.00772

  756.0   0.00770

  757.0   0.00762

  758.0   0.00766

  759.0   0.00764

  760.0   0.00756

  761.0   0.00756

  762.0   0.00751

  763.0   0.00752

  764.0   0.00739

  765.0   0.00740

  766.0   0.00746

  767.0   0.00744

  768.0   0.00737

  769.0   0.00729

  770.0   0.00730

  771.0   0.00734

  772.0   0.00735

  773.0   0.00725

  774.0   0.00718

  775.0   0.00719

  776.0   0.00712

  777.0   0.00707

  778.0   0.00703

  779.0   0.00704

  780.0   0.00705

  781.0   0.00701

  782.0   0.00696

  783.0   0.00703

  784.0   0.00699

  785.0   0.00694

  786.0   0.00687

  787.0   0.00685

  788.0   0.00684

  789.0   0.00680

  790.0   0.00675

  791.0   0.00679

  792.0   0.00681

  793.0   0.00682

  794.0   0.00681

  795.0   0.00673

  796.0   0.00677

  797.0   0.00675

  798.0   0.00673

  799.0   0.00674

  800.0   0.00665

 
