ser ID: DU600

Method ID: A:\DEFAULT

Date: 08/06/00

Time: 09:13

 200.0   3.17114

  201.0   3.24254

  202.0   3.28353

  203.0   3.02181

  204.0   3.36530

  205.0   3.40209

  206.0   3.43313

  207.0   2.98752

  208.0   2.89307

  209.0   3.04961

  210.0   3.55291

  211.0   2.80106

  212.0   3.60271

  213.0   3.15157

  214.0   2.87225

  215.0   2.89219

  216.0   2.99105

  217.0   3.71037

  218.0   3.72770

  219.0   3.74421

  220.0   3.45856

  221.0   3.77422

  222.0   3.09117

  223.0   2.95843

  224.0   3.81684

  225.0   3.82963

  226.0   3.36592

  227.0   3.85516

  228.0   3.56691

  229.0   3.18001

  230.0   3.11333

  231.0   3.20309

  232.0   3.91132

  233.0   3.44264

  234.0   3.32526

  235.0   3.08798

  236.0   2.93742

  237.0   2.82702

  238.0   2.90185

  239.0   2.94488

  240.0   2.71532

  241.0   2.58349

  242.0   2.52961

  243.0   2.38690

  244.0   2.28790

  245.0   2.24832

  246.0   2.13597

  247.0   2.00199

  248.0   1.88629

  249.0   1.77743

  250.0   1.67874

  251.0   1.57144

  252.0   1.48944

  253.0   1.41292

  254.0   1.33855

  255.0   1.26029

  256.0   1.18932

  257.0   1.12595

  258.0   1.06683

  259.0   1.01465

  260.0   0.96300

  261.0   0.91980

  262.0   0.87755

  263.0   0.84127

  264.0   0.80872

  265.0   0.77949

  266.0   0.74842

  267.0   0.72161

  268.0   0.69637

  269.0   0.67181

  270.0   0.64700

  271.0   0.62520

  272.0   0.60528

  273.0   0.58283

  274.0   0.55806

  275.0   0.53568

  276.0   0.51538

  277.0   0.49400

  278.0   0.47363

  279.0   0.45659

  280.0   0.43837

  281.0   0.41996

  282.0   0.40394

  283.0   0.38901

  284.0   0.37528

  285.0   0.35991

  286.0   0.34497

  287.0   0.33054

  288.0   0.31562

  289.0   0.30407

  290.0   0.29206

  291.0   0.28145

  292.0   0.27180

  293.0   0.26181

  294.0   0.25285

  295.0   0.24263

  296.0   0.23321

  297.0   0.22575

  298.0   0.21780

  299.0   0.21115

  300.0   0.20421

  301.0   0.19932

  302.0   0.19398

  303.0   0.19055

  304.0   0.18717

  305.0   0.18442

  306.0   0.18095

  307.0   0.17804

  308.0   0.17501

  309.0   0.17193

  310.0   0.16993

  311.0   0.16614

  312.0   0.16369

  313.0   0.16022

  314.0   0.15687

  315.0   0.15405

  316.0   0.15032

  317.0   0.14717

  318.0   0.14513

  319.0   0.14224

  320.0   0.14071

  321.0   0.13941

  322.0   0.13582

  323.0   0.13370

  324.0   0.13268

  325.0   0.13199

  326.0   0.13099

  327.0   0.12952

  328.0   0.12879

  329.0   0.12699

  330.0   0.12640

  331.0   0.12497

  332.0   0.12410

  333.0   0.12304

  334.0   0.12082

  335.0   0.11905

  336.0   0.11839

  337.0   0.11715

  338.0   0.11643

  339.0   0.11510

  340.0   0.11401

  341.0   0.11175

  342.0   0.11086

  343.0   0.10981

  344.0   0.10959

  345.0   0.10764

  346.0   0.10587

  347.0   0.10483

  348.0   0.10315

  349.0   0.10184

  350.0   0.10059

  351.0   0.09855

  352.0   0.09770

  353.0   0.09525

  354.0   0.09329

  355.0   0.09175

  356.0   0.09147

  357.0   0.08953

  358.0   0.08726

  359.0   0.08551

  360.0   0.08405

  361.0   0.08271

  362.0   0.08041

  363.0   0.07768

  364.0   0.07656

  365.0   0.07456

  366.0   0.07363

  367.0   0.07114

  368.0   0.06970

  369.0   0.06811

  370.0   0.06571

  371.0   0.06481

  372.0   0.06371

  373.0   0.06258

  374.0   0.06091

  375.0   0.05944

  376.0   0.05731

  377.0   0.05639

  378.0   0.05470

  379.0   0.05382

  380.0   0.05223

  381.0   0.05081

  382.0   0.04971

  383.0   0.04857

  384.0   0.04773

  385.0   0.04656

  386.0   0.04538

  387.0   0.04446

  388.0   0.04344

  389.0   0.04236

  390.0   0.04192

  391.0   0.04102

  392.0   0.04049

  393.0   0.04001

  394.0   0.03908

  395.0   0.03849

  396.0   0.03803

  397.0   0.03772

  398.0   0.03679

  399.0   0.03618

  400.0   0.03595

  401.0   0.03515

  402.0   0.03498

  403.0   0.03449

  404.0   0.03404

  405.0   0.03326

  406.0   0.03274

  407.0   0.03211

  408.0   0.03146

  409.0   0.03080

  410.0   0.03005

  411.0   0.02967

  412.0   0.02876

  413.0   0.02792

  414.0   0.02712

  415.0   0.02671

  416.0   0.02583

  417.0   0.02479

  418.0   0.02388

  419.0   0.02279

  420.0   0.02205

  421.0   0.02110

  422.0   0.02037

  423.0   0.01943

  424.0   0.01854

  425.0   0.01766

  426.0   0.01707

  427.0   0.01640

  428.0   0.01569

  429.0   0.01491

  430.0   0.01431

  431.0   0.01358

  432.0   0.01328

  433.0   0.01283

  434.0   0.01231

  435.0   0.01175

  436.0   0.01114

  437.0   0.01075

  438.0   0.01036

  439.0   0.01016

  440.0   0.00975

  441.0   0.00944

  442.0   0.00907

  443.0   0.00883

  444.0   0.00851

  445.0   0.00829

  446.0   0.00799

  447.0   0.00779

  448.0   0.00765

  449.0   0.00733

  450.0   0.00716

  451.0   0.00700

  452.0   0.00680

  453.0   0.00661

  454.0   0.00635

  455.0   0.00613

  456.0   0.00609

  457.0   0.00597

  458.0   0.00581

  459.0   0.00565

  460.0   0.00545

  461.0   0.00525

  462.0   0.00521

  463.0   0.00507

  464.0   0.00497

  465.0   0.00497

  466.0   0.00488

  467.0   0.00471

  468.0   0.00474

  469.0   0.00463

  470.0   0.00450

  471.0   0.00442

  472.0   0.00438

  473.0   0.00430

  474.0   0.00435

  475.0   0.00427

  476.0   0.00418

  477.0   0.00405

  478.0   0.00401

  479.0   0.00392

  480.0   0.00386

  481.0   0.00373

  482.0   0.00371

  483.0   0.00364

  484.0   0.00368

  485.0   0.00367

  486.0   0.00368

  487.0   0.00358

  488.0   0.00360

  489.0   0.00353

  490.0   0.00353

  491.0   0.00353

  492.0   0.00353

  493.0   0.00356

  494.0   0.00359

  495.0   0.00355

  496.0   0.00360

  497.0   0.00365

  498.0   0.00369

  499.0   0.00375

  500.0   0.00387

  501.0   0.00392

  502.0   0.00397

  503.0   0.00410

  504.0   0.00425

  505.0   0.00429

  506.0   0.00440

  507.0   0.00447

  508.0   0.00456

  509.0   0.00461

  510.0   0.00472

  511.0   0.00472

  512.0   0.00477

  513.0   0.00486

  514.0   0.00497

  515.0   0.00508

  516.0   0.00516

  517.0   0.00524

  518.0   0.00529

  519.0   0.00536

  520.0   0.00538

  521.0   0.00541

  522.0   0.00544

  523.0   0.00554

  524.0   0.00557

  525.0   0.00566

  526.0   0.00570

  527.0   0.00575

  528.0   0.00579

  529.0   0.00587

  530.0   0.00597

  531.0   0.00601

  532.0   0.00615

  533.0   0.00620

  534.0   0.00633

  535.0   0.00640

  536.0   0.00650

  537.0   0.00663

  538.0   0.00671

  539.0   0.00679

  540.0   0.00689

  541.0   0.00700

  542.0   0.00717

  543.0   0.00729

  544.0   0.00739

  545.0   0.00755

  546.0   0.00766

  547.0   0.00770

  548.0   0.00776

  549.0   0.00783

  550.0   0.00792

  551.0   0.00798

  552.0   0.00811

  553.0   0.00814

  554.0   0.00818

  555.0   0.00823

  556.0   0.00829

  557.0   0.00913

  558.0   0.00918

  559.0   0.00913

  560.0   0.00915

  561.0   0.00914

  562.0   0.00909

  563.0   0.00908

  564.0   0.00908

  565.0   0.00911

  566.0   0.00918

  567.0   0.00918

  568.0   0.00925

  569.0   0.00918

  570.0   0.00921

  571.0   0.00921

  572.0   0.00920

  573.0   0.00925

  574.0   0.00927

  575.0   0.00925

  576.0   0.00925

  577.0   0.00927

  578.0   0.00928

  579.0   0.00935

  580.0   0.00943

  581.0   0.00946

  582.0   0.00942

  583.0   0.00945

  584.0   0.00956

  585.0   0.00966

  586.0   0.00975

  587.0   0.00981

  588.0   0.00988

  589.0   0.00998

  590.0   0.01003

  591.0   0.01010

  592.0   0.01013

  593.0   0.01021

  594.0   0.01026

  595.0   0.01037

  596.0   0.01038

  597.0   0.01041

  598.0   0.01041

  599.0   0.01040

  600.0   0.01043

  601.0   0.01040

  602.0   0.01043

  603.0   0.01037

  604.0   0.01034

  605.0   0.01037

  606.0   0.01037

  607.0   0.01034

  608.0   0.01036

  609.0   0.01038

  610.0   0.01035

  611.0   0.01037

  612.0   0.01036

  613.0   0.01044

  614.0   0.01046

  615.0   0.01049

  616.0   0.01047

  617.0   0.01050

  618.0   0.01047

  619.0   0.01048

  620.0   0.01053

  621.0   0.01049

  622.0   0.01049

  623.0   0.01047

  624.0   0.01049

  625.0   0.01056

  626.0   0.01056

  627.0   0.01060

  628.0   0.01055

  629.0   0.01059

  630.0   0.01054

  631.0   0.01055

  632.0   0.01055

  633.0   0.01052

  634.0   0.01058

  635.0   0.01059

  636.0   0.01060

  637.0   0.01060

  638.0   0.01056

  639.0   0.01060

  640.0   0.01065

  641.0   0.01066

  642.0   0.01075

  643.0   0.01082

  644.0   0.01087

  645.0   0.01094

  646.0   0.01097

  647.0   0.01097

  648.0   0.01101

  649.0   0.01103

  650.0   0.01101

  651.0   0.01102

  652.0   0.01103

  653.0   0.01098

  654.0   0.01096

  655.0   0.01094

  656.0   0.01093

  657.0   0.01089

  658.0   0.01094

  659.0   0.01095

  660.0   0.01091

  661.0   0.01093

  662.0   0.01087

  663.0   0.01083

  664.0   0.01077

  665.0   0.01075

  666.0   0.01075

  667.0   0.01078

  668.0   0.01077

  669.0   0.01075

  670.0   0.01073

  671.0   0.01065

  672.0   0.01064

  673.0   0.01056

  674.0   0.01052

  675.0   0.01046

  676.0   0.01041

  677.0   0.01036

  678.0   0.01034

  679.0   0.01028

  680.0   0.01028

  681.0   0.01020

  682.0   0.01016

  683.0   0.01015

  684.0   0.01011

  685.0   0.01011

  686.0   0.01011

  687.0   0.01005

  688.0   0.00997

  689.0   0.00991

  690.0   0.00982

  691.0   0.00981

  692.0   0.00985

  693.0   0.00980

  694.0   0.00975

  695.0   0.00970

  696.0   0.00969

  697.0   0.00962

  698.0   0.00959

  699.0   0.00954

  700.0   0.00949

  701.0   0.00943

  702.0   0.00936

  703.0   0.00939

  704.0   0.00936

  705.0   0.00931

  706.0   0.00933

  707.0   0.00930

  708.0   0.00927

  709.0   0.00925

  710.0   0.00920

  711.0   0.00913

  712.0   0.00911

  713.0   0.00906

  714.0   0.00904

  715.0   0.00904

  716.0   0.00906

  717.0   0.00903

  718.0   0.00903

  719.0   0.00901

  720.0   0.00897

  721.0   0.00895

  722.0   0.00884

  723.0   0.00882

  724.0   0.00878

  725.0   0.00872

  726.0   0.00870

  727.0   0.00870

  728.0   0.00870

  729.0   0.00865

  730.0   0.00862

  731.0   0.00859

  732.0   0.00855

  733.0   0.00856

  734.0   0.00858

  735.0   0.00854

  736.0   0.00901

  737.0   0.00895

  738.0   0.00895

  739.0   0.00896

  740.0   0.00894

  741.0   0.00892

  742.0   0.00887

  743.0   0.00883

  744.0   0.00890

  745.0   0.00889

  746.0   0.00888

  747.0   0.00887

  748.0   0.00884

  749.0   0.00881

  750.0   0.00864

  751.0   0.00866

  752.0   0.00858

  753.0   0.00850

  754.0   0.00845

  755.0   0.00837

  756.0   0.00831

  757.0   0.00830

  758.0   0.00822

  759.0   0.00817

  760.0   0.00815

  761.0   0.00818

  762.0   0.00816

  763.0   0.00808

  764.0   0.00795

  765.0   0.00799

  766.0   0.00794

  767.0   0.00792

  768.0   0.00782

  769.0   0.00778

  770.0   0.00773

  771.0   0.00774

  772.0   0.00770

  773.0   0.00765

  774.0   0.00761

  775.0   0.00753

  776.0   0.00749

  777.0   0.00747

  778.0   0.00740

  779.0   0.00736

  780.0   0.00740

  781.0   0.00735

  782.0   0.00734

  783.0   0.00735

  784.0   0.00725

  785.0   0.00718

  786.0   0.00722

  787.0   0.00718

  788.0   0.00719

  789.0   0.00715

  790.0   0.00716

  791.0   0.00715

  792.0   0.00716

  793.0   0.00721

  794.0   0.00716

  795.0   0.00712

  796.0   0.00713

  797.0   0.00714

  798.0   0.00706

  799.0   0.00710

  800.0   0.00704

 
