ser ID: DU600

Method ID: A:\DEFAULT

Date: 08/06/00

Time: 06:00

 200.0   3.17114

  201.0   2.94151

  202.0   3.28353

  203.0   2.47774

  204.0   3.36530

  205.0   3.40209

  206.0   2.95601

  207.0   3.46464

  208.0   2.89307

  209.0   3.04961

  210.0   2.95085

  211.0   2.88024

  212.0   2.90374

  213.0   3.62870

  214.0   3.65040

  215.0   3.19322

  216.0   3.38899

  217.0   2.86527

  218.0   3.02873

  219.0   3.04524

  220.0   3.75959

  221.0   3.77422

  222.0   3.79014

  223.0   3.80353

  224.0   3.81684

  225.0   2.98453

  226.0   3.54202

  227.0   3.55413

  228.0   3.26588

  229.0   3.87898

  230.0   3.89148

  231.0   3.90206

  232.0   3.21235

  233.0   3.91976

  234.0   3.62629

  235.0   3.33102

  236.0   3.33536

  237.0   3.46384

  238.0   3.94325

  239.0   3.24591

  240.0   3.64473

  241.0   2.94522

  242.0   2.94458

  243.0   2.82925

  244.0   2.79499

  245.0   2.85934

  246.0   2.61309

  247.0   2.53347

  248.0   2.45056

  249.0   2.32149

  250.0   2.20328

  251.0   2.10769

  252.0   2.01177

  253.0   1.90865

  254.0   1.85433

  255.0   1.76022

  256.0   1.66818

  257.0   1.58373

  258.0   1.49799

  259.0   1.41685

  260.0   1.34937

  261.0   1.28727

  262.0   1.22582

  263.0   1.17399

  264.0   1.12795

  265.0   1.08672

  266.0   1.04367

  267.0   1.01100

  268.0   0.98144

  269.0   0.95573

  270.0   0.93048

  271.0   0.90656

  272.0   0.87909

  273.0   0.85476

  274.0   0.82760

  275.0   0.80189

  276.0   0.77638

  277.0   0.75204

  278.0   0.72218

  279.0   0.69484

  280.0   0.66781

  281.0   0.63582

  282.0   0.60791

  283.0   0.58170

  284.0   0.55591

  285.0   0.52790

  286.0   0.49949

  287.0   0.47267

  288.0   0.44536

  289.0   0.42010

  290.0   0.39888

  291.0   0.37736

  292.0   0.35708

  293.0   0.33771

  294.0   0.32035

  295.0   0.30082

  296.0   0.28297

  297.0   0.26611

  298.0   0.24954

  299.0   0.23386

  300.0   0.22030

  301.0   0.20842

  302.0   0.19731

  303.0   0.18736

  304.0   0.17802

  305.0   0.16983

  306.0   0.16015

  307.0   0.15315

  308.0   0.14676

  309.0   0.14028

  310.0   0.13489

  311.0   0.12983

  312.0   0.12478

  313.0   0.11995

  314.0   0.11640

  315.0   0.11285

  316.0   0.10968

  317.0   0.10716

  318.0   0.10519

  319.0   0.10343

  320.0   0.10319

  321.0   0.10298

  322.0   0.10251

  323.0   0.10295

  324.0   0.10373

  325.0   0.10619

  326.0   0.10828

  327.0   0.11022

  328.0   0.11332

  329.0   0.11666

  330.0   0.11878

  331.0   0.12174

  332.0   0.12630

  333.0   0.13028

  334.0   0.13359

  335.0   0.13913

  336.0   0.14307

  337.0   0.14783

  338.0   0.15179

  339.0   0.15773

  340.0   0.16285

  341.0   0.16834

  342.0   0.17343

  343.0   0.17761

  344.0   0.18295

  345.0   0.18752

  346.0   0.19141

  347.0   0.19608

  348.0   0.20046

  349.0   0.20441

  350.0   0.20715

  351.0   0.20962

  352.0   0.21355

  353.0   0.21372

  354.0   0.21536

  355.0   0.21650

  356.0   0.21712

  357.0   0.21804

  358.0   0.21774

  359.0   0.21555

  360.0   0.21405

  361.0   0.21235

  362.0   0.20944

  363.0   0.20781

  364.0   0.20577

  365.0   0.20187

  366.0   0.19876

  367.0   0.19473

  368.0   0.19066

  369.0   0.18730

  370.0   0.18342

  371.0   0.18039

  372.0   0.17693

  373.0   0.17318

  374.0   0.16905

  375.0   0.16532

  376.0   0.16085

  377.0   0.15732

  378.0   0.15278

  379.0   0.14981

  380.0   0.14649

  381.0   0.14209

  382.0   0.13811

  383.0   0.13487

  384.0   0.13057

  385.0   0.12734

  386.0   0.12345

  387.0   0.12034

  388.0   0.11665

  389.0   0.11335

  390.0   0.11053

  391.0   0.10710

  392.0   0.10407

  393.0   0.10151

  394.0   0.09873

  395.0   0.09620

  396.0   0.09391

  397.0   0.09140

  398.0   0.08915

  399.0   0.08721

  400.0   0.08534

  401.0   0.08364

  402.0   0.08180

  403.0   0.07995

  404.0   0.07811

  405.0   0.07654

  406.0   0.07495

  407.0   0.07343

  408.0   0.07200

  409.0   0.07035

  410.0   0.06887

  411.0   0.06753

  412.0   0.06584

  413.0   0.06418

  414.0   0.06284

  415.0   0.06202

  416.0   0.05962

  417.0   0.05797

  418.0   0.05629

  419.0   0.05431

  420.0   0.05262

  421.0   0.05109

  422.0   0.04934

  423.0   0.04763

  424.0   0.04608

  425.0   0.04450

  426.0   0.04287

  427.0   0.04127

  428.0   0.03973

  429.0   0.03803

  430.0   0.03667

  431.0   0.03515

  432.0   0.03396

  433.0   0.03260

  434.0   0.03136

  435.0   0.03017

  436.0   0.02875

  437.0   0.02764

  438.0   0.02643

  439.0   0.02548

  440.0   0.02439

  441.0   0.02339

  442.0   0.02236

  443.0   0.02156

  444.0   0.02070

  445.0   0.01970

  446.0   0.01902

  447.0   0.01823

  448.0   0.01759

  449.0   0.01682

  450.0   0.01632

  451.0   0.01556

  452.0   0.01511

  453.0   0.01457

  454.0   0.01394

  455.0   0.01328

  456.0   0.01290

  457.0   0.01236

  458.0   0.01182

  459.0   0.01134

  460.0   0.01085

  461.0   0.01053

  462.0   0.01003

  463.0   0.00957

  464.0   0.00925

  465.0   0.00899

  466.0   0.00871

  467.0   0.00839

  468.0   0.00805

  469.0   0.00779

  470.0   0.00744

  471.0   0.00711

  472.0   0.00696

  473.0   0.00674

  474.0   0.00661

  475.0   0.00635

  476.0   0.00606

  477.0   0.00594

  478.0   0.00565

  479.0   0.00545

  480.0   0.00525

  481.0   0.00504

  482.0   0.00484

  483.0   0.00476

  484.0   0.00457

  485.0   0.00446

  486.0   0.00436

  487.0   0.00419

  488.0   0.00410

  489.0   0.00398

  490.0   0.00389

  491.0   0.00382

  492.0   0.00369

  493.0   0.00367

  494.0   0.00356

  495.0   0.00345

  496.0   0.00335

  497.0   0.00330

  498.0   0.00326

  499.0   0.00324

  500.0   0.00327

  501.0   0.00320

  502.0   0.00316

  503.0   0.00317

  504.0   0.00315

  505.0   0.00319

  506.0   0.00319

  507.0   0.00320

  508.0   0.00315

  509.0   0.00313

  510.0   0.00313

  511.0   0.00303

  512.0   0.00303

  513.0   0.00304

  514.0   0.00308

  515.0   0.00318

  516.0   0.00317

  517.0   0.00314

  518.0   0.00315

  519.0   0.00313

  520.0   0.00314

  521.0   0.00313

  522.0   0.00311

  523.0   0.00307

  524.0   0.00307

  525.0   0.00307

  526.0   0.00308

  527.0   0.00307

  528.0   0.00305

  529.0   0.00305

  530.0   0.00298

  531.0   0.00301

  532.0   0.00307

  533.0   0.00302

  534.0   0.00312

  535.0   0.00307

  536.0   0.00312

  537.0   0.00311

  538.0   0.00310

  539.0   0.00317

  540.0   0.00312

  541.0   0.00315

  542.0   0.00319

  543.0   0.00318

  544.0   0.00328

  545.0   0.00330

  546.0   0.00332

  547.0   0.00328

  548.0   0.00332

  549.0   0.00334

  550.0   0.00337

  551.0   0.00337

  552.0   0.00342

  553.0   0.00344

  554.0   0.00345

  555.0   0.00343

  556.0   0.00346

  557.0   0.00396

  558.0   0.00402

  559.0   0.00401

  560.0   0.00407

  561.0   0.00408

  562.0   0.00405

  563.0   0.00410

  564.0   0.00411

  565.0   0.00411

  566.0   0.00417

  567.0   0.00416

  568.0   0.00419

  569.0   0.00416

  570.0   0.00418

  571.0   0.00417

  572.0   0.00416

  573.0   0.00416

  574.0   0.00419

  575.0   0.00419

  576.0   0.00416

  577.0   0.00415

  578.0   0.00417

  579.0   0.00418

  580.0   0.00421

  581.0   0.00421

  582.0   0.00419

  583.0   0.00416

  584.0   0.00420

  585.0   0.00418

  586.0   0.00424

  587.0   0.00422

  588.0   0.00423

  589.0   0.00429

  590.0   0.00431

  591.0   0.00432

  592.0   0.00438

  593.0   0.00443

  594.0   0.00445

  595.0   0.00451

  596.0   0.00452

  597.0   0.00452

  598.0   0.00456

  599.0   0.00451

  600.0   0.00454

  601.0   0.00456

  602.0   0.00460

  603.0   0.00462

  604.0   0.00460

  605.0   0.00461

  606.0   0.00457

  607.0   0.00459

  608.0   0.00461

  609.0   0.00458

  610.0   0.00457

  611.0   0.00458

  612.0   0.00456

  613.0   0.00462

  614.0   0.00463

  615.0   0.00465

  616.0   0.00466

  617.0   0.00467

  618.0   0.00464

  619.0   0.00468

  620.0   0.00472

  621.0   0.00471

  622.0   0.00469

  623.0   0.00470

  624.0   0.00471

  625.0   0.00466

  626.0   0.00467

  627.0   0.00472

  628.0   0.00466

  629.0   0.00469

  630.0   0.00467

  631.0   0.00470

  632.0   0.00471

  633.0   0.00467

  634.0   0.00466

  635.0   0.00466

  636.0   0.00468

  637.0   0.00467

  638.0   0.00470

  639.0   0.00475

  640.0   0.00475

  641.0   0.00478

  642.0   0.00485

  643.0   0.00492

  644.0   0.00497

  645.0   0.00502

  646.0   0.00507

  647.0   0.00512

  648.0   0.00519

  649.0   0.00524

  650.0   0.00531

  651.0   0.00533

  652.0   0.00537

  653.0   0.00541

  654.0   0.00543

  655.0   0.00547

  656.0   0.00547

  657.0   0.00550

  658.0   0.00552

  659.0   0.00558

  660.0   0.00560

  661.0   0.00566

  662.0   0.00570

  663.0   0.00571

  664.0   0.00572

  665.0   0.00575

  666.0   0.00579

  667.0   0.00585

  668.0   0.00586

  669.0   0.00587

  670.0   0.00585

  671.0   0.00586

  672.0   0.00586

  673.0   0.00587

  674.0   0.00588

  675.0   0.00584

  676.0   0.00587

  677.0   0.00581

  678.0   0.00581

  679.0   0.00580

  680.0   0.00577

  681.0   0.00572

  682.0   0.00567

  683.0   0.00566

  684.0   0.00562

  685.0   0.00562

  686.0   0.00563

  687.0   0.00561

  688.0   0.00556

  689.0   0.00551

  690.0   0.00544

  691.0   0.00548

  692.0   0.00549

  693.0   0.00549

  694.0   0.00544

  695.0   0.00547

  696.0   0.00540

  697.0   0.00543

  698.0   0.00541

  699.0   0.00540

  700.0   0.00533

  701.0   0.00524

  702.0   0.00529

  703.0   0.00534

  704.0   0.00537

  705.0   0.00542

  706.0   0.00543

  707.0   0.00546

  708.0   0.00549

  709.0   0.00551

  710.0   0.00546

  711.0   0.00541

  712.0   0.00538

  713.0   0.00538

  714.0   0.00537

  715.0   0.00537

  716.0   0.00536

  717.0   0.00538

  718.0   0.00541

  719.0   0.00534

  720.0   0.00534

  721.0   0.00529

  722.0   0.00525

  723.0   0.00529

  724.0   0.00527

  725.0   0.00526

  726.0   0.00526

  727.0   0.00528

  728.0   0.00532

  729.0   0.00534

  730.0   0.00531

  731.0   0.00528

  732.0   0.00525

  733.0   0.00526

  734.0   0.00532

  735.0   0.00535

  736.0   0.00541

  737.0   0.00545

  738.0   0.00540

  739.0   0.00544

  740.0   0.00543

  741.0   0.00550

  742.0   0.00549

  743.0   0.00551

  744.0   0.00553

  745.0   0.00552

  746.0   0.00563

  747.0   0.00573

  748.0   0.00568

  749.0   0.00565

  750.0   0.00553

  751.0   0.00567

  752.0   0.00559

  753.0   0.00554

  754.0   0.00545

  755.0   0.00548

  756.0   0.00549

  757.0   0.00544

  758.0   0.00545

  759.0   0.00542

  760.0   0.00540

  761.0   0.00543

  762.0   0.00546

  763.0   0.00547

  764.0   0.00536

  765.0   0.00534

  766.0   0.00537

  767.0   0.00535

  768.0   0.00530

  769.0   0.00520

  770.0   0.00518

  771.0   0.00524

  772.0   0.00516

  773.0   0.00509

  774.0   0.00504

  775.0   0.00496

  776.0   0.00497

  777.0   0.00492

  778.0   0.00490

  779.0   0.00482

  780.0   0.00492

  781.0   0.00484

  782.0   0.00482

  783.0   0.00483

  784.0   0.00475

  785.0   0.00470

  786.0   0.00468

  787.0   0.00463

  788.0   0.00459

  789.0   0.00451

  790.0   0.00449

  791.0   0.00450

  792.0   0.00445

  793.0   0.00440

  794.0   0.00438

  795.0   0.00427

  796.0   0.00428

  797.0   0.00428

  798.0   0.00420

  799.0   0.00420

  800.0   0.00412

 
