ser ID: DU600

Method ID: A:\DEFAULT

Date: 08/06/00

Time: 06:06

 200.0   2.69402

  201.0   3.24254

  202.0   2.68147

  203.0   2.84572

  204.0   3.06427

  205.0   2.80003

  206.0   3.43313

  207.0   2.86258

  208.0   2.79616

  209.0   3.22570

  210.0   3.25188

  211.0   3.57921

  212.0   3.60271

  213.0   3.62870

  214.0   3.65040

  215.0   3.67034

  216.0   2.91187

  217.0   2.93222

  218.0   2.88261

  219.0   3.14215

  220.0   3.75959

  221.0   3.77422

  222.0   3.31302

  223.0   3.80353

  224.0   3.51581

  225.0   2.98453

  226.0   3.84305

  227.0   3.37803

  228.0   3.86794

  229.0   3.87898

  230.0   3.89148

  231.0   3.90206

  232.0   3.91132

  233.0   3.07466

  234.0   3.45020

  235.0   3.08798

  236.0   3.23845

  237.0   3.94096

  238.0   3.64222

  239.0   3.16673

  240.0   3.24679

  241.0   3.34316

  242.0   2.76849

  243.0   2.90180

  244.0   2.73699

  245.0   2.70807

  246.0   2.73119

  247.0   2.58898

  248.0   2.40916

  249.0   2.27034

  250.0   2.15586

  251.0   2.05054

  252.0   1.97490

  253.0   1.89568

  254.0   1.83147

  255.0   1.71192

  256.0   1.63544

  257.0   1.55625

  258.0   1.47672

  259.0   1.38730

  260.0   1.32109

  261.0   1.26453

  262.0   1.20768

  263.0   1.15231

  264.0   1.10894

  265.0   1.06914

  266.0   1.02678

  267.0   0.99249

  268.0   0.96206

  269.0   0.93664

  270.0   0.91222

  271.0   0.88801

  272.0   0.86151

  273.0   0.83799

  274.0   0.81038

  275.0   0.78343

  276.0   0.75889

  277.0   0.73388

  278.0   0.70444

  279.0   0.67987

  280.0   0.65146

  281.0   0.62149

  282.0   0.59558

  283.0   0.56899

  284.0   0.54192

  285.0   0.51474

  286.0   0.48779

  287.0   0.46291

  288.0   0.43660

  289.0   0.41389

  290.0   0.39208

  291.0   0.37226

  292.0   0.35109

  293.0   0.33290

  294.0   0.31603

  295.0   0.29839

  296.0   0.28132

  297.0   0.26492

  298.0   0.24993

  299.0   0.23386

  300.0   0.22103

  301.0   0.20971

  302.0   0.19847

  303.0   0.18929

  304.0   0.18105

  305.0   0.17282

  306.0   0.16399

  307.0   0.15762

  308.0   0.15067

  309.0   0.14440

  310.0   0.13955

  311.0   0.13429

  312.0   0.12936

  313.0   0.12466

  314.0   0.12093

  315.0   0.11784

  316.0   0.11371

  317.0   0.11101

  318.0   0.10908

  319.0   0.10749

  320.0   0.10694

  321.0   0.10641

  322.0   0.10592

  323.0   0.10589

  324.0   0.10682

  325.0   0.10930

  326.0   0.11004

  327.0   0.11199

  328.0   0.11484

  329.0   0.11730

  330.0   0.11980

  331.0   0.12329

  332.0   0.12630

  333.0   0.12976

  334.0   0.13280

  335.0   0.13729

  336.0   0.14004

  337.0   0.14399

  338.0   0.14966

  339.0   0.15438

  340.0   0.15948

  341.0   0.16332

  342.0   0.16797

  343.0   0.17239

  344.0   0.17632

  345.0   0.18099

  346.0   0.18484

  347.0   0.18987

  348.0   0.19351

  349.0   0.19671

  350.0   0.19926

  351.0   0.20054

  352.0   0.20324

  353.0   0.20482

  354.0   0.20597

  355.0   0.20705

  356.0   0.20719

  357.0   0.20819

  358.0   0.20718

  359.0   0.20483

  360.0   0.20357

  361.0   0.20224

  362.0   0.19974

  363.0   0.19729

  364.0   0.19605

  365.0   0.19185

  366.0   0.18904

  367.0   0.18450

  368.0   0.18175

  369.0   0.17854

  370.0   0.17485

  371.0   0.17128

  372.0   0.16774

  373.0   0.16436

  374.0   0.16048

  375.0   0.15680

  376.0   0.15278

  377.0   0.14988

  378.0   0.14525

  379.0   0.14237

  380.0   0.13866

  381.0   0.13465

  382.0   0.13147

  383.0   0.12800

  384.0   0.12435

  385.0   0.12116

  386.0   0.11740

  387.0   0.11412

  388.0   0.11125

  389.0   0.10775

  390.0   0.10519

  391.0   0.10228

  392.0   0.09982

  393.0   0.09706

  394.0   0.09433

  395.0   0.09203

  396.0   0.08991

  397.0   0.08784

  398.0   0.08521

  399.0   0.08340

  400.0   0.08167

  401.0   0.08022

  402.0   0.07867

  403.0   0.07708

  404.0   0.07505

  405.0   0.07359

  406.0   0.07212

  407.0   0.07087

  408.0   0.06928

  409.0   0.06752

  410.0   0.06616

  411.0   0.06486

  412.0   0.06311

  413.0   0.06174

  414.0   0.06019

  415.0   0.05942

  416.0   0.05730

  417.0   0.05553

  418.0   0.05402

  419.0   0.05239

  420.0   0.05084

  421.0   0.04919

  422.0   0.04757

  423.0   0.04575

  424.0   0.04402

  425.0   0.04242

  426.0   0.04100

  427.0   0.03959

  428.0   0.03810

  429.0   0.03644

  430.0   0.03512

  431.0   0.03358

  432.0   0.03236

  433.0   0.03117

  434.0   0.03003

  435.0   0.02881

  436.0   0.02743

  437.0   0.02635

  438.0   0.02527

  439.0   0.02430

  440.0   0.02339

  441.0   0.02242

  442.0   0.02150

  443.0   0.02071

  444.0   0.01992

  445.0   0.01894

  446.0   0.01821

  447.0   0.01762

  448.0   0.01704

  449.0   0.01623

  450.0   0.01578

  451.0   0.01499

  452.0   0.01454

  453.0   0.01392

  454.0   0.01343

  455.0   0.01282

  456.0   0.01239

  457.0   0.01198

  458.0   0.01149

  459.0   0.01097

  460.0   0.01053

  461.0   0.01029

  462.0   0.00983

  463.0   0.00942

  464.0   0.00909

  465.0   0.00876

  466.0   0.00848

  467.0   0.00813

  468.0   0.00787

  469.0   0.00758

  470.0   0.00726

  471.0   0.00701

  472.0   0.00680

  473.0   0.00665

  474.0   0.00642

  475.0   0.00617

  476.0   0.00588

  477.0   0.00568

  478.0   0.00543

  479.0   0.00529

  480.0   0.00514

  481.0   0.00499

  482.0   0.00481

  483.0   0.00468

  484.0   0.00457

  485.0   0.00443

  486.0   0.00431

  487.0   0.00421

  488.0   0.00415

  489.0   0.00405

  490.0   0.00395

  491.0   0.00384

  492.0   0.00377

  493.0   0.00371

  494.0   0.00365

  495.0   0.00355

  496.0   0.00349

  497.0   0.00344

  498.0   0.00343

  499.0   0.00338

  500.0   0.00343

  501.0   0.00346

  502.0   0.00338

  503.0   0.00343

  504.0   0.00344

  505.0   0.00344

  506.0   0.00350

  507.0   0.00355

  508.0   0.00357

  509.0   0.00353

  510.0   0.00359

  511.0   0.00351

  512.0   0.00352

  513.0   0.00352

  514.0   0.00358

  515.0   0.00357

  516.0   0.00361

  517.0   0.00358

  518.0   0.00361

  519.0   0.00360

  520.0   0.00363

  521.0   0.00362

  522.0   0.00362

  523.0   0.00365

  524.0   0.00361

  525.0   0.00365

  526.0   0.00363

  527.0   0.00363

  528.0   0.00365

  529.0   0.00363

  530.0   0.00360

  531.0   0.00361

  532.0   0.00367

  533.0   0.00367

  534.0   0.00374

  535.0   0.00375

  536.0   0.00376

  537.0   0.00385

  538.0   0.00386

  539.0   0.00386

  540.0   0.00385

  541.0   0.00392

  542.0   0.00395

  543.0   0.00401

  544.0   0.00414

  545.0   0.00416

  546.0   0.00424

  547.0   0.00422

  548.0   0.00424

  549.0   0.00427

  550.0   0.00434

  551.0   0.00440

  552.0   0.00446

  553.0   0.00447

  554.0   0.00452

  555.0   0.00453

  556.0   0.00461

  557.0   0.00487

  558.0   0.00490

  559.0   0.00489

  560.0   0.00494

  561.0   0.00497

  562.0   0.00490

  563.0   0.00491

  564.0   0.00490

  565.0   0.00493

  566.0   0.00499

  567.0   0.00504

  568.0   0.00507

  569.0   0.00499

  570.0   0.00500

  571.0   0.00499

  572.0   0.00497

  573.0   0.00498

  574.0   0.00499

  575.0   0.00498

  576.0   0.00498

  577.0   0.00501

  578.0   0.00505

  579.0   0.00514

  580.0   0.00520

  581.0   0.00517

  582.0   0.00516

  583.0   0.00518

  584.0   0.00525

  585.0   0.00529

  586.0   0.00534

  587.0   0.00538

  588.0   0.00545

  589.0   0.00548

  590.0   0.00553

  591.0   0.00560

  592.0   0.00559

  593.0   0.00570

  594.0   0.00571

  595.0   0.00580

  596.0   0.00585

  597.0   0.00584

  598.0   0.00584

  599.0   0.00582

  600.0   0.00579

  601.0   0.00575

  602.0   0.00577

  603.0   0.00576

  604.0   0.00576

  605.0   0.00578

  606.0   0.00579

  607.0   0.00581

  608.0   0.00581

  609.0   0.00576

  610.0   0.00572

  611.0   0.00573

  612.0   0.00575

  613.0   0.00582

  614.0   0.00586

  615.0   0.00586

  616.0   0.00585

  617.0   0.00584

  618.0   0.00586

  619.0   0.00588

  620.0   0.00590

  621.0   0.00591

  622.0   0.00590

  623.0   0.00589

  624.0   0.00589

  625.0   0.00590

  626.0   0.00591

  627.0   0.00590

  628.0   0.00586

  629.0   0.00592

  630.0   0.00593

  631.0   0.00592

  632.0   0.00592

  633.0   0.00590

  634.0   0.00591

  635.0   0.00590

  636.0   0.00592

  637.0   0.00595

  638.0   0.00594

  639.0   0.00599

  640.0   0.00606

  641.0   0.00611

  642.0   0.00617

  643.0   0.00622

  644.0   0.00631

  645.0   0.00638

  646.0   0.00644

  647.0   0.00650

  648.0   0.00653

  649.0   0.00655

  650.0   0.00657

  651.0   0.00660

  652.0   0.00659

  653.0   0.00658

  654.0   0.00655

  655.0   0.00653

  656.0   0.00655

  657.0   0.00656

  658.0   0.00660

  659.0   0.00667

  660.0   0.00668

  661.0   0.00674

  662.0   0.00673

  663.0   0.00673

  664.0   0.00670

  665.0   0.00670

  666.0   0.00674

  667.0   0.00682

  668.0   0.00683

  669.0   0.00686

  670.0   0.00682

  671.0   0.00680

  672.0   0.00678

  673.0   0.00675

  674.0   0.00671

  675.0   0.00665

  676.0   0.00666

  677.0   0.00664

  678.0   0.00665

  679.0   0.00666

  680.0   0.00663

  681.0   0.00662

  682.0   0.00661

  683.0   0.00660

  684.0   0.00662

  685.0   0.00664

  686.0   0.00667

  687.0   0.00664

  688.0   0.00659

  689.0   0.00658

  690.0   0.00654

  691.0   0.00657

  692.0   0.00654

  693.0   0.00656

  694.0   0.00650

  695.0   0.00649

  696.0   0.00652

  697.0   0.00652

  698.0   0.00649

  699.0   0.00651

  700.0   0.00650

  701.0   0.00644

  702.0   0.00647

  703.0   0.00653

  704.0   0.00656

  705.0   0.00652

  706.0   0.00654

  707.0   0.00655

  708.0   0.00651

  709.0   0.00651

  710.0   0.00651

  711.0   0.00649

  712.0   0.00645

  713.0   0.00645

  714.0   0.00647

  715.0   0.00647

  716.0   0.00652

  717.0   0.00652

  718.0   0.00652

  719.0   0.00646

  720.0   0.00647

  721.0   0.00645

  722.0   0.00639

  723.0   0.00646

  724.0   0.00643

  725.0   0.00639

  726.0   0.00647

  727.0   0.00650

  728.0   0.00638

  729.0   0.00644

  730.0   0.00644

  731.0   0.00644

  732.0   0.00644

  733.0   0.00641

  734.0   0.00645

  735.0   0.00643

  736.0   0.00643

  737.0   0.00647

  738.0   0.00645

  739.0   0.00649

  740.0   0.00647

  741.0   0.00651

  742.0   0.00656

  743.0   0.00658

  744.0   0.00659

  745.0   0.00659

  746.0   0.00672

  747.0   0.00677

  748.0   0.00676

  749.0   0.00673

  750.0   0.00659

  751.0   0.00668

  752.0   0.00665

  753.0   0.00660

  754.0   0.00654

  755.0   0.00652

  756.0   0.00652

  757.0   0.00653

  758.0   0.00648

  759.0   0.00643

  760.0   0.00638

  761.0   0.00647

  762.0   0.00650

  763.0   0.00648

  764.0   0.00637

  765.0   0.00635

  766.0   0.00641

  767.0   0.00642

  768.0   0.00632

  769.0   0.00627

  770.0   0.00622

  771.0   0.00632

  772.0   0.00630

  773.0   0.00625

  774.0   0.00621

  775.0   0.00616

  776.0   0.00623

  777.0   0.00615

  778.0   0.00611

  779.0   0.00609

  780.0   0.00616

  781.0   0.00608

  782.0   0.00606

  783.0   0.00604

  784.0   0.00603

  785.0   0.00601

  786.0   0.00596

  787.0   0.00595

  788.0   0.00599

  789.0   0.00594

  790.0   0.00584

  791.0   0.00594

  792.0   0.00592

  793.0   0.00593

  794.0   0.00592

  795.0   0.00584

  796.0   0.00588

  797.0   0.00586

  798.0   0.00587

  799.0   0.00593

  800.0   0.00582

 
