ser ID: DU600

Method ID: A:\DEFAULT

Date: 08/06/00

Time: 08:37

 200.0   3.17114

  201.0   3.24254

  202.0   2.68147

  203.0   3.02181

  204.0   2.76324

  205.0   3.40209

  206.0   3.43313

  207.0   3.16361

  208.0   3.49513

  209.0   3.52673

  210.0   3.25188

  211.0   3.57921

  212.0   2.90374

  213.0   2.92973

  214.0   3.04834

  215.0   3.67034

  216.0   3.69002

  217.0   3.71037

  218.0   3.25058

  219.0   3.74421

  220.0   3.45856

  221.0   3.07525

  222.0   2.83590

  223.0   3.10456

  224.0   3.33972

  225.0   3.35250

  226.0   3.84305

  227.0   3.85516

  228.0   3.16897

  229.0   3.87898

  230.0   3.89148

  231.0   3.30000

  232.0   3.00823

  233.0   2.96552

  234.0   3.14917

  235.0   3.15493

  236.0   3.46030

  237.0   3.24199

  238.0   2.90185

  239.0   2.99063

  240.0   2.79964

  241.0   2.54728

  242.0   2.54664

  243.0   2.43805

  244.0   2.33905

  245.0   2.28531

  246.0   2.14998

  247.0   2.08631

  248.0   1.93204

  249.0   1.82664

  250.0   1.72616

  251.0   1.61501

  252.0   1.52558

  253.0   1.45712

  254.0   1.37852

  255.0   1.30381

  256.0   1.23605

  257.0   1.17246

  258.0   1.10849

  259.0   1.04670

  260.0   0.99586

  261.0   0.95202

  262.0   0.90913

  263.0   0.87249

  264.0   0.84153

  265.0   0.80768

  266.0   0.77427

  267.0   0.74807

  268.0   0.72270

  269.0   0.69728

  270.0   0.67070

  271.0   0.64980

  272.0   0.62835

  273.0   0.60573

  274.0   0.58219

  275.0   0.55892

  276.0   0.53761

  277.0   0.51592

  278.0   0.49323

  279.0   0.47498

  280.0   0.45642

  281.0   0.43708

  282.0   0.42081

  283.0   0.40625

  284.0   0.39038

  285.0   0.37298

  286.0   0.35778

  287.0   0.34198

  288.0   0.32634

  289.0   0.31345

  290.0   0.30089

  291.0   0.28948

  292.0   0.27883

  293.0   0.26814

  294.0   0.25904

  295.0   0.24842

  296.0   0.23815

  297.0   0.22951

  298.0   0.22127

  299.0   0.21268

  300.0   0.20689

  301.0   0.20094

  302.0   0.19616

  303.0   0.19180

  304.0   0.18808

  305.0   0.18465

  306.0   0.18015

  307.0   0.17712

  308.0   0.17432

  309.0   0.17101

  310.0   0.16853

  311.0   0.16508

  312.0   0.16215

  313.0   0.15879

  314.0   0.15543

  315.0   0.15211

  316.0   0.14861

  317.0   0.14544

  318.0   0.14214

  319.0   0.14023

  320.0   0.13894

  321.0   0.13826

  322.0   0.13516

  323.0   0.13331

  324.0   0.13229

  325.0   0.13041

  326.0   0.12980

  327.0   0.12847

  328.0   0.12801

  329.0   0.12751

  330.0   0.12640

  331.0   0.12588

  332.0   0.12487

  333.0   0.12381

  334.0   0.12209

  335.0   0.12145

  336.0   0.12077

  337.0   0.12026

  338.0   0.11951

  339.0   0.11939

  340.0   0.11851

  341.0   0.11680

  342.0   0.11660

  343.0   0.11541

  344.0   0.11408

  345.0   0.11339

  346.0   0.11216

  347.0   0.11167

  348.0   0.11134

  349.0   0.11102

  350.0   0.10882

  351.0   0.10721

  352.0   0.10679

  353.0   0.10386

  354.0   0.10257

  355.0   0.10161

  356.0   0.10123

  357.0   0.09984

  358.0   0.09698

  359.0   0.09555

  360.0   0.09397

  361.0   0.09251

  362.0   0.09048

  363.0   0.08841

  364.0   0.08691

  365.0   0.08469

  366.0   0.08351

  367.0   0.08055

  368.0   0.07879

  369.0   0.07741

  370.0   0.07538

  371.0   0.07397

  372.0   0.07220

  373.0   0.07092

  374.0   0.06934

  375.0   0.06723

  376.0   0.06556

  377.0   0.06416

  378.0   0.06241

  379.0   0.06124

  380.0   0.05960

  381.0   0.05799

  382.0   0.05685

  383.0   0.05577

  384.0   0.05395

  385.0   0.05268

  386.0   0.05130

  387.0   0.05038

  388.0   0.04938

  389.0   0.04843

  390.0   0.04766

  391.0   0.04648

  392.0   0.04556

  393.0   0.04466

  394.0   0.04411

  395.0   0.04360

  396.0   0.04265

  397.0   0.04200

  398.0   0.04134

  399.0   0.04053

  400.0   0.03999

  401.0   0.03920

  402.0   0.03911

  403.0   0.03835

  404.0   0.03771

  405.0   0.03698

  406.0   0.03633

  407.0   0.03575

  408.0   0.03500

  409.0   0.03401

  410.0   0.03336

  411.0   0.03283

  412.0   0.03199

  413.0   0.03099

  414.0   0.03016

  415.0   0.02978

  416.0   0.02855

  417.0   0.02752

  418.0   0.02662

  419.0   0.02553

  420.0   0.02463

  421.0   0.02361

  422.0   0.02266

  423.0   0.02173

  424.0   0.02078

  425.0   0.01985

  426.0   0.01905

  427.0   0.01847

  428.0   0.01744

  429.0   0.01662

  430.0   0.01598

  431.0   0.01521

  432.0   0.01462

  433.0   0.01408

  434.0   0.01359

  435.0   0.01311

  436.0   0.01241

  437.0   0.01199

  438.0   0.01158

  439.0   0.01110

  440.0   0.01077

  441.0   0.01034

  442.0   0.01005

  443.0   0.00980

  444.0   0.00946

  445.0   0.00890

  446.0   0.00869

  447.0   0.00838

  448.0   0.00823

  449.0   0.00791

  450.0   0.00782

  451.0   0.00747

  452.0   0.00732

  453.0   0.00712

  454.0   0.00689

  455.0   0.00655

  456.0   0.00646

  457.0   0.00634

  458.0   0.00618

  459.0   0.00598

  460.0   0.00586

  461.0   0.00573

  462.0   0.00548

  463.0   0.00519

  464.0   0.00528

  465.0   0.00524

  466.0   0.00518

  467.0   0.00508

  468.0   0.00495

  469.0   0.00484

  470.0   0.00467

  471.0   0.00465

  472.0   0.00464

  473.0   0.00461

  474.0   0.00454

  475.0   0.00436

  476.0   0.00427

  477.0   0.00419

  478.0   0.00409

  479.0   0.00397

  480.0   0.00394

  481.0   0.00386

  482.0   0.00378

  483.0   0.00374

  484.0   0.00368

  485.0   0.00374

  486.0   0.00366

  487.0   0.00356

  488.0   0.00364

  489.0   0.00355

  490.0   0.00351

  491.0   0.00360

  492.0   0.00356

  493.0   0.00360

  494.0   0.00359

  495.0   0.00361

  496.0   0.00366

  497.0   0.00369

  498.0   0.00376

  499.0   0.00379

  500.0   0.00389

  501.0   0.00390

  502.0   0.00399

  503.0   0.00410

  504.0   0.00423

  505.0   0.00425

  506.0   0.00438

  507.0   0.00447

  508.0   0.00454

  509.0   0.00452

  510.0   0.00464

  511.0   0.00464

  512.0   0.00473

  513.0   0.00477

  514.0   0.00486

  515.0   0.00495

  516.0   0.00507

  517.0   0.00509

  518.0   0.00515

  519.0   0.00519

  520.0   0.00520

  521.0   0.00525

  522.0   0.00529

  523.0   0.00540

  524.0   0.00548

  525.0   0.00557

  526.0   0.00561

  527.0   0.00566

  528.0   0.00570

  529.0   0.00576

  530.0   0.00582

  531.0   0.00596

  532.0   0.00603

  533.0   0.00606

  534.0   0.00618

  535.0   0.00627

  536.0   0.00633

  537.0   0.00644

  538.0   0.00656

  539.0   0.00662

  540.0   0.00666

  541.0   0.00678

  542.0   0.00690

  543.0   0.00705

  544.0   0.00717

  545.0   0.00728

  546.0   0.00741

  547.0   0.00749

  548.0   0.00757

  549.0   0.00762

  550.0   0.00770

  551.0   0.00783

  552.0   0.00793

  553.0   0.00798

  554.0   0.00802

  555.0   0.00805

  556.0   0.00808

  557.0   0.00883

  558.0   0.00885

  559.0   0.00883

  560.0   0.00882

  561.0   0.00881

  562.0   0.00877

  563.0   0.00878

  564.0   0.00876

  565.0   0.00881

  566.0   0.00886

  567.0   0.00885

  568.0   0.00892

  569.0   0.00887

  570.0   0.00892

  571.0   0.00888

  572.0   0.00884

  573.0   0.00885

  574.0   0.00887

  575.0   0.00885

  576.0   0.00887

  577.0   0.00892

  578.0   0.00895

  579.0   0.00900

  580.0   0.00904

  581.0   0.00907

  582.0   0.00910

  583.0   0.00913

  584.0   0.00918

  585.0   0.00928

  586.0   0.00937

  587.0   0.00944

  588.0   0.00953

  589.0   0.00961

  590.0   0.00970

  591.0   0.00977

  592.0   0.00984

  593.0   0.00994

  594.0   0.00992

  595.0   0.01002

  596.0   0.01004

  597.0   0.01005

  598.0   0.01007

  599.0   0.00999

  600.0   0.00999

  601.0   0.00999

  602.0   0.01001

  603.0   0.01001

  604.0   0.01003

  605.0   0.01006

  606.0   0.01006

  607.0   0.01008

  608.0   0.01009

  609.0   0.01011

  610.0   0.01007

  611.0   0.01011

  612.0   0.01014

  613.0   0.01015

  614.0   0.01020

  615.0   0.01019

  616.0   0.01024

  617.0   0.01023

  618.0   0.01019

  619.0   0.01022

  620.0   0.01025

  621.0   0.01023

  622.0   0.01023

  623.0   0.01021

  624.0   0.01021

  625.0   0.01023

  626.0   0.01019

  627.0   0.01025

  628.0   0.01024

  629.0   0.01028

  630.0   0.01028

  631.0   0.01027

  632.0   0.01026

  633.0   0.01021

  634.0   0.01022

  635.0   0.01021

  636.0   0.01019

  637.0   0.01020

  638.0   0.01023

  639.0   0.01026

  640.0   0.01032

  641.0   0.01039

  642.0   0.01044

  643.0   0.01047

  644.0   0.01051

  645.0   0.01054

  646.0   0.01063

  647.0   0.01068

  648.0   0.01073

  649.0   0.01075

  650.0   0.01077

  651.0   0.01073

  652.0   0.01072

  653.0   0.01069

  654.0   0.01070

  655.0   0.01066

  656.0   0.01064

  657.0   0.01063

  658.0   0.01064

  659.0   0.01064

  660.0   0.01063

  661.0   0.01068

  662.0   0.01064

  663.0   0.01061

  664.0   0.01054

  665.0   0.01055

  666.0   0.01052

  667.0   0.01056

  668.0   0.01052

  669.0   0.01054

  670.0   0.01049

  671.0   0.01047

  672.0   0.01044

  673.0   0.01038

  674.0   0.01037

  675.0   0.01027

  676.0   0.01025

  677.0   0.01022

  678.0   0.01016

  679.0   0.01015

  680.0   0.01014

  681.0   0.01005

  682.0   0.01000

  683.0   0.00993

  684.0   0.00987

  685.0   0.00989

  686.0   0.00989

  687.0   0.00985

  688.0   0.00980

  689.0   0.00975

  690.0   0.00966

  691.0   0.00962

  692.0   0.00959

  693.0   0.00957

  694.0   0.00956

  695.0   0.00951

  696.0   0.00948

  697.0   0.00943

  698.0   0.00940

  699.0   0.00939

  700.0   0.00930

  701.0   0.00923

  702.0   0.00922

  703.0   0.00919

  704.0   0.00912

  705.0   0.00911

  706.0   0.00910

  707.0   0.00905

  708.0   0.00905

  709.0   0.00904

  710.0   0.00897

  711.0   0.00893

  712.0   0.00890

  713.0   0.00883

  714.0   0.00883

  715.0   0.00878

  716.0   0.00884

  717.0   0.00882

  718.0   0.00879

  719.0   0.00875

  720.0   0.00870

  721.0   0.00866

  722.0   0.00859

  723.0   0.00859

  724.0   0.00855

  725.0   0.00853

  726.0   0.00847

  727.0   0.00853

  728.0   0.00848

  729.0   0.00848

  730.0   0.00848

  731.0   0.00844

  732.0   0.00841

  733.0   0.00844

  734.0   0.00843

  735.0   0.00839

  736.0   0.00884

  737.0   0.00872

  738.0   0.00875

  739.0   0.00870

  740.0   0.00871

  741.0   0.00869

  742.0   0.00864

  743.0   0.00863

  744.0   0.00867

  745.0   0.00866

  746.0   0.00871

  747.0   0.00876

  748.0   0.00872

  749.0   0.00864

  750.0   0.00850

  751.0   0.00852

  752.0   0.00841

  753.0   0.00830

  754.0   0.00825

  755.0   0.00834

  756.0   0.00829

  757.0   0.00821

  758.0   0.00814

  759.0   0.00809

  760.0   0.00806

  761.0   0.00799

  762.0   0.00797

  763.0   0.00792

  764.0   0.00781

  765.0   0.00779

  766.0   0.00783

  767.0   0.00784

  768.0   0.00774

  769.0   0.00766

  770.0   0.00762

  771.0   0.00768

  772.0   0.00767

  773.0   0.00759

  774.0   0.00752

  775.0   0.00753

  776.0   0.00749

  777.0   0.00744

  778.0   0.00737

  779.0   0.00733

  780.0   0.00737

  781.0   0.00730

  782.0   0.00728

  783.0   0.00726

  784.0   0.00725

  785.0   0.00718

  786.0   0.00719

  787.0   0.00721

  788.0   0.00719

  789.0   0.00718

  790.0   0.00713

  791.0   0.00715

  792.0   0.00713

  793.0   0.00709

  794.0   0.00704

  795.0   0.00703

  796.0   0.00704

  797.0   0.00708

  798.0   0.00700

  799.0   0.00710

  800.0   0.00701

 
