ser ID: DU600

Method ID: A:\DEFAULT

Date: 08/06/00

Time: 06:32

 200.0   2.47217

  201.0   3.24254

  202.0   3.28353

  203.0   3.32284

  204.0   2.76324

  205.0   3.40209

  206.0   2.83107

  207.0   2.56155

  208.0   3.49513

  209.0   3.52673

  210.0   3.55291

  211.0   3.57921

  212.0   2.90374

  213.0   3.02664

  214.0   3.17328

  215.0   3.67034

  216.0   3.38899

  217.0   3.71037

  218.0   3.42667

  219.0   3.74421

  220.0   3.75959

  221.0   2.99607

  222.0   3.18808

  223.0   3.80353

  224.0   3.81684

  225.0   3.82963

  226.0   3.84305

  227.0   3.37803

  228.0   3.16897

  229.0   3.27692

  230.0   3.89148

  231.0   3.90206

  232.0   3.91132

  233.0   3.91976

  234.0   3.92732

  235.0   3.33102

  236.0   3.23845

  237.0   3.24199

  238.0   3.94325

  239.0   3.94488

  240.0   3.04267

  241.0   3.10012

  242.0   3.09948

  243.0   2.71275

  244.0   2.79499

  245.0   2.57679

  246.0   2.53737

  247.0   2.39993

  248.0   2.24644

  249.0   2.19928

  250.0   2.04423

  251.0   1.95483

  252.0   1.87197

  253.0   1.79034

  254.0   1.71214

  255.0   1.61730

  256.0   1.53036

  257.0   1.45607

  258.0   1.37946

  259.0   1.31387

  260.0   1.24692

  261.0   1.18850

  262.0   1.13263

  263.0   1.08776

  264.0   1.04373

  265.0   1.00650

  266.0   0.96629

  267.0   0.93612

  268.0   0.90914

  269.0   0.88135

  270.0   0.85130

  271.0   0.82543

  272.0   0.80149

  273.0   0.77843

  274.0   0.75199

  275.0   0.72624

  276.0   0.70054

  277.0   0.67502

  278.0   0.64496

  279.0   0.62107

  280.0   0.59609

  281.0   0.57034

  282.0   0.54518

  283.0   0.52302

  284.0   0.49948

  285.0   0.47318

  286.0   0.44998

  287.0   0.42846

  288.0   0.40580

  289.0   0.38604

  290.0   0.36676

  291.0   0.34984

  292.0   0.33144

  293.0   0.31626

  294.0   0.30218

  295.0   0.28590

  296.0   0.27116

  297.0   0.25784

  298.0   0.24470

  299.0   0.23077

  300.0   0.21994

  301.0   0.21054

  302.0   0.20137

  303.0   0.19341

  304.0   0.18705

  305.0   0.17977

  306.0   0.17200

  307.0   0.16648

  308.0   0.16228

  309.0   0.15677

  310.0   0.15205

  311.0   0.14738

  312.0   0.14216

  313.0   0.13786

  314.0   0.13410

  315.0   0.13134

  316.0   0.12708

  317.0   0.12441

  318.0   0.12215

  319.0   0.11952

  320.0   0.11888

  321.0   0.11831

  322.0   0.11746

  323.0   0.11660

  324.0   0.11632

  325.0   0.11698

  326.0   0.11840

  327.0   0.11951

  328.0   0.12099

  329.0   0.12257

  330.0   0.12367

  331.0   0.12575

  332.0   0.12747

  333.0   0.12976

  334.0   0.13072

  335.0   0.13376

  336.0   0.13573

  337.0   0.13888

  338.0   0.14098

  339.0   0.14383

  340.0   0.14652

  341.0   0.15030

  342.0   0.15291

  343.0   0.15578

  344.0   0.15819

  345.0   0.16063

  346.0   0.16279

  347.0   0.16577

  348.0   0.16943

  349.0   0.17051

  350.0   0.17104

  351.0   0.17198

  352.0   0.17412

  353.0   0.17524

  354.0   0.17636

  355.0   0.17550

  356.0   0.17527

  357.0   0.17524

  358.0   0.17379

  359.0   0.17347

  360.0   0.17185

  361.0   0.17055

  362.0   0.16711

  363.0   0.16410

  364.0   0.16275

  365.0   0.16000

  366.0   0.15763

  367.0   0.15419

  368.0   0.15139

  369.0   0.14811

  370.0   0.14494

  371.0   0.14294

  372.0   0.14007

  373.0   0.13715

  374.0   0.13418

  375.0   0.13104

  376.0   0.12737

  377.0   0.12456

  378.0   0.12141

  379.0   0.11888

  380.0   0.11599

  381.0   0.11285

  382.0   0.10975

  383.0   0.10726

  384.0   0.10451

  385.0   0.10198

  386.0   0.09860

  387.0   0.09604

  388.0   0.09329

  389.0   0.09084

  390.0   0.08897

  391.0   0.08662

  392.0   0.08453

  393.0   0.08251

  394.0   0.08035

  395.0   0.07860

  396.0   0.07702

  397.0   0.07549

  398.0   0.07357

  399.0   0.07199

  400.0   0.07065

  401.0   0.06904

  402.0   0.06808

  403.0   0.06669

  404.0   0.06532

  405.0   0.06396

  406.0   0.06273

  407.0   0.06119

  408.0   0.05987

  409.0   0.05890

  410.0   0.05751

  411.0   0.05642

  412.0   0.05485

  413.0   0.05366

  414.0   0.05219

  415.0   0.05146

  416.0   0.04934

  417.0   0.04793

  418.0   0.04664

  419.0   0.04478

  420.0   0.04335

  421.0   0.04191

  422.0   0.04051

  423.0   0.03896

  424.0   0.03743

  425.0   0.03615

  426.0   0.03469

  427.0   0.03330

  428.0   0.03203

  429.0   0.03055

  430.0   0.02944

  431.0   0.02819

  432.0   0.02717

  433.0   0.02599

  434.0   0.02498

  435.0   0.02400

  436.0   0.02280

  437.0   0.02199

  438.0   0.02102

  439.0   0.02035

  440.0   0.01952

  441.0   0.01878

  442.0   0.01793

  443.0   0.01731

  444.0   0.01656

  445.0   0.01583

  446.0   0.01525

  447.0   0.01475

  448.0   0.01416

  449.0   0.01367

  450.0   0.01320

  451.0   0.01270

  452.0   0.01232

  453.0   0.01190

  454.0   0.01151

  455.0   0.01091

  456.0   0.01059

  457.0   0.01015

  458.0   0.00980

  459.0   0.00949

  460.0   0.00918

  461.0   0.00875

  462.0   0.00835

  463.0   0.00803

  464.0   0.00784

  465.0   0.00765

  466.0   0.00743

  467.0   0.00721

  468.0   0.00700

  469.0   0.00670

  470.0   0.00651

  471.0   0.00631

  472.0   0.00622

  473.0   0.00599

  474.0   0.00588

  475.0   0.00563

  476.0   0.00545

  477.0   0.00535

  478.0   0.00510

  479.0   0.00499

  480.0   0.00480

  481.0   0.00466

  482.0   0.00456

  483.0   0.00443

  484.0   0.00428

  485.0   0.00419

  486.0   0.00408

  487.0   0.00395

  488.0   0.00397

  489.0   0.00389

  490.0   0.00382

  491.0   0.00382

  492.0   0.00371

  493.0   0.00367

  494.0   0.00361

  495.0   0.00355

  496.0   0.00353

  497.0   0.00348

  498.0   0.00353

  499.0   0.00354

  500.0   0.00361

  501.0   0.00362

  502.0   0.00359

  503.0   0.00368

  504.0   0.00372

  505.0   0.00379

  506.0   0.00384

  507.0   0.00393

  508.0   0.00391

  509.0   0.00391

  510.0   0.00396

  511.0   0.00389

  512.0   0.00389

  513.0   0.00397

  514.0   0.00399

  515.0   0.00407

  516.0   0.00411

  517.0   0.00415

  518.0   0.00421

  519.0   0.00422

  520.0   0.00421

  521.0   0.00421

  522.0   0.00416

  523.0   0.00421

  524.0   0.00421

  525.0   0.00424

  526.0   0.00424

  527.0   0.00432

  528.0   0.00434

  529.0   0.00440

  530.0   0.00440

  531.0   0.00443

  532.0   0.00449

  533.0   0.00448

  534.0   0.00458

  535.0   0.00458

  536.0   0.00459

  537.0   0.00468

  538.0   0.00470

  539.0   0.00473

  540.0   0.00477

  541.0   0.00487

  542.0   0.00498

  543.0   0.00502

  544.0   0.00512

  545.0   0.00518

  546.0   0.00528

  547.0   0.00529

  548.0   0.00537

  549.0   0.00538

  550.0   0.00546

  551.0   0.00551

  552.0   0.00563

  553.0   0.00568

  554.0   0.00572

  555.0   0.00573

  556.0   0.00576

  557.0   0.00633

  558.0   0.00634

  559.0   0.00630

  560.0   0.00630

  561.0   0.00632

  562.0   0.00620

  563.0   0.00620

  564.0   0.00618

  565.0   0.00625

  566.0   0.00630

  567.0   0.00634

  568.0   0.00636

  569.0   0.00636

  570.0   0.00638

  571.0   0.00640

  572.0   0.00640

  573.0   0.00648

  574.0   0.00654

  575.0   0.00667

  576.0   0.00683

  577.0   0.00691

  578.0   0.00706

  579.0   0.00713

  580.0   0.00725

  581.0   0.00727

  582.0   0.00733

  583.0   0.00737

  584.0   0.00739

  585.0   0.00744

  586.0   0.00750

  587.0   0.00753

  588.0   0.00755

  589.0   0.00761

  590.0   0.00765

  591.0   0.00773

  592.0   0.00773

  593.0   0.00781

  594.0   0.00781

  595.0   0.00785

  596.0   0.00785

  597.0   0.00782

  598.0   0.00783

  599.0   0.00774

  600.0   0.00767

  601.0   0.00765

  602.0   0.00762

  603.0   0.00759

  604.0   0.00760

  605.0   0.00761

  606.0   0.00763

  607.0   0.00764

  608.0   0.00764

  609.0   0.00763

  610.0   0.00761

  611.0   0.00763

  612.0   0.00765

  613.0   0.00770

  614.0   0.00771

  615.0   0.00771

  616.0   0.00766

  617.0   0.00773

  618.0   0.00769

  619.0   0.00773

  620.0   0.00775

  621.0   0.00777

  622.0   0.00775

  623.0   0.00777

  624.0   0.00774

  625.0   0.00773

  626.0   0.00774

  627.0   0.00776

  628.0   0.00775

  629.0   0.00777

  630.0   0.00778

  631.0   0.00776

  632.0   0.00778

  633.0   0.00778

  634.0   0.00780

  635.0   0.00780

  636.0   0.00783

  637.0   0.00786

  638.0   0.00790

  639.0   0.00797

  640.0   0.00800

  641.0   0.00803

  642.0   0.00813

  643.0   0.00815

  644.0   0.00818

  645.0   0.00820

  646.0   0.00827

  647.0   0.00830

  648.0   0.00832

  649.0   0.00832

  650.0   0.00836

  651.0   0.00841

  652.0   0.00844

  653.0   0.00844

  654.0   0.00840

  655.0   0.00839

  656.0   0.00835

  657.0   0.00834

  658.0   0.00837

  659.0   0.00839

  660.0   0.00840

  661.0   0.00847

  662.0   0.00844

  663.0   0.00847

  664.0   0.00843

  665.0   0.00845

  666.0   0.00844

  667.0   0.00853

  668.0   0.00854

  669.0   0.00856

  670.0   0.00852

  671.0   0.00856

  672.0   0.00854

  673.0   0.00851

  674.0   0.00848

  675.0   0.00846

  676.0   0.00845

  677.0   0.00842

  678.0   0.00835

  679.0   0.00835

  680.0   0.00839

  681.0   0.00841

  682.0   0.00842

  683.0   0.00841

  684.0   0.00839

  685.0   0.00840

  686.0   0.00843

  687.0   0.00839

  688.0   0.00835

  689.0   0.00833

  690.0   0.00831

  691.0   0.00833

  692.0   0.00834

  693.0   0.00834

  694.0   0.00832

  695.0   0.00830

  696.0   0.00832

  697.0   0.00831

  698.0   0.00829

  699.0   0.00833

  700.0   0.00828

  701.0   0.00824

  702.0   0.00827

  703.0   0.00828

  704.0   0.00826

  705.0   0.00821

  706.0   0.00823

  707.0   0.00820

  708.0   0.00819

  709.0   0.00822

  710.0   0.00818

  711.0   0.00817

  712.0   0.00816

  713.0   0.00814

  714.0   0.00819

  715.0   0.00814

  716.0   0.00819

  717.0   0.00821

  718.0   0.00824

  719.0   0.00819

  720.0   0.00819

  721.0   0.00819

  722.0   0.00812

  723.0   0.00814

  724.0   0.00812

  725.0   0.00812

  726.0   0.00814

  727.0   0.00821

  728.0   0.00818

  729.0   0.00812

  730.0   0.00814

  731.0   0.00813

  732.0   0.00811

  733.0   0.00807

  734.0   0.00808

  735.0   0.00809

  736.0   0.00832

  737.0   0.00827

  738.0   0.00821

  739.0   0.00828

  740.0   0.00825

  741.0   0.00821

  742.0   0.00822

  743.0   0.00826

  744.0   0.00831

  745.0   0.00833

  746.0   0.00834

  747.0   0.00839

  748.0   0.00836

  749.0   0.00833

  750.0   0.00813

  751.0   0.00816

  752.0   0.00813

  753.0   0.00802

  754.0   0.00797

  755.0   0.00800

  756.0   0.00806

  757.0   0.00807

  758.0   0.00808

  759.0   0.00809

  760.0   0.00804

  761.0   0.00804

  762.0   0.00805

  763.0   0.00800

  764.0   0.00792

  765.0   0.00790

  766.0   0.00791

  767.0   0.00789

  768.0   0.00782

  769.0   0.00775

  770.0   0.00770

  771.0   0.00774

  772.0   0.00770

  773.0   0.00768

  774.0   0.00758

  775.0   0.00753

  776.0   0.00752

  777.0   0.00750

  778.0   0.00743

  779.0   0.00741

  780.0   0.00740

  781.0   0.00741

  782.0   0.00737

  783.0   0.00738

  784.0   0.00734

  785.0   0.00732

  786.0   0.00728

  787.0   0.00726

  788.0   0.00728

  789.0   0.00724

  790.0   0.00722

  791.0   0.00727

  792.0   0.00731

  793.0   0.00729

  794.0   0.00731

  795.0   0.00721

  796.0   0.00725

  797.0   0.00729

  798.0   0.00724

  799.0   0.00725

  800.0   0.00719

 
