ser ID: DU600

Method ID: A:\DEFAULT

Date: 08/06/00

Time: 10:54

 200.0   3.17114

  201.0   2.94151

  202.0   2.80641

  203.0   3.32284

  204.0   2.88818

  205.0   2.80003

  206.0   3.13210

  207.0   2.86258

  208.0   3.49513

  209.0   3.22570

  210.0   3.25188

  211.0   2.97715

  212.0   3.60271

  213.0   2.78360

  214.0   3.65040

  215.0   3.06828

  216.0   3.69002

  217.0   3.40934

  218.0   3.42667

  219.0   3.74421

  220.0   3.15753

  221.0   2.92913

  222.0   3.09117

  223.0   3.80353

  224.0   3.81684

  225.0   3.52860

  226.0   3.24099

  227.0   3.55413

  228.0   3.02284

  229.0   2.92474

  230.0   3.28942

  231.0   3.90206

  232.0   3.91132

  233.0   3.61873

  234.0   3.32526

  235.0   3.23411

  236.0   2.89602

  237.0   2.94096

  238.0   2.82930

  239.0   2.86570

  240.0   2.66701

  241.0   2.62300

  242.0   2.46746

  243.0   2.29975

  244.0   2.18524

  245.0   2.13234

  246.0   2.03768

  247.0   1.94018

  248.0   1.82387

  249.0   1.70607

  250.0   1.60966

  251.0   1.50057

  252.0   1.41385

  253.0   1.33374

  254.0   1.26821

  255.0   1.19566

  256.0   1.12712

  257.0   1.06568

  258.0   1.00833

  259.0   0.95214

  260.0   0.90535

  261.0   0.86659

  262.0   0.82995

  263.0   0.79362

  264.0   0.76227

  265.0   0.73289

  266.0   0.70223

  267.0   0.67558

  268.0   0.65135

  269.0   0.63039

  270.0   0.60701

  271.0   0.58618

  272.0   0.56455

  273.0   0.54305

  274.0   0.51764

  275.0   0.49840

  276.0   0.47812

  277.0   0.45895

  278.0   0.44005

  279.0   0.42331

  280.0   0.40783

  281.0   0.39168

  282.0   0.37628

  283.0   0.36338

  284.0   0.35073

  285.0   0.33724

  286.0   0.32469

  287.0   0.31163

  288.0   0.29923

  289.0   0.28770

  290.0   0.27697

  291.0   0.26793

  292.0   0.25900

  293.0   0.25044

  294.0   0.24209

  295.0   0.23346

  296.0   0.22567

  297.0   0.21796

  298.0   0.21060

  299.0   0.20415

  300.0   0.19935

  301.0   0.19541

  302.0   0.19101

  303.0   0.18827

  304.0   0.18580

  305.0   0.18306

  306.0   0.17969

  307.0   0.17792

  308.0   0.17524

  309.0   0.17368

  310.0   0.17063

  311.0   0.16767

  312.0   0.16452

  313.0   0.16130

  314.0   0.15784

  315.0   0.15575

  316.0   0.15229

  317.0   0.14878

  318.0   0.14600

  319.0   0.14325

  320.0   0.14110

  321.0   0.14030

  322.0   0.13739

  323.0   0.13488

  324.0   0.13294

  325.0   0.13199

  326.0   0.13112

  327.0   0.12899

  328.0   0.12801

  329.0   0.12673

  330.0   0.12497

  331.0   0.12277

  332.0   0.12101

  333.0   0.11947

  334.0   0.11753

  335.0   0.11554

  336.0   0.11416

  337.0   0.11222

  338.0   0.10983

  339.0   0.10833

  340.0   0.10657

  341.0   0.10497

  342.0   0.10273

  343.0   0.10081

  344.0   0.09833

  345.0   0.09659

  346.0   0.09400

  347.0   0.09223

  348.0   0.09098

  349.0   0.08918

  350.0   0.08621

  351.0   0.08424

  352.0   0.08321

  353.0   0.08003

  354.0   0.07734

  355.0   0.07688

  356.0   0.07570

  357.0   0.07385

  358.0   0.07128

  359.0   0.06885

  360.0   0.06767

  361.0   0.06598

  362.0   0.06380

  363.0   0.06217

  364.0   0.06088

  365.0   0.05842

  366.0   0.05727

  367.0   0.05591

  368.0   0.05458

  369.0   0.05363

  370.0   0.05135

  371.0   0.04992

  372.0   0.04910

  373.0   0.04783

  374.0   0.04692

  375.0   0.04575

  376.0   0.04459

  377.0   0.04352

  378.0   0.04176

  379.0   0.04094

  380.0   0.03998

  381.0   0.03915

  382.0   0.03860

  383.0   0.03804

  384.0   0.03672

  385.0   0.03600

  386.0   0.03468

  387.0   0.03430

  388.0   0.03358

  389.0   0.03333

  390.0   0.03307

  391.0   0.03217

  392.0   0.03171

  393.0   0.03116

  394.0   0.03079

  395.0   0.03050

  396.0   0.03033

  397.0   0.02987

  398.0   0.02948

  399.0   0.02897

  400.0   0.02870

  401.0   0.02828

  402.0   0.02831

  403.0   0.02806

  404.0   0.02749

  405.0   0.02700

  406.0   0.02652

  407.0   0.02602

  408.0   0.02549

  409.0   0.02495

  410.0   0.02454

  411.0   0.02416

  412.0   0.02351

  413.0   0.02282

  414.0   0.02202

  415.0   0.02162

  416.0   0.02091

  417.0   0.02002

  418.0   0.01933

  419.0   0.01829

  420.0   0.01758

  421.0   0.01699

  422.0   0.01638

  423.0   0.01553

  424.0   0.01497

  425.0   0.01426

  426.0   0.01361

  427.0   0.01296

  428.0   0.01246

  429.0   0.01177

  430.0   0.01144

  431.0   0.01084

  432.0   0.01054

  433.0   0.01010

  434.0   0.00982

  435.0   0.00954

  436.0   0.00893

  437.0   0.00870

  438.0   0.00835

  439.0   0.00814

  440.0   0.00788

  441.0   0.00764

  442.0   0.00750

  443.0   0.00734

  444.0   0.00699

  445.0   0.00670

  446.0   0.00652

  447.0   0.00638

  448.0   0.00626

  449.0   0.00614

  450.0   0.00611

  451.0   0.00592

  452.0   0.00577

  453.0   0.00563

  454.0   0.00555

  455.0   0.00538

  456.0   0.00534

  457.0   0.00531

  458.0   0.00507

  459.0   0.00492

  460.0   0.00485

  461.0   0.00473

  462.0   0.00465

  463.0   0.00453

  464.0   0.00450

  465.0   0.00447

  466.0   0.00435

  467.0   0.00430

  468.0   0.00431

  469.0   0.00428

  470.0   0.00419

  471.0   0.00412

  472.0   0.00413

  473.0   0.00405

  474.0   0.00405

  475.0   0.00406

  476.0   0.00398

  477.0   0.00391

  478.0   0.00381

  479.0   0.00373

  480.0   0.00370

  481.0   0.00368

  482.0   0.00366

  483.0   0.00367

  484.0   0.00363

  485.0   0.00362

  486.0   0.00361

  487.0   0.00356

  488.0   0.00362

  489.0   0.00360

  490.0   0.00362

  491.0   0.00360

  492.0   0.00353

  493.0   0.00358

  494.0   0.00363

  495.0   0.00364

  496.0   0.00372

  497.0   0.00375

  498.0   0.00380

  499.0   0.00387

  500.0   0.00401

  501.0   0.00402

  502.0   0.00411

  503.0   0.00424

  504.0   0.00432

  505.0   0.00443

  506.0   0.00460

  507.0   0.00474

  508.0   0.00483

  509.0   0.00488

  510.0   0.00498

  511.0   0.00498

  512.0   0.00505

  513.0   0.00518

  514.0   0.00529

  515.0   0.00536

  516.0   0.00544

  517.0   0.00549

  518.0   0.00550

  519.0   0.00561

  520.0   0.00566

  521.0   0.00572

  522.0   0.00580

  523.0   0.00589

  524.0   0.00590

  525.0   0.00599

  526.0   0.00603

  527.0   0.00614

  528.0   0.00621

  529.0   0.00633

  530.0   0.00639

  531.0   0.00649

  532.0   0.00661

  533.0   0.00668

  534.0   0.00679

  535.0   0.00687

  536.0   0.00698

  537.0   0.00711

  538.0   0.00723

  539.0   0.00734

  540.0   0.00740

  541.0   0.00753

  542.0   0.00772

  543.0   0.00782

  544.0   0.00800

  545.0   0.00810

  546.0   0.00817

  547.0   0.00823

  548.0   0.00835

  549.0   0.00840

  550.0   0.00855

  551.0   0.00858

  552.0   0.00867

  553.0   0.00871

  554.0   0.00880

  555.0   0.00888

  556.0   0.00894

  557.0   0.00976

  558.0   0.00986

  559.0   0.00983

  560.0   0.00987

  561.0   0.00988

  562.0   0.00981

  563.0   0.00983

  564.0   0.00979

  565.0   0.00981

  566.0   0.00987

  567.0   0.00985

  568.0   0.00993

  569.0   0.00988

  570.0   0.00993

  571.0   0.00990

  572.0   0.00985

  573.0   0.00987

  574.0   0.00989

  575.0   0.00989

  576.0   0.00992

  577.0   0.00996

  578.0   0.01003

  579.0   0.01007

  580.0   0.01010

  581.0   0.01011

  582.0   0.01011

  583.0   0.01013

  584.0   0.01028

  585.0   0.01036

  586.0   0.01046

  587.0   0.01058

  588.0   0.01066

  589.0   0.01076

  590.0   0.01081

  591.0   0.01089

  592.0   0.01095

  593.0   0.01107

  594.0   0.01110

  595.0   0.01116

  596.0   0.01117

  597.0   0.01117

  598.0   0.01117

  599.0   0.01111

  600.0   0.01114

  601.0   0.01112

  602.0   0.01115

  603.0   0.01113

  604.0   0.01113

  605.0   0.01112

  606.0   0.01114

  607.0   0.01112

  608.0   0.01113

  609.0   0.01112

  610.0   0.01113

  611.0   0.01115

  612.0   0.01114

  613.0   0.01120

  614.0   0.01125

  615.0   0.01124

  616.0   0.01128

  617.0   0.01129

  618.0   0.01130

  619.0   0.01131

  620.0   0.01134

  621.0   0.01135

  622.0   0.01133

  623.0   0.01131

  624.0   0.01131

  625.0   0.01129

  626.0   0.01129

  627.0   0.01131

  628.0   0.01128

  629.0   0.01132

  630.0   0.01130

  631.0   0.01131

  632.0   0.01131

  633.0   0.01134

  634.0   0.01136

  635.0   0.01137

  636.0   0.01136

  637.0   0.01134

  638.0   0.01135

  639.0   0.01139

  640.0   0.01144

  641.0   0.01149

  642.0   0.01156

  643.0   0.01159

  644.0   0.01164

  645.0   0.01169

  646.0   0.01173

  647.0   0.01176

  648.0   0.01178

  649.0   0.01178

  650.0   0.01177

  651.0   0.01174

  652.0   0.01177

  653.0   0.01171

  654.0   0.01170

  655.0   0.01165

  656.0   0.01157

  657.0   0.01160

  658.0   0.01156

  659.0   0.01158

  660.0   0.01159

  661.0   0.01164

  662.0   0.01164

  663.0   0.01162

  664.0   0.01157

  665.0   0.01155

  666.0   0.01152

  667.0   0.01155

  668.0   0.01152

  669.0   0.01152

  670.0   0.01151

  671.0   0.01143

  672.0   0.01140

  673.0   0.01132

  674.0   0.01128

  675.0   0.01123

  676.0   0.01119

  677.0   0.01111

  678.0   0.01104

  679.0   0.01103

  680.0   0.01099

  681.0   0.01096

  682.0   0.01089

  683.0   0.01084

  684.0   0.01080

  685.0   0.01082

  686.0   0.01077

  687.0   0.01074

  688.0   0.01065

  689.0   0.01059

  690.0   0.01052

  691.0   0.01049

  692.0   0.01046

  693.0   0.01041

  694.0   0.01034

  695.0   0.01037

  696.0   0.01034

  697.0   0.01028

  698.0   0.01027

  699.0   0.01021

  700.0   0.01014

  701.0   0.01004

  702.0   0.00999

  703.0   0.00995

  704.0   0.00994

  705.0   0.00990

  706.0   0.00990

  707.0   0.00989

  708.0   0.00981

  709.0   0.00978

  710.0   0.00972

  711.0   0.00972

  712.0   0.00966

  713.0   0.00962

  714.0   0.00955

  715.0   0.00955

  716.0   0.00957

  717.0   0.00958

  718.0   0.00956

  719.0   0.00949

  720.0   0.00948

  721.0   0.00942

  722.0   0.00934

  723.0   0.00932

  724.0   0.00926

  725.0   0.00925

  726.0   0.00919

  727.0   0.00922

  728.0   0.00920

  729.0   0.00917

  730.0   0.00917

  731.0   0.00915

  732.0   0.00909

  733.0   0.00908

  734.0   0.00910

  735.0   0.00909

  736.0   0.00964

  737.0   0.00955

  738.0   0.00950

  739.0   0.00947

  740.0   0.00942

  741.0   0.00940

  742.0   0.00938

  743.0   0.00931

  744.0   0.00935

  745.0   0.00937

  746.0   0.00941

  747.0   0.00943

  748.0   0.00931

  749.0   0.00928

  750.0   0.00914

  751.0   0.00917

  752.0   0.00914

  753.0   0.00909

  754.0   0.00901

  755.0   0.00904

  756.0   0.00896

  757.0   0.00889

  758.0   0.00881

  759.0   0.00876

  760.0   0.00877

  761.0   0.00878

  762.0   0.00878

  763.0   0.00876

  764.0   0.00866

  765.0   0.00864

  766.0   0.00859

  767.0   0.00858

  768.0   0.00847

  769.0   0.00837

  770.0   0.00830

  771.0   0.00828

  772.0   0.00824

  773.0   0.00822

  774.0   0.00815

  775.0   0.00814

  776.0   0.00806

  777.0   0.00799

  778.0   0.00795

  779.0   0.00788

  780.0   0.00786

  781.0   0.00782

  782.0   0.00783

  783.0   0.00787

  784.0   0.00783

  785.0   0.00776

  786.0   0.00772

  787.0   0.00773

  788.0   0.00769

  789.0   0.00765

  790.0   0.00764

  791.0   0.00765

  792.0   0.00767

  793.0   0.00768

  794.0   0.00767

  795.0   0.00759

  796.0   0.00764

  797.0   0.00765

  798.0   0.00754

  799.0   0.00761

  800.0   0.00755

 
