ser ID: DU600

Method ID: A:\DEFAULT

Date: 08/06/00

Time: 06:01

 200.0   2.39299

  201.0   2.76542

  202.0   2.32928

  203.0   3.32284

  204.0   3.36530

  205.0   3.40209

  206.0   3.13210

  207.0   3.46464

  208.0   2.89307

  209.0   2.92467

  210.0   3.07579

  211.0   3.57921

  212.0   3.60271

  213.0   3.62870

  214.0   3.65040

  215.0   3.67034

  216.0   3.08796

  217.0   3.23325

  218.0   3.42667

  219.0   3.14215

  220.0   3.75959

  221.0   3.77422

  222.0   3.79014

  223.0   3.80353

  224.0   3.11787

  225.0   2.82963

  226.0   3.54202

  227.0   3.85516

  228.0   3.86794

  229.0   3.87898

  230.0   3.28942

  231.0   3.90206

  232.0   3.06622

  233.0   3.07466

  234.0   3.32526

  235.0   3.93308

  236.0   3.63639

  237.0   3.63993

  238.0   3.46613

  239.0   3.24591

  240.0   2.99152

  241.0   2.86604

  242.0   2.86540

  243.0   2.94320

  244.0   2.89972

  245.0   2.76243

  246.0   2.70486

  247.0   2.48425

  248.0   2.40916

  249.0   2.29009

  250.0   2.21172

  251.0   2.13572

  252.0   2.04016

  253.0   1.94049

  254.0   1.83147

  255.0   1.73540

  256.0   1.64525

  257.0   1.57509

  258.0   1.49618

  259.0   1.42146

  260.0   1.34672

  261.0   1.28378

  262.0   1.21666

  263.0   1.16573

  264.0   1.11958

  265.0   1.08129

  266.0   1.04367

  267.0   1.01100

  268.0   0.98017

  269.0   0.95209

  270.0   0.92354

  271.0   0.89664

  272.0   0.87436

  273.0   0.85075

  274.0   0.82570

  275.0   0.80324

  276.0   0.77510

  277.0   0.74683

  278.0   0.71693

  279.0   0.68956

  280.0   0.66251

  281.0   0.63427

  282.0   0.60791

  283.0   0.57924

  284.0   0.55359

  285.0   0.52403

  286.0   0.49608

  287.0   0.46967

  288.0   0.44295

  289.0   0.41953

  290.0   0.39744

  291.0   0.37736

  292.0   0.35594

  293.0   0.33631

  294.0   0.31885

  295.0   0.29882

  296.0   0.28242

  297.0   0.26651

  298.0   0.25005

  299.0   0.23386

  300.0   0.22018

  301.0   0.20747

  302.0   0.19627

  303.0   0.18657

  304.0   0.17802

  305.0   0.17005

  306.0   0.16070

  307.0   0.15359

  308.0   0.14665

  309.0   0.13974

  310.0   0.13467

  311.0   0.12908

  312.0   0.12521

  313.0   0.12104

  314.0   0.11618

  315.0   0.11329

  316.0   0.10979

  317.0   0.10648

  318.0   0.10496

  319.0   0.10320

  320.0   0.10354

  321.0   0.10287

  322.0   0.10251

  323.0   0.10271

  324.0   0.10423

  325.0   0.10619

  326.0   0.10778

  327.0   0.10959

  328.0   0.11281

  329.0   0.11564

  330.0   0.11826

  331.0   0.12187

  332.0   0.12591

  333.0   0.13015

  334.0   0.13333

  335.0   0.13781

  336.0   0.14189

  337.0   0.14624

  338.0   0.15139

  339.0   0.15625

  340.0   0.16123

  341.0   0.16684

  342.0   0.17165

  343.0   0.17595

  344.0   0.18128

  345.0   0.18570

  346.0   0.19001

  347.0   0.19537

  348.0   0.19960

  349.0   0.20340

  350.0   0.20542

  351.0   0.20831

  352.0   0.21047

  353.0   0.21211

  354.0   0.21329

  355.0   0.21590

  356.0   0.21532

  357.0   0.21617

  358.0   0.21576

  359.0   0.21407

  360.0   0.21245

  361.0   0.20994

  362.0   0.20820

  363.0   0.20539

  364.0   0.20381

  365.0   0.20010

  366.0   0.19679

  367.0   0.19319

  368.0   0.18870

  369.0   0.18573

  370.0   0.18202

  371.0   0.17924

  372.0   0.17522

  373.0   0.17173

  374.0   0.16747

  375.0   0.16362

  376.0   0.15940

  377.0   0.15600

  378.0   0.15168

  379.0   0.14797

  380.0   0.14472

  381.0   0.14075

  382.0   0.13688

  383.0   0.13349

  384.0   0.12956

  385.0   0.12661

  386.0   0.12234

  387.0   0.11892

  388.0   0.11565

  389.0   0.11228

  390.0   0.10912

  391.0   0.10614

  392.0   0.10353

  393.0   0.10098

  394.0   0.09798

  395.0   0.09542

  396.0   0.09287

  397.0   0.09061

  398.0   0.08833

  399.0   0.08627

  400.0   0.08458

  401.0   0.08276

  402.0   0.08119

  403.0   0.07951

  404.0   0.07760

  405.0   0.07609

  406.0   0.07458

  407.0   0.07325

  408.0   0.07155

  409.0   0.06991

  410.0   0.06839

  411.0   0.06699

  412.0   0.06547

  413.0   0.06373

  414.0   0.06246

  415.0   0.06150

  416.0   0.05911

  417.0   0.05738

  418.0   0.05573

  419.0   0.05395

  420.0   0.05235

  421.0   0.05066

  422.0   0.04891

  423.0   0.04730

  424.0   0.04553

  425.0   0.04396

  426.0   0.04235

  427.0   0.04097

  428.0   0.03945

  429.0   0.03768

  430.0   0.03633

  431.0   0.03476

  432.0   0.03358

  433.0   0.03222

  434.0   0.03112

  435.0   0.02994

  436.0   0.02841

  437.0   0.02730

  438.0   0.02615

  439.0   0.02516

  440.0   0.02418

  441.0   0.02329

  442.0   0.02226

  443.0   0.02146

  444.0   0.02055

  445.0   0.01951

  446.0   0.01887

  447.0   0.01814

  448.0   0.01745

  449.0   0.01682

  450.0   0.01623

  451.0   0.01552

  452.0   0.01484

  453.0   0.01435

  454.0   0.01381

  455.0   0.01320

  456.0   0.01273

  457.0   0.01223

  458.0   0.01170

  459.0   0.01122

  460.0   0.01077

  461.0   0.01041

  462.0   0.00995

  463.0   0.00957

  464.0   0.00917

  465.0   0.00884

  466.0   0.00852

  467.0   0.00821

  468.0   0.00801

  469.0   0.00772

  470.0   0.00740

  471.0   0.00714

  472.0   0.00693

  473.0   0.00671

  474.0   0.00652

  475.0   0.00629

  476.0   0.00603

  477.0   0.00588

  478.0   0.00565

  479.0   0.00545

  480.0   0.00522

  481.0   0.00507

  482.0   0.00492

  483.0   0.00478

  484.0   0.00465

  485.0   0.00453

  486.0   0.00434

  487.0   0.00421

  488.0   0.00419

  489.0   0.00407

  490.0   0.00395

  491.0   0.00391

  492.0   0.00375

  493.0   0.00369

  494.0   0.00359

  495.0   0.00355

  496.0   0.00351

  497.0   0.00344

  498.0   0.00343

  499.0   0.00336

  500.0   0.00341

  501.0   0.00338

  502.0   0.00332

  503.0   0.00333

  504.0   0.00337

  505.0   0.00334

  506.0   0.00336

  507.0   0.00340

  508.0   0.00342

  509.0   0.00342

  510.0   0.00344

  511.0   0.00340

  512.0   0.00339

  513.0   0.00343

  514.0   0.00347

  515.0   0.00353

  516.0   0.00352

  517.0   0.00354

  518.0   0.00352

  519.0   0.00349

  520.0   0.00348

  521.0   0.00348

  522.0   0.00345

  523.0   0.00352

  524.0   0.00348

  525.0   0.00350

  526.0   0.00346

  527.0   0.00350

  528.0   0.00350

  529.0   0.00351

  530.0   0.00351

  531.0   0.00355

  532.0   0.00359

  533.0   0.00358

  534.0   0.00365

  535.0   0.00357

  536.0   0.00359

  537.0   0.00364

  538.0   0.00362

  539.0   0.00367

  540.0   0.00367

  541.0   0.00373

  542.0   0.00379

  543.0   0.00384

  544.0   0.00394

  545.0   0.00399

  546.0   0.00409

  547.0   0.00411

  548.0   0.00411

  549.0   0.00410

  550.0   0.00411

  551.0   0.00417

  552.0   0.00425

  553.0   0.00426

  554.0   0.00428

  555.0   0.00429

  556.0   0.00427

  557.0   0.00470

  558.0   0.00474

  559.0   0.00475

  560.0   0.00483

  561.0   0.00483

  562.0   0.00478

  563.0   0.00475

  564.0   0.00477

  565.0   0.00477

  566.0   0.00479

  567.0   0.00480

  568.0   0.00487

  569.0   0.00482

  570.0   0.00483

  571.0   0.00479

  572.0   0.00476

  573.0   0.00477

  574.0   0.00480

  575.0   0.00473

  576.0   0.00478

  577.0   0.00479

  578.0   0.00486

  579.0   0.00489

  580.0   0.00494

  581.0   0.00497

  582.0   0.00498

  583.0   0.00496

  584.0   0.00503

  585.0   0.00507

  586.0   0.00514

  587.0   0.00521

  588.0   0.00528

  589.0   0.00535

  590.0   0.00540

  591.0   0.00547

  592.0   0.00550

  593.0   0.00557

  594.0   0.00560

  595.0   0.00565

  596.0   0.00564

  597.0   0.00562

  598.0   0.00563

  599.0   0.00563

  600.0   0.00565

  601.0   0.00561

  602.0   0.00569

  603.0   0.00566

  604.0   0.00564

  605.0   0.00558

  606.0   0.00558

  607.0   0.00554

  608.0   0.00556

  609.0   0.00558

  610.0   0.00558

  611.0   0.00562

  612.0   0.00564

  613.0   0.00565

  614.0   0.00567

  615.0   0.00569

  616.0   0.00564

  617.0   0.00563

  618.0   0.00563

  619.0   0.00565

  620.0   0.00568

  621.0   0.00568

  622.0   0.00571

  623.0   0.00566

  624.0   0.00565

  625.0   0.00564

  626.0   0.00567

  627.0   0.00569

  628.0   0.00565

  629.0   0.00570

  630.0   0.00569

  631.0   0.00569

  632.0   0.00570

  633.0   0.00569

  634.0   0.00570

  635.0   0.00570

  636.0   0.00571

  637.0   0.00571

  638.0   0.00572

  639.0   0.00579

  640.0   0.00584

  641.0   0.00587

  642.0   0.00595

  643.0   0.00600

  644.0   0.00610

  645.0   0.00615

  646.0   0.00621

  647.0   0.00627

  648.0   0.00631

  649.0   0.00636

  650.0   0.00638

  651.0   0.00638

  652.0   0.00646

  653.0   0.00644

  654.0   0.00643

  655.0   0.00644

  656.0   0.00641

  657.0   0.00642

  658.0   0.00644

  659.0   0.00649

  660.0   0.00655

  661.0   0.00662

  662.0   0.00661

  663.0   0.00661

  664.0   0.00657

  665.0   0.00659

  666.0   0.00660

  667.0   0.00663

  668.0   0.00663

  669.0   0.00664

  670.0   0.00660

  671.0   0.00661

  672.0   0.00659

  673.0   0.00659

  674.0   0.00659

  675.0   0.00657

  676.0   0.00656

  677.0   0.00657

  678.0   0.00657

  679.0   0.00662

  680.0   0.00661

  681.0   0.00657

  682.0   0.00654

  683.0   0.00651

  684.0   0.00649

  685.0   0.00652

  686.0   0.00658

  687.0   0.00657

  688.0   0.00654

  689.0   0.00653

  690.0   0.00646

  691.0   0.00651

  692.0   0.00654

  693.0   0.00655

  694.0   0.00648

  695.0   0.00647

  696.0   0.00650

  697.0   0.00648

  698.0   0.00647

  699.0   0.00651

  700.0   0.00644

  701.0   0.00642

  702.0   0.00647

  703.0   0.00647

  704.0   0.00650

  705.0   0.00648

  706.0   0.00654

  707.0   0.00651

  708.0   0.00653

  709.0   0.00653

  710.0   0.00649

  711.0   0.00651

  712.0   0.00653

  713.0   0.00653

  714.0   0.00654

  715.0   0.00658

  716.0   0.00660

  717.0   0.00663

  718.0   0.00663

  719.0   0.00659

  720.0   0.00655

  721.0   0.00656

  722.0   0.00654

  723.0   0.00658

  724.0   0.00656

  725.0   0.00655

  726.0   0.00651

  727.0   0.00659

  728.0   0.00660

  729.0   0.00660

  730.0   0.00661

  731.0   0.00658

  732.0   0.00658

  733.0   0.00655

  734.0   0.00660

  735.0   0.00656

  736.0   0.00663

  737.0   0.00664

  738.0   0.00671

  739.0   0.00672

  740.0   0.00673

  741.0   0.00674

  742.0   0.00678

  743.0   0.00680

  744.0   0.00690

  745.0   0.00689

  746.0   0.00697

  747.0   0.00710

  748.0   0.00713

  749.0   0.00707

  750.0   0.00690

  751.0   0.00698

  752.0   0.00696

  753.0   0.00688

  754.0   0.00677

  755.0   0.00668

  756.0   0.00666

  757.0   0.00658

  758.0   0.00656

  759.0   0.00654

  760.0   0.00646

  761.0   0.00652

  762.0   0.00656

  763.0   0.00656

  764.0   0.00646

  765.0   0.00649

  766.0   0.00647

  767.0   0.00648

  768.0   0.00643

  769.0   0.00633

  770.0   0.00628

  771.0   0.00637

  772.0   0.00636

  773.0   0.00631

  774.0   0.00621

  775.0   0.00622

  776.0   0.00623

  777.0   0.00618

  778.0   0.00613

  779.0   0.00606

  780.0   0.00613

  781.0   0.00608

  782.0   0.00603

  783.0   0.00604

  784.0   0.00600

  785.0   0.00592

  786.0   0.00588

  787.0   0.00589

  788.0   0.00581

  789.0   0.00586

  790.0   0.00581

  791.0   0.00579

  792.0   0.00583

  793.0   0.00584

  794.0   0.00586

  795.0   0.00572

  796.0   0.00573

  797.0   0.00571

  798.0   0.00569

  799.0   0.00578

  800.0   0.00567

 
