ser ID: DU600

Method ID: A:\DEFAULT

Date: 08/06/00

Time: 06:05

 200.0   2.47217

  201.0   2.94151

  202.0   2.98250

  203.0   2.47774

  204.0   2.76324

  205.0   3.40209

  206.0   3.43313

  207.0   3.46464

  208.0   3.49513

  209.0   2.74858

  210.0   2.85394

  211.0   2.88024

  212.0   3.60271

  213.0   3.32767

  214.0   3.17328

  215.0   3.06828

  216.0   3.21290

  217.0   2.80728

  218.0   2.94955

  219.0   2.96606

  220.0   3.15753

  221.0   3.77422

  222.0   3.48911

  223.0   3.80353

  224.0   3.51581

  225.0   3.82963

  226.0   3.14408

  227.0   3.15619

  228.0   3.86794

  229.0   3.87898

  230.0   3.89148

  231.0   3.90206

  232.0   3.30926

  233.0   3.44264

  234.0   3.32526

  235.0   3.93308

  236.0   3.93742

  237.0   3.94096

  238.0   3.64222

  239.0   3.34282

  240.0   3.04267

  241.0   2.74110

  242.0   2.76849

  243.0   2.90180

  244.0   3.03802

  245.0   2.76243

  246.0   2.63428

  247.0   2.56968

  248.0   2.38361

  249.0   2.28010

  250.0   2.17110

  251.0   2.06877

  252.0   2.00091

  253.0   1.89996

  254.0   1.82411

  255.0   1.72941

  256.0   1.64278

  257.0   1.55830

  258.0   1.47499

  259.0   1.39450

  260.0   1.33500

  261.0   1.27348

  262.0   1.20670

  263.0   1.15763

  264.0   1.11137

  265.0   1.06616

  266.0   1.02747

  267.0   0.99574

  268.0   0.96946

  269.0   0.94251

  270.0   0.91446

  271.0   0.88694

  272.0   0.86303

  273.0   0.83945

  274.0   0.81267

  275.0   0.78862

  276.0   0.76505

  277.0   0.73855

  278.0   0.70698

  279.0   0.67987

  280.0   0.65307

  281.0   0.62269

  282.0   0.59700

  283.0   0.57033

  284.0   0.54518

  285.0   0.51592

  286.0   0.49024

  287.0   0.46417

  288.0   0.43739

  289.0   0.41408

  290.0   0.39315

  291.0   0.37260

  292.0   0.35286

  293.0   0.33414

  294.0   0.31692

  295.0   0.29754

  296.0   0.28064

  297.0   0.26466

  298.0   0.24928

  299.0   0.23398

  300.0   0.22163

  301.0   0.20960

  302.0   0.19812

  303.0   0.18906

  304.0   0.18026

  305.0   0.17204

  306.0   0.16410

  307.0   0.15718

  308.0   0.15067

  309.0   0.14429

  310.0   0.13857

  311.0   0.13396

  312.0   0.12826

  313.0   0.12411

  314.0   0.12026

  315.0   0.11729

  316.0   0.11371

  317.0   0.11044

  318.0   0.10862

  319.0   0.10632

  320.0   0.10612

  321.0   0.10582

  322.0   0.10556

  323.0   0.10565

  324.0   0.10632

  325.0   0.10743

  326.0   0.10941

  327.0   0.11148

  328.0   0.11459

  329.0   0.11794

  330.0   0.12019

  331.0   0.12355

  332.0   0.12643

  333.0   0.12950

  334.0   0.13254

  335.0   0.13716

  336.0   0.14215

  337.0   0.14598

  338.0   0.15046

  339.0   0.15478

  340.0   0.15922

  341.0   0.16413

  342.0   0.16865

  343.0   0.17389

  344.0   0.17797

  345.0   0.18264

  346.0   0.18623

  347.0   0.18945

  348.0   0.19450

  349.0   0.19770

  350.0   0.20140

  351.0   0.20355

  352.0   0.20597

  353.0   0.20671

  354.0   0.20713

  355.0   0.20822

  356.0   0.20880

  357.0   0.21032

  358.0   0.20942

  359.0   0.20701

  360.0   0.20585

  361.0   0.20405

  362.0   0.20232

  363.0   0.19953

  364.0   0.19746

  365.0   0.19359

  366.0   0.19048

  367.0   0.18671

  368.0   0.18311

  369.0   0.18008

  370.0   0.17634

  371.0   0.17293

  372.0   0.16942

  373.0   0.16569

  374.0   0.16194

  375.0   0.15830

  376.0   0.15464

  377.0   0.15143

  378.0   0.14650

  379.0   0.14328

  380.0   0.13967

  381.0   0.13576

  382.0   0.13241

  383.0   0.12923

  384.0   0.12591

  385.0   0.12225

  386.0   0.11844

  387.0   0.11519

  388.0   0.11202

  389.0   0.10875

  390.0   0.10627

  391.0   0.10323

  392.0   0.10070

  393.0   0.09792

  394.0   0.09522

  395.0   0.09281

  396.0   0.09045

  397.0   0.08832

  398.0   0.08637

  399.0   0.08412

  400.0   0.08251

  401.0   0.08068

  402.0   0.07899

  403.0   0.07736

  404.0   0.07570

  405.0   0.07435

  406.0   0.07285

  407.0   0.07136

  408.0   0.06973

  409.0   0.06798

  410.0   0.06651

  411.0   0.06539

  412.0   0.06381

  413.0   0.06240

  414.0   0.06077

  415.0   0.05983

  416.0   0.05760

  417.0   0.05582

  418.0   0.05440

  419.0   0.05257

  420.0   0.05084

  421.0   0.04936

  422.0   0.04757

  423.0   0.04583

  424.0   0.04442

  425.0   0.04288

  426.0   0.04145

  427.0   0.03981

  428.0   0.03824

  429.0   0.03665

  430.0   0.03539

  431.0   0.03391

  432.0   0.03268

  433.0   0.03142

  434.0   0.03021

  435.0   0.02893

  436.0   0.02766

  437.0   0.02646

  438.0   0.02549

  439.0   0.02452

  440.0   0.02360

  441.0   0.02272

  442.0   0.02175

  443.0   0.02086

  444.0   0.02001

  445.0   0.01913

  446.0   0.01845

  447.0   0.01767

  448.0   0.01713

  449.0   0.01633

  450.0   0.01592

  451.0   0.01525

  452.0   0.01476

  453.0   0.01414

  454.0   0.01360

  455.0   0.01294

  456.0   0.01243

  457.0   0.01202

  458.0   0.01157

  459.0   0.01114

  460.0   0.01065

  461.0   0.01029

  462.0   0.00975

  463.0   0.00942

  464.0   0.00913

  465.0   0.00888

  466.0   0.00856

  467.0   0.00825

  468.0   0.00798

  469.0   0.00765

  470.0   0.00737

  471.0   0.00714

  472.0   0.00700

  473.0   0.00674

  474.0   0.00655

  475.0   0.00632

  476.0   0.00603

  477.0   0.00588

  478.0   0.00565

  479.0   0.00550

  480.0   0.00525

  481.0   0.00507

  482.0   0.00489

  483.0   0.00478

  484.0   0.00465

  485.0   0.00453

  486.0   0.00441

  487.0   0.00423

  488.0   0.00413

  489.0   0.00403

  490.0   0.00393

  491.0   0.00389

  492.0   0.00377

  493.0   0.00373

  494.0   0.00359

  495.0   0.00357

  496.0   0.00353

  497.0   0.00346

  498.0   0.00343

  499.0   0.00338

  500.0   0.00341

  501.0   0.00338

  502.0   0.00336

  503.0   0.00341

  504.0   0.00344

  505.0   0.00348

  506.0   0.00355

  507.0   0.00365

  508.0   0.00370

  509.0   0.00370

  510.0   0.00378

  511.0   0.00368

  512.0   0.00372

  513.0   0.00374

  514.0   0.00375

  515.0   0.00381

  516.0   0.00379

  517.0   0.00377

  518.0   0.00375

  519.0   0.00369

  520.0   0.00367

  521.0   0.00366

  522.0   0.00367

  523.0   0.00369

  524.0   0.00367

  525.0   0.00366

  526.0   0.00366

  527.0   0.00370

  528.0   0.00374

  529.0   0.00374

  530.0   0.00375

  531.0   0.00377

  532.0   0.00381

  533.0   0.00378

  534.0   0.00387

  535.0   0.00382

  536.0   0.00383

  537.0   0.00387

  538.0   0.00388

  539.0   0.00393

  540.0   0.00393

  541.0   0.00403

  542.0   0.00415

  543.0   0.00418

  544.0   0.00426

  545.0   0.00429

  546.0   0.00435

  547.0   0.00437

  548.0   0.00435

  549.0   0.00436

  550.0   0.00443

  551.0   0.00448

  552.0   0.00454

  553.0   0.00455

  554.0   0.00459

  555.0   0.00461

  556.0   0.00463

  557.0   0.00498

  558.0   0.00502

  559.0   0.00500

  560.0   0.00501

  561.0   0.00501

  562.0   0.00497

  563.0   0.00498

  564.0   0.00499

  565.0   0.00502

  566.0   0.00505

  567.0   0.00511

  568.0   0.00516

  569.0   0.00512

  570.0   0.00511

  571.0   0.00514

  572.0   0.00510

  573.0   0.00511

  574.0   0.00518

  575.0   0.00517

  576.0   0.00513

  577.0   0.00516

  578.0   0.00521

  579.0   0.00526

  580.0   0.00531

  581.0   0.00530

  582.0   0.00530

  583.0   0.00528

  584.0   0.00537

  585.0   0.00542

  586.0   0.00549

  587.0   0.00556

  588.0   0.00563

  589.0   0.00570

  590.0   0.00574

  591.0   0.00581

  592.0   0.00582

  593.0   0.00589

  594.0   0.00594

  595.0   0.00597

  596.0   0.00600

  597.0   0.00599

  598.0   0.00599

  599.0   0.00594

  600.0   0.00596

  601.0   0.00599

  602.0   0.00601

  603.0   0.00600

  604.0   0.00598

  605.0   0.00600

  606.0   0.00596

  607.0   0.00594

  608.0   0.00597

  609.0   0.00597

  610.0   0.00594

  611.0   0.00596

  612.0   0.00601

  613.0   0.00607

  614.0   0.00614

  615.0   0.00615

  616.0   0.00615

  617.0   0.00612

  618.0   0.00610

  619.0   0.00614

  620.0   0.00613

  621.0   0.00613

  622.0   0.00610

  623.0   0.00609

  624.0   0.00614

  625.0   0.00618

  626.0   0.00612

  627.0   0.00618

  628.0   0.00612

  629.0   0.00614

  630.0   0.00617

  631.0   0.00618

  632.0   0.00617

  633.0   0.00617

  634.0   0.00618

  635.0   0.00616

  636.0   0.00615

  637.0   0.00620

  638.0   0.00622

  639.0   0.00630

  640.0   0.00636

  641.0   0.00639

  642.0   0.00643

  643.0   0.00644

  644.0   0.00646

  645.0   0.00653

  646.0   0.00661

  647.0   0.00668

  648.0   0.00677

  649.0   0.00679

  650.0   0.00682

  651.0   0.00686

  652.0   0.00688

  653.0   0.00682

  654.0   0.00683

  655.0   0.00685

  656.0   0.00684

  657.0   0.00683

  658.0   0.00686

  659.0   0.00686

  660.0   0.00687

  661.0   0.00695

  662.0   0.00696

  663.0   0.00695

  664.0   0.00693

  665.0   0.00694

  666.0   0.00693

  667.0   0.00700

  668.0   0.00699

  669.0   0.00702

  670.0   0.00702

  671.0   0.00700

  672.0   0.00699

  673.0   0.00701

  674.0   0.00701

  675.0   0.00697

  676.0   0.00696

  677.0   0.00693

  678.0   0.00695

  679.0   0.00692

  680.0   0.00692

  681.0   0.00689

  682.0   0.00690

  683.0   0.00691

  684.0   0.00695

  685.0   0.00699

  686.0   0.00702

  687.0   0.00703

  688.0   0.00704

  689.0   0.00699

  690.0   0.00695

  691.0   0.00696

  692.0   0.00699

  693.0   0.00694

  694.0   0.00695

  695.0   0.00695

  696.0   0.00698

  697.0   0.00700

  698.0   0.00702

  699.0   0.00705

  700.0   0.00699

  701.0   0.00695

  702.0   0.00699

  703.0   0.00696

  704.0   0.00696

  705.0   0.00694

  706.0   0.00696

  707.0   0.00698

  708.0   0.00696

  709.0   0.00698

  710.0   0.00694

  711.0   0.00701

  712.0   0.00699

  713.0   0.00695

  714.0   0.00692

  715.0   0.00690

  716.0   0.00695

  717.0   0.00693

  718.0   0.00694

  719.0   0.00685

  720.0   0.00680

  721.0   0.00685

  722.0   0.00681

  723.0   0.00685

  724.0   0.00684

  725.0   0.00687

  726.0   0.00684

  727.0   0.00687

  728.0   0.00685

  729.0   0.00684

  730.0   0.00682

  731.0   0.00682

  732.0   0.00680

  733.0   0.00677

  734.0   0.00680

  735.0   0.00678

  736.0   0.00686

  737.0   0.00684

  738.0   0.00682

  739.0   0.00686

  740.0   0.00681

  741.0   0.00682

  742.0   0.00684

  743.0   0.00688

  744.0   0.00696

  745.0   0.00703

  746.0   0.00705

  747.0   0.00710

  748.0   0.00710

  749.0   0.00701

  750.0   0.00693

  751.0   0.00696

  752.0   0.00693

  753.0   0.00690

  754.0   0.00685

  755.0   0.00685

  756.0   0.00683

  757.0   0.00681

  758.0   0.00682

  759.0   0.00679

  760.0   0.00680

  761.0   0.00680

  762.0   0.00681

  763.0   0.00684

  764.0   0.00671

  765.0   0.00672

  766.0   0.00670

  767.0   0.00673

  768.0   0.00663

  769.0   0.00655

  770.0   0.00651

  771.0   0.00655

  772.0   0.00661

  773.0   0.00659

  774.0   0.00646

  775.0   0.00642

  776.0   0.00646

  777.0   0.00638

  778.0   0.00634

  779.0   0.00632

  780.0   0.00636

  781.0   0.00631

  782.0   0.00632

  783.0   0.00631

  784.0   0.00623

  785.0   0.00621

  786.0   0.00617

  787.0   0.00618

  788.0   0.00622

  789.0   0.00615

  790.0   0.00616

  791.0   0.00615

  792.0   0.00622

  793.0   0.00620

  794.0   0.00618

  795.0   0.00617

  796.0   0.00618

  797.0   0.00619

  798.0   0.00622

  799.0   0.00620

  800.0   0.00608

 
