ser ID: DU600

Method ID: A:\DEFAULT

Date: 08/06/00

Time: 07:25

 200.0   2.87011

  201.0   2.46439

  202.0   2.58456

  203.0   2.47774

  204.0   2.76324

  205.0   2.92497

  206.0   2.73416

  207.0   2.76567

  208.0   2.71698

  209.0   2.92467

  210.0   3.55291

  211.0   3.57921

  212.0   3.00065

  213.0   3.02664

  214.0   2.87225

  215.0   2.71610

  216.0   2.84492

  217.0   3.71037

  218.0   3.72770

  219.0   3.74421

  220.0   3.28247

  221.0   3.17216

  222.0   3.18808

  223.0   3.10456

  224.0   3.33972

  225.0   3.13066

  226.0   3.84305

  227.0   3.85516

  228.0   3.86794

  229.0   3.27692

  230.0   3.89148

  231.0   3.30000

  232.0   2.91132

  233.0   3.07466

  234.0   3.92732

  235.0   3.63205

  236.0   3.23845

  237.0   3.16281

  238.0   3.46613

  239.0   2.90348

  240.0   2.71532

  241.0   2.79909

  242.0   2.74046

  243.0   2.64217

  244.0   2.52614

  245.0   2.38222

  246.0   2.33325

  247.0   2.20713

  248.0   2.07642

  249.0   1.96451

  250.0   1.88186

  251.0   1.76465

  252.0   1.68151

  253.0   1.59679

  254.0   1.52126

  255.0   1.43136

  256.0   1.35300

  257.0   1.29263

  258.0   1.22511

  259.0   1.16516

  260.0   1.10804

  261.0   1.05986

  262.0   1.01229

  263.0   0.96492

  264.0   0.92989

  265.0   0.89455

  266.0   0.86353

  267.0   0.83469

  268.0   0.80557

  269.0   0.77923

  270.0   0.75264

  271.0   0.72917

  272.0   0.70423

  273.0   0.68068

  274.0   0.65516

  275.0   0.63138

  276.0   0.60916

  277.0   0.58423

  278.0   0.55847

  279.0   0.53757

  280.0   0.51488

  281.0   0.49311

  282.0   0.47512

  283.0   0.45567

  284.0   0.43638

  285.0   0.41529

  286.0   0.39682

  287.0   0.37873

  288.0   0.36002

  289.0   0.34447

  290.0   0.32957

  291.0   0.31585

  292.0   0.30160

  293.0   0.28853

  294.0   0.27641

  295.0   0.26366

  296.0   0.25203

  297.0   0.24175

  298.0   0.23123

  299.0   0.22091

  300.0   0.21301

  301.0   0.20513

  302.0   0.19824

  303.0   0.19284

  304.0   0.18808

  305.0   0.18283

  306.0   0.17798

  307.0   0.17404

  308.0   0.16985

  309.0   0.16560

  310.0   0.16136

  311.0   0.15752

  312.0   0.15395

  313.0   0.15053

  314.0   0.14699

  315.0   0.14421

  316.0   0.14040

  317.0   0.13751

  318.0   0.13476

  319.0   0.13215

  320.0   0.13115

  321.0   0.13017

  322.0   0.12776

  323.0   0.12616

  324.0   0.12578

  325.0   0.12598

  326.0   0.12523

  327.0   0.12520

  328.0   0.12539

  329.0   0.12543

  330.0   0.12549

  331.0   0.12588

  332.0   0.12591

  333.0   0.12716

  334.0   0.12671

  335.0   0.12718

  336.0   0.12787

  337.0   0.12731

  338.0   0.12828

  339.0   0.12948

  340.0   0.13052

  341.0   0.13084

  342.0   0.13169

  343.0   0.13188

  344.0   0.13216

  345.0   0.13283

  346.0   0.13309

  347.0   0.13374

  348.0   0.13527

  349.0   0.13574

  350.0   0.13488

  351.0   0.13463

  352.0   0.13405

  353.0   0.13346

  354.0   0.13315

  355.0   0.13247

  356.0   0.13215

  357.0   0.13155

  358.0   0.13012

  359.0   0.12763

  360.0   0.12609

  361.0   0.12436

  362.0   0.12216

  363.0   0.12039

  364.0   0.11886

  365.0   0.11669

  366.0   0.11406

  367.0   0.11117

  368.0   0.10901

  369.0   0.10730

  370.0   0.10460

  371.0   0.10264

  372.0   0.10064

  373.0   0.09872

  374.0   0.09604

  375.0   0.09392

  376.0   0.09166

  377.0   0.08998

  378.0   0.08729

  379.0   0.08523

  380.0   0.08345

  381.0   0.08094

  382.0   0.07905

  383.0   0.07741

  384.0   0.07550

  385.0   0.07363

  386.0   0.07118

  387.0   0.06941

  388.0   0.06805

  389.0   0.06628

  390.0   0.06509

  391.0   0.06315

  392.0   0.06210

  393.0   0.06082

  394.0   0.05931

  395.0   0.05838

  396.0   0.05719

  397.0   0.05593

  398.0   0.05481

  399.0   0.05400

  400.0   0.05287

  401.0   0.05196

  402.0   0.05125

  403.0   0.05020

  404.0   0.04944

  405.0   0.04852

  406.0   0.04765

  407.0   0.04688

  408.0   0.04583

  409.0   0.04469

  410.0   0.04352

  411.0   0.04269

  412.0   0.04162

  413.0   0.04060

  414.0   0.03945

  415.0   0.03871

  416.0   0.03748

  417.0   0.03625

  418.0   0.03502

  419.0   0.03360

  420.0   0.03240

  421.0   0.03117

  422.0   0.03008

  423.0   0.02896

  424.0   0.02773

  425.0   0.02655

  426.0   0.02564

  427.0   0.02448

  428.0   0.02330

  429.0   0.02239

  430.0   0.02148

  431.0   0.02057

  432.0   0.01979

  433.0   0.01912

  434.0   0.01827

  435.0   0.01740

  436.0   0.01665

  437.0   0.01592

  438.0   0.01536

  439.0   0.01481

  440.0   0.01425

  441.0   0.01370

  442.0   0.01306

  443.0   0.01266

  444.0   0.01214

  445.0   0.01171

  446.0   0.01128

  447.0   0.01089

  448.0   0.01062

  449.0   0.01018

  450.0   0.00989

  451.0   0.00951

  452.0   0.00925

  453.0   0.00895

  454.0   0.00862

  455.0   0.00826

  456.0   0.00804

  457.0   0.00779

  458.0   0.00753

  459.0   0.00728

  460.0   0.00707

  461.0   0.00682

  462.0   0.00660

  463.0   0.00633

  464.0   0.00621

  465.0   0.00608

  466.0   0.00596

  467.0   0.00581

  468.0   0.00560

  469.0   0.00547

  470.0   0.00535

  471.0   0.00528

  472.0   0.00522

  473.0   0.00514

  474.0   0.00502

  475.0   0.00483

  476.0   0.00473

  477.0   0.00464

  478.0   0.00447

  479.0   0.00443

  480.0   0.00430

  481.0   0.00417

  482.0   0.00406

  483.0   0.00404

  484.0   0.00392

  485.0   0.00388

  486.0   0.00380

  487.0   0.00374

  488.0   0.00371

  489.0   0.00369

  490.0   0.00366

  491.0   0.00367

  492.0   0.00362

  493.0   0.00356

  494.0   0.00352

  495.0   0.00345

  496.0   0.00351

  497.0   0.00344

  498.0   0.00355

  499.0   0.00360

  500.0   0.00371

  501.0   0.00374

  502.0   0.00375

  503.0   0.00384

  504.0   0.00389

  505.0   0.00396

  506.0   0.00407

  507.0   0.00416

  508.0   0.00427

  509.0   0.00429

  510.0   0.00440

  511.0   0.00436

  512.0   0.00443

  513.0   0.00447

  514.0   0.00456

  515.0   0.00466

  516.0   0.00475

  517.0   0.00479

  518.0   0.00482

  519.0   0.00484

  520.0   0.00487

  521.0   0.00488

  522.0   0.00489

  523.0   0.00492

  524.0   0.00492

  525.0   0.00497

  526.0   0.00501

  527.0   0.00510

  528.0   0.00516

  529.0   0.00518

  530.0   0.00522

  531.0   0.00528

  532.0   0.00542

  533.0   0.00547

  534.0   0.00556

  535.0   0.00552

  536.0   0.00561

  537.0   0.00568

  538.0   0.00576

  539.0   0.00584

  540.0   0.00589

  541.0   0.00602

  542.0   0.00615

  543.0   0.00627

  544.0   0.00633

  545.0   0.00647

  546.0   0.00660

  547.0   0.00660

  548.0   0.00666

  549.0   0.00667

  550.0   0.00679

  551.0   0.00683

  552.0   0.00693

  553.0   0.00698

  554.0   0.00707

  555.0   0.00706

  556.0   0.00711

  557.0   0.00787

  558.0   0.00792

  559.0   0.00790

  560.0   0.00790

  561.0   0.00787

  562.0   0.00780

  563.0   0.00780

  564.0   0.00777

  565.0   0.00780

  566.0   0.00786

  567.0   0.00787

  568.0   0.00790

  569.0   0.00793

  570.0   0.00792

  571.0   0.00787

  572.0   0.00783

  573.0   0.00782

  574.0   0.00790

  575.0   0.00789

  576.0   0.00791

  577.0   0.00797

  578.0   0.00800

  579.0   0.00803

  580.0   0.00810

  581.0   0.00812

  582.0   0.00815

  583.0   0.00821

  584.0   0.00825

  585.0   0.00831

  586.0   0.00838

  587.0   0.00847

  588.0   0.00855

  589.0   0.00864

  590.0   0.00869

  591.0   0.00877

  592.0   0.00882

  593.0   0.00895

  594.0   0.00897

  595.0   0.00904

  596.0   0.00906

  597.0   0.00902

  598.0   0.00904

  599.0   0.00900

  600.0   0.00904

  601.0   0.00899

  602.0   0.00899

  603.0   0.00896

  604.0   0.00900

  605.0   0.00904

  606.0   0.00905

  607.0   0.00901

  608.0   0.00906

  609.0   0.00905

  610.0   0.00901

  611.0   0.00908

  612.0   0.00911

  613.0   0.00928

  614.0   0.00952

  615.0   0.00957

  616.0   0.00960

  617.0   0.00963

  618.0   0.00964

  619.0   0.00968

  620.0   0.00971

  621.0   0.00971

  622.0   0.00972

  623.0   0.00971

  624.0   0.00965

  625.0   0.00964

  626.0   0.00964

  627.0   0.00964

  628.0   0.00961

  629.0   0.00964

  630.0   0.00964

  631.0   0.00967

  632.0   0.00964

  633.0   0.00961

  634.0   0.00967

  635.0   0.00970

  636.0   0.00969

  637.0   0.00976

  638.0   0.00979

  639.0   0.00985

  640.0   0.00984

  641.0   0.00984

  642.0   0.00989

  643.0   0.00996

  644.0   0.01003

  645.0   0.00998

  646.0   0.00991

  647.0   0.00996

  648.0   0.00998

  649.0   0.00996

  650.0   0.00980

  651.0   0.00966

  652.0   0.00965

  653.0   0.00961

  654.0   0.00960

  655.0   0.00959

  656.0   0.00960

  657.0   0.00960

  658.0   0.00961

  659.0   0.00962

  660.0   0.00966

  661.0   0.00971

  662.0   0.00969

  663.0   0.00967

  664.0   0.00960

  665.0   0.00960

  666.0   0.00958

  667.0   0.00959

  668.0   0.00956

  669.0   0.00956

  670.0   0.00950

  671.0   0.00945

  672.0   0.00940

  673.0   0.00936

  674.0   0.00933

  675.0   0.00926

  676.0   0.00927

  677.0   0.00922

  678.0   0.00923

  679.0   0.00920

  680.0   0.00922

  681.0   0.00920

  682.0   0.00915

  683.0   0.00914

  684.0   0.00915

  685.0   0.00915

  686.0   0.00917

  687.0   0.00913

  688.0   0.00907

  689.0   0.00902

  690.0   0.00893

  691.0   0.00893

  692.0   0.00887

  693.0   0.00887

  694.0   0.00883

  695.0   0.00882

  696.0   0.00878

  697.0   0.00877

  698.0   0.00876

  699.0   0.00878

  700.0   0.00873

  701.0   0.00870

  702.0   0.00870

  703.0   0.00871

  704.0   0.00870

  705.0   0.00867

  706.0   0.00868

  707.0   0.00866

  708.0   0.00862

  709.0   0.00861

  710.0   0.00858

  711.0   0.00857

  712.0   0.00858

  713.0   0.00852

  714.0   0.00855

  715.0   0.00852

  716.0   0.00858

  717.0   0.00853

  718.0   0.00855

  719.0   0.00853

  720.0   0.00850

  721.0   0.00850

  722.0   0.00846

  723.0   0.00843

  724.0   0.00839

  725.0   0.00837

  726.0   0.00837

  727.0   0.00842

  728.0   0.00839

  729.0   0.00834

  730.0   0.00831

  731.0   0.00832

  732.0   0.00826

  733.0   0.00822

  734.0   0.00825

  735.0   0.00822

  736.0   0.00858

  737.0   0.00852

  738.0   0.00853

  739.0   0.00853

  740.0   0.00848

  741.0   0.00841

  742.0   0.00836

  743.0   0.00840

  744.0   0.00845

  745.0   0.00844

  746.0   0.00851

  747.0   0.00859

  748.0   0.00856

  749.0   0.00844

  750.0   0.00830

  751.0   0.00833

  752.0   0.00822

  753.0   0.00816

  754.0   0.00808

  755.0   0.00806

  756.0   0.00801

  757.0   0.00796

  758.0   0.00791

  759.0   0.00783

  760.0   0.00778

  761.0   0.00782

  762.0   0.00782

  763.0   0.00780

  764.0   0.00764

  765.0   0.00765

  766.0   0.00760

  767.0   0.00758

  768.0   0.00748

  769.0   0.00746

  770.0   0.00745

  771.0   0.00748

  772.0   0.00747

  773.0   0.00742

  774.0   0.00735

  775.0   0.00728

  776.0   0.00729

  777.0   0.00721

  778.0   0.00717

  779.0   0.00718

  780.0   0.00719

  781.0   0.00712

  782.0   0.00708

  783.0   0.00712

  784.0   0.00707

  785.0   0.00703

  786.0   0.00699

  787.0   0.00697

  788.0   0.00696

  789.0   0.00691

  790.0   0.00690

  791.0   0.00688

  792.0   0.00690

  793.0   0.00694

  794.0   0.00692

  795.0   0.00685

  796.0   0.00692

  797.0   0.00696

  798.0   0.00691

  799.0   0.00692

  800.0   0.00686

 
