ser ID: DU600

Method ID: A:\DEFAULT

Date: 08/06/00

Time: 06:14

 200.0   2.47217

  201.0   2.54357

  202.0   3.28353

  203.0   2.72078

  204.0   2.58715

  205.0   2.92497

  206.0   2.95601

  207.0   3.46464

  208.0   3.49513

  209.0   3.22570

  210.0   3.55291

  211.0   2.67612

  212.0   3.00065

  213.0   3.62870

  214.0   3.34937

  215.0   2.67034

  216.0   2.69002

  217.0   3.71037

  218.0   3.42667

  219.0   3.74421

  220.0   3.75959

  221.0   3.77422

  222.0   3.79014

  223.0   3.80353

  224.0   3.33972

  225.0   3.13066

  226.0   3.84305

  227.0   3.85516

  228.0   3.86794

  229.0   3.87898

  230.0   3.89148

  231.0   3.90206

  232.0   3.91132

  233.0   3.31770

  234.0   3.45020

  235.0   3.93308

  236.0   3.93742

  237.0   3.46384

  238.0   3.64222

  239.0   3.16673

  240.0   3.04267

  241.0   3.10012

  242.0   3.09948

  243.0   3.04011

  244.0   2.79499

  245.0   2.65977

  246.0   2.59288

  247.0   2.46901

  248.0   2.33661

  249.0   2.24231

  250.0   2.16341

  251.0   2.05653

  252.0   1.96491

  253.0   1.85896

  254.0   1.76294

  255.0   1.68157

  256.0   1.60954

  257.0   1.52275

  258.0   1.44826

  259.0   1.36097

  260.0   1.30044

  261.0   1.24397

  262.0   1.18368

  263.0   1.13083

  264.0   1.09150

  265.0   1.05298

  266.0   1.01118

  267.0   0.97474

  268.0   0.94467

  269.0   0.91723

  270.0   0.89041

  271.0   0.86868

  272.0   0.84412

  273.0   0.81676

  274.0   0.78989

  275.0   0.76448

  276.0   0.74050

  277.0   0.71275

  278.0   0.68289

  279.0   0.65883

  280.0   0.63416

  281.0   0.60299

  282.0   0.57731

  283.0   0.55150

  284.0   0.52714

  285.0   0.50128

  286.0   0.47618

  287.0   0.45112

  288.0   0.42609

  289.0   0.40374

  290.0   0.38365

  291.0   0.36521

  292.0   0.34645

  293.0   0.32937

  294.0   0.31219

  295.0   0.29484

  296.0   0.27913

  297.0   0.26360

  298.0   0.24877

  299.0   0.23497

  300.0   0.22272

  301.0   0.21185

  302.0   0.20161

  303.0   0.19203

  304.0   0.18387

  305.0   0.17695

  306.0   0.16920

  307.0   0.16269

  308.0   0.15616

  309.0   0.15065

  310.0   0.14427

  311.0   0.14001

  312.0   0.13554

  313.0   0.13121

  314.0   0.12662

  315.0   0.12324

  316.0   0.11994

  317.0   0.11674

  318.0   0.11428

  319.0   0.11287

  320.0   0.11227

  321.0   0.11166

  322.0   0.11122

  323.0   0.11121

  324.0   0.11104

  325.0   0.11243

  326.0   0.11344

  327.0   0.11452

  328.0   0.11726

  329.0   0.12051

  330.0   0.12225

  331.0   0.12432

  332.0   0.12643

  333.0   0.12911

  334.0   0.13189

  335.0   0.13611

  336.0   0.13952

  337.0   0.14255

  338.0   0.14609

  339.0   0.15079

  340.0   0.15415

  341.0   0.15836

  342.0   0.16244

  343.0   0.16588

  344.0   0.16979

  345.0   0.17333

  346.0   0.17645

  347.0   0.17963

  348.0   0.18350

  349.0   0.18734

  350.0   0.18886

  351.0   0.19095

  352.0   0.19303

  353.0   0.19244

  354.0   0.19408

  355.0   0.19509

  356.0   0.19576

  357.0   0.19648

  358.0   0.19586

  359.0   0.19365

  360.0   0.19306

  361.0   0.19264

  362.0   0.18684

  363.0   0.18483

  364.0   0.18292

  365.0   0.18037

  366.0   0.17765

  367.0   0.17370

  368.0   0.17014

  369.0   0.16726

  370.0   0.16417

  371.0   0.16116

  372.0   0.15787

  373.0   0.15442

  374.0   0.15091

  375.0   0.14750

  376.0   0.14379

  377.0   0.14091

  378.0   0.13647

  379.0   0.13359

  380.0   0.13047

  381.0   0.12671

  382.0   0.12353

  383.0   0.12066

  384.0   0.11716

  385.0   0.11424

  386.0   0.11057

  387.0   0.10766

  388.0   0.10473

  389.0   0.10216

  390.0   0.09951

  391.0   0.09691

  392.0   0.09460

  393.0   0.09209

  394.0   0.08942

  395.0   0.08749

  396.0   0.08512

  397.0   0.08352

  398.0   0.08142

  399.0   0.07962

  400.0   0.07793

  401.0   0.07634

  402.0   0.07503

  403.0   0.07356

  404.0   0.07182

  405.0   0.07056

  406.0   0.06905

  407.0   0.06755

  408.0   0.06610

  409.0   0.06460

  410.0   0.06327

  411.0   0.06223

  412.0   0.06046

  413.0   0.05881

  414.0   0.05745

  415.0   0.05671

  416.0   0.05440

  417.0   0.05292

  418.0   0.05139

  419.0   0.04956

  420.0   0.04809

  421.0   0.04652

  422.0   0.04490

  423.0   0.04315

  424.0   0.04174

  425.0   0.04035

  426.0   0.03876

  427.0   0.03734

  428.0   0.03590

  429.0   0.03431

  430.0   0.03311

  431.0   0.03182

  432.0   0.03052

  433.0   0.02931

  434.0   0.02822

  435.0   0.02705

  436.0   0.02582

  437.0   0.02478

  438.0   0.02374

  439.0   0.02296

  440.0   0.02192

  441.0   0.02108

  442.0   0.02024

  443.0   0.01952

  444.0   0.01870

  445.0   0.01779

  446.0   0.01722

  447.0   0.01651

  448.0   0.01594

  449.0   0.01538

  450.0   0.01485

  451.0   0.01420

  452.0   0.01367

  453.0   0.01315

  454.0   0.01266

  455.0   0.01210

  456.0   0.01180

  457.0   0.01131

  458.0   0.01079

  459.0   0.01040

  460.0   0.00996

  461.0   0.00960

  462.0   0.00919

  463.0   0.00886

  464.0   0.00858

  465.0   0.00834

  466.0   0.00803

  467.0   0.00784

  468.0   0.00761

  469.0   0.00733

  470.0   0.00706

  471.0   0.00681

  472.0   0.00657

  473.0   0.00643

  474.0   0.00630

  475.0   0.00608

  476.0   0.00580

  477.0   0.00557

  478.0   0.00538

  479.0   0.00521

  480.0   0.00509

  481.0   0.00494

  482.0   0.00476

  483.0   0.00463

  484.0   0.00445

  485.0   0.00438

  486.0   0.00431

  487.0   0.00419

  488.0   0.00410

  489.0   0.00403

  490.0   0.00395

  491.0   0.00393

  492.0   0.00380

  493.0   0.00376

  494.0   0.00365

  495.0   0.00355

  496.0   0.00353

  497.0   0.00348

  498.0   0.00349

  499.0   0.00346

  500.0   0.00351

  501.0   0.00346

  502.0   0.00346

  503.0   0.00353

  504.0   0.00358

  505.0   0.00359

  506.0   0.00361

  507.0   0.00366

  508.0   0.00370

  509.0   0.00370

  510.0   0.00372

  511.0   0.00368

  512.0   0.00370

  513.0   0.00369

  514.0   0.00373

  515.0   0.00379

  516.0   0.00383

  517.0   0.00382

  518.0   0.00385

  519.0   0.00384

  520.0   0.00383

  521.0   0.00381

  522.0   0.00378

  523.0   0.00383

  524.0   0.00383

  525.0   0.00385

  526.0   0.00385

  527.0   0.00388

  528.0   0.00390

  529.0   0.00392

  530.0   0.00389

  531.0   0.00393

  532.0   0.00398

  533.0   0.00391

  534.0   0.00396

  535.0   0.00391

  536.0   0.00396

  537.0   0.00403

  538.0   0.00410

  539.0   0.00417

  540.0   0.00413

  541.0   0.00424

  542.0   0.00430

  543.0   0.00438

  544.0   0.00450

  545.0   0.00454

  546.0   0.00460

  547.0   0.00458

  548.0   0.00469

  549.0   0.00468

  550.0   0.00475

  551.0   0.00476

  552.0   0.00480

  553.0   0.00478

  554.0   0.00487

  555.0   0.00489

  556.0   0.00495

  557.0   0.00535

  558.0   0.00536

  559.0   0.00535

  560.0   0.00536

  561.0   0.00531

  562.0   0.00526

  563.0   0.00527

  564.0   0.00526

  565.0   0.00531

  566.0   0.00536

  567.0   0.00537

  568.0   0.00540

  569.0   0.00538

  570.0   0.00543

  571.0   0.00541

  572.0   0.00540

  573.0   0.00540

  574.0   0.00545

  575.0   0.00544

  576.0   0.00542

  577.0   0.00545

  578.0   0.00544

  579.0   0.00548

  580.0   0.00555

  581.0   0.00556

  582.0   0.00560

  583.0   0.00559

  584.0   0.00567

  585.0   0.00574

  586.0   0.00579

  587.0   0.00583

  588.0   0.00588

  589.0   0.00593

  590.0   0.00596

  591.0   0.00602

  592.0   0.00605

  593.0   0.00612

  594.0   0.00619

  595.0   0.00629

  596.0   0.00632

  597.0   0.00635

  598.0   0.00636

  599.0   0.00630

  600.0   0.00627

  601.0   0.00625

  602.0   0.00626

  603.0   0.00626

  604.0   0.00624

  605.0   0.00625

  606.0   0.00624

  607.0   0.00624

  608.0   0.00622

  609.0   0.00622

  610.0   0.00617

  611.0   0.00619

  612.0   0.00621

  613.0   0.00628

  614.0   0.00627

  615.0   0.00629

  616.0   0.00627

  617.0   0.00631

  618.0   0.00626

  619.0   0.00632

  620.0   0.00635

  621.0   0.00638

  622.0   0.00638

  623.0   0.00637

  624.0   0.00636

  625.0   0.00635

  626.0   0.00636

  627.0   0.00638

  628.0   0.00634

  629.0   0.00637

  630.0   0.00639

  631.0   0.00637

  632.0   0.00634

  633.0   0.00634

  634.0   0.00638

  635.0   0.00638

  636.0   0.00639

  637.0   0.00642

  638.0   0.00644

  639.0   0.00648

  640.0   0.00655

  641.0   0.00663

  642.0   0.00668

  643.0   0.00673

  644.0   0.00682

  645.0   0.00685

  646.0   0.00694

  647.0   0.00692

  648.0   0.00692

  649.0   0.00696

  650.0   0.00694

  651.0   0.00696

  652.0   0.00697

  653.0   0.00699

  654.0   0.00700

  655.0   0.00699

  656.0   0.00700

  657.0   0.00700

  658.0   0.00704

  659.0   0.00704

  660.0   0.00703

  661.0   0.00705

  662.0   0.00706

  663.0   0.00707

  664.0   0.00701

  665.0   0.00708

  666.0   0.00707

  667.0   0.00714

  668.0   0.00715

  669.0   0.00714

  670.0   0.00712

  671.0   0.00710

  672.0   0.00708

  673.0   0.00705

  674.0   0.00708

  675.0   0.00702

  676.0   0.00705

  677.0   0.00698

  678.0   0.00698

  679.0   0.00701

  680.0   0.00699

  681.0   0.00700

  682.0   0.00695

  683.0   0.00692

  684.0   0.00689

  685.0   0.00690

  686.0   0.00694

  687.0   0.00697

  688.0   0.00694

  689.0   0.00695

  690.0   0.00685

  691.0   0.00688

  692.0   0.00688

  693.0   0.00692

  694.0   0.00692

  695.0   0.00691

  696.0   0.00693

  697.0   0.00694

  698.0   0.00694

  699.0   0.00695

  700.0   0.00693

  701.0   0.00687

  702.0   0.00687

  703.0   0.00690

  704.0   0.00688

  705.0   0.00686

  706.0   0.00690

  707.0   0.00688

  708.0   0.00690

  709.0   0.00688

  710.0   0.00688

  711.0   0.00688

  712.0   0.00685

  713.0   0.00685

  714.0   0.00683

  715.0   0.00686

  716.0   0.00686

  717.0   0.00689

  718.0   0.00696

  719.0   0.00694

  720.0   0.00693

  721.0   0.00692

  722.0   0.00686

  723.0   0.00687

  724.0   0.00684

  725.0   0.00683

  726.0   0.00684

  727.0   0.00692

  728.0   0.00690

  729.0   0.00696

  730.0   0.00692

  731.0   0.00692

  732.0   0.00692

  733.0   0.00692

  734.0   0.00697

  735.0   0.00698

  736.0   0.00712

  737.0   0.00710

  738.0   0.00710

  739.0   0.00714

  740.0   0.00712

  741.0   0.00711

  742.0   0.00718

  743.0   0.00717

  744.0   0.00724

  745.0   0.00726

  746.0   0.00733

  747.0   0.00741

  748.0   0.00738

  749.0   0.00738

  750.0   0.00727

  751.0   0.00732

  752.0   0.00721

  753.0   0.00718

  754.0   0.00713

  755.0   0.00713

  756.0   0.00705

  757.0   0.00700

  758.0   0.00704

  759.0   0.00702

  760.0   0.00694

  761.0   0.00697

  762.0   0.00698

  763.0   0.00690

  764.0   0.00682

  765.0   0.00683

  766.0   0.00687

  767.0   0.00685

  768.0   0.00677

  769.0   0.00670

  770.0   0.00665

  771.0   0.00669

  772.0   0.00670

  773.0   0.00662

  774.0   0.00658

  775.0   0.00662

  776.0   0.00657

  777.0   0.00647

  778.0   0.00642

  779.0   0.00640

  780.0   0.00644

  781.0   0.00654

  782.0   0.00661

  783.0   0.00686

  784.0   0.00699

  785.0   0.00700

  786.0   0.00690

  787.0   0.00688

  788.0   0.00681

  789.0   0.00680

  790.0   0.00672

  791.0   0.00676

  792.0   0.00678

  793.0   0.00679

  794.0   0.00672

  795.0   0.00667

  796.0   0.00671

  797.0   0.00675

  798.0   0.00667

  799.0   0.00674

  800.0   0.00671

 
