ser ID: DU600

Method ID: A:\DEFAULT

Date: 08/06/00

Time: 08:01

 200.0   2.47217

  201.0   3.24254

  202.0   2.98250

  203.0   2.62387

  204.0   3.36530

  205.0   2.80003

  206.0   3.13210

  207.0   3.16361

  208.0   2.65003

  209.0   2.74858

  210.0   3.55291

  211.0   3.57921

  212.0   3.60271

  213.0   3.62870

  214.0   3.17328

  215.0   2.82524

  216.0   3.38899

  217.0   3.40934

  218.0   3.72770

  219.0   3.74421

  220.0   3.45856

  221.0   3.77422

  222.0   3.09117

  223.0   2.95843

  224.0   3.21478

  225.0   3.82963

  226.0   3.84305

  227.0   3.85516

  228.0   3.39082

  229.0   3.18001

  230.0   3.04638

  231.0   3.12391

  232.0   3.91132

  233.0   3.61873

  234.0   3.45020

  235.0   3.45596

  236.0   3.15927

  237.0   2.82702

  238.0   3.09815

  239.0   3.09978

  240.0   2.94576

  241.0   2.83128

  242.0   2.64355

  243.0   2.49604

  244.0   2.40963

  245.0   2.34746

  246.0   2.22774

  247.0   2.13207

  248.0   2.00340

  249.0   1.89417

  250.0   1.78895

  251.0   1.67834

  252.0   1.59553

  253.0   1.51335

  254.0   1.44329

  255.0   1.35594

  256.0   1.28732

  257.0   1.22172

  258.0   1.15458

  259.0   1.09712

  260.0   1.04701

  261.0   1.00109

  262.0   0.95351

  263.0   0.91523

  264.0   0.87560

  265.0   0.84357

  266.0   0.81133

  267.0   0.78499

  268.0   0.75870

  269.0   0.73339

  270.0   0.70642

  271.0   0.68315

  272.0   0.65999

  273.0   0.63654

  274.0   0.61206

  275.0   0.59004

  276.0   0.56703

  277.0   0.54471

  278.0   0.52081

  279.0   0.50026

  280.0   0.48021

  281.0   0.46087

  282.0   0.44471

  283.0   0.42592

  284.0   0.40934

  285.0   0.39015

  286.0   0.37318

  287.0   0.35765

  288.0   0.34190

  289.0   0.32685

  290.0   0.31373

  291.0   0.30053

  292.0   0.28777

  293.0   0.27618

  294.0   0.26611

  295.0   0.25546

  296.0   0.24491

  297.0   0.23540

  298.0   0.22574

  299.0   0.21684

  300.0   0.20923

  301.0   0.20256

  302.0   0.19708

  303.0   0.19307

  304.0   0.18854

  305.0   0.18454

  306.0   0.17969

  307.0   0.17586

  308.0   0.17283

  309.0   0.16985

  310.0   0.16620

  311.0   0.16274

  312.0   0.15909

  313.0   0.15571

  314.0   0.15172

  315.0   0.14898

  316.0   0.14654

  317.0   0.14286

  318.0   0.14066

  319.0   0.13772

  320.0   0.13565

  321.0   0.13470

  322.0   0.13203

  323.0   0.13030

  324.0   0.12980

  325.0   0.12949

  326.0   0.12902

  327.0   0.12755

  328.0   0.12788

  329.0   0.12686

  330.0   0.12640

  331.0   0.12601

  332.0   0.12578

  333.0   0.12574

  334.0   0.12363

  335.0   0.12398

  336.0   0.12392

  337.0   0.12327

  338.0   0.12387

  339.0   0.12410

  340.0   0.12330

  341.0   0.12254

  342.0   0.12353

  343.0   0.12265

  344.0   0.12199

  345.0   0.12210

  346.0   0.12214

  347.0   0.12125

  348.0   0.12123

  349.0   0.12136

  350.0   0.11958

  351.0   0.11887

  352.0   0.11878

  353.0   0.11746

  354.0   0.11570

  355.0   0.11487

  356.0   0.11416

  357.0   0.11308

  358.0   0.11108

  359.0   0.10920

  360.0   0.10808

  361.0   0.10564

  362.0   0.10327

  363.0   0.10172

  364.0   0.10058

  365.0   0.09795

  366.0   0.09633

  367.0   0.09299

  368.0   0.09138

  369.0   0.08976

  370.0   0.08762

  371.0   0.08651

  372.0   0.08410

  373.0   0.08239

  374.0   0.08036

  375.0   0.07831

  376.0   0.07693

  377.0   0.07555

  378.0   0.07302

  379.0   0.07115

  380.0   0.06950

  381.0   0.06737

  382.0   0.06590

  383.0   0.06488

  384.0   0.06313

  385.0   0.06166

  386.0   0.05978

  387.0   0.05811

  388.0   0.05699

  389.0   0.05580

  390.0   0.05507

  391.0   0.05375

  392.0   0.05258

  393.0   0.05168

  394.0   0.05051

  395.0   0.04960

  396.0   0.04879

  397.0   0.04811

  398.0   0.04711

  399.0   0.04617

  400.0   0.04568

  401.0   0.04460

  402.0   0.04414

  403.0   0.04343

  404.0   0.04287

  405.0   0.04196

  406.0   0.04125

  407.0   0.04042

  408.0   0.03956

  409.0   0.03868

  410.0   0.03780

  411.0   0.03710

  412.0   0.03599

  413.0   0.03489

  414.0   0.03406

  415.0   0.03348

  416.0   0.03233

  417.0   0.03117

  418.0   0.03026

  419.0   0.02881

  420.0   0.02774

  421.0   0.02672

  422.0   0.02568

  423.0   0.02459

  424.0   0.02364

  425.0   0.02278

  426.0   0.02184

  427.0   0.02084

  428.0   0.01996

  429.0   0.01893

  430.0   0.01824

  431.0   0.01753

  432.0   0.01683

  433.0   0.01629

  434.0   0.01546

  435.0   0.01488

  436.0   0.01419

  437.0   0.01363

  438.0   0.01317

  439.0   0.01271

  440.0   0.01220

  441.0   0.01174

  442.0   0.01133

  443.0   0.01110

  444.0   0.01056

  445.0   0.01012

  446.0   0.00975

  447.0   0.00947

  448.0   0.00918

  449.0   0.00893

  450.0   0.00870

  451.0   0.00838

  452.0   0.00817

  453.0   0.00788

  454.0   0.00757

  455.0   0.00730

  456.0   0.00713

  457.0   0.00692

  458.0   0.00671

  459.0   0.00647

  460.0   0.00638

  461.0   0.00630

  462.0   0.00600

  463.0   0.00578

  464.0   0.00566

  465.0   0.00562

  466.0   0.00548

  467.0   0.00541

  468.0   0.00528

  469.0   0.00512

  470.0   0.00504

  471.0   0.00498

  472.0   0.00493

  473.0   0.00489

  474.0   0.00478

  475.0   0.00466

  476.0   0.00447

  477.0   0.00447

  478.0   0.00428

  479.0   0.00424

  480.0   0.00409

  481.0   0.00391

  482.0   0.00381

  483.0   0.00377

  484.0   0.00375

  485.0   0.00371

  486.0   0.00368

  487.0   0.00356

  488.0   0.00364

  489.0   0.00360

  490.0   0.00369

  491.0   0.00364

  492.0   0.00360

  493.0   0.00363

  494.0   0.00359

  495.0   0.00361

  496.0   0.00362

  497.0   0.00365

  498.0   0.00365

  499.0   0.00370

  500.0   0.00381

  501.0   0.00380

  502.0   0.00385

  503.0   0.00398

  504.0   0.00411

  505.0   0.00414

  506.0   0.00431

  507.0   0.00443

  508.0   0.00450

  509.0   0.00452

  510.0   0.00459

  511.0   0.00458

  512.0   0.00462

  513.0   0.00469

  514.0   0.00477

  515.0   0.00479

  516.0   0.00484

  517.0   0.00489

  518.0   0.00495

  519.0   0.00499

  520.0   0.00505

  521.0   0.00508

  522.0   0.00511

  523.0   0.00518

  524.0   0.00517

  525.0   0.00523

  526.0   0.00524

  527.0   0.00534

  528.0   0.00541

  529.0   0.00552

  530.0   0.00559

  531.0   0.00563

  532.0   0.00571

  533.0   0.00578

  534.0   0.00591

  535.0   0.00598

  536.0   0.00600

  537.0   0.00613

  538.0   0.00619

  539.0   0.00625

  540.0   0.00633

  541.0   0.00644

  542.0   0.00656

  543.0   0.00665

  544.0   0.00681

  545.0   0.00685

  546.0   0.00694

  547.0   0.00698

  548.0   0.00708

  549.0   0.00713

  550.0   0.00725

  551.0   0.00735

  552.0   0.00751

  553.0   0.00753

  554.0   0.00759

  555.0   0.00765

  556.0   0.00765

  557.0   0.00838

  558.0   0.00841

  559.0   0.00836

  560.0   0.00838

  561.0   0.00835

  562.0   0.00831

  563.0   0.00832

  564.0   0.00831

  565.0   0.00834

  566.0   0.00842

  567.0   0.00845

  568.0   0.00845

  569.0   0.00844

  570.0   0.00844

  571.0   0.00843

  572.0   0.00839

  573.0   0.00842

  574.0   0.00844

  575.0   0.00848

  576.0   0.00848

  577.0   0.00853

  578.0   0.00854

  579.0   0.00857

  580.0   0.00861

  581.0   0.00865

  582.0   0.00863

  583.0   0.00867

  584.0   0.00873

  585.0   0.00883

  586.0   0.00888

  587.0   0.00898

  588.0   0.00910

  589.0   0.00916

  590.0   0.00922

  591.0   0.00931

  592.0   0.00938

  593.0   0.00947

  594.0   0.00954

  595.0   0.00965

  596.0   0.00966

  597.0   0.00962

  598.0   0.00964

  599.0   0.00962

  600.0   0.00962

  601.0   0.00957

  602.0   0.00958

  603.0   0.00960

  604.0   0.00957

  605.0   0.00959

  606.0   0.00959

  607.0   0.00954

  608.0   0.00954

  609.0   0.00952

  610.0   0.00949

  611.0   0.00954

  612.0   0.00953

  613.0   0.00958

  614.0   0.00963

  615.0   0.00962

  616.0   0.00962

  617.0   0.00963

  618.0   0.00964

  619.0   0.00966

  620.0   0.00967

  621.0   0.00967

  622.0   0.00967

  623.0   0.00969

  624.0   0.00967

  625.0   0.00965

  626.0   0.00962

  627.0   0.00966

  628.0   0.00963

  629.0   0.00965

  630.0   0.00968

  631.0   0.00967

  632.0   0.00966

  633.0   0.00965

  634.0   0.00965

  635.0   0.00970

  636.0   0.00969

  637.0   0.00971

  638.0   0.00973

  639.0   0.00978

  640.0   0.00979

  641.0   0.00986

  642.0   0.00989

  643.0   0.00996

  644.0   0.00999

  645.0   0.01006

  646.0   0.01010

  647.0   0.01013

  648.0   0.01017

  649.0   0.01017

  650.0   0.01019

  651.0   0.01016

  652.0   0.01022

  653.0   0.01016

  654.0   0.01017

  655.0   0.01015

  656.0   0.01010

  657.0   0.01008

  658.0   0.01011

  659.0   0.01010

  660.0   0.01011

  661.0   0.01016

  662.0   0.01014

  663.0   0.01014

  664.0   0.01005

  665.0   0.01000

  666.0   0.01000

  667.0   0.01003

  668.0   0.01001

  669.0   0.01003

  670.0   0.00996

  671.0   0.00995

  672.0   0.00993

  673.0   0.00985

  674.0   0.00982

  675.0   0.00977

  676.0   0.00977

  677.0   0.00975

  678.0   0.00968

  679.0   0.00968

  680.0   0.00963

  681.0   0.00960

  682.0   0.00951

  683.0   0.00951

  684.0   0.00943

  685.0   0.00945

  686.0   0.00944

  687.0   0.00939

  688.0   0.00935

  689.0   0.00930

  690.0   0.00926

  691.0   0.00923

  692.0   0.00921

  693.0   0.00923

  694.0   0.00916

  695.0   0.00916

  696.0   0.00917

  697.0   0.00912

  698.0   0.00911

  699.0   0.00909

  700.0   0.00904

  701.0   0.00893

  702.0   0.00890

  703.0   0.00893

  704.0   0.00894

  705.0   0.00887

  706.0   0.00886

  707.0   0.00885

  708.0   0.00882

  709.0   0.00881

  710.0   0.00870

  711.0   0.00870

  712.0   0.00867

  713.0   0.00862

  714.0   0.00866

  715.0   0.00863

  716.0   0.00865

  717.0   0.00862

  718.0   0.00862

  719.0   0.00857

  720.0   0.00852

  721.0   0.00854

  722.0   0.00850

  723.0   0.00850

  724.0   0.00841

  725.0   0.00844

  726.0   0.00844

  727.0   0.00846

  728.0   0.00844

  729.0   0.00843

  730.0   0.00843

  731.0   0.00844

  732.0   0.00843

  733.0   0.00839

  734.0   0.00843

  735.0   0.00839

  736.0   0.00881

  737.0   0.00872

  738.0   0.00870

  739.0   0.00870

  740.0   0.00868

  741.0   0.00860

  742.0   0.00859

  743.0   0.00857

  744.0   0.00862

  745.0   0.00861

  746.0   0.00865

  747.0   0.00873

  748.0   0.00872

  749.0   0.00861

  750.0   0.00847

  751.0   0.00852

  752.0   0.00838

  753.0   0.00827

  754.0   0.00822

  755.0   0.00822

  756.0   0.00817

  757.0   0.00810

  758.0   0.00808

  759.0   0.00800

  760.0   0.00798

  761.0   0.00799

  762.0   0.00797

  763.0   0.00794

  764.0   0.00781

  765.0   0.00776

  766.0   0.00777

  767.0   0.00778

  768.0   0.00771

  769.0   0.00763

  770.0   0.00759

  771.0   0.00754

  772.0   0.00752

  773.0   0.00745

  774.0   0.00738

  775.0   0.00730

  776.0   0.00735

  777.0   0.00730

  778.0   0.00729

  779.0   0.00724

  780.0   0.00725

  781.0   0.00718

  782.0   0.00713

  783.0   0.00715

  784.0   0.00710

  785.0   0.00712

  786.0   0.00704

  787.0   0.00703

  788.0   0.00699

  789.0   0.00694

  790.0   0.00690

  791.0   0.00688

  792.0   0.00693

  793.0   0.00694

  794.0   0.00695

  795.0   0.00685

  796.0   0.00689

  797.0   0.00696

  798.0   0.00694

  799.0   0.00698

  800.0   0.00689

 
