ser ID: DU600

Method ID: A:\DEFAULT

Date: 08/06/00

Time: 06:10

 200.0   3.17114

  201.0   2.64048

  202.0   2.38044

  203.0   2.72078

  204.0   2.76324

  205.0   2.70312

  206.0   3.43313

  207.0   2.98752

  208.0   2.65003

  209.0   3.04961

  210.0   3.55291

  211.0   3.57921

  212.0   3.60271

  213.0   3.02664

  214.0   2.74731

  215.0   2.82524

  216.0   3.38899

  217.0   3.71037

  218.0   3.72770

  219.0   3.74421

  220.0   2.98144

  221.0   2.99607

  222.0   3.09117

  223.0   3.80353

  224.0   3.81684

  225.0   3.35250

  226.0   3.84305

  227.0   3.37803

  228.0   3.16897

  229.0   3.03388

  230.0   3.89148

  231.0   3.30000

  232.0   3.91132

  233.0   3.31770

  234.0   3.14917

  235.0   3.63205

  236.0   2.93742

  237.0   3.94096

  238.0   3.94325

  239.0   3.46776

  240.0   3.34370

  241.0   2.90383

  242.0   2.76849

  243.0   2.82925

  244.0   2.82717

  245.0   2.73440

  246.0   2.61309

  247.0   2.46901

  248.0   2.29421

  249.0   2.24231

  250.0   2.11995

  251.0   2.07502

  252.0   1.96001

  253.0   1.89996

  254.0   1.79245

  255.0   1.69510

  256.0   1.61413

  257.0   1.53623

  258.0   1.46477

  259.0   1.38162

  260.0   1.31369

  261.0   1.24929

  262.0   1.18838

  263.0   1.13759

  264.0   1.10013

  265.0   1.05952

  266.0   1.01654

  267.0   0.98607

  268.0   0.95538

  269.0   0.92512

  270.0   0.90282

  271.0   0.87693

  272.0   0.85248

  273.0   0.82937

  274.0   0.79779

  275.0   0.77406

  276.0   0.74960

  277.0   0.72281

  278.0   0.69477

  279.0   0.66839

  280.0   0.64037

  281.0   0.61112

  282.0   0.58552

  283.0   0.56003

  284.0   0.53447

  285.0   0.50749

  286.0   0.48118

  287.0   0.45625

  288.0   0.43054

  289.0   0.40870

  290.0   0.38767

  291.0   0.36906

  292.0   0.34901

  293.0   0.33121

  294.0   0.31426

  295.0   0.29598

  296.0   0.27954

  297.0   0.26452

  298.0   0.24993

  299.0   0.23460

  300.0   0.22236

  301.0   0.21019

  302.0   0.19986

  303.0   0.19100

  304.0   0.18308

  305.0   0.17527

  306.0   0.16687

  307.0   0.15993

  308.0   0.15396

  309.0   0.14812

  310.0   0.14272

  311.0   0.13758

  312.0   0.13310

  313.0   0.12842

  314.0   0.12427

  315.0   0.12087

  316.0   0.11733

  317.0   0.11444

  318.0   0.11208

  319.0   0.11041

  320.0   0.10954

  321.0   0.10903

  322.0   0.10887

  323.0   0.10886

  324.0   0.10955

  325.0   0.11030

  326.0   0.11180

  327.0   0.11350

  328.0   0.11599

  329.0   0.11935

  330.0   0.12122

  331.0   0.12393

  332.0   0.12695

  333.0   0.12963

  334.0   0.13241

  335.0   0.13703

  336.0   0.14057

  337.0   0.14413

  338.0   0.14807

  339.0   0.15185

  340.0   0.15641

  341.0   0.16063

  342.0   0.16594

  343.0   0.16885

  344.0   0.17386

  345.0   0.17755

  346.0   0.17987

  347.0   0.18417

  348.0   0.18778

  349.0   0.19179

  350.0   0.19375

  351.0   0.19614

  352.0   0.19740

  353.0   0.19894

  354.0   0.20005

  355.0   0.20067

  356.0   0.20136

  357.0   0.20245

  358.0   0.20068

  359.0   0.19935

  360.0   0.19807

  361.0   0.19550

  362.0   0.19424

  363.0   0.19192

  364.0   0.18943

  365.0   0.18583

  366.0   0.18330

  367.0   0.17884

  368.0   0.17591

  369.0   0.17319

  370.0   0.16895

  371.0   0.16579

  372.0   0.16224

  373.0   0.15899

  374.0   0.15558

  375.0   0.15243

  376.0   0.14818

  377.0   0.14497

  378.0   0.14076

  379.0   0.13706

  380.0   0.13397

  381.0   0.13097

  382.0   0.12765

  383.0   0.12425

  384.0   0.12068

  385.0   0.11739

  386.0   0.11365

  387.0   0.11083

  388.0   0.10814

  389.0   0.10489

  390.0   0.10216

  391.0   0.09929

  392.0   0.09657

  393.0   0.09436

  394.0   0.09173

  395.0   0.08966

  396.0   0.08733

  397.0   0.08522

  398.0   0.08322

  399.0   0.08136

  400.0   0.07986

  401.0   0.07807

  402.0   0.07652

  403.0   0.07494

  404.0   0.07316

  405.0   0.07172

  406.0   0.07051

  407.0   0.06921

  408.0   0.06750

  409.0   0.06583

  410.0   0.06442

  411.0   0.06329

  412.0   0.06177

  413.0   0.06027

  414.0   0.05877

  415.0   0.05773

  416.0   0.05590

  417.0   0.05418

  418.0   0.05252

  419.0   0.05075

  420.0   0.04933

  421.0   0.04764

  422.0   0.04590

  423.0   0.04445

  424.0   0.04284

  425.0   0.04142

  426.0   0.03980

  427.0   0.03835

  428.0   0.03696

  429.0   0.03534

  430.0   0.03411

  431.0   0.03266

  432.0   0.03153

  433.0   0.03036

  434.0   0.02913

  435.0   0.02793

  436.0   0.02668

  437.0   0.02556

  438.0   0.02456

  439.0   0.02366

  440.0   0.02260

  441.0   0.02159

  442.0   0.02079

  443.0   0.02007

  444.0   0.01918

  445.0   0.01831

  446.0   0.01755

  447.0   0.01693

  448.0   0.01621

  449.0   0.01569

  450.0   0.01520

  451.0   0.01459

  452.0   0.01406

  453.0   0.01354

  454.0   0.01291

  455.0   0.01243

  456.0   0.01201

  457.0   0.01165

  458.0   0.01112

  459.0   0.01068

  460.0   0.01024

  461.0   0.00996

  462.0   0.00947

  463.0   0.00918

  464.0   0.00882

  465.0   0.00857

  466.0   0.00822

  467.0   0.00795

  468.0   0.00772

  469.0   0.00740

  470.0   0.00716

  471.0   0.00687

  472.0   0.00677

  473.0   0.00659

  474.0   0.00642

  475.0   0.00620

  476.0   0.00594

  477.0   0.00583

  478.0   0.00554

  479.0   0.00534

  480.0   0.00517

  481.0   0.00504

  482.0   0.00489

  483.0   0.00473

  484.0   0.00462

  485.0   0.00446

  486.0   0.00441

  487.0   0.00426

  488.0   0.00419

  489.0   0.00410

  490.0   0.00402

  491.0   0.00400

  492.0   0.00390

  493.0   0.00388

  494.0   0.00378

  495.0   0.00372

  496.0   0.00368

  497.0   0.00359

  498.0   0.00361

  499.0   0.00354

  500.0   0.00361

  501.0   0.00360

  502.0   0.00359

  503.0   0.00368

  504.0   0.00372

  505.0   0.00373

  506.0   0.00380

  507.0   0.00384

  508.0   0.00385

  509.0   0.00389

  510.0   0.00396

  511.0   0.00387

  512.0   0.00385

  513.0   0.00391

  514.0   0.00395

  515.0   0.00401

  516.0   0.00401

  517.0   0.00402

  518.0   0.00401

  519.0   0.00402

  520.0   0.00403

  521.0   0.00401

  522.0   0.00404

  523.0   0.00405

  524.0   0.00397

  525.0   0.00401

  526.0   0.00397

  527.0   0.00399

  528.0   0.00401

  529.0   0.00407

  530.0   0.00407

  531.0   0.00415

  532.0   0.00418

  533.0   0.00415

  534.0   0.00416

  535.0   0.00421

  536.0   0.00426

  537.0   0.00429

  538.0   0.00434

  539.0   0.00434

  540.0   0.00432

  541.0   0.00439

  542.0   0.00443

  543.0   0.00444

  544.0   0.00458

  545.0   0.00460

  546.0   0.00465

  547.0   0.00467

  548.0   0.00471

  549.0   0.00474

  550.0   0.00483

  551.0   0.00490

  552.0   0.00496

  553.0   0.00492

  554.0   0.00499

  555.0   0.00499

  556.0   0.00505

  557.0   0.00549

  558.0   0.00550

  559.0   0.00549

  560.0   0.00552

  561.0   0.00554

  562.0   0.00547

  563.0   0.00548

  564.0   0.00542

  565.0   0.00547

  566.0   0.00550

  567.0   0.00544

  568.0   0.00544

  569.0   0.00536

  570.0   0.00539

  571.0   0.00539

  572.0   0.00540

  573.0   0.00540

  574.0   0.00543

  575.0   0.00540

  576.0   0.00536

  577.0   0.00545

  578.0   0.00554

  579.0   0.00566

  580.0   0.00579

  581.0   0.00586

  582.0   0.00590

  583.0   0.00589

  584.0   0.00588

  585.0   0.00592

  586.0   0.00598

  587.0   0.00605

  588.0   0.00611

  589.0   0.00620

  590.0   0.00622

  591.0   0.00625

  592.0   0.00630

  593.0   0.00638

  594.0   0.00637

  595.0   0.00642

  596.0   0.00643

  597.0   0.00640

  598.0   0.00643

  599.0   0.00633

  600.0   0.00633

  601.0   0.00634

  602.0   0.00633

  603.0   0.00633

  604.0   0.00629

  605.0   0.00632

  606.0   0.00632

  607.0   0.00629

  608.0   0.00631

  609.0   0.00633

  610.0   0.00631

  611.0   0.00631

  612.0   0.00635

  613.0   0.00640

  614.0   0.00642

  615.0   0.00643

  616.0   0.00645

  617.0   0.00641

  618.0   0.00643

  619.0   0.00646

  620.0   0.00644

  621.0   0.00646

  622.0   0.00645

  623.0   0.00646

  624.0   0.00643

  625.0   0.00642

  626.0   0.00634

  627.0   0.00640

  628.0   0.00636

  629.0   0.00640

  630.0   0.00643

  631.0   0.00644

  632.0   0.00643

  633.0   0.00646

  634.0   0.00647

  635.0   0.00646

  636.0   0.00648

  637.0   0.00649

  638.0   0.00654

  639.0   0.00659

  640.0   0.00660

  641.0   0.00668

  642.0   0.00677

  643.0   0.00685

  644.0   0.00690

  645.0   0.00695

  646.0   0.00700

  647.0   0.00709

  648.0   0.00713

  649.0   0.00718

  650.0   0.00718

  651.0   0.00718

  652.0   0.00721

  653.0   0.00718

  654.0   0.00715

  655.0   0.00712

  656.0   0.00712

  657.0   0.00712

  658.0   0.00713

  659.0   0.00717

  660.0   0.00720

  661.0   0.00728

  662.0   0.00727

  663.0   0.00728

  664.0   0.00724

  665.0   0.00723

  666.0   0.00728

  667.0   0.00734

  668.0   0.00736

  669.0   0.00733

  670.0   0.00731

  671.0   0.00729

  672.0   0.00729

  673.0   0.00727

  674.0   0.00729

  675.0   0.00727

  676.0   0.00728

  677.0   0.00730

  678.0   0.00730

  679.0   0.00734

  680.0   0.00737

  681.0   0.00731

  682.0   0.00726

  683.0   0.00725

  684.0   0.00728

  685.0   0.00732

  686.0   0.00742

  687.0   0.00739

  688.0   0.00731

  689.0   0.00729

  690.0   0.00725

  691.0   0.00726

  692.0   0.00727

  693.0   0.00728

  694.0   0.00728

  695.0   0.00727

  696.0   0.00729

  697.0   0.00725

  698.0   0.00725

  699.0   0.00730

  700.0   0.00720

  701.0   0.00714

  702.0   0.00718

  703.0   0.00722

  704.0   0.00724

  705.0   0.00724

  706.0   0.00724

  707.0   0.00726

  708.0   0.00723

  709.0   0.00721

  710.0   0.00717

  711.0   0.00715

  712.0   0.00716

  713.0   0.00712

  714.0   0.00715

  715.0   0.00713

  716.0   0.00720

  717.0   0.00725

  718.0   0.00724

  719.0   0.00721

  720.0   0.00715

  721.0   0.00714

  722.0   0.00706

  723.0   0.00712

  724.0   0.00707

  725.0   0.00706

  726.0   0.00707

  727.0   0.00713

  728.0   0.00711

  729.0   0.00717

  730.0   0.00720

  731.0   0.00716

  732.0   0.00712

  733.0   0.00709

  734.0   0.00714

  735.0   0.00718

  736.0   0.00686

  737.0   0.00690

  738.0   0.00696

  739.0   0.00700

  740.0   0.00698

  741.0   0.00705

  742.0   0.00709

  743.0   0.00719

  744.0   0.00730

  745.0   0.00737

  746.0   0.00747

  747.0   0.00758

  748.0   0.00752

  749.0   0.00746

  750.0   0.00735

  751.0   0.00735

  752.0   0.00724

  753.0   0.00724

  754.0   0.00721

  755.0   0.00722

  756.0   0.00716

  757.0   0.00712

  758.0   0.00713

  759.0   0.00708

  760.0   0.00705

  761.0   0.00706

  762.0   0.00709

  763.0   0.00707

  764.0   0.00702

  765.0   0.00706

  766.0   0.00709

  767.0   0.00713

  768.0   0.00706

  769.0   0.00692

  770.0   0.00691

  771.0   0.00697

  772.0   0.00687

  773.0   0.00685

  774.0   0.00681

  775.0   0.00679

  776.0   0.00677

  777.0   0.00667

  778.0   0.00659

  779.0   0.00652

  780.0   0.00650

  781.0   0.00649

  782.0   0.00656

  783.0   0.00668

  784.0   0.00670

  785.0   0.00671

  786.0   0.00669

  787.0   0.00668

  788.0   0.00661

  789.0   0.00650

  790.0   0.00646

  791.0   0.00650

  792.0   0.00648

  793.0   0.00658

  794.0   0.00666

  795.0   0.00661

  796.0   0.00671

  797.0   0.00672

  798.0   0.00670

  799.0   0.00674

  800.0   0.00665

 
