ser ID: DU600

Method ID: A:\DEFAULT

Date: 08/06/00

Time: 06:25

 200.0   3.17114

  201.0   2.54357

  202.0   3.28353

  203.0   3.32284

  204.0   3.06427

  205.0   2.80003

  206.0   3.43313

  207.0   3.46464

  208.0   3.49513

  209.0   3.52673

  210.0   3.07579

  211.0   3.27818

  212.0   2.82456

  213.0   3.62870

  214.0   3.65040

  215.0   3.67034

  216.0   3.69002

  217.0   3.71037

  218.0   2.94955

  219.0   3.14215

  220.0   3.28247

  221.0   3.77422

  222.0   3.48911

  223.0   3.80353

  224.0   3.81684

  225.0   3.82963

  226.0   3.36592

  227.0   3.85516

  228.0   3.86794

  229.0   3.57795

  230.0   3.89148

  231.0   3.20309

  232.0   2.95707

  233.0   3.31770

  234.0   3.92732

  235.0   3.63205

  236.0   3.33536

  237.0   3.46384

  238.0   3.64222

  239.0   2.99063

  240.0   3.46864

  241.0   3.46810

  242.0   2.94458

  243.0   2.90180

  244.0   2.71066

  245.0   2.55831

  246.0   2.47291

  247.0   2.37510

  248.0   2.34789

  249.0   2.24231

  250.0   2.11311

  251.0   1.97937

  252.0   1.87197

  253.0   1.81086

  254.0   1.72647

  255.0   1.65321

  256.0   1.56401

  257.0   1.48291

  258.0   1.40952

  259.0   1.32859

  260.0   1.26622

  261.0   1.21043

  262.0   1.15391

  263.0   1.10559

  264.0   1.06440

  265.0   1.02167

  266.0   0.98469

  267.0   0.94998

  268.0   0.92682

  269.0   0.89759

  270.0   0.86814

  271.0   0.84337

  272.0   0.81631

  273.0   0.79301

  274.0   0.76824

  275.0   0.74121

  276.0   0.71542

  277.0   0.68944

  278.0   0.65974

  279.0   0.63535

  280.0   0.60899

  281.0   0.58333

  282.0   0.55770

  283.0   0.53370

  284.0   0.51075

  285.0   0.48380

  286.0   0.45965

  287.0   0.43687

  288.0   0.41320

  289.0   0.39382

  290.0   0.37401

  291.0   0.35631

  292.0   0.33701

  293.0   0.32119

  294.0   0.30636

  295.0   0.28965

  296.0   0.27452

  297.0   0.26006

  298.0   0.24597

  299.0   0.23237

  300.0   0.22139

  301.0   0.21114

  302.0   0.20114

  303.0   0.19307

  304.0   0.18591

  305.0   0.17875

  306.0   0.17099

  307.0   0.16536

  308.0   0.15982

  309.0   0.15431

  310.0   0.14981

  311.0   0.14435

  312.0   0.13990

  313.0   0.13582

  314.0   0.13194

  315.0   0.12870

  316.0   0.12500

  317.0   0.12172

  318.0   0.11920

  319.0   0.11725

  320.0   0.11634

  321.0   0.11600

  322.0   0.11495

  323.0   0.11359

  324.0   0.11418

  325.0   0.11597

  326.0   0.11738

  327.0   0.11758

  328.0   0.12021

  329.0   0.12141

  330.0   0.12264

  331.0   0.12471

  332.0   0.12799

  333.0   0.13015

  334.0   0.13150

  335.0   0.13415

  336.0   0.13716

  337.0   0.14006

  338.0   0.14386

  339.0   0.14671

  340.0   0.14979

  341.0   0.15253

  342.0   0.15619

  343.0   0.15934

  344.0   0.16362

  345.0   0.16646

  346.0   0.16876

  347.0   0.17070

  348.0   0.17438

  349.0   0.17641

  350.0   0.17816

  351.0   0.18047

  352.0   0.18197

  353.0   0.18231

  354.0   0.18210

  355.0   0.18221

  356.0   0.18283

  357.0   0.18379

  358.0   0.18242

  359.0   0.18041

  360.0   0.17970

  361.0   0.17731

  362.0   0.17584

  363.0   0.17247

  364.0   0.17066

  365.0   0.16789

  366.0   0.16530

  367.0   0.16129

  368.0   0.15883

  369.0   0.15628

  370.0   0.15233

  371.0   0.14951

  372.0   0.14699

  373.0   0.14334

  374.0   0.14041

  375.0   0.13747

  376.0   0.13361

  377.0   0.13110

  378.0   0.12712

  379.0   0.12418

  380.0   0.12118

  381.0   0.11845

  382.0   0.11535

  383.0   0.11256

  384.0   0.10931

  385.0   0.10661

  386.0   0.10300

  387.0   0.10064

  388.0   0.09820

  389.0   0.09561

  390.0   0.09331

  391.0   0.09049

  392.0   0.08820

  393.0   0.08602

  394.0   0.08407

  395.0   0.08220

  396.0   0.08024

  397.0   0.07827

  398.0   0.07644

  399.0   0.07512

  400.0   0.07345

  401.0   0.07201

  402.0   0.07074

  403.0   0.06926

  404.0   0.06786

  405.0   0.06632

  406.0   0.06528

  407.0   0.06398

  408.0   0.06260

  409.0   0.06099

  410.0   0.05960

  411.0   0.05857

  412.0   0.05704

  413.0   0.05557

  414.0   0.05430

  415.0   0.05350

  416.0   0.05152

  417.0   0.04974

  418.0   0.04850

  419.0   0.04685

  420.0   0.04527

  421.0   0.04378

  422.0   0.04224

  423.0   0.04056

  424.0   0.03923

  425.0   0.03775

  426.0   0.03646

  427.0   0.03495

  428.0   0.03351

  429.0   0.03191

  430.0   0.03084

  431.0   0.02961

  432.0   0.02843

  433.0   0.02728

  434.0   0.02618

  435.0   0.02517

  436.0   0.02394

  437.0   0.02316

  438.0   0.02211

  439.0   0.02126

  440.0   0.02036

  441.0   0.01954

  442.0   0.01878

  443.0   0.01819

  444.0   0.01744

  445.0   0.01664

  446.0   0.01605

  447.0   0.01540

  448.0   0.01484

  449.0   0.01430

  450.0   0.01387

  451.0   0.01323

  452.0   0.01275

  453.0   0.01212

  454.0   0.01172

  455.0   0.01138

  456.0   0.01097

  457.0   0.01065

  458.0   0.01017

  459.0   0.00974

  460.0   0.00947

  461.0   0.00912

  462.0   0.00871

  463.0   0.00835

  464.0   0.00815

  465.0   0.00788

  466.0   0.00777

  467.0   0.00751

  468.0   0.00729

  469.0   0.00708

  470.0   0.00685

  471.0   0.00664

  472.0   0.00651

  473.0   0.00637

  474.0   0.00621

  475.0   0.00602

  476.0   0.00574

  477.0   0.00560

  478.0   0.00535

  479.0   0.00518

  480.0   0.00498

  481.0   0.00471

  482.0   0.00459

  483.0   0.00446

  484.0   0.00440

  485.0   0.00431

  486.0   0.00422

  487.0   0.00409

  488.0   0.00406

  489.0   0.00396

  490.0   0.00395

  491.0   0.00393

  492.0   0.00377

  493.0   0.00376

  494.0   0.00367

  495.0   0.00366

  496.0   0.00370

  497.0   0.00367

  498.0   0.00374

  499.0   0.00366

  500.0   0.00375

  501.0   0.00374

  502.0   0.00369

  503.0   0.00378

  504.0   0.00384

  505.0   0.00391

  506.0   0.00398

  507.0   0.00401

  508.0   0.00406

  509.0   0.00408

  510.0   0.00412

  511.0   0.00415

  512.0   0.00419

  513.0   0.00421

  514.0   0.00425

  515.0   0.00431

  516.0   0.00433

  517.0   0.00435

  518.0   0.00436

  519.0   0.00433

  520.0   0.00432

  521.0   0.00432

  522.0   0.00435

  523.0   0.00434

  524.0   0.00432

  525.0   0.00432

  526.0   0.00432

  527.0   0.00435

  528.0   0.00439

  529.0   0.00445

  530.0   0.00446

  531.0   0.00452

  532.0   0.00456

  533.0   0.00455

  534.0   0.00466

  535.0   0.00465

  536.0   0.00470

  537.0   0.00474

  538.0   0.00479

  539.0   0.00490

  540.0   0.00492

  541.0   0.00502

  542.0   0.00509

  543.0   0.00516

  544.0   0.00526

  545.0   0.00535

  546.0   0.00541

  547.0   0.00544

  548.0   0.00548

  549.0   0.00555

  550.0   0.00563

  551.0   0.00568

  552.0   0.00577

  553.0   0.00577

  554.0   0.00580

  555.0   0.00583

  556.0   0.00585

  557.0   0.00645

  558.0   0.00650

  559.0   0.00646

  560.0   0.00651

  561.0   0.00651

  562.0   0.00645

  563.0   0.00648

  564.0   0.00643

  565.0   0.00650

  566.0   0.00652

  567.0   0.00652

  568.0   0.00656

  569.0   0.00653

  570.0   0.00653

  571.0   0.00651

  572.0   0.00651

  573.0   0.00651

  574.0   0.00654

  575.0   0.00652

  576.0   0.00656

  577.0   0.00656

  578.0   0.00656

  579.0   0.00660

  580.0   0.00666

  581.0   0.00666

  582.0   0.00668

  583.0   0.00671

  584.0   0.00682

  585.0   0.00688

  586.0   0.00694

  587.0   0.00702

  588.0   0.00709

  589.0   0.00715

  590.0   0.00719

  591.0   0.00727

  592.0   0.00729

  593.0   0.00746

  594.0   0.00753

  595.0   0.00759

  596.0   0.00757

  597.0   0.00758

  598.0   0.00762

  599.0   0.00754

  600.0   0.00754

  601.0   0.00752

  602.0   0.00752

  603.0   0.00750

  604.0   0.00747

  605.0   0.00754

  606.0   0.00753

  607.0   0.00755

  608.0   0.00758

  609.0   0.00758

  610.0   0.00751

  611.0   0.00751

  612.0   0.00750

  613.0   0.00748

  614.0   0.00747

  615.0   0.00747

  616.0   0.00743

  617.0   0.00745

  618.0   0.00743

  619.0   0.00745

  620.0   0.00745

  621.0   0.00749

  622.0   0.00748

  623.0   0.00743

  624.0   0.00738

  625.0   0.00739

  626.0   0.00737

  627.0   0.00743

  628.0   0.00737

  629.0   0.00741

  630.0   0.00742

  631.0   0.00745

  632.0   0.00742

  633.0   0.00743

  634.0   0.00744

  635.0   0.00744

  636.0   0.00745

  637.0   0.00748

  638.0   0.00749

  639.0   0.00754

  640.0   0.00760

  641.0   0.00769

  642.0   0.00779

  643.0   0.00784

  644.0   0.00791

  645.0   0.00791

  646.0   0.00799

  647.0   0.00801

  648.0   0.00806

  649.0   0.00808

  650.0   0.00810

  651.0   0.00812

  652.0   0.00814

  653.0   0.00810

  654.0   0.00807

  655.0   0.00803

  656.0   0.00802

  657.0   0.00803

  658.0   0.00806

  659.0   0.00810

  660.0   0.00808

  661.0   0.00814

  662.0   0.00815

  663.0   0.00816

  664.0   0.00811

  665.0   0.00812

  666.0   0.00815

  667.0   0.00818

  668.0   0.00821

  669.0   0.00824

  670.0   0.00822

  671.0   0.00824

  672.0   0.00821

  673.0   0.00817

  674.0   0.00818

  675.0   0.00816

  676.0   0.00815

  677.0   0.00811

  678.0   0.00809

  679.0   0.00812

  680.0   0.00814

  681.0   0.00812

  682.0   0.00809

  683.0   0.00807

  684.0   0.00806

  685.0   0.00811

  686.0   0.00812

  687.0   0.00811

  688.0   0.00809

  689.0   0.00811

  690.0   0.00805

  691.0   0.00803

  692.0   0.00797

  693.0   0.00800

  694.0   0.00798

  695.0   0.00802

  696.0   0.00806

  697.0   0.00800

  698.0   0.00804

  699.0   0.00806

  700.0   0.00803

  701.0   0.00799

  702.0   0.00803

  703.0   0.00808

  704.0   0.00802

  705.0   0.00803

  706.0   0.00797

  707.0   0.00801

  708.0   0.00804

  709.0   0.00807

  710.0   0.00800

  711.0   0.00803

  712.0   0.00802

  713.0   0.00799

  714.0   0.00800

  715.0   0.00803

  716.0   0.00806

  717.0   0.00803

  718.0   0.00805

  719.0   0.00802

  720.0   0.00801

  721.0   0.00801

  722.0   0.00792

  723.0   0.00794

  724.0   0.00789

  725.0   0.00789

  726.0   0.00786

  727.0   0.00785

  728.0   0.00789

  729.0   0.00789

  730.0   0.00790

  731.0   0.00786

  732.0   0.00785

  733.0   0.00783

  734.0   0.00788

  735.0   0.00792

  736.0   0.00815

  737.0   0.00815

  738.0   0.00821

  739.0   0.00822

  740.0   0.00820

  741.0   0.00815

  742.0   0.00811

  743.0   0.00812

  744.0   0.00814

  745.0   0.00819

  746.0   0.00820

  747.0   0.00831

  748.0   0.00825

  749.0   0.00819

  750.0   0.00802

  751.0   0.00813

  752.0   0.00810

  753.0   0.00799

  754.0   0.00800

  755.0   0.00803

  756.0   0.00801

  757.0   0.00799

  758.0   0.00794

  759.0   0.00789

  760.0   0.00784

  761.0   0.00782

  762.0   0.00785

  763.0   0.00777

  764.0   0.00770

  765.0   0.00768

  766.0   0.00766

  767.0   0.00772

  768.0   0.00765

  769.0   0.00758

  770.0   0.00759

  771.0   0.00757

  772.0   0.00758

  773.0   0.00754

  774.0   0.00741

  775.0   0.00736

  776.0   0.00737

  777.0   0.00736

  778.0   0.00734

  779.0   0.00733

  780.0   0.00734

  781.0   0.00732

  782.0   0.00725

  783.0   0.00721

  784.0   0.00710

  785.0   0.00703

  786.0   0.00690

  787.0   0.00691

  788.0   0.00675

  789.0   0.00668

  790.0   0.00660

  791.0   0.00662

  792.0   0.00663

  793.0   0.00664

  794.0   0.00669

  795.0   0.00655

  796.0   0.00653

  797.0   0.00654

  798.0   0.00652

  799.0   0.00656

  800.0   0.00647

 
