ser ID: DU600

Method ID: A:\DEFAULT

Date: 08/06/00

Time: 11:18

 200.0   3.17114

  201.0   3.24254

  202.0   3.28353

  203.0   3.02181

  204.0   2.66633

  205.0   2.70312

  206.0   2.95601

  207.0   3.46464

  208.0   3.01801

  209.0   3.22570

  210.0   3.25188

  211.0   3.57921

  212.0   3.60271

  213.0   3.62870

  214.0   3.65040

  215.0   3.67034

  216.0   3.69002

  217.0   3.71037

  218.0   3.42667

  219.0   3.04524

  220.0   3.45856

  221.0   3.29710

  222.0   3.09117

  223.0   3.32640

  224.0   3.81684

  225.0   3.13066

  226.0   3.36592

  227.0   3.85516

  228.0   3.86794

  229.0   3.87898

  230.0   3.89148

  231.0   3.90206

  232.0   3.91132

  233.0   3.61873

  234.0   3.22835

  235.0   3.02999

  236.0   2.89602

  237.0   2.98672

  238.0   2.82930

  239.0   2.64385

  240.0   2.60334

  241.0   2.56501

  242.0   2.41310

  243.0   2.37500

  244.0   2.24214

  245.0   2.16767

  246.0   2.02682

  247.0   1.91022

  248.0   1.81041

  249.0   1.70084

  250.0   1.60542

  251.0   1.49889

  252.0   1.41524

  253.0   1.33025

  254.0   1.25719

  255.0   1.18111

  256.0   1.11597

  257.0   1.05781

  258.0   0.99960

  259.0   0.94900

  260.0   0.90297

  261.0   0.86087

  262.0   0.82297

  263.0   0.78902

  264.0   0.75720

  265.0   0.72774

  266.0   0.69832

  267.0   0.67123

  268.0   0.64866

  269.0   0.62608

  270.0   0.59988

  271.0   0.57930

  272.0   0.55795

  273.0   0.53696

  274.0   0.51440

  275.0   0.49462

  276.0   0.47386

  277.0   0.45527

  278.0   0.43554

  279.0   0.42028

  280.0   0.40382

  281.0   0.38816

  282.0   0.37424

  283.0   0.36106

  284.0   0.34864

  285.0   0.33349

  286.0   0.32135

  287.0   0.30897

  288.0   0.29680

  289.0   0.28547

  290.0   0.27561

  291.0   0.26594

  292.0   0.25692

  293.0   0.24853

  294.0   0.24122

  295.0   0.23260

  296.0   0.22470

  297.0   0.21772

  298.0   0.21060

  299.0   0.20415

  300.0   0.19878

  301.0   0.19450

  302.0   0.19055

  303.0   0.18781

  304.0   0.18546

  305.0   0.18294

  306.0   0.18026

  307.0   0.17781

  308.0   0.17582

  309.0   0.17368

  310.0   0.17098

  311.0   0.16850

  312.0   0.16512

  313.0   0.16238

  314.0   0.15893

  315.0   0.15551

  316.0   0.15155

  317.0   0.14915

  318.0   0.14638

  319.0   0.14325

  320.0   0.14212

  321.0   0.14094

  322.0   0.13766

  323.0   0.13541

  324.0   0.13360

  325.0   0.13146

  326.0   0.13020

  327.0   0.12860

  328.0   0.12761

  329.0   0.12608

  330.0   0.12432

  331.0   0.12290

  332.0   0.12127

  333.0   0.11973

  334.0   0.11690

  335.0   0.11504

  336.0   0.11342

  337.0   0.11161

  338.0   0.10947

  339.0   0.10809

  340.0   0.10551

  341.0   0.10297

  342.0   0.10122

  343.0   0.09907

  344.0   0.09696

  345.0   0.09546

  346.0   0.09355

  347.0   0.09067

  348.0   0.08954

  349.0   0.08720

  350.0   0.08457

  351.0   0.08283

  352.0   0.08125

  353.0   0.07830

  354.0   0.07583

  355.0   0.07429

  356.0   0.07333

  357.0   0.07173

  358.0   0.06922

  359.0   0.06631

  360.0   0.06550

  361.0   0.06325

  362.0   0.06105

  363.0   0.05976

  364.0   0.05854

  365.0   0.05706

  366.0   0.05576

  367.0   0.05350

  368.0   0.05256

  369.0   0.05092

  370.0   0.04936

  371.0   0.04814

  372.0   0.04722

  373.0   0.04631

  374.0   0.04509

  375.0   0.04398

  376.0   0.04250

  377.0   0.04169

  378.0   0.04035

  379.0   0.03969

  380.0   0.03883

  381.0   0.03781

  382.0   0.03697

  383.0   0.03630

  384.0   0.03550

  385.0   0.03447

  386.0   0.03330

  387.0   0.03262

  388.0   0.03208

  389.0   0.03186

  390.0   0.03159

  391.0   0.03085

  392.0   0.03079

  393.0   0.03039

  394.0   0.02995

  395.0   0.02971

  396.0   0.02932

  397.0   0.02884

  398.0   0.02841

  399.0   0.02796

  400.0   0.02762

  401.0   0.02744

  402.0   0.02730

  403.0   0.02679

  404.0   0.02666

  405.0   0.02622

  406.0   0.02580

  407.0   0.02545

  408.0   0.02484

  409.0   0.02426

  410.0   0.02369

  411.0   0.02339

  412.0   0.02273

  413.0   0.02194

  414.0   0.02148

  415.0   0.02095

  416.0   0.02036

  417.0   0.01967

  418.0   0.01881

  419.0   0.01804

  420.0   0.01717

  421.0   0.01659

  422.0   0.01591

  423.0   0.01500

  424.0   0.01445

  425.0   0.01383

  426.0   0.01319

  427.0   0.01255

  428.0   0.01186

  429.0   0.01125

  430.0   0.01093

  431.0   0.01047

  432.0   0.01012

  433.0   0.00981

  434.0   0.00947

  435.0   0.00915

  436.0   0.00860

  437.0   0.00837

  438.0   0.00809

  439.0   0.00793

  440.0   0.00773

  441.0   0.00739

  442.0   0.00726

  443.0   0.00710

  444.0   0.00685

  445.0   0.00656

  446.0   0.00638

  447.0   0.00629

  448.0   0.00613

  449.0   0.00601

  450.0   0.00590

  451.0   0.00570

  452.0   0.00556

  453.0   0.00547

  454.0   0.00530

  455.0   0.00513

  456.0   0.00514

  457.0   0.00507

  458.0   0.00491

  459.0   0.00480

  460.0   0.00469

  461.0   0.00465

  462.0   0.00441

  463.0   0.00433

  464.0   0.00427

  465.0   0.00425

  466.0   0.00424

  467.0   0.00427

  468.0   0.00420

  469.0   0.00403

  470.0   0.00402

  471.0   0.00402

  472.0   0.00403

  473.0   0.00392

  474.0   0.00399

  475.0   0.00389

  476.0   0.00378

  477.0   0.00377

  478.0   0.00362

  479.0   0.00357

  480.0   0.00354

  481.0   0.00347

  482.0   0.00343

  483.0   0.00345

  484.0   0.00341

  485.0   0.00343

  486.0   0.00342

  487.0   0.00337

  488.0   0.00346

  489.0   0.00346

  490.0   0.00351

  491.0   0.00351

  492.0   0.00340

  493.0   0.00348

  494.0   0.00346

  495.0   0.00349

  496.0   0.00349

  497.0   0.00350

  498.0   0.00359

  499.0   0.00366

  500.0   0.00379

  501.0   0.00382

  502.0   0.00387

  503.0   0.00402

  504.0   0.00417

  505.0   0.00424

  506.0   0.00436

  507.0   0.00451

  508.0   0.00460

  509.0   0.00461

  510.0   0.00478

  511.0   0.00483

  512.0   0.00490

  513.0   0.00497

  514.0   0.00508

  515.0   0.00518

  516.0   0.00529

  517.0   0.00535

  518.0   0.00544

  519.0   0.00549

  520.0   0.00555

  521.0   0.00557

  522.0   0.00568

  523.0   0.00578

  524.0   0.00581

  525.0   0.00584

  526.0   0.00592

  527.0   0.00597

  528.0   0.00603

  529.0   0.00613

  530.0   0.00615

  531.0   0.00627

  532.0   0.00639

  533.0   0.00644

  534.0   0.00661

  535.0   0.00668

  536.0   0.00679

  537.0   0.00693

  538.0   0.00703

  539.0   0.00713

  540.0   0.00721

  541.0   0.00736

  542.0   0.00755

  543.0   0.00767

  544.0   0.00787

  545.0   0.00799

  546.0   0.00806

  547.0   0.00814

  548.0   0.00822

  549.0   0.00829

  550.0   0.00835

  551.0   0.00842

  552.0   0.00856

  553.0   0.00857

  554.0   0.00862

  555.0   0.00868

  556.0   0.00870

  557.0   0.00955

  558.0   0.00958

  559.0   0.00955

  560.0   0.00957

  561.0   0.00953

  562.0   0.00951

  563.0   0.00949

  564.0   0.00947

  565.0   0.00953

  566.0   0.00958

  567.0   0.00963

  568.0   0.00967

  569.0   0.00971

  570.0   0.00971

  571.0   0.00968

  572.0   0.00966

  573.0   0.00964

  574.0   0.00970

  575.0   0.00965

  576.0   0.00967

  577.0   0.00969

  578.0   0.00972

  579.0   0.00976

  580.0   0.00984

  581.0   0.00988

  582.0   0.00990

  583.0   0.00991

  584.0   0.01002

  585.0   0.01008

  586.0   0.01020

  587.0   0.01028

  588.0   0.01033

  589.0   0.01039

  590.0   0.01044

  591.0   0.01052

  592.0   0.01057

  593.0   0.01063

  594.0   0.01070

  595.0   0.01078

  596.0   0.01085

  597.0   0.01083

  598.0   0.01089

  599.0   0.01085

  600.0   0.01084

  601.0   0.01086

  602.0   0.01086

  603.0   0.01087

  604.0   0.01087

  605.0   0.01090

  606.0   0.01088

  607.0   0.01086

  608.0   0.01086

  609.0   0.01087

  610.0   0.01084

  611.0   0.01087

  612.0   0.01088

  613.0   0.01094

  614.0   0.01096

  615.0   0.01101

  616.0   0.01102

  617.0   0.01103

  618.0   0.01102

  619.0   0.01105

  620.0   0.01109

  621.0   0.01113

  622.0   0.01109

  623.0   0.01109

  624.0   0.01108

  625.0   0.01106

  626.0   0.01106

  627.0   0.01107

  628.0   0.01100

  629.0   0.01107

  630.0   0.01102

  631.0   0.01105

  632.0   0.01102

  633.0   0.01101

  634.0   0.01103

  635.0   0.01102

  636.0   0.01105

  637.0   0.01106

  638.0   0.01109

  639.0   0.01115

  640.0   0.01122

  641.0   0.01123

  642.0   0.01126

  643.0   0.01130

  644.0   0.01131

  645.0   0.01137

  646.0   0.01140

  647.0   0.01144

  648.0   0.01144

  649.0   0.01148

  650.0   0.01146

  651.0   0.01153

  652.0   0.01152

  653.0   0.01150

  654.0   0.01148

  655.0   0.01142

  656.0   0.01135

  657.0   0.01134

  658.0   0.01132

  659.0   0.01132

  660.0   0.01129

  661.0   0.01134

  662.0   0.01127

  663.0   0.01122

  664.0   0.01117

  665.0   0.01117

  666.0   0.01113

  667.0   0.01120

  668.0   0.01117

  669.0   0.01115

  670.0   0.01112

  671.0   0.01107

  672.0   0.01105

  673.0   0.01099

  674.0   0.01091

  675.0   0.01084

  676.0   0.01080

  677.0   0.01072

  678.0   0.01068

  679.0   0.01067

  680.0   0.01064

  681.0   0.01053

  682.0   0.01047

  683.0   0.01046

  684.0   0.01040

  685.0   0.01042

  686.0   0.01038

  687.0   0.01033

  688.0   0.01030

  689.0   0.01021

  690.0   0.01014

  691.0   0.01009

  692.0   0.01004

  693.0   0.01003

  694.0   0.00994

  695.0   0.00989

  696.0   0.00986

  697.0   0.00980

  698.0   0.00977

  699.0   0.00976

  700.0   0.00965

  701.0   0.00958

  702.0   0.00954

  703.0   0.00957

  704.0   0.00954

  705.0   0.00944

  706.0   0.00941

  707.0   0.00934

  708.0   0.00929

  709.0   0.00921

  710.0   0.00916

  711.0   0.00913

  712.0   0.00911

  713.0   0.00909

  714.0   0.00906

  715.0   0.00906

  716.0   0.00903

  717.0   0.00903

  718.0   0.00903

  719.0   0.00901

  720.0   0.00897

  721.0   0.00890

  722.0   0.00882

  723.0   0.00882

  724.0   0.00883

  725.0   0.00879

  726.0   0.00877

  727.0   0.00879

  728.0   0.00879

  729.0   0.00877

  730.0   0.00874

  731.0   0.00873

  732.0   0.00868

  733.0   0.00866

  734.0   0.00867

  735.0   0.00866

  736.0   0.00918

  737.0   0.00910

  738.0   0.00904

  739.0   0.00899

  740.0   0.00896

  741.0   0.00889

  742.0   0.00896

  743.0   0.00894

  744.0   0.00896

  745.0   0.00897

  746.0   0.00896

  747.0   0.00901

  748.0   0.00895

  749.0   0.00889

  750.0   0.00872

  751.0   0.00878

  752.0   0.00867

  753.0   0.00861

  754.0   0.00856

  755.0   0.00856

  756.0   0.00851

  757.0   0.00844

  758.0   0.00842

  759.0   0.00831

  760.0   0.00829

  761.0   0.00830

  762.0   0.00830

  763.0   0.00828

  764.0   0.00815

  765.0   0.00813

  766.0   0.00808

  767.0   0.00809

  768.0   0.00796

  769.0   0.00792

  770.0   0.00787

  771.0   0.00788

  772.0   0.00784

  773.0   0.00774

  774.0   0.00772

  775.0   0.00771

  776.0   0.00769

  777.0   0.00767

  778.0   0.00763

  779.0   0.00759

  780.0   0.00760

  781.0   0.00756

  782.0   0.00757

  783.0   0.00747

  784.0   0.00751

  785.0   0.00738

  786.0   0.00737

  787.0   0.00735

  788.0   0.00737

  789.0   0.00733

  790.0   0.00725

  791.0   0.00727

  792.0   0.00728

  793.0   0.00727

  794.0   0.00722

  795.0   0.00715

  796.0   0.00716

  797.0   0.00717

  798.0   0.00715

  799.0   0.00725

  800.0   0.00713

 
