ser ID: DU600

Method ID: A:\DEFAULT

Date: 08/06/00

Time: 08:13

 200.0   2.56908

  201.0   2.46439

  202.0   3.28353

  203.0   3.32284

  204.0   2.66633

  205.0   2.55699

  206.0   2.65498

  207.0   3.16361

  208.0   3.49513

  209.0   3.52673

  210.0   3.25188

  211.0   3.57921

  212.0   3.60271

  213.0   3.32767

  214.0   2.95143

  215.0   3.67034

  216.0   3.08796

  217.0   3.71037

  218.0   3.72770

  219.0   3.44318

  220.0   3.45856

  221.0   3.29710

  222.0   3.31302

  223.0   2.95843

  224.0   3.11787

  225.0   3.05147

  226.0   3.84305

  227.0   3.85516

  228.0   3.86794

  229.0   3.87898

  230.0   3.41436

  231.0   3.05696

  232.0   3.21235

  233.0   3.61873

  234.0   3.45020

  235.0   3.93308

  236.0   3.93742

  237.0   3.24199

  238.0   3.16510

  239.0   2.79875

  240.0   2.83182

  241.0   2.64419

  242.0   2.58285

  243.0   2.58147

  244.0   2.47872

  245.0   2.32574

  246.0   2.22774

  247.0   2.06218

  248.0   1.96389

  249.0   1.85537

  250.0   1.75493

  251.0   1.67083

  252.0   1.57898

  253.0   1.49435

  254.0   1.41678

  255.0   1.33505

  256.0   1.26401

  257.0   1.19684

  258.0   1.13840

  259.0   1.08129

  260.0   1.03013

  261.0   0.98449

  262.0   0.93732

  263.0   0.89871

  264.0   0.86302

  265.0   0.83084

  266.0   0.79767

  267.0   0.77194

  268.0   0.74624

  269.0   0.72150

  270.0   0.69407

  271.0   0.67002

  272.0   0.64960

  273.0   0.62603

  274.0   0.60009

  275.0   0.57727

  276.0   0.55563

  277.0   0.53311

  278.0   0.51095

  279.0   0.49174

  280.0   0.47249

  281.0   0.45164

  282.0   0.43484

  283.0   0.41757

  284.0   0.40202

  285.0   0.38453

  286.0   0.36843

  287.0   0.35209

  288.0   0.33624

  289.0   0.32153

  290.0   0.30887

  291.0   0.29639

  292.0   0.28444

  293.0   0.27362

  294.0   0.26453

  295.0   0.25250

  296.0   0.24277

  297.0   0.23367

  298.0   0.22428

  299.0   0.21493

  300.0   0.20829

  301.0   0.20221

  302.0   0.19685

  303.0   0.19249

  304.0   0.18808

  305.0   0.18557

  306.0   0.18026

  307.0   0.17655

  308.0   0.17340

  309.0   0.17054

  310.0   0.16713

  311.0   0.16368

  312.0   0.16085

  313.0   0.15689

  314.0   0.15303

  315.0   0.15042

  316.0   0.14667

  317.0   0.14397

  318.0   0.14152

  319.0   0.13822

  320.0   0.13704

  321.0   0.13686

  322.0   0.13281

  323.0   0.13096

  324.0   0.13019

  325.0   0.13002

  326.0   0.12954

  327.0   0.12860

  328.0   0.12853

  329.0   0.12778

  330.0   0.12679

  331.0   0.12562

  332.0   0.12565

  333.0   0.12471

  334.0   0.12452

  335.0   0.12360

  336.0   0.12329

  337.0   0.12252

  338.0   0.12150

  339.0   0.12199

  340.0   0.12120

  341.0   0.12070

  342.0   0.12084

  343.0   0.12071

  344.0   0.11958

  345.0   0.11922

  346.0   0.11879

  347.0   0.11744

  348.0   0.11779

  349.0   0.11722

  350.0   0.11593

  351.0   0.11464

  352.0   0.11420

  353.0   0.11218

  354.0   0.11124

  355.0   0.10959

  356.0   0.10934

  357.0   0.10785

  358.0   0.10562

  359.0   0.10410

  360.0   0.10321

  361.0   0.10111

  362.0   0.09885

  363.0   0.09678

  364.0   0.09557

  365.0   0.09250

  366.0   0.09073

  367.0   0.08887

  368.0   0.08754

  369.0   0.08566

  370.0   0.08296

  371.0   0.08148

  372.0   0.07940

  373.0   0.07794

  374.0   0.07635

  375.0   0.07451

  376.0   0.07285

  377.0   0.07107

  378.0   0.06870

  379.0   0.06727

  380.0   0.06581

  381.0   0.06410

  382.0   0.06261

  383.0   0.06124

  384.0   0.05989

  385.0   0.05837

  386.0   0.05680

  387.0   0.05526

  388.0   0.05387

  389.0   0.05308

  390.0   0.05205

  391.0   0.05117

  392.0   0.04997

  393.0   0.04903

  394.0   0.04820

  395.0   0.04737

  396.0   0.04640

  397.0   0.04564

  398.0   0.04490

  399.0   0.04449

  400.0   0.04348

  401.0   0.04277

  402.0   0.04223

  403.0   0.04149

  404.0   0.04072

  405.0   0.04004

  406.0   0.03945

  407.0   0.03867

  408.0   0.03780

  409.0   0.03694

  410.0   0.03603

  411.0   0.03543

  412.0   0.03447

  413.0   0.03351

  414.0   0.03278

  415.0   0.03222

  416.0   0.03091

  417.0   0.02971

  418.0   0.02892

  419.0   0.02752

  420.0   0.02656

  421.0   0.02557

  422.0   0.02456

  423.0   0.02351

  424.0   0.02258

  425.0   0.02161

  426.0   0.02062

  427.0   0.01980

  428.0   0.01894

  429.0   0.01800

  430.0   0.01740

  431.0   0.01665

  432.0   0.01603

  433.0   0.01528

  434.0   0.01470

  435.0   0.01414

  436.0   0.01336

  437.0   0.01303

  438.0   0.01248

  439.0   0.01203

  440.0   0.01164

  441.0   0.01124

  442.0   0.01074

  443.0   0.01043

  444.0   0.01013

  445.0   0.00969

  446.0   0.00938

  447.0   0.00906

  448.0   0.00877

  449.0   0.00844

  450.0   0.00835

  451.0   0.00799

  452.0   0.00787

  453.0   0.00763

  454.0   0.00740

  455.0   0.00709

  456.0   0.00692

  457.0   0.00675

  458.0   0.00659

  459.0   0.00643

  460.0   0.00626

  461.0   0.00610

  462.0   0.00584

  463.0   0.00562

  464.0   0.00551

  465.0   0.00535

  466.0   0.00540

  467.0   0.00526

  468.0   0.00510

  469.0   0.00498

  470.0   0.00487

  471.0   0.00475

  472.0   0.00470

  473.0   0.00470

  474.0   0.00466

  475.0   0.00454

  476.0   0.00447

  477.0   0.00436

  478.0   0.00423

  479.0   0.00419

  480.0   0.00409

  481.0   0.00399

  482.0   0.00388

  483.0   0.00379

  484.0   0.00377

  485.0   0.00371

  486.0   0.00370

  487.0   0.00368

  488.0   0.00367

  489.0   0.00364

  490.0   0.00360

  491.0   0.00360

  492.0   0.00353

  493.0   0.00352

  494.0   0.00352

  495.0   0.00351

  496.0   0.00356

  497.0   0.00354

  498.0   0.00363

  499.0   0.00368

  500.0   0.00381

  501.0   0.00378

  502.0   0.00385

  503.0   0.00394

  504.0   0.00401

  505.0   0.00410

  506.0   0.00425

  507.0   0.00439

  508.0   0.00448

  509.0   0.00453

  510.0   0.00466

  511.0   0.00466

  512.0   0.00469

  513.0   0.00479

  514.0   0.00486

  515.0   0.00495

  516.0   0.00497

  517.0   0.00503

  518.0   0.00507

  519.0   0.00514

  520.0   0.00518

  521.0   0.00523

  522.0   0.00524

  523.0   0.00530

  524.0   0.00528

  525.0   0.00537

  526.0   0.00537

  527.0   0.00546

  528.0   0.00550

  529.0   0.00556

  530.0   0.00559

  531.0   0.00567

  532.0   0.00579

  533.0   0.00585

  534.0   0.00600

  535.0   0.00603

  536.0   0.00613

  537.0   0.00624

  538.0   0.00630

  539.0   0.00645

  540.0   0.00651

  541.0   0.00661

  542.0   0.00677

  543.0   0.00686

  544.0   0.00696

  545.0   0.00702

  546.0   0.00713

  547.0   0.00721

  548.0   0.00728

  549.0   0.00733

  550.0   0.00748

  551.0   0.00754

  552.0   0.00768

  553.0   0.00771

  554.0   0.00778

  555.0   0.00779

  556.0   0.00780

  557.0   0.00859

  558.0   0.00859

  559.0   0.00857

  560.0   0.00857

  561.0   0.00856

  562.0   0.00854

  563.0   0.00853

  564.0   0.00854

  565.0   0.00856

  566.0   0.00862

  567.0   0.00865

  568.0   0.00869

  569.0   0.00865

  570.0   0.00864

  571.0   0.00860

  572.0   0.00860

  573.0   0.00863

  574.0   0.00868

  575.0   0.00869

  576.0   0.00867

  577.0   0.00869

  578.0   0.00873

  579.0   0.00879

  580.0   0.00882

  581.0   0.00887

  582.0   0.00888

  583.0   0.00891

  584.0   0.00902

  585.0   0.00908

  586.0   0.00915

  587.0   0.00924

  588.0   0.00929

  589.0   0.00936

  590.0   0.00941

  591.0   0.00950

  592.0   0.00953

  593.0   0.00962

  594.0   0.00967

  595.0   0.00978

  596.0   0.00981

  597.0   0.00981

  598.0   0.00984

  599.0   0.00979

  600.0   0.00978

  601.0   0.00973

  602.0   0.00975

  603.0   0.00971

  604.0   0.00968

  605.0   0.00970

  606.0   0.00968

  607.0   0.00968

  608.0   0.00969

  609.0   0.00970

  610.0   0.00969

  611.0   0.00972

  612.0   0.00970

  613.0   0.00974

  614.0   0.00980

  615.0   0.00980

  616.0   0.00983

  617.0   0.00982

  618.0   0.00977

  619.0   0.00980

  620.0   0.00981

  621.0   0.00979

  622.0   0.00977

  623.0   0.00978

  624.0   0.00974

  625.0   0.00978

  626.0   0.00978

  627.0   0.00980

  628.0   0.00975

  629.0   0.00977

  630.0   0.00973

  631.0   0.00974

  632.0   0.00972

  633.0   0.00973

  634.0   0.00974

  635.0   0.00975

  636.0   0.00980

  637.0   0.00986

  638.0   0.00989

  639.0   0.00995

  640.0   0.01002

  641.0   0.01005

  642.0   0.01010

  643.0   0.01016

  644.0   0.01020

  645.0   0.01025

  646.0   0.01034

  647.0   0.01037

  648.0   0.01042

  649.0   0.01041

  650.0   0.01041

  651.0   0.01042

  652.0   0.01042

  653.0   0.01038

  654.0   0.01041

  655.0   0.01039

  656.0   0.01036

  657.0   0.01034

  658.0   0.01033

  659.0   0.01031

  660.0   0.01032

  661.0   0.01032

  662.0   0.01030

  663.0   0.01028

  664.0   0.01019

  665.0   0.01019

  666.0   0.01019

  667.0   0.01020

  668.0   0.01017

  669.0   0.01013

  670.0   0.01012

  671.0   0.01007

  672.0   0.01004

  673.0   0.00999

  674.0   0.00998

  675.0   0.00989

  676.0   0.00986

  677.0   0.00982

  678.0   0.00977

  679.0   0.00974

  680.0   0.00974

  681.0   0.00971

  682.0   0.00967

  683.0   0.00962

  684.0   0.00961

  685.0   0.00957

  686.0   0.00957

  687.0   0.00957

  688.0   0.00946

  689.0   0.00941

  690.0   0.00934

  691.0   0.00934

  692.0   0.00932

  693.0   0.00931

  694.0   0.00927

  695.0   0.00928

  696.0   0.00921

  697.0   0.00916

  698.0   0.00917

  699.0   0.00913

  700.0   0.00908

  701.0   0.00901

  702.0   0.00900

  703.0   0.00901

  704.0   0.00900

  705.0   0.00897

  706.0   0.00894

  707.0   0.00893

  708.0   0.00886

  709.0   0.00883

  710.0   0.00877

  711.0   0.00872

  712.0   0.00871

  713.0   0.00868

  714.0   0.00868

  715.0   0.00867

  716.0   0.00867

  717.0   0.00864

  718.0   0.00864

  719.0   0.00859

  720.0   0.00850

  721.0   0.00854

  722.0   0.00848

  723.0   0.00853

  724.0   0.00848

  725.0   0.00846

  726.0   0.00844

  727.0   0.00846

  728.0   0.00846

  729.0   0.00846

  730.0   0.00843

  731.0   0.00837

  732.0   0.00836

  733.0   0.00837

  734.0   0.00835

  735.0   0.00837

  736.0   0.00878

  737.0   0.00875

  738.0   0.00875

  739.0   0.00879

  740.0   0.00871

  741.0   0.00872

  742.0   0.00867

  743.0   0.00866

  744.0   0.00867

  745.0   0.00869

  746.0   0.00871

  747.0   0.00879

  748.0   0.00870

  749.0   0.00861

  750.0   0.00847

  751.0   0.00847

  752.0   0.00838

  753.0   0.00830

  754.0   0.00822

  755.0   0.00822

  756.0   0.00823

  757.0   0.00815

  758.0   0.00811

  759.0   0.00806

  760.0   0.00806

  761.0   0.00799

  762.0   0.00797

  763.0   0.00792

  764.0   0.00778

  765.0   0.00779

  766.0   0.00777

  767.0   0.00775

  768.0   0.00768

  769.0   0.00763

  770.0   0.00759

  771.0   0.00757

  772.0   0.00755

  773.0   0.00745

  774.0   0.00741

  775.0   0.00742

  776.0   0.00732

  777.0   0.00727

  778.0   0.00723

  779.0   0.00721

  780.0   0.00722

  781.0   0.00718

  782.0   0.00716

  783.0   0.00715

  784.0   0.00707

  785.0   0.00706

  786.0   0.00702

  787.0   0.00703

  788.0   0.00705

  789.0   0.00697

  790.0   0.00696

  791.0   0.00697

  792.0   0.00701

  793.0   0.00703

  794.0   0.00701

  795.0   0.00688

  796.0   0.00692

  797.0   0.00690

  798.0   0.00685

  799.0   0.00692

  800.0   0.00686

 
