ser ID: DU600

Method ID: A:\DEFAULT

Date: 08/06/00

Time: 06:33

 200.0   2.39299

  201.0   2.76542

  202.0   2.68147

  203.0   3.32284

  204.0   2.88818

  205.0   3.40209

  206.0   3.13210

  207.0   2.68649

  208.0   2.89307

  209.0   2.92467

  210.0   2.95085

  211.0   3.57921

  212.0   3.60271

  213.0   2.85054

  214.0   2.95143

  215.0   3.67034

  216.0   3.69002

  217.0   3.71037

  218.0   3.25058

  219.0   3.14215

  220.0   3.75959

  221.0   3.29710

  222.0   3.48911

  223.0   3.02537

  224.0   3.21478

  225.0   3.82963

  226.0   3.84305

  227.0   3.85516

  228.0   3.26588

  229.0   3.27692

  230.0   3.19251

  231.0   3.30000

  232.0   3.61029

  233.0   3.91976

  234.0   3.32526

  235.0   3.45596

  236.0   3.46030

  237.0   3.03787

  238.0   3.09815

  239.0   3.46776

  240.0   3.34370

  241.0   3.04213

  242.0   2.90319

  243.0   2.73908

  244.0   2.76502

  245.0   2.54058

  246.0   2.47291

  247.0   2.37510

  248.0   2.26492

  249.0   2.18319

  250.0   2.06195

  251.0   1.93160

  252.0   1.83385

  253.0   1.75815

  254.0   1.69826

  255.0   1.61960

  256.0   1.52656

  257.0   1.44801

  258.0   1.37946

  259.0   1.30197

  260.0   1.23964

  261.0   1.18112

  262.0   1.13015

  263.0   1.08701

  264.0   1.04442

  265.0   1.00520

  266.0   0.96210

  267.0   0.92991

  268.0   0.90322

  269.0   0.87523

  270.0   0.85081

  271.0   0.82359

  272.0   0.79929

  273.0   0.77591

  274.0   0.74881

  275.0   0.72211

  276.0   0.69557

  277.0   0.67199

  278.0   0.64307

  279.0   0.61898

  280.0   0.59383

  281.0   0.56583

  282.0   0.54192

  283.0   0.52039

  284.0   0.49789

  285.0   0.47403

  286.0   0.44998

  287.0   0.42652

  288.0   0.40415

  289.0   0.38412

  290.0   0.36542

  291.0   0.34807

  292.0   0.33068

  293.0   0.31597

  294.0   0.30117

  295.0   0.28549

  296.0   0.27022

  297.0   0.25615

  298.0   0.24343

  299.0   0.23101

  300.0   0.21994

  301.0   0.21031

  302.0   0.20102

  303.0   0.19272

  304.0   0.18614

  305.0   0.17954

  306.0   0.17278

  307.0   0.16760

  308.0   0.16205

  309.0   0.15677

  310.0   0.15183

  311.0   0.14704

  312.0   0.14272

  313.0   0.13865

  314.0   0.13490

  315.0   0.13146

  316.0   0.12813

  317.0   0.12418

  318.0   0.12167

  319.0   0.11952

  320.0   0.11924

  321.0   0.11880

  322.0   0.11733

  323.0   0.11635

  324.0   0.11721

  325.0   0.11737

  326.0   0.11827

  327.0   0.11963

  328.0   0.12086

  329.0   0.12244

  330.0   0.12354

  331.0   0.12497

  332.0   0.12786

  333.0   0.12898

  334.0   0.13072

  335.0   0.13233

  336.0   0.13508

  337.0   0.13784

  338.0   0.14163

  339.0   0.14370

  340.0   0.14639

  341.0   0.14795

  342.0   0.15186

  343.0   0.15447

  344.0   0.15780

  345.0   0.16024

  346.0   0.16173

  347.0   0.16445

  348.0   0.16757

  349.0   0.16945

  350.0   0.17051

  351.0   0.17184

  352.0   0.17399

  353.0   0.17335

  354.0   0.17420

  355.0   0.17415

  356.0   0.17337

  357.0   0.17426

  358.0   0.17282

  359.0   0.17091

  360.0   0.16935

  361.0   0.16824

  362.0   0.16673

  363.0   0.16361

  364.0   0.16180

  365.0   0.15839

  366.0   0.15640

  367.0   0.15289

  368.0   0.15023

  369.0   0.14801

  370.0   0.14425

  371.0   0.14131

  372.0   0.13887

  373.0   0.13573

  374.0   0.13272

  375.0   0.12989

  376.0   0.12650

  377.0   0.12402

  378.0   0.12008

  379.0   0.11759

  380.0   0.11468

  381.0   0.11186

  382.0   0.10898

  383.0   0.10677

  384.0   0.10344

  385.0   0.10100

  386.0   0.09755

  387.0   0.09512

  388.0   0.09277

  389.0   0.09048

  390.0   0.08848

  391.0   0.08604

  392.0   0.08373

  393.0   0.08172

  394.0   0.07986

  395.0   0.07829

  396.0   0.07659

  397.0   0.07473

  398.0   0.07286

  399.0   0.07116

  400.0   0.06979

  401.0   0.06856

  402.0   0.06760

  403.0   0.06623

  404.0   0.06476

  405.0   0.06337

  406.0   0.06226

  407.0   0.06071

  408.0   0.05967

  409.0   0.05848

  410.0   0.05707

  411.0   0.05599

  412.0   0.05449

  413.0   0.05310

  414.0   0.05187

  415.0   0.05111

  416.0   0.04924

  417.0   0.04774

  418.0   0.04627

  419.0   0.04451

  420.0   0.04291

  421.0   0.04149

  422.0   0.04001

  423.0   0.03864

  424.0   0.03712

  425.0   0.03585

  426.0   0.03432

  427.0   0.03294

  428.0   0.03175

  429.0   0.03041

  430.0   0.02931

  431.0   0.02799

  432.0   0.02704

  433.0   0.02581

  434.0   0.02474

  435.0   0.02383

  436.0   0.02274

  437.0   0.02177

  438.0   0.02086

  439.0   0.02014

  440.0   0.01932

  441.0   0.01857

  442.0   0.01788

  443.0   0.01726

  444.0   0.01652

  445.0   0.01579

  446.0   0.01506

  447.0   0.01457

  448.0   0.01411

  449.0   0.01353

  450.0   0.01316

  451.0   0.01253

  452.0   0.01210

  453.0   0.01164

  454.0   0.01125

  455.0   0.01074

  456.0   0.01050

  457.0   0.01015

  458.0   0.00975

  459.0   0.00933

  460.0   0.00898

  461.0   0.00871

  462.0   0.00831

  463.0   0.00799

  464.0   0.00776

  465.0   0.00750

  466.0   0.00732

  467.0   0.00710

  468.0   0.00693

  469.0   0.00659

  470.0   0.00644

  471.0   0.00621

  472.0   0.00609

  473.0   0.00593

  474.0   0.00588

  475.0   0.00566

  476.0   0.00548

  477.0   0.00535

  478.0   0.00510

  479.0   0.00496

  480.0   0.00485

  481.0   0.00460

  482.0   0.00446

  483.0   0.00441

  484.0   0.00426

  485.0   0.00417

  486.0   0.00415

  487.0   0.00405

  488.0   0.00401

  489.0   0.00389

  490.0   0.00384

  491.0   0.00380

  492.0   0.00371

  493.0   0.00365

  494.0   0.00356

  495.0   0.00351

  496.0   0.00343

  497.0   0.00340

  498.0   0.00345

  499.0   0.00350

  500.0   0.00357

  501.0   0.00358

  502.0   0.00355

  503.0   0.00365

  504.0   0.00368

  505.0   0.00375

  506.0   0.00382

  507.0   0.00386

  508.0   0.00395

  509.0   0.00393

  510.0   0.00400

  511.0   0.00396

  512.0   0.00396

  513.0   0.00398

  514.0   0.00397

  515.0   0.00405

  516.0   0.00411

  517.0   0.00413

  518.0   0.00419

  519.0   0.00417

  520.0   0.00421

  521.0   0.00417

  522.0   0.00418

  523.0   0.00423

  524.0   0.00421

  525.0   0.00423

  526.0   0.00426

  527.0   0.00430

  528.0   0.00428

  529.0   0.00436

  530.0   0.00444

  531.0   0.00444

  532.0   0.00445

  533.0   0.00450

  534.0   0.00458

  535.0   0.00463

  536.0   0.00466

  537.0   0.00472

  538.0   0.00477

  539.0   0.00481

  540.0   0.00486

  541.0   0.00497

  542.0   0.00505

  543.0   0.00510

  544.0   0.00524

  545.0   0.00526

  546.0   0.00533

  547.0   0.00537

  548.0   0.00547

  549.0   0.00548

  550.0   0.00549

  551.0   0.00558

  552.0   0.00569

  553.0   0.00570

  554.0   0.00574

  555.0   0.00567

  556.0   0.00572

  557.0   0.00633

  558.0   0.00634

  559.0   0.00628

  560.0   0.00630

  561.0   0.00630

  562.0   0.00627

  563.0   0.00627

  564.0   0.00630

  565.0   0.00636

  566.0   0.00643

  567.0   0.00641

  568.0   0.00645

  569.0   0.00643

  570.0   0.00643

  571.0   0.00640

  572.0   0.00638

  573.0   0.00638

  574.0   0.00642

  575.0   0.00640

  576.0   0.00637

  577.0   0.00644

  578.0   0.00644

  579.0   0.00650

  580.0   0.00654

  581.0   0.00658

  582.0   0.00662

  583.0   0.00665

  584.0   0.00674

  585.0   0.00679

  586.0   0.00683

  587.0   0.00683

  588.0   0.00691

  589.0   0.00699

  590.0   0.00705

  591.0   0.00713

  592.0   0.00716

  593.0   0.00722

  594.0   0.00726

  595.0   0.00736

  596.0   0.00735

  597.0   0.00730

  598.0   0.00731

  599.0   0.00728

  600.0   0.00730

  601.0   0.00728

  602.0   0.00729

  603.0   0.00728

  604.0   0.00727

  605.0   0.00730

  606.0   0.00733

  607.0   0.00730

  608.0   0.00730

  609.0   0.00727

  610.0   0.00727

  611.0   0.00731

  612.0   0.00729

  613.0   0.00731

  614.0   0.00736

  615.0   0.00736

  616.0   0.00736

  617.0   0.00736

  618.0   0.00736

  619.0   0.00736

  620.0   0.00738

  621.0   0.00740

  622.0   0.00735

  623.0   0.00736

  624.0   0.00735

  625.0   0.00737

  626.0   0.00737

  627.0   0.00738

  628.0   0.00732

  629.0   0.00733

  630.0   0.00735

  631.0   0.00735

  632.0   0.00735

  633.0   0.00733

  634.0   0.00734

  635.0   0.00737

  636.0   0.00740

  637.0   0.00741

  638.0   0.00744

  639.0   0.00749

  640.0   0.00754

  641.0   0.00760

  642.0   0.00767

  643.0   0.00774

  644.0   0.00777

  645.0   0.00781

  646.0   0.00789

  647.0   0.00793

  648.0   0.00794

  649.0   0.00795

  650.0   0.00793

  651.0   0.00799

  652.0   0.00797

  653.0   0.00796

  654.0   0.00794

  655.0   0.00793

  656.0   0.00794

  657.0   0.00795

  658.0   0.00799

  659.0   0.00802

  660.0   0.00804

  661.0   0.00809

  662.0   0.00806

  663.0   0.00804

  664.0   0.00798

  665.0   0.00800

  666.0   0.00799

  667.0   0.00806

  668.0   0.00802

  669.0   0.00805

  670.0   0.00803

  671.0   0.00803

  672.0   0.00803

  673.0   0.00800

  674.0   0.00800

  675.0   0.00798

  676.0   0.00799

  677.0   0.00794

  678.0   0.00791

  679.0   0.00789

  680.0   0.00796

  681.0   0.00810

  682.0   0.00844

  683.0   0.00863

  684.0   0.00862

  685.0   0.00862

  686.0   0.00863

  687.0   0.00859

  688.0   0.00855

  689.0   0.00855

  690.0   0.00848

  691.0   0.00848

  692.0   0.00849

  693.0   0.00849

  694.0   0.00849

  695.0   0.00848

  696.0   0.00848

  697.0   0.00846

  698.0   0.00845

  699.0   0.00849

  700.0   0.00842

  701.0   0.00830

  702.0   0.00831

  703.0   0.00839

  704.0   0.00838

  705.0   0.00837

  706.0   0.00840

  707.0   0.00838

  708.0   0.00833

  709.0   0.00832

  710.0   0.00823

  711.0   0.00824

  712.0   0.00821

  713.0   0.00816

  714.0   0.00817

  715.0   0.00818

  716.0   0.00819

  717.0   0.00819

  718.0   0.00822

  719.0   0.00817

  720.0   0.00824

  721.0   0.00823

  722.0   0.00823

  723.0   0.00821

  724.0   0.00823

  725.0   0.00819

  726.0   0.00816

  727.0   0.00823

  728.0   0.00820

  729.0   0.00822

  730.0   0.00816

  731.0   0.00815

  732.0   0.00814

  733.0   0.00812

  734.0   0.00808

  735.0   0.00807

  736.0   0.00850

  737.0   0.00841

  738.0   0.00841

  739.0   0.00845

  740.0   0.00842

  741.0   0.00841

  742.0   0.00839

  743.0   0.00840

  744.0   0.00845

  745.0   0.00852

  746.0   0.00860

  747.0   0.00867

  748.0   0.00867

  749.0   0.00861

  750.0   0.00844

  751.0   0.00847

  752.0   0.00838

  753.0   0.00833

  754.0   0.00825

  755.0   0.00825

  756.0   0.00820

  757.0   0.00815

  758.0   0.00817

  759.0   0.00812

  760.0   0.00806

  761.0   0.00807

  762.0   0.00811

  763.0   0.00806

  764.0   0.00795

  765.0   0.00796

  766.0   0.00800

  767.0   0.00798

  768.0   0.00791

  769.0   0.00780

  770.0   0.00773

  771.0   0.00780

  772.0   0.00778

  773.0   0.00768

  774.0   0.00769

  775.0   0.00771

  776.0   0.00769

  777.0   0.00762

  778.0   0.00757

  779.0   0.00756

  780.0   0.00754

  781.0   0.00750

  782.0   0.00748

  783.0   0.00753

  784.0   0.00748

  785.0   0.00744

  786.0   0.00740

  787.0   0.00741

  788.0   0.00740

  789.0   0.00733

  790.0   0.00728

  791.0   0.00736

  792.0   0.00737

  793.0   0.00735

  794.0   0.00740

  795.0   0.00742

  796.0   0.00746

  797.0   0.00747

  798.0   0.00742

  799.0   0.00752

  800.0   0.00740

 
