ser ID: DU600

Method ID: A:\DEFAULT

Date: 08/06/00

Time: 06:34

 200.0   3.17114

  201.0   3.24254

  202.0   2.58456

  203.0   2.41975

  204.0   3.36530

  205.0   3.40209

  206.0   3.43313

  207.0   3.46464

  208.0   3.49513

  209.0   3.52673

  210.0   3.07579

  211.0   3.57921

  212.0   3.60271

  213.0   3.62870

  214.0   3.65040

  215.0   2.97137

  216.0   2.91187

  217.0   2.93222

  218.0   3.25058

  219.0   3.74421

  220.0   3.75959

  221.0   3.17216

  222.0   3.79014

  223.0   3.20147

  224.0   3.11787

  225.0   3.22757

  226.0   3.54202

  227.0   3.85516

  228.0   3.86794

  229.0   3.87898

  230.0   3.89148

  231.0   3.42494

  232.0   3.06622

  233.0   3.91976

  234.0   3.92732

  235.0   3.33102

  236.0   3.93742

  237.0   3.63993

  238.0   3.24428

  239.0   2.86570

  240.0   2.94576

  241.0   2.99098

  242.0   3.46746

  243.0   2.94320

  244.0   2.64008

  245.0   2.57679

  246.0   2.48815

  247.0   2.34034

  248.0   2.26492

  249.0   2.15270

  250.0   2.08678

  251.0   1.96448

  252.0   1.86407

  253.0   1.78371

  254.0   1.67955

  255.0   1.60373

  256.0   1.52846

  257.0   1.45607

  258.0   1.37533

  259.0   1.30314

  260.0   1.23964

  261.0   1.18850

  262.0   1.12441

  263.0   1.08024

  264.0   1.04026

  265.0   1.00134

  266.0   0.96509

  267.0   0.93329

  268.0   0.90216

  269.0   0.87220

  270.0   0.84599

  271.0   0.82267

  272.0   0.79929

  273.0   0.77465

  274.0   0.74605

  275.0   0.71950

  276.0   0.69486

  277.0   0.66865

  278.0   0.64118

  279.0   0.61661

  280.0   0.59327

  281.0   0.56556

  282.0   0.54317

  283.0   0.51897

  284.0   0.49541

  285.0   0.47061

  286.0   0.44816

  287.0   0.42672

  288.0   0.40433

  289.0   0.38447

  290.0   0.36475

  291.0   0.34759

  292.0   0.33068

  293.0   0.31493

  294.0   0.30060

  295.0   0.28452

  296.0   0.26995

  297.0   0.25693

  298.0   0.24369

  299.0   0.23040

  300.0   0.21982

  301.0   0.21114

  302.0   0.20184

  303.0   0.19387

  304.0   0.18660

  305.0   0.17965

  306.0   0.17244

  307.0   0.16760

  308.0   0.16183

  309.0   0.15699

  310.0   0.15239

  311.0   0.14749

  312.0   0.14283

  313.0   0.13888

  314.0   0.13433

  315.0   0.13181

  316.0   0.12882

  317.0   0.12488

  318.0   0.12298

  319.0   0.12120

  320.0   0.11912

  321.0   0.11855

  322.0   0.11784

  323.0   0.11736

  324.0   0.11784

  325.0   0.11800

  326.0   0.11814

  327.0   0.11951

  328.0   0.12137

  329.0   0.12257

  330.0   0.12419

  331.0   0.12549

  332.0   0.12734

  333.0   0.12911

  334.0   0.13072

  335.0   0.13337

  336.0   0.13573

  337.0   0.13810

  338.0   0.14033

  339.0   0.14305

  340.0   0.14626

  341.0   0.14821

  342.0   0.15108

  343.0   0.15408

  344.0   0.15740

  345.0   0.15971

  346.0   0.16226

  347.0   0.16418

  348.0   0.16678

  349.0   0.16839

  350.0   0.16971

  351.0   0.17078

  352.0   0.17291

  353.0   0.17295

  354.0   0.17366

  355.0   0.17279

  356.0   0.17310

  357.0   0.17356

  358.0   0.17241

  359.0   0.17065

  360.0   0.16883

  361.0   0.16721

  362.0   0.16498

  363.0   0.16276

  364.0   0.16145

  365.0   0.15839

  366.0   0.15574

  367.0   0.15213

  368.0   0.14907

  369.0   0.14689

  370.0   0.14336

  371.0   0.14093

  372.0   0.13803

  373.0   0.13502

  374.0   0.13153

  375.0   0.12898

  376.0   0.12587

  377.0   0.12326

  378.0   0.11964

  379.0   0.11703

  380.0   0.11420

  381.0   0.11094

  382.0   0.10847

  383.0   0.10584

  384.0   0.10320

  385.0   0.10066

  386.0   0.09722

  387.0   0.09485

  388.0   0.09219

  389.0   0.08987

  390.0   0.08773

  391.0   0.08536

  392.0   0.08335

  393.0   0.08163

  394.0   0.07954

  395.0   0.07758

  396.0   0.07581

  397.0   0.07417

  398.0   0.07269

  399.0   0.07103

  400.0   0.06979

  401.0   0.06832

  402.0   0.06693

  403.0   0.06569

  404.0   0.06449

  405.0   0.06344

  406.0   0.06219

  407.0   0.06095

  408.0   0.05950

  409.0   0.05796

  410.0   0.05663

  411.0   0.05574

  412.0   0.05437

  413.0   0.05298

  414.0   0.05169

  415.0   0.05089

  416.0   0.04895

  417.0   0.04736

  418.0   0.04608

  419.0   0.04433

  420.0   0.04283

  421.0   0.04123

  422.0   0.03985

  423.0   0.03824

  424.0   0.03704

  425.0   0.03555

  426.0   0.03410

  427.0   0.03279

  428.0   0.03148

  429.0   0.03007

  430.0   0.02898

  431.0   0.02786

  432.0   0.02672

  433.0   0.02568

  434.0   0.02462

  435.0   0.02371

  436.0   0.02246

  437.0   0.02166

  438.0   0.02075

  439.0   0.02003

  440.0   0.01916

  441.0   0.01832

  442.0   0.01768

  443.0   0.01706

  444.0   0.01632

  445.0   0.01564

  446.0   0.01501

  447.0   0.01457

  448.0   0.01393

  449.0   0.01344

  450.0   0.01298

  451.0   0.01253

  452.0   0.01206

  453.0   0.01156

  454.0   0.01117

  455.0   0.01053

  456.0   0.01030

  457.0   0.01002

  458.0   0.00963

  459.0   0.00929

  460.0   0.00894

  461.0   0.00867

  462.0   0.00827

  463.0   0.00799

  464.0   0.00780

  465.0   0.00765

  466.0   0.00739

  467.0   0.00703

  468.0   0.00682

  469.0   0.00663

  470.0   0.00648

  471.0   0.00631

  472.0   0.00612

  473.0   0.00593

  474.0   0.00578

  475.0   0.00555

  476.0   0.00536

  477.0   0.00526

  478.0   0.00508

  479.0   0.00494

  480.0   0.00475

  481.0   0.00458

  482.0   0.00449

  483.0   0.00441

  484.0   0.00426

  485.0   0.00419

  486.0   0.00408

  487.0   0.00395

  488.0   0.00390

  489.0   0.00380

  490.0   0.00382

  491.0   0.00382

  492.0   0.00371

  493.0   0.00369

  494.0   0.00359

  495.0   0.00355

  496.0   0.00356

  497.0   0.00350

  498.0   0.00355

  499.0   0.00356

  500.0   0.00361

  501.0   0.00358

  502.0   0.00357

  503.0   0.00361

  504.0   0.00366

  505.0   0.00375

  506.0   0.00377

  507.0   0.00386

  508.0   0.00389

  509.0   0.00393

  510.0   0.00396

  511.0   0.00394

  512.0   0.00396

  513.0   0.00398

  514.0   0.00404

  515.0   0.00410

  516.0   0.00416

  517.0   0.00413

  518.0   0.00418

  519.0   0.00419

  520.0   0.00414

  521.0   0.00421

  522.0   0.00418

  523.0   0.00423

  524.0   0.00426

  525.0   0.00430

  526.0   0.00428

  527.0   0.00437

  528.0   0.00439

  529.0   0.00447

  530.0   0.00444

  531.0   0.00448

  532.0   0.00454

  533.0   0.00457

  534.0   0.00458

  535.0   0.00460

  536.0   0.00459

  537.0   0.00466

  538.0   0.00472

  539.0   0.00477

  540.0   0.00477

  541.0   0.00486

  542.0   0.00498

  543.0   0.00502

  544.0   0.00516

  545.0   0.00520

  546.0   0.00526

  547.0   0.00531

  548.0   0.00535

  549.0   0.00542

  550.0   0.00551

  551.0   0.00558

  552.0   0.00565

  553.0   0.00570

  554.0   0.00574

  555.0   0.00577

  556.0   0.00582

  557.0   0.00631

  558.0   0.00629

  559.0   0.00628

  560.0   0.00637

  561.0   0.00637

  562.0   0.00634

  563.0   0.00632

  564.0   0.00630

  565.0   0.00632

  566.0   0.00634

  567.0   0.00634

  568.0   0.00636

  569.0   0.00634

  570.0   0.00634

  571.0   0.00636

  572.0   0.00638

  573.0   0.00640

  574.0   0.00644

  575.0   0.00644

  576.0   0.00644

  577.0   0.00650

  578.0   0.00648

  579.0   0.00652

  580.0   0.00656

  581.0   0.00654

  582.0   0.00658

  583.0   0.00659

  584.0   0.00670

  585.0   0.00673

  586.0   0.00681

  587.0   0.00687

  588.0   0.00691

  589.0   0.00699

  590.0   0.00705

  591.0   0.00710

  592.0   0.00716

  593.0   0.00726

  594.0   0.00732

  595.0   0.00738

  596.0   0.00742

  597.0   0.00741

  598.0   0.00742

  599.0   0.00741

  600.0   0.00743

  601.0   0.00737

  602.0   0.00738

  603.0   0.00733

  604.0   0.00731

  605.0   0.00732

  606.0   0.00731

  607.0   0.00730

  608.0   0.00731

  609.0   0.00727

  610.0   0.00727

  611.0   0.00731

  612.0   0.00731

  613.0   0.00736

  614.0   0.00743

  615.0   0.00740

  616.0   0.00741

  617.0   0.00743

  618.0   0.00743

  619.0   0.00743

  620.0   0.00745

  621.0   0.00745

  622.0   0.00746

  623.0   0.00743

  624.0   0.00740

  625.0   0.00739

  626.0   0.00741

  627.0   0.00745

  628.0   0.00737

  629.0   0.00743

  630.0   0.00746

  631.0   0.00743

  632.0   0.00744

  633.0   0.00742

  634.0   0.00739

  635.0   0.00737

  636.0   0.00742

  637.0   0.00743

  638.0   0.00746

  639.0   0.00752

  640.0   0.00759

  641.0   0.00764

  642.0   0.00774

  643.0   0.00777

  644.0   0.00782

  645.0   0.00787

  646.0   0.00792

  647.0   0.00798

  648.0   0.00803

  649.0   0.00803

  650.0   0.00805

  651.0   0.00804

  652.0   0.00808

  653.0   0.00805

  654.0   0.00799

  655.0   0.00796

  656.0   0.00792

  657.0   0.00791

  658.0   0.00790

  659.0   0.00793

  660.0   0.00792

  661.0   0.00798

  662.0   0.00799

  663.0   0.00795

  664.0   0.00795

  665.0   0.00796

  666.0   0.00799

  667.0   0.00806

  668.0   0.00809

  669.0   0.00808

  670.0   0.00810

  671.0   0.00808

  672.0   0.00805

  673.0   0.00803

  674.0   0.00805

  675.0   0.00800

  676.0   0.00799

  677.0   0.00795

  678.0   0.00791

  679.0   0.00791

  680.0   0.00790

  681.0   0.00788

  682.0   0.00788

  683.0   0.00783

  684.0   0.00780

  685.0   0.00783

  686.0   0.00784

  687.0   0.00786

  688.0   0.00785

  689.0   0.00783

  690.0   0.00779

  691.0   0.00780

  692.0   0.00782

  693.0   0.00787

  694.0   0.00785

  695.0   0.00785

  696.0   0.00790

  697.0   0.00785

  698.0   0.00781

  699.0   0.00783

  700.0   0.00779

  701.0   0.00773

  702.0   0.00776

  703.0   0.00778

  704.0   0.00774

  705.0   0.00774

  706.0   0.00777

  707.0   0.00777

  708.0   0.00776

  709.0   0.00778

  710.0   0.00777

  711.0   0.00778

  712.0   0.00779

  713.0   0.00776

  714.0   0.00777

  715.0   0.00777

  716.0   0.00781

  717.0   0.00784

  718.0   0.00781

  719.0   0.00780

  720.0   0.00777

  721.0   0.00774

  722.0   0.00771

  723.0   0.00769

  724.0   0.00766

  725.0   0.00768

  726.0   0.00768

  727.0   0.00771

  728.0   0.00766

  729.0   0.00770

  730.0   0.00773

  731.0   0.00769

  732.0   0.00768

  733.0   0.00768

  734.0   0.00773

  735.0   0.00767

  736.0   0.00792

  737.0   0.00787

  738.0   0.00793

  739.0   0.00796

  740.0   0.00791

  741.0   0.00790

  742.0   0.00791

  743.0   0.00790

  744.0   0.00797

  745.0   0.00793

  746.0   0.00804

  747.0   0.00811

  748.0   0.00802

  749.0   0.00799

  750.0   0.00785

  751.0   0.00788

  752.0   0.00788

  753.0   0.00780

  754.0   0.00777

  755.0   0.00775

  756.0   0.00773

  757.0   0.00768

  758.0   0.00766

  759.0   0.00761

  760.0   0.00761

  761.0   0.00762

  762.0   0.00760

  763.0   0.00758

  764.0   0.00747

  765.0   0.00748

  766.0   0.00749

  767.0   0.00744

  768.0   0.00734

  769.0   0.00732

  770.0   0.00728

  771.0   0.00731

  772.0   0.00727

  773.0   0.00719

  774.0   0.00721

  775.0   0.00710

  776.0   0.00709

  777.0   0.00707

  778.0   0.00703

  779.0   0.00704

  780.0   0.00702

  781.0   0.00695

  782.0   0.00693

  783.0   0.00697

  784.0   0.00713

  785.0   0.00729

  786.0   0.00745

  787.0   0.00767

  788.0   0.00763

  789.0   0.00765

  790.0   0.00758

  791.0   0.00762

  792.0   0.00764

  793.0   0.00765

  794.0   0.00764

  795.0   0.00756

  796.0   0.00764

  797.0   0.00762

  798.0   0.00760

  799.0   0.00767

  800.0   0.00761

 
