ser ID: DU600

Method ID: A:\DEFAULT

Date: 08/06/00

Time: 06:26

 200.0   3.17114

  201.0   2.54357

  202.0   2.43843

  203.0   3.32284

  204.0   3.06427

  205.0   2.62394

  206.0   2.58803

  207.0   2.86258

  208.0   3.49513

  209.0   3.52673

  210.0   3.25188

  211.0   3.57921

  212.0   3.12559

  213.0   3.32767

  214.0   3.17328

  215.0   3.36931

  216.0   3.69002

  217.0   3.40934

  218.0   3.25058

  219.0   2.84112

  220.0   2.80535

  221.0   3.77422

  222.0   3.79014

  223.0   3.80353

  224.0   3.03869

  225.0   2.98453

  226.0   2.84305

  227.0   3.85516

  228.0   3.39082

  229.0   3.87898

  230.0   3.89148

  231.0   3.42494

  232.0   3.91132

  233.0   3.01667

  234.0   3.62629

  235.0   3.93308

  236.0   3.93742

  237.0   3.94096

  238.0   3.16510

  239.0   3.04179

  240.0   2.94576

  241.0   2.94522

  242.0   3.16643

  243.0   2.86402

  244.0   2.79499

  245.0   2.63749

  246.0   2.50394

  247.0   2.39993

  248.0   2.31489

  249.0   2.20755

  250.0   2.09974

  251.0   1.98959

  252.0   1.88409

  253.0   1.79707

  254.0   1.71496

  255.0   1.63849

  256.0   1.56607

  257.0   1.47946

  258.0   1.40217

  259.0   1.32610

  260.0   1.26186

  261.0   1.20557

  262.0   1.15391

  263.0   1.10322

  264.0   1.06004

  265.0   1.02369

  266.0   0.97971

  267.0   0.94823

  268.0   0.91900

  269.0   0.89652

  270.0   0.86462

  271.0   0.84049

  272.0   0.81540

  273.0   0.78781

  274.0   0.76207

  275.0   0.74082

  276.0   0.71505

  277.0   0.68735

  278.0   0.65713

  279.0   0.63288

  280.0   0.60667

  281.0   0.58059

  282.0   0.55718

  283.0   0.53149

  284.0   0.50889

  285.0   0.48293

  286.0   0.45923

  287.0   0.43529

  288.0   0.41246

  289.0   0.39222

  290.0   0.37316

  291.0   0.35436

  292.0   0.33639

  293.0   0.31894

  294.0   0.30491

  295.0   0.28868

  296.0   0.27438

  297.0   0.26006

  298.0   0.24546

  299.0   0.23138

  300.0   0.22079

  301.0   0.21031

  302.0   0.20091

  303.0   0.19318

  304.0   0.18580

  305.0   0.17909

  306.0   0.17099

  307.0   0.16503

  308.0   0.15949

  309.0   0.15453

  310.0   0.14981

  311.0   0.14457

  312.0   0.13990

  313.0   0.13514

  314.0   0.13091

  315.0   0.12824

  316.0   0.12511

  317.0   0.12172

  318.0   0.11908

  319.0   0.11666

  320.0   0.11634

  321.0   0.11624

  322.0   0.11483

  323.0   0.11434

  324.0   0.11418

  325.0   0.11521

  326.0   0.11585

  327.0   0.11758

  328.0   0.11970

  329.0   0.12128

  330.0   0.12225

  331.0   0.12419

  332.0   0.12695

  333.0   0.13015

  334.0   0.13098

  335.0   0.13415

  336.0   0.13599

  337.0   0.13888

  338.0   0.14268

  339.0   0.14658

  340.0   0.14926

  341.0   0.15213

  342.0   0.15527

  343.0   0.15776

  344.0   0.16162

  345.0   0.16566

  346.0   0.16729

  347.0   0.17003

  348.0   0.17264

  349.0   0.17533

  350.0   0.17627

  351.0   0.17871

  352.0   0.18061

  353.0   0.18067

  354.0   0.18127

  355.0   0.18152

  356.0   0.18186

  357.0   0.18235

  358.0   0.18074

  359.0   0.17891

  360.0   0.17716

  361.0   0.17600

  362.0   0.17456

  363.0   0.17222

  364.0   0.16945

  365.0   0.16637

  366.0   0.16314

  367.0   0.15975

  368.0   0.15765

  369.0   0.15513

  370.0   0.15122

  371.0   0.14786

  372.0   0.14473

  373.0   0.14244

  374.0   0.13937

  375.0   0.13646

  376.0   0.13264

  377.0   0.12978

  378.0   0.12563

  379.0   0.12324

  380.0   0.12055

  381.0   0.11731

  382.0   0.11425

  383.0   0.11149

  384.0   0.10793

  385.0   0.10545

  386.0   0.10216

  387.0   0.09961

  388.0   0.09746

  389.0   0.09468

  390.0   0.09226

  391.0   0.08986

  392.0   0.08764

  393.0   0.08569

  394.0   0.08338

  395.0   0.08157

  396.0   0.07968

  397.0   0.07771

  398.0   0.07602

  399.0   0.07428

  400.0   0.07283

  401.0   0.07131

  402.0   0.06986

  403.0   0.06863

  404.0   0.06740

  405.0   0.06602

  406.0   0.06471

  407.0   0.06342

  408.0   0.06203

  409.0   0.06057

  410.0   0.05925

  411.0   0.05823

  412.0   0.05668

  413.0   0.05522

  414.0   0.05375

  415.0   0.05298

  416.0   0.05122

  417.0   0.04955

  418.0   0.04803

  419.0   0.04622

  420.0   0.04510

  421.0   0.04344

  422.0   0.04183

  423.0   0.04016

  424.0   0.03876

  425.0   0.03729

  426.0   0.03602

  427.0   0.03466

  428.0   0.03309

  429.0   0.03157

  430.0   0.03050

  431.0   0.02922

  432.0   0.02811

  433.0   0.02703

  434.0   0.02588

  435.0   0.02494

  436.0   0.02371

  437.0   0.02294

  438.0   0.02189

  439.0   0.02115

  440.0   0.02015

  441.0   0.01939

  442.0   0.01858

  443.0   0.01795

  444.0   0.01715

  445.0   0.01640

  446.0   0.01572

  447.0   0.01512

  448.0   0.01466

  449.0   0.01403

  450.0   0.01365

  451.0   0.01305

  452.0   0.01262

  453.0   0.01216

  454.0   0.01172

  455.0   0.01121

  456.0   0.01097

  457.0   0.01056

  458.0   0.01008

  459.0   0.00966

  460.0   0.00943

  461.0   0.00899

  462.0   0.00859

  463.0   0.00819

  464.0   0.00800

  465.0   0.00776

  466.0   0.00762

  467.0   0.00736

  468.0   0.00711

  469.0   0.00687

  470.0   0.00661

  471.0   0.00647

  472.0   0.00632

  473.0   0.00618

  474.0   0.00606

  475.0   0.00587

  476.0   0.00562

  477.0   0.00552

  478.0   0.00535

  479.0   0.00521

  480.0   0.00504

  481.0   0.00481

  482.0   0.00471

  483.0   0.00458

  484.0   0.00445

  485.0   0.00434

  486.0   0.00422

  487.0   0.00412

  488.0   0.00410

  489.0   0.00405

  490.0   0.00395

  491.0   0.00393

  492.0   0.00380

  493.0   0.00378

  494.0   0.00373

  495.0   0.00370

  496.0   0.00364

  497.0   0.00363

  498.0   0.00359

  499.0   0.00362

  500.0   0.00369

  501.0   0.00366

  502.0   0.00367

  503.0   0.00370

  504.0   0.00378

  505.0   0.00385

  506.0   0.00394

  507.0   0.00395

  508.0   0.00401

  509.0   0.00400

  510.0   0.00410

  511.0   0.00408

  512.0   0.00408

  513.0   0.00412

  514.0   0.00414

  515.0   0.00419

  516.0   0.00425

  517.0   0.00428

  518.0   0.00430

  519.0   0.00429

  520.0   0.00425

  521.0   0.00426

  522.0   0.00429

  523.0   0.00432

  524.0   0.00434

  525.0   0.00434

  526.0   0.00432

  527.0   0.00435

  528.0   0.00439

  529.0   0.00445

  530.0   0.00449

  531.0   0.00452

  532.0   0.00462

  533.0   0.00464

  534.0   0.00475

  535.0   0.00472

  536.0   0.00474

  537.0   0.00479

  538.0   0.00479

  539.0   0.00488

  540.0   0.00490

  541.0   0.00495

  542.0   0.00502

  543.0   0.00514

  544.0   0.00526

  545.0   0.00531

  546.0   0.00533

  547.0   0.00541

  548.0   0.00547

  549.0   0.00551

  550.0   0.00559

  551.0   0.00562

  552.0   0.00571

  553.0   0.00575

  554.0   0.00584

  555.0   0.00587

  556.0   0.00593

  557.0   0.00638

  558.0   0.00641

  559.0   0.00639

  560.0   0.00644

  561.0   0.00642

  562.0   0.00638

  563.0   0.00643

  564.0   0.00639

  565.0   0.00641

  566.0   0.00645

  567.0   0.00645

  568.0   0.00654

  569.0   0.00651

  570.0   0.00656

  571.0   0.00662

  572.0   0.00657

  573.0   0.00657

  574.0   0.00661

  575.0   0.00659

  576.0   0.00656

  577.0   0.00656

  578.0   0.00660

  579.0   0.00662

  580.0   0.00666

  581.0   0.00664

  582.0   0.00666

  583.0   0.00667

  584.0   0.00680

  585.0   0.00686

  586.0   0.00693

  587.0   0.00695

  588.0   0.00703

  589.0   0.00711

  590.0   0.00715

  591.0   0.00721

  592.0   0.00725

  593.0   0.00737

  594.0   0.00739

  595.0   0.00749

  596.0   0.00751

  597.0   0.00749

  598.0   0.00745

  599.0   0.00735

  600.0   0.00738

  601.0   0.00733

  602.0   0.00734

  603.0   0.00733

  604.0   0.00738

  605.0   0.00741

  606.0   0.00745

  607.0   0.00739

  608.0   0.00737

  609.0   0.00738

  610.0   0.00738

  611.0   0.00742

  612.0   0.00740

  613.0   0.00745

  614.0   0.00750

  615.0   0.00748

  616.0   0.00752

  617.0   0.00752

  618.0   0.00754

  619.0   0.00754

  620.0   0.00759

  621.0   0.00758

  622.0   0.00756

  623.0   0.00755

  624.0   0.00752

  625.0   0.00754

  626.0   0.00753

  627.0   0.00757

  628.0   0.00753

  629.0   0.00759

  630.0   0.00756

  631.0   0.00759

  632.0   0.00756

  633.0   0.00754

  634.0   0.00756

  635.0   0.00757

  636.0   0.00759

  637.0   0.00765

  638.0   0.00766

  639.0   0.00774

  640.0   0.00779

  641.0   0.00784

  642.0   0.00791

  643.0   0.00798

  644.0   0.00804

  645.0   0.00810

  646.0   0.00815

  647.0   0.00815

  648.0   0.00815

  649.0   0.00817

  650.0   0.00819

  651.0   0.00821

  652.0   0.00820

  653.0   0.00817

  654.0   0.00819

  655.0   0.00819

  656.0   0.00816

  657.0   0.00817

  658.0   0.00821

  659.0   0.00822

  660.0   0.00827

  661.0   0.00833

  662.0   0.00829

  663.0   0.00830

  664.0   0.00828

  665.0   0.00829

  666.0   0.00832

  667.0   0.00839

  668.0   0.00840

  669.0   0.00845

  670.0   0.00841

  671.0   0.00843

  672.0   0.00838

  673.0   0.00840

  674.0   0.00837

  675.0   0.00833

  676.0   0.00835

  677.0   0.00833

  678.0   0.00830

  679.0   0.00830

  680.0   0.00835

  681.0   0.00830

  682.0   0.00829

  683.0   0.00830

  684.0   0.00824

  685.0   0.00825

  686.0   0.00827

  687.0   0.00828

  688.0   0.00826

  689.0   0.00825

  690.0   0.00818

  691.0   0.00821

  692.0   0.00823

  693.0   0.00824

  694.0   0.00821

  695.0   0.00823

  696.0   0.00827

  697.0   0.00827

  698.0   0.00827

  699.0   0.00826

  700.0   0.00822

  701.0   0.00815

  702.0   0.00815

  703.0   0.00816

  704.0   0.00818

  705.0   0.00817

  706.0   0.00819

  707.0   0.00814

  708.0   0.00815

  709.0   0.00815

  710.0   0.00810

  711.0   0.00809

  712.0   0.00808

  713.0   0.00803

  714.0   0.00804

  715.0   0.00803

  716.0   0.00804

  717.0   0.00806

  718.0   0.00807

  719.0   0.00804

  720.0   0.00801

  721.0   0.00805

  722.0   0.00803

  723.0   0.00803

  724.0   0.00800

  725.0   0.00805

  726.0   0.00805

  727.0   0.00809

  728.0   0.00806

  729.0   0.00808

  730.0   0.00804

  731.0   0.00801

  732.0   0.00799

  733.0   0.00798

  734.0   0.00798

  735.0   0.00799

  736.0   0.00818

  737.0   0.00810

  738.0   0.00816

  739.0   0.00816

  740.0   0.00814

  741.0   0.00815

  742.0   0.00814

  743.0   0.00818

  744.0   0.00825

  745.0   0.00827

  746.0   0.00832

  747.0   0.00839

  748.0   0.00839

  749.0   0.00836

  750.0   0.00822

  751.0   0.00827

  752.0   0.00824

  753.0   0.00813

  754.0   0.00811

  755.0   0.00817

  756.0   0.00809

  757.0   0.00804

  758.0   0.00800

  759.0   0.00800

  760.0   0.00795

  761.0   0.00796

  762.0   0.00799

  763.0   0.00797

  764.0   0.00784

  765.0   0.00785

  766.0   0.00783

  767.0   0.00784

  768.0   0.00776

  769.0   0.00763

  770.0   0.00756

  771.0   0.00763

  772.0   0.00761

  773.0   0.00756

  774.0   0.00755

  775.0   0.00756

  776.0   0.00757

  777.0   0.00750

  778.0   0.00743

  779.0   0.00744

  780.0   0.00740

  781.0   0.00732

  782.0   0.00728

  783.0   0.00729

  784.0   0.00725

  785.0   0.00721

  786.0   0.00719

  787.0   0.00726

  788.0   0.00725

  789.0   0.00718

  790.0   0.00716

  791.0   0.00721

  792.0   0.00725

  793.0   0.00721

  794.0   0.00719

  795.0   0.00721

  796.0   0.00719

  797.0   0.00723

  798.0   0.00718

  799.0   0.00722

  800.0   0.00716

 
