ser ID: DU600

Method ID: A:\DEFAULT

Date: 08/06/00

Time: 09:30

 200.0   2.69402

  201.0   2.94151

  202.0   2.43843

  203.0   2.41975

  204.0   2.76324

  205.0   3.40209

  206.0   2.83107

  207.0   3.46464

  208.0   2.79616

  209.0   2.62364

  210.0   2.70781

  211.0   3.57921

  212.0   3.60271

  213.0   3.32767

  214.0   2.69616

  215.0   2.82524

  216.0   2.73578

  217.0   3.10831

  218.0   3.42667

  219.0   3.74421

  220.0   3.28247

  221.0   3.29710

  222.0   3.09117

  223.0   3.20147

  224.0   3.03869

  225.0   2.78823

  226.0   3.24099

  227.0   3.85516

  228.0   3.56691

  229.0   3.40186

  230.0   3.19251

  231.0   3.20309

  232.0   2.95707

  233.0   3.22079

  234.0   3.32526

  235.0   3.93308

  236.0   3.03433

  237.0   3.16281

  238.0   2.94325

  239.0   2.79875

  240.0   2.54782

  241.0   2.51386

  242.0   2.43943

  243.0   2.43805

  244.0   2.30765

  245.0   2.19816

  246.0   2.09646

  247.0   1.94914

  248.0   1.84489

  249.0   1.75037

  250.0   1.65922

  251.0   1.56168

  252.0   1.47803

  253.0   1.39240

  254.0   1.31873

  255.0   1.24055

  256.0   1.17480

  257.0   1.11468

  258.0   1.05292

  259.0   0.99918

  260.0   0.95063

  261.0   0.90940

  262.0   0.86392

  263.0   0.83064

  264.0   0.79752

  265.0   0.76774

  266.0   0.73729

  267.0   0.71200

  268.0   0.68653

  269.0   0.66364

  270.0   0.63858

  271.0   0.61597

  272.0   0.59418

  273.0   0.57247

  274.0   0.54897

  275.0   0.52796

  276.0   0.50639

  277.0   0.48650

  278.0   0.46436

  279.0   0.44787

  280.0   0.43058

  281.0   0.41360

  282.0   0.39905

  283.0   0.38341

  284.0   0.36985

  285.0   0.35433

  286.0   0.33957

  287.0   0.32562

  288.0   0.31280

  289.0   0.30045

  290.0   0.28925

  291.0   0.27844

  292.0   0.26807

  293.0   0.25842

  294.0   0.24953

  295.0   0.24038

  296.0   0.23162

  297.0   0.22442

  298.0   0.21638

  299.0   0.20927

  300.0   0.20351

  301.0   0.19782

  302.0   0.19317

  303.0   0.19043

  304.0   0.18739

  305.0   0.18454

  306.0   0.18038

  307.0   0.17804

  308.0   0.17547

  309.0   0.17228

  310.0   0.16969

  311.0   0.16649

  312.0   0.16417

  313.0   0.16070

  314.0   0.15736

  315.0   0.15502

  316.0   0.15094

  317.0   0.14705

  318.0   0.14513

  319.0   0.14325

  320.0   0.14110

  321.0   0.14043

  322.0   0.13595

  323.0   0.13409

  324.0   0.13268

  325.0   0.13225

  326.0   0.13099

  327.0   0.12965

  328.0   0.12866

  329.0   0.12712

  330.0   0.12523

  331.0   0.12393

  332.0   0.12333

  333.0   0.12215

  334.0   0.12006

  335.0   0.11880

  336.0   0.11714

  337.0   0.11592

  338.0   0.11446

  339.0   0.11352

  340.0   0.11244

  341.0   0.11019

  342.0   0.10955

  343.0   0.10793

  344.0   0.10607

  345.0   0.10474

  346.0   0.10321

  347.0   0.10219

  348.0   0.10110

  349.0   0.09980

  350.0   0.09754

  351.0   0.09518

  352.0   0.09389

  353.0   0.09178

  354.0   0.09027

  355.0   0.08907

  356.0   0.08789

  357.0   0.08596

  358.0   0.08355

  359.0   0.08156

  360.0   0.08051

  361.0   0.07852

  362.0   0.07612

  363.0   0.07439

  364.0   0.07268

  365.0   0.07108

  366.0   0.06960

  367.0   0.06792

  368.0   0.06622

  369.0   0.06464

  370.0   0.06275

  371.0   0.06154

  372.0   0.05968

  373.0   0.05877

  374.0   0.05751

  375.0   0.05629

  376.0   0.05488

  377.0   0.05365

  378.0   0.05156

  379.0   0.05052

  380.0   0.04944

  381.0   0.04841

  382.0   0.04727

  383.0   0.04646

  384.0   0.04507

  385.0   0.04413

  386.0   0.04269

  387.0   0.04179

  388.0   0.04111

  389.0   0.04036

  390.0   0.03992

  391.0   0.03890

  392.0   0.03837

  393.0   0.03780

  394.0   0.03711

  395.0   0.03672

  396.0   0.03617

  397.0   0.03566

  398.0   0.03521

  399.0   0.03450

  400.0   0.03402

  401.0   0.03354

  402.0   0.03325

  403.0   0.03312

  404.0   0.03225

  405.0   0.03183

  406.0   0.03107

  407.0   0.03071

  408.0   0.03002

  409.0   0.02955

  410.0   0.02881

  411.0   0.02817

  412.0   0.02749

  413.0   0.02670

  414.0   0.02589

  415.0   0.02547

  416.0   0.02453

  417.0   0.02371

  418.0   0.02291

  419.0   0.02177

  420.0   0.02089

  421.0   0.01996

  422.0   0.01927

  423.0   0.01828

  424.0   0.01772

  425.0   0.01694

  426.0   0.01622

  427.0   0.01550

  428.0   0.01468

  429.0   0.01405

  430.0   0.01348

  431.0   0.01290

  432.0   0.01249

  433.0   0.01206

  434.0   0.01156

  435.0   0.01107

  436.0   0.01059

  437.0   0.01026

  438.0   0.00983

  439.0   0.00954

  440.0   0.00925

  441.0   0.00889

  442.0   0.00858

  443.0   0.00835

  444.0   0.00813

  445.0   0.00773

  446.0   0.00749

  447.0   0.00734

  448.0   0.00707

  449.0   0.00689

  450.0   0.00686

  451.0   0.00665

  452.0   0.00650

  453.0   0.00635

  454.0   0.00605

  455.0   0.00592

  456.0   0.00580

  457.0   0.00572

  458.0   0.00561

  459.0   0.00545

  460.0   0.00529

  461.0   0.00513

  462.0   0.00497

  463.0   0.00484

  464.0   0.00485

  465.0   0.00478

  466.0   0.00469

  467.0   0.00456

  468.0   0.00452

  469.0   0.00435

  470.0   0.00433

  471.0   0.00425

  472.0   0.00425

  473.0   0.00420

  474.0   0.00414

  475.0   0.00406

  476.0   0.00401

  477.0   0.00400

  478.0   0.00395

  479.0   0.00387

  480.0   0.00386

  481.0   0.00368

  482.0   0.00366

  483.0   0.00367

  484.0   0.00363

  485.0   0.00362

  486.0   0.00356

  487.0   0.00351

  488.0   0.00351

  489.0   0.00349

  490.0   0.00351

  491.0   0.00353

  492.0   0.00347

  493.0   0.00354

  494.0   0.00350

  495.0   0.00355

  496.0   0.00360

  497.0   0.00369

  498.0   0.00378

  499.0   0.00383

  500.0   0.00393

  501.0   0.00396

  502.0   0.00403

  503.0   0.00408

  504.0   0.00421

  505.0   0.00433

  506.0   0.00446

  507.0   0.00459

  508.0   0.00471

  509.0   0.00476

  510.0   0.00485

  511.0   0.00487

  512.0   0.00490

  513.0   0.00497

  514.0   0.00506

  515.0   0.00516

  516.0   0.00529

  517.0   0.00533

  518.0   0.00539

  519.0   0.00543

  520.0   0.00547

  521.0   0.00556

  522.0   0.00560

  523.0   0.00563

  524.0   0.00567

  525.0   0.00572

  526.0   0.00575

  527.0   0.00590

  528.0   0.00598

  529.0   0.00605

  530.0   0.00613

  531.0   0.00618

  532.0   0.00630

  533.0   0.00639

  534.0   0.00649

  535.0   0.00659

  536.0   0.00664

  537.0   0.00682

  538.0   0.00688

  539.0   0.00700

  540.0   0.00706

  541.0   0.00721

  542.0   0.00740

  543.0   0.00748

  544.0   0.00762

  545.0   0.00776

  546.0   0.00787

  547.0   0.00793

  548.0   0.00799

  549.0   0.00806

  550.0   0.00818

  551.0   0.00829

  552.0   0.00840

  553.0   0.00842

  554.0   0.00850

  555.0   0.00848

  556.0   0.00851

  557.0   0.00934

  558.0   0.00936

  559.0   0.00932

  560.0   0.00934

  561.0   0.00935

  562.0   0.00934

  563.0   0.00933

  564.0   0.00931

  565.0   0.00933

  566.0   0.00938

  567.0   0.00936

  568.0   0.00940

  569.0   0.00938

  570.0   0.00942

  571.0   0.00940

  572.0   0.00938

  573.0   0.00936

  574.0   0.00942

  575.0   0.00942

  576.0   0.00942

  577.0   0.00944

  578.0   0.00949

  579.0   0.00955

  580.0   0.00963

  581.0   0.00968

  582.0   0.00968

  583.0   0.00969

  584.0   0.00980

  585.0   0.00988

  586.0   0.00992

  587.0   0.01001

  588.0   0.01004

  589.0   0.01008

  590.0   0.01015

  591.0   0.01023

  592.0   0.01032

  593.0   0.01040

  594.0   0.01047

  595.0   0.01059

  596.0   0.01060

  597.0   0.01062

  598.0   0.01063

  599.0   0.01059

  600.0   0.01060

  601.0   0.01056

  602.0   0.01056

  603.0   0.01050

  604.0   0.01054

  605.0   0.01056

  606.0   0.01057

  607.0   0.01057

  608.0   0.01061

  609.0   0.01061

  610.0   0.01057

  611.0   0.01060

  612.0   0.01059

  613.0   0.01065

  614.0   0.01071

  615.0   0.01069

  616.0   0.01068

  617.0   0.01073

  618.0   0.01070

  619.0   0.01071

  620.0   0.01076

  621.0   0.01074

  622.0   0.01070

  623.0   0.01068

  624.0   0.01068

  625.0   0.01072

  626.0   0.01070

  627.0   0.01072

  628.0   0.01067

  629.0   0.01071

  630.0   0.01073

  631.0   0.01074

  632.0   0.01072

  633.0   0.01068

  634.0   0.01070

  635.0   0.01073

  636.0   0.01076

  637.0   0.01079

  638.0   0.01080

  639.0   0.01084

  640.0   0.01087

  641.0   0.01090

  642.0   0.01099

  643.0   0.01102

  644.0   0.01107

  645.0   0.01113

  646.0   0.01116

  647.0   0.01119

  648.0   0.01120

  649.0   0.01123

  650.0   0.01124

  651.0   0.01124

  652.0   0.01125

  653.0   0.01122

  654.0   0.01120

  655.0   0.01118

  656.0   0.01116

  657.0   0.01115

  658.0   0.01115

  659.0   0.01112

  660.0   0.01110

  661.0   0.01108

  662.0   0.01106

  663.0   0.01104

  664.0   0.01099

  665.0   0.01094

  666.0   0.01092

  667.0   0.01096

  668.0   0.01094

  669.0   0.01094

  670.0   0.01087

  671.0   0.01081

  672.0   0.01078

  673.0   0.01075

  674.0   0.01068

  675.0   0.01061

  676.0   0.01059

  677.0   0.01050

  678.0   0.01046

  679.0   0.01047

  680.0   0.01046

  681.0   0.01040

  682.0   0.01037

  683.0   0.01035

  684.0   0.01033

  685.0   0.01029

  686.0   0.01026

  687.0   0.01017

  688.0   0.01011

  689.0   0.01006

  690.0   0.00997

  691.0   0.00994

  692.0   0.00995

  693.0   0.01003

  694.0   0.00996

  695.0   0.00987

  696.0   0.00986

  697.0   0.00978

  698.0   0.00975

  699.0   0.00978

  700.0   0.00969

  701.0   0.00964

  702.0   0.00960

  703.0   0.00961

  704.0   0.00962

  705.0   0.00956

  706.0   0.00955

  707.0   0.00950

  708.0   0.00944

  709.0   0.00941

  710.0   0.00937

  711.0   0.00932

  712.0   0.00932

  713.0   0.00926

  714.0   0.00928

  715.0   0.00925

  716.0   0.00925

  717.0   0.00923

  718.0   0.00925

  719.0   0.00916

  720.0   0.00910

  721.0   0.00915

  722.0   0.00906

  723.0   0.00907

  724.0   0.00899

  725.0   0.00897

  726.0   0.00893

  727.0   0.00900

  728.0   0.00898

  729.0   0.00894

  730.0   0.00891

  731.0   0.00888

  732.0   0.00887

  733.0   0.00888

  734.0   0.00887

  735.0   0.00881

  736.0   0.00941

  737.0   0.00930

  738.0   0.00927

  739.0   0.00927

  740.0   0.00919

  741.0   0.00917

  742.0   0.00913

  743.0   0.00914

  744.0   0.00915

  745.0   0.00917

  746.0   0.00922

  747.0   0.00923

  748.0   0.00917

  749.0   0.00906

  750.0   0.00892

  751.0   0.00892

  752.0   0.00881

  753.0   0.00878

  754.0   0.00867

  755.0   0.00870

  756.0   0.00868

  757.0   0.00855

  758.0   0.00850

  759.0   0.00843

  760.0   0.00840

  761.0   0.00844

  762.0   0.00839

  763.0   0.00831

  764.0   0.00824

  765.0   0.00822

  766.0   0.00817

  767.0   0.00818

  768.0   0.00805

  769.0   0.00797

  770.0   0.00796

  771.0   0.00797

  772.0   0.00790

  773.0   0.00785

  774.0   0.00781

  775.0   0.00776

  776.0   0.00772

  777.0   0.00765

  778.0   0.00760

  779.0   0.00762

  780.0   0.00763

  781.0   0.00759

  782.0   0.00760

  783.0   0.00761

  784.0   0.00757

  785.0   0.00753

  786.0   0.00748

  787.0   0.00750

  788.0   0.00746

  789.0   0.00741

  790.0   0.00740

  791.0   0.00744

  792.0   0.00743

  793.0   0.00741

  794.0   0.00740

  795.0   0.00727

  796.0   0.00734

  797.0   0.00735

  798.0   0.00730

  799.0   0.00734

  800.0   0.00725

 
