ser ID: DU600

Method ID: A:\DEFAULT

Date: 08/06/00

Time: 06:35

 200.0   3.17114

  201.0   2.54357

  202.0   3.28353

  203.0   2.41975

  204.0   3.36530

  205.0   3.40209

  206.0   2.83107

  207.0   3.16361

  208.0   2.71698

  209.0   3.04961

  210.0   3.07579

  211.0   2.88024

  212.0   3.60271

  213.0   3.62870

  214.0   3.65040

  215.0   3.19322

  216.0   3.08796

  217.0   2.71037

  218.0   3.42667

  219.0   3.74421

  220.0   3.28247

  221.0   3.77422

  222.0   3.79014

  223.0   3.80353

  224.0   2.86260

  225.0   3.22757

  226.0   3.14408

  227.0   3.85516

  228.0   3.86794

  229.0   3.87898

  230.0   3.89148

  231.0   3.42494

  232.0   3.13317

  233.0   3.22079

  234.0   3.08222

  235.0   3.93308

  236.0   3.46030

  237.0   3.63993

  238.0   3.24428

  239.0   2.99063

  240.0   2.83182

  241.0   2.94522

  242.0   2.94458

  243.0   2.94320

  244.0   2.71066

  245.0   2.61630

  246.0   2.48815

  247.0   2.37510

  248.0   2.24644

  249.0   2.13116

  250.0   2.05006

  251.0   1.96938

  252.0   1.86407

  253.0   1.76756

  254.0   1.68217

  255.0   1.59057

  256.0   1.51722

  257.0   1.44167

  258.0   1.36719

  259.0   1.29614

  260.0   1.23553

  261.0   1.17839

  262.0   1.12359

  263.0   1.07504

  264.0   1.03341

  265.0   0.99752

  266.0   0.96210

  267.0   0.92991

  268.0   0.90003

  269.0   0.87119

  270.0   0.84312

  271.0   0.81992

  272.0   0.79623

  273.0   0.76925

  274.0   0.74369

  275.0   0.71765

  276.0   0.69381

  277.0   0.66798

  278.0   0.63806

  279.0   0.61336

  280.0   0.59047

  281.0   0.56504

  282.0   0.54192

  283.0   0.51873

  284.0   0.49406

  285.0   0.46997

  286.0   0.44573

  287.0   0.42441

  288.0   0.40251

  289.0   0.38325

  290.0   0.36392

  291.0   0.34775

  292.0   0.33006

  293.0   0.31419

  294.0   0.29989

  295.0   0.28356

  296.0   0.27035

  297.0   0.25758

  298.0   0.24306

  299.0   0.23003

  300.0   0.21970

  301.0   0.20983

  302.0   0.20079

  303.0   0.19364

  304.0   0.18660

  305.0   0.17988

  306.0   0.17301

  307.0   0.16782

  308.0   0.16205

  309.0   0.15655

  310.0   0.15160

  311.0   0.14806

  312.0   0.14340

  313.0   0.13922

  314.0   0.13502

  315.0   0.13204

  316.0   0.12824

  317.0   0.12500

  318.0   0.12310

  319.0   0.12192

  320.0   0.12057

  321.0   0.11916

  322.0   0.11809

  323.0   0.11774

  324.0   0.11809

  325.0   0.11787

  326.0   0.11865

  327.0   0.11899

  328.0   0.12125

  329.0   0.12348

  330.0   0.12432

  331.0   0.12536

  332.0   0.12669

  333.0   0.12859

  334.0   0.13020

  335.0   0.13324

  336.0   0.13560

  337.0   0.13797

  338.0   0.13994

  339.0   0.14305

  340.0   0.14535

  341.0   0.14782

  342.0   0.15147

  343.0   0.15395

  344.0   0.15648

  345.0   0.15892

  346.0   0.16107

  347.0   0.16339

  348.0   0.16519

  349.0   0.16733

  350.0   0.16918

  351.0   0.17078

  352.0   0.17158

  353.0   0.17147

  354.0   0.17204

  355.0   0.17158

  356.0   0.17215

  357.0   0.17229

  358.0   0.17117

  359.0   0.16957

  360.0   0.16791

  361.0   0.16581

  362.0   0.16398

  363.0   0.16191

  364.0   0.16038

  365.0   0.15725

  366.0   0.15429

  367.0   0.15094

  368.0   0.14802

  369.0   0.14556

  370.0   0.14218

  371.0   0.14007

  372.0   0.13684

  373.0   0.13431

  374.0   0.13093

  375.0   0.12791

  376.0   0.12468

  377.0   0.12219

  378.0   0.11876

  379.0   0.11618

  380.0   0.11352

  381.0   0.11015

  382.0   0.10726

  383.0   0.10492

  384.0   0.10213

  385.0   0.09968

  386.0   0.09645

  387.0   0.09405

  388.0   0.09167

  389.0   0.08910

  390.0   0.08714

  391.0   0.08464

  392.0   0.08265

  393.0   0.08113

  394.0   0.07900

  395.0   0.07741

  396.0   0.07551

  397.0   0.07375

  398.0   0.07206

  399.0   0.07074

  400.0   0.06938

  401.0   0.06787

  402.0   0.06685

  403.0   0.06553

  404.0   0.06393

  405.0   0.06278

  406.0   0.06166

  407.0   0.06064

  408.0   0.05903

  409.0   0.05767

  410.0   0.05628

  411.0   0.05531

  412.0   0.05377

  413.0   0.05257

  414.0   0.05138

  415.0   0.05048

  416.0   0.04855

  417.0   0.04688

  418.0   0.04553

  419.0   0.04388

  420.0   0.04230

  421.0   0.04098

  422.0   0.03944

  423.0   0.03792

  424.0   0.03642

  425.0   0.03502

  426.0   0.03388

  427.0   0.03236

  428.0   0.03141

  429.0   0.02994

  430.0   0.02884

  431.0   0.02761

  432.0   0.02654

  433.0   0.02556

  434.0   0.02450

  435.0   0.02354

  436.0   0.02240

  437.0   0.02143

  438.0   0.02059

  439.0   0.01982

  440.0   0.01911

  441.0   0.01837

  442.0   0.01758

  443.0   0.01696

  444.0   0.01618

  445.0   0.01545

  446.0   0.01487

  447.0   0.01443

  448.0   0.01389

  449.0   0.01335

  450.0   0.01289

  451.0   0.01231

  452.0   0.01193

  453.0   0.01156

  454.0   0.01117

  455.0   0.01058

  456.0   0.01034

  457.0   0.00994

  458.0   0.00951

  459.0   0.00912

  460.0   0.00886

  461.0   0.00855

  462.0   0.00815

  463.0   0.00791

  464.0   0.00772

  465.0   0.00746

  466.0   0.00728

  467.0   0.00710

  468.0   0.00689

  469.0   0.00677

  470.0   0.00655

  471.0   0.00631

  472.0   0.00625

  473.0   0.00605

  474.0   0.00600

  475.0   0.00575

  476.0   0.00557

  477.0   0.00540

  478.0   0.00521

  479.0   0.00502

  480.0   0.00485

  481.0   0.00466

  482.0   0.00454

  483.0   0.00446

  484.0   0.00433

  485.0   0.00426

  486.0   0.00422

  487.0   0.00409

  488.0   0.00408

  489.0   0.00403

  490.0   0.00395

  491.0   0.00393

  492.0   0.00384

  493.0   0.00382

  494.0   0.00373

  495.0   0.00366

  496.0   0.00366

  497.0   0.00363

  498.0   0.00365

  499.0   0.00373

  500.0   0.00379

  501.0   0.00380

  502.0   0.00379

  503.0   0.00384

  504.0   0.00387

  505.0   0.00396

  506.0   0.00407

  507.0   0.00412

  508.0   0.00420

  509.0   0.00423

  510.0   0.00427

  511.0   0.00426

  512.0   0.00432

  513.0   0.00432

  514.0   0.00436

  515.0   0.00440

  516.0   0.00442

  517.0   0.00446

  518.0   0.00452

  519.0   0.00448

  520.0   0.00450

  521.0   0.00450

  522.0   0.00449

  523.0   0.00454

  524.0   0.00457

  525.0   0.00457

  526.0   0.00457

  527.0   0.00464

  528.0   0.00465

  529.0   0.00471

  530.0   0.00471

  531.0   0.00479

  532.0   0.00480

  533.0   0.00488

  534.0   0.00493

  535.0   0.00495

  536.0   0.00502

  537.0   0.00507

  538.0   0.00509

  539.0   0.00520

  540.0   0.00524

  541.0   0.00536

  542.0   0.00551

  543.0   0.00559

  544.0   0.00571

  545.0   0.00571

  546.0   0.00579

  547.0   0.00578

  548.0   0.00586

  549.0   0.00589

  550.0   0.00599

  551.0   0.00602

  552.0   0.00614

  553.0   0.00614

  554.0   0.00624

  555.0   0.00622

  556.0   0.00623

  557.0   0.00693

  558.0   0.00699

  559.0   0.00695

  560.0   0.00697

  561.0   0.00701

  562.0   0.00698

  563.0   0.00700

  564.0   0.00698

  565.0   0.00697

  566.0   0.00703

  567.0   0.00701

  568.0   0.00704

  569.0   0.00701

  570.0   0.00703

  571.0   0.00700

  572.0   0.00695

  573.0   0.00697

  574.0   0.00701

  575.0   0.00703

  576.0   0.00706

  577.0   0.00714

  578.0   0.00716

  579.0   0.00719

  580.0   0.00725

  581.0   0.00727

  582.0   0.00729

  583.0   0.00727

  584.0   0.00737

  585.0   0.00744

  586.0   0.00754

  587.0   0.00759

  588.0   0.00769

  589.0   0.00773

  590.0   0.00780

  591.0   0.00786

  592.0   0.00792

  593.0   0.00802

  594.0   0.00802

  595.0   0.00806

  596.0   0.00804

  597.0   0.00801

  598.0   0.00805

  599.0   0.00804

  600.0   0.00802

  601.0   0.00801

  602.0   0.00802

  603.0   0.00799

  604.0   0.00796

  605.0   0.00797

  606.0   0.00796

  607.0   0.00797

  608.0   0.00800

  609.0   0.00797

  610.0   0.00799

  611.0   0.00806

  612.0   0.00804

  613.0   0.00807

  614.0   0.00808

  615.0   0.00808

  616.0   0.00812

  617.0   0.00810

  618.0   0.00811

  619.0   0.00815

  620.0   0.00813

  621.0   0.00817

  622.0   0.00814

  623.0   0.00814

  624.0   0.00814

  625.0   0.00813

  626.0   0.00813

  627.0   0.00816

  628.0   0.00813

  629.0   0.00817

  630.0   0.00818

  631.0   0.00817

  632.0   0.00816

  633.0   0.00815

  634.0   0.00814

  635.0   0.00810

  636.0   0.00810

  637.0   0.00813

  638.0   0.00819

  639.0   0.00827

  640.0   0.00832

  641.0   0.00840

  642.0   0.00845

  643.0   0.00845

  644.0   0.00850

  645.0   0.00856

  646.0   0.00864

  647.0   0.00868

  648.0   0.00871

  649.0   0.00875

  650.0   0.00875

  651.0   0.00877

  652.0   0.00878

  653.0   0.00880

  654.0   0.00881

  655.0   0.00882

  656.0   0.00878

  657.0   0.00881

  658.0   0.00883

  659.0   0.00882

  660.0   0.00884

  661.0   0.00890

  662.0   0.00891

  663.0   0.00889

  664.0   0.00889

  665.0   0.00890

  666.0   0.00890

  667.0   0.00895

  668.0   0.00893

  669.0   0.00894

  670.0   0.00892

  671.0   0.00892

  672.0   0.00893

  673.0   0.00888

  674.0   0.00888

  675.0   0.00885

  676.0   0.00886

  677.0   0.00877

  678.0   0.00876

  679.0   0.00875

  680.0   0.00880

  681.0   0.00875

  682.0   0.00875

  683.0   0.00878

  684.0   0.00877

  685.0   0.00886

  686.0   0.00884

  687.0   0.00882

  688.0   0.00878

  689.0   0.00870

  690.0   0.00866

  691.0   0.00870

  692.0   0.00872

  693.0   0.00874

  694.0   0.00874

  695.0   0.00872

  696.0   0.00878

  697.0   0.00877

  698.0   0.00880

  699.0   0.00876

  700.0   0.00877

  701.0   0.00870

  702.0   0.00868

  703.0   0.00869

  704.0   0.00870

  705.0   0.00869

  706.0   0.00872

  707.0   0.00871

  708.0   0.00868

  709.0   0.00863

  710.0   0.00860

  711.0   0.00859

  712.0   0.00856

  713.0   0.00849

  714.0   0.00851

  715.0   0.00848

  716.0   0.00852

  717.0   0.00853

  718.0   0.00853

  719.0   0.00850

  720.0   0.00850

  721.0   0.00852

  722.0   0.00843

  723.0   0.00841

  724.0   0.00839

  725.0   0.00839

  726.0   0.00835

  727.0   0.00844

  728.0   0.00841

  729.0   0.00843

  730.0   0.00848

  731.0   0.00844

  732.0   0.00846

  733.0   0.00844

  734.0   0.00850

  735.0   0.00852

  736.0   0.00867

  737.0   0.00858

  738.0   0.00864

  739.0   0.00864

  740.0   0.00862

  741.0   0.00863

  742.0   0.00862

  743.0   0.00866

  744.0   0.00873

  745.0   0.00872

  746.0   0.00877

  747.0   0.00881

  748.0   0.00884

  749.0   0.00881

  750.0   0.00864

  751.0   0.00869

  752.0   0.00858

  753.0   0.00853

  754.0   0.00853

  755.0   0.00853

  756.0   0.00848

  757.0   0.00844

  758.0   0.00845

  759.0   0.00843

  760.0   0.00837

  761.0   0.00838

  762.0   0.00836

  763.0   0.00840

  764.0   0.00829

  765.0   0.00827

  766.0   0.00828

  767.0   0.00832

  768.0   0.00825

  769.0   0.00820

  770.0   0.00813

  771.0   0.00814

  772.0   0.00815

  773.0   0.00811

  774.0   0.00801

  775.0   0.00796

  776.0   0.00798

  777.0   0.00796

  778.0   0.00786

  779.0   0.00788

  780.0   0.00786

  781.0   0.00782

  782.0   0.00780

  783.0   0.00779

  784.0   0.00772

  785.0   0.00773

  786.0   0.00769

  787.0   0.00765

  788.0   0.00763

  789.0   0.00756

  790.0   0.00758

  791.0   0.00762

  792.0   0.00767

  793.0   0.00765

  794.0   0.00770

  795.0   0.00765

  796.0   0.00770

  797.0   0.00774

  798.0   0.00769

  799.0   0.00770

  800.0   0.00761

 
