ser ID: DU600

Method ID: A:\DEFAULT

Date: 08/06/00

Time: 06:02

 200.0   3.17114

  201.0   2.64048

  202.0   3.28353

  203.0   3.32284

  204.0   2.88818

  205.0   2.80003

  206.0   2.95601

  207.0   3.46464

  208.0   3.49513

  209.0   3.04961

  210.0   3.07579

  211.0   3.27818

  212.0   3.00065

  213.0   3.15157

  214.0   3.04834

  215.0   3.67034

  216.0   3.69002

  217.0   3.71037

  218.0   3.25058

  219.0   3.74421

  220.0   3.06062

  221.0   2.92913

  222.0   3.01199

  223.0   3.50250

  224.0   3.81684

  225.0   3.82963

  226.0   3.36592

  227.0   3.15619

  228.0   3.39082

  229.0   3.57795

  230.0   3.28942

  231.0   3.60103

  232.0   3.91132

  233.0   3.91976

  234.0   3.22835

  235.0   3.45596

  236.0   3.23845

  237.0   3.24199

  238.0   2.98900

  239.0   3.09978

  240.0   3.46864

  241.0   3.46810

  242.0   2.99034

  243.0   2.86402

  244.0   2.86193

  245.0   2.65977

  246.0   2.59288

  247.0   2.50004

  248.0   2.43632

  249.0   2.35535

  250.0   2.22909

  251.0   2.11453

  252.0   2.01730

  253.0   1.89996

  254.0   1.82047

  255.0   1.73540

  256.0   1.66298

  257.0   1.57509

  258.0   1.49437

  259.0   1.41380

  260.0   1.34278

  261.0   1.27123

  262.0   1.21365

  263.0   1.16211

  264.0   1.11875

  265.0   1.08129

  266.0   1.04010

  267.0   1.00497

  268.0   0.97573

  269.0   0.94668

  270.0   0.91898

  271.0   0.89664

  272.0   0.87176

  273.0   0.84976

  274.0   0.82287

  275.0   0.79698

  276.0   0.77131

  277.0   0.74445

  278.0   0.71433

  279.0   0.68851

  280.0   0.66219

  281.0   0.63089

  282.0   0.60443

  283.0   0.57733

  284.0   0.55103

  285.0   0.52115

  286.0   0.49450

  287.0   0.46776

  288.0   0.44235

  289.0   0.41897

  290.0   0.39672

  291.0   0.37548

  292.0   0.35400

  293.0   0.33491

  294.0   0.31737

  295.0   0.29896

  296.0   0.28242

  297.0   0.26572

  298.0   0.24941

  299.0   0.23373

  300.0   0.22030

  301.0   0.20794

  302.0   0.19673

  303.0   0.18804

  304.0   0.17925

  305.0   0.17049

  306.0   0.16070

  307.0   0.15435

  308.0   0.14709

  309.0   0.14114

  310.0   0.13575

  311.0   0.13081

  312.0   0.12586

  313.0   0.12137

  314.0   0.11695

  315.0   0.11373

  316.0   0.11057

  317.0   0.10750

  318.0   0.10587

  319.0   0.10459

  320.0   0.10389

  321.0   0.10345

  322.0   0.10336

  323.0   0.10344

  324.0   0.10423

  325.0   0.10619

  326.0   0.10766

  327.0   0.10959

  328.0   0.11243

  329.0   0.11603

  330.0   0.11955

  331.0   0.12213

  332.0   0.12617

  333.0   0.13002

  334.0   0.13294

  335.0   0.13729

  336.0   0.14162

  337.0   0.14690

  338.0   0.15126

  339.0   0.15545

  340.0   0.16110

  341.0   0.16507

  342.0   0.17069

  343.0   0.17568

  344.0   0.18115

  345.0   0.18515

  346.0   0.18930

  347.0   0.19310

  348.0   0.19747

  349.0   0.20097

  350.0   0.20441

  351.0   0.20672

  352.0   0.20902

  353.0   0.21093

  354.0   0.21226

  355.0   0.21278

  356.0   0.21309

  357.0   0.21416

  358.0   0.21348

  359.0   0.21274

  360.0   0.21101

  361.0   0.20938

  362.0   0.20627

  363.0   0.20392

  364.0   0.20160

  365.0   0.19783

  366.0   0.19484

  367.0   0.19189

  368.0   0.18813

  369.0   0.18473

  370.0   0.17997

  371.0   0.17654

  372.0   0.17311

  373.0   0.16923

  374.0   0.16590

  375.0   0.16264

  376.0   0.15812

  377.0   0.15477

  378.0   0.15010

  379.0   0.14676

  380.0   0.14296

  381.0   0.13920

  382.0   0.13641

  383.0   0.13283

  384.0   0.12880

  385.0   0.12527

  386.0   0.12129

  387.0   0.11756

  388.0   0.11466

  389.0   0.11147

  390.0   0.10871

  391.0   0.10564

  392.0   0.10285

  393.0   0.09993

  394.0   0.09713

  395.0   0.09473

  396.0   0.09238

  397.0   0.09025

  398.0   0.08807

  399.0   0.08579

  400.0   0.08407

  401.0   0.08214

  402.0   0.08042

  403.0   0.07907

  404.0   0.07737

  405.0   0.07578

  406.0   0.07432

  407.0   0.07271

  408.0   0.07097

  409.0   0.06925

  410.0   0.06794

  411.0   0.06668

  412.0   0.06504

  413.0   0.06346

  414.0   0.06196

  415.0   0.06106

  416.0   0.05891

  417.0   0.05709

  418.0   0.05554

  419.0   0.05358

  420.0   0.05217

  421.0   0.05049

  422.0   0.04875

  423.0   0.04697

  424.0   0.04537

  425.0   0.04381

  426.0   0.04242

  427.0   0.04075

  428.0   0.03923

  429.0   0.03755

  430.0   0.03613

  431.0   0.03476

  432.0   0.03351

  433.0   0.03229

  434.0   0.03100

  435.0   0.02976

  436.0   0.02846

  437.0   0.02730

  438.0   0.02610

  439.0   0.02516

  440.0   0.02418

  441.0   0.02308

  442.0   0.02221

  443.0   0.02141

  444.0   0.02050

  445.0   0.01961

  446.0   0.01902

  447.0   0.01818

  448.0   0.01759

  449.0   0.01678

  450.0   0.01619

  451.0   0.01552

  452.0   0.01502

  453.0   0.01444

  454.0   0.01386

  455.0   0.01324

  456.0   0.01281

  457.0   0.01236

  458.0   0.01182

  459.0   0.01138

  460.0   0.01094

  461.0   0.01049

  462.0   0.00999

  463.0   0.00957

  464.0   0.00925

  465.0   0.00896

  466.0   0.00867

  467.0   0.00836

  468.0   0.00801

  469.0   0.00765

  470.0   0.00740

  471.0   0.00714

  472.0   0.00700

  473.0   0.00674

  474.0   0.00655

  475.0   0.00629

  476.0   0.00600

  477.0   0.00588

  478.0   0.00562

  479.0   0.00547

  480.0   0.00522

  481.0   0.00502

  482.0   0.00484

  483.0   0.00473

  484.0   0.00460

  485.0   0.00455

  486.0   0.00439

  487.0   0.00426

  488.0   0.00417

  489.0   0.00407

  490.0   0.00398

  491.0   0.00393

  492.0   0.00377

  493.0   0.00369

  494.0   0.00361

  495.0   0.00353

  496.0   0.00351

  497.0   0.00344

  498.0   0.00345

  499.0   0.00342

  500.0   0.00343

  501.0   0.00338

  502.0   0.00330

  503.0   0.00331

  504.0   0.00333

  505.0   0.00334

  506.0   0.00342

  507.0   0.00343

  508.0   0.00347

  509.0   0.00349

  510.0   0.00355

  511.0   0.00348

  512.0   0.00350

  513.0   0.00346

  514.0   0.00349

  515.0   0.00349

  516.0   0.00355

  517.0   0.00353

  518.0   0.00350

  519.0   0.00347

  520.0   0.00347

  521.0   0.00341

  522.0   0.00344

  523.0   0.00349

  524.0   0.00345

  525.0   0.00343

  526.0   0.00339

  527.0   0.00346

  528.0   0.00347

  529.0   0.00351

  530.0   0.00346

  531.0   0.00346

  532.0   0.00350

  533.0   0.00346

  534.0   0.00356

  535.0   0.00355

  536.0   0.00352

  537.0   0.00355

  538.0   0.00355

  539.0   0.00360

  540.0   0.00359

  541.0   0.00367

  542.0   0.00370

  543.0   0.00376

  544.0   0.00382

  545.0   0.00384

  546.0   0.00394

  547.0   0.00390

  548.0   0.00396

  549.0   0.00393

  550.0   0.00402

  551.0   0.00404

  552.0   0.00413

  553.0   0.00420

  554.0   0.00426

  555.0   0.00421

  556.0   0.00422

  557.0   0.00459

  558.0   0.00458

  559.0   0.00457

  560.0   0.00462

  561.0   0.00460

  562.0   0.00456

  563.0   0.00457

  564.0   0.00454

  565.0   0.00460

  566.0   0.00467

  567.0   0.00464

  568.0   0.00470

  569.0   0.00466

  570.0   0.00468

  571.0   0.00469

  572.0   0.00469

  573.0   0.00473

  574.0   0.00478

  575.0   0.00479

  576.0   0.00478

  577.0   0.00481

  578.0   0.00484

  579.0   0.00485

  580.0   0.00486

  581.0   0.00485

  582.0   0.00482

  583.0   0.00482

  584.0   0.00485

  585.0   0.00489

  586.0   0.00490

  587.0   0.00496

  588.0   0.00501

  589.0   0.00508

  590.0   0.00511

  591.0   0.00516

  592.0   0.00516

  593.0   0.00525

  594.0   0.00528

  595.0   0.00537

  596.0   0.00538

  597.0   0.00534

  598.0   0.00536

  599.0   0.00532

  600.0   0.00531

  601.0   0.00530

  602.0   0.00529

  603.0   0.00524

  604.0   0.00526

  605.0   0.00527

  606.0   0.00529

  607.0   0.00531

  608.0   0.00534

  609.0   0.00533

  610.0   0.00531

  611.0   0.00534

  612.0   0.00531

  613.0   0.00533

  614.0   0.00535

  615.0   0.00536

  616.0   0.00540

  617.0   0.00538

  618.0   0.00537

  619.0   0.00543

  620.0   0.00543

  621.0   0.00549

  622.0   0.00546

  623.0   0.00547

  624.0   0.00546

  625.0   0.00544

  626.0   0.00545

  627.0   0.00549

  628.0   0.00543

  629.0   0.00551

  630.0   0.00547

  631.0   0.00545

  632.0   0.00544

  633.0   0.00543

  634.0   0.00541

  635.0   0.00539

  636.0   0.00537

  637.0   0.00547

  638.0   0.00550

  639.0   0.00557

  640.0   0.00563

  641.0   0.00566

  642.0   0.00568

  643.0   0.00576

  644.0   0.00583

  645.0   0.00590

  646.0   0.00592

  647.0   0.00597

  648.0   0.00602

  649.0   0.00602

  650.0   0.00602

  651.0   0.00603

  652.0   0.00601

  653.0   0.00600

  654.0   0.00602

  655.0   0.00605

  656.0   0.00604

  657.0   0.00608

  658.0   0.00610

  659.0   0.00616

  660.0   0.00620

  661.0   0.00626

  662.0   0.00623

  663.0   0.00623

  664.0   0.00617

  665.0   0.00619

  666.0   0.00621

  667.0   0.00627

  668.0   0.00631

  669.0   0.00634

  670.0   0.00637

  671.0   0.00637

  672.0   0.00631

  673.0   0.00631

  674.0   0.00631

  675.0   0.00625

  676.0   0.00626

  677.0   0.00622

  678.0   0.00622

  679.0   0.00621

  680.0   0.00627

  681.0   0.00623

  682.0   0.00627

  683.0   0.00634

  684.0   0.00640

  685.0   0.00644

  686.0   0.00647

  687.0   0.00648

  688.0   0.00643

  689.0   0.00638

  690.0   0.00635

  691.0   0.00638

  692.0   0.00637

  693.0   0.00641

  694.0   0.00637

  695.0   0.00640

  696.0   0.00637

  697.0   0.00635

  698.0   0.00636

  699.0   0.00635

  700.0   0.00633

  701.0   0.00624

  702.0   0.00624

  703.0   0.00623

  704.0   0.00625

  705.0   0.00624

  706.0   0.00626

  707.0   0.00629

  708.0   0.00629

  709.0   0.00633

  710.0   0.00633

  711.0   0.00634

  712.0   0.00636

  713.0   0.00632

  714.0   0.00634

  715.0   0.00635

  716.0   0.00635

  717.0   0.00633

  718.0   0.00630

  719.0   0.00633

  720.0   0.00633

  721.0   0.00634

  722.0   0.00625

  723.0   0.00621

  724.0   0.00620

  725.0   0.00625

  726.0   0.00624

  727.0   0.00626

  728.0   0.00624

  729.0   0.00625

  730.0   0.00625

  731.0   0.00622

  732.0   0.00619

  733.0   0.00621

  734.0   0.00630

  735.0   0.00626

  736.0   0.00629

  737.0   0.00627

  738.0   0.00628

  739.0   0.00638

  740.0   0.00633

  741.0   0.00640

  742.0   0.00639

  743.0   0.00641

  744.0   0.00648

  745.0   0.00650

  746.0   0.00658

  747.0   0.00666

  748.0   0.00665

  749.0   0.00668

  750.0   0.00651

  751.0   0.00654

  752.0   0.00654

  753.0   0.00646

  754.0   0.00640

  755.0   0.00641

  756.0   0.00641

  757.0   0.00639

  758.0   0.00637

  759.0   0.00632

  760.0   0.00632

  761.0   0.00633

  762.0   0.00630

  763.0   0.00625

  764.0   0.00615

  765.0   0.00615

  766.0   0.00619

  767.0   0.00620

  768.0   0.00615

  769.0   0.00610

  770.0   0.00605

  771.0   0.00618

  772.0   0.00621

  773.0   0.00622

  774.0   0.00629

  775.0   0.00627

  776.0   0.00631

  777.0   0.00630

  778.0   0.00622

  779.0   0.00623

  780.0   0.00627

  781.0   0.00623

  782.0   0.00624

  783.0   0.00625

  784.0   0.00620

  785.0   0.00616

  786.0   0.00614

  787.0   0.00612

  788.0   0.00608

  789.0   0.00603

  790.0   0.00599

  791.0   0.00600

  792.0   0.00598

  793.0   0.00599

  794.0   0.00600

  795.0   0.00593

  796.0   0.00597

  797.0   0.00598

  798.0   0.00595

  799.0   0.00596

  800.0   0.00591

 
