ser ID: DU600

Method ID: A:\DEFAULT

Date: 08/06/00

Time: 06:16

 200.0   3.17114

  201.0   3.24254

  202.0   3.28353

  203.0   3.02181

  204.0   2.76324

  205.0   2.62394

  206.0   3.43313

  207.0   3.46464

  208.0   3.49513

  209.0   3.04961

  210.0   2.85394

  211.0   3.27818

  212.0   3.00065

  213.0   3.62870

  214.0   3.17328

  215.0   3.67034

  216.0   3.69002

  217.0   3.71037

  218.0   2.88261

  219.0   2.96606

  220.0   3.06062

  221.0   3.17216

  222.0   3.79014

  223.0   3.50250

  224.0   3.81684

  225.0   3.82963

  226.0   3.84305

  227.0   3.15619

  228.0   3.26588

  229.0   3.87898

  230.0   3.89148

  231.0   3.90206

  232.0   3.61029

  233.0   3.31770

  234.0   3.14917

  235.0   3.45596

  236.0   3.93742

  237.0   3.63993

  238.0   3.94325

  239.0   3.16673

  240.0   3.10067

  241.0   3.10012

  242.0   2.99034

  243.0   2.79707

  244.0   2.94111

  245.0   2.82458

  246.0   2.53737

  247.0   2.45429

  248.0   2.33661

  249.0   2.23336

  250.0   2.14844

  251.0   2.04464

  252.0   1.94091

  253.0   1.85506

  254.0   1.77580

  255.0   1.68157

  256.0   1.58510

  257.0   1.50967

  258.0   1.43548

  259.0   1.35562

  260.0   1.29925

  261.0   1.23664

  262.0   1.17353

  263.0   1.12500

  264.0   1.08456

  265.0   1.04370

  266.0   1.00852

  267.0   0.97041

  268.0   0.94350

  269.0   0.91835

  270.0   0.88671

  271.0   0.86108

  272.0   0.83545

  273.0   0.81081

  274.0   0.78642

  275.0   0.76365

  276.0   0.73584

  277.0   0.70908

  278.0   0.67809

  279.0   0.65396

  280.0   0.62651

  281.0   0.59956

  282.0   0.57353

  283.0   0.54920

  284.0   0.52497

  285.0   0.49673

  286.0   0.47317

  287.0   0.44766

  288.0   0.42379

  289.0   0.40174

  290.0   0.38243

  291.0   0.36322

  292.0   0.34407

  293.0   0.32678

  294.0   0.31117

  295.0   0.29358

  296.0   0.27777

  297.0   0.26334

  298.0   0.24826

  299.0   0.23398

  300.0   0.22272

  301.0   0.21209

  302.0   0.20079

  303.0   0.19215

  304.0   0.18421

  305.0   0.17774

  306.0   0.16953

  307.0   0.16347

  308.0   0.15727

  309.0   0.15098

  310.0   0.14603

  311.0   0.14090

  312.0   0.13699

  313.0   0.13267

  314.0   0.12831

  315.0   0.12528

  316.0   0.12177

  317.0   0.11789

  318.0   0.11545

  319.0   0.11382

  320.0   0.11335

  321.0   0.11322

  322.0   0.11134

  323.0   0.11209

  324.0   0.11204

  325.0   0.11306

  326.0   0.11508

  327.0   0.11592

  328.0   0.11842

  329.0   0.11999

  330.0   0.12186

  331.0   0.12419

  332.0   0.12786

  333.0   0.13067

  334.0   0.13254

  335.0   0.13624

  336.0   0.13926

  337.0   0.14242

  338.0   0.14583

  339.0   0.15000

  340.0   0.15428

  341.0   0.15782

  342.0   0.16137

  343.0   0.16508

  344.0   0.16803

  345.0   0.17238

  346.0   0.17550

  347.0   0.17895

  348.0   0.18212

  349.0   0.18540

  350.0   0.18651

  351.0   0.18831

  352.0   0.19024

  353.0   0.19118

  354.0   0.19253

  355.0   0.19311

  356.0   0.19334

  357.0   0.19412

  358.0   0.19196

  359.0   0.19097

  360.0   0.19016

  361.0   0.18832

  362.0   0.18579

  363.0   0.18342

  364.0   0.18044

  365.0   0.17713

  366.0   0.17485

  367.0   0.17200

  368.0   0.16893

  369.0   0.16577

  370.0   0.16138

  371.0   0.15847

  372.0   0.15469

  373.0   0.15202

  374.0   0.14895

  375.0   0.14587

  376.0   0.14190

  377.0   0.13861

  378.0   0.13479

  379.0   0.13116

  380.0   0.12841

  381.0   0.12528

  382.0   0.12235

  383.0   0.11906

  384.0   0.11557

  385.0   0.11241

  386.0   0.10897

  387.0   0.10634

  388.0   0.10344

  389.0   0.10064

  390.0   0.09804

  391.0   0.09553

  392.0   0.09311

  393.0   0.09082

  394.0   0.08850

  395.0   0.08650

  396.0   0.08441

  397.0   0.08240

  398.0   0.08052

  399.0   0.07848

  400.0   0.07698

  401.0   0.07536

  402.0   0.07422

  403.0   0.07262

  404.0   0.07109

  405.0   0.06974

  406.0   0.06811

  407.0   0.06688

  408.0   0.06545

  409.0   0.06391

  410.0   0.06260

  411.0   0.06142

  412.0   0.05973

  413.0   0.05824

  414.0   0.05687

  415.0   0.05613

  416.0   0.05400

  417.0   0.05234

  418.0   0.05083

  419.0   0.04902

  420.0   0.04765

  421.0   0.04609

  422.0   0.04432

  423.0   0.04274

  424.0   0.04119

  425.0   0.03973

  426.0   0.03824

  427.0   0.03676

  428.0   0.03548

  429.0   0.03383

  430.0   0.03257

  431.0   0.03123

  432.0   0.03007

  433.0   0.02894

  434.0   0.02780

  435.0   0.02669

  436.0   0.02531

  437.0   0.02439

  438.0   0.02342

  439.0   0.02259

  440.0   0.02166

  441.0   0.02077

  442.0   0.01989

  443.0   0.01923

  444.0   0.01836

  445.0   0.01764

  446.0   0.01703

  447.0   0.01637

  448.0   0.01589

  449.0   0.01515

  450.0   0.01467

  451.0   0.01402

  452.0   0.01358

  453.0   0.01302

  454.0   0.01253

  455.0   0.01188

  456.0   0.01159

  457.0   0.01115

  458.0   0.01070

  459.0   0.01023

  460.0   0.00987

  461.0   0.00948

  462.0   0.00907

  463.0   0.00874

  464.0   0.00850

  465.0   0.00830

  466.0   0.00796

  467.0   0.00773

  468.0   0.00754

  469.0   0.00719

  470.0   0.00696

  471.0   0.00671

  472.0   0.00657

  473.0   0.00630

  474.0   0.00615

  475.0   0.00593

  476.0   0.00574

  477.0   0.00566

  478.0   0.00543

  479.0   0.00523

  480.0   0.00506

  481.0   0.00481

  482.0   0.00466

  483.0   0.00458

  484.0   0.00440

  485.0   0.00436

  486.0   0.00420

  487.0   0.00407

  488.0   0.00406

  489.0   0.00403

  490.0   0.00391

  491.0   0.00386

  492.0   0.00375

  493.0   0.00369

  494.0   0.00359

  495.0   0.00353

  496.0   0.00351

  497.0   0.00348

  498.0   0.00347

  499.0   0.00344

  500.0   0.00347

  501.0   0.00346

  502.0   0.00346

  503.0   0.00347

  504.0   0.00348

  505.0   0.00348

  506.0   0.00359

  507.0   0.00365

  508.0   0.00370

  509.0   0.00370

  510.0   0.00374

  511.0   0.00366

  512.0   0.00370

  513.0   0.00374

  514.0   0.00376

  515.0   0.00381

  516.0   0.00385

  517.0   0.00384

  518.0   0.00385

  519.0   0.00380

  520.0   0.00383

  521.0   0.00382

  522.0   0.00385

  523.0   0.00389

  524.0   0.00388

  525.0   0.00392

  526.0   0.00388

  527.0   0.00390

  528.0   0.00390

  529.0   0.00391

  530.0   0.00395

  531.0   0.00397

  532.0   0.00405

  533.0   0.00404

  534.0   0.00407

  535.0   0.00404

  536.0   0.00406

  537.0   0.00414

  538.0   0.00416

  539.0   0.00421

  540.0   0.00419

  541.0   0.00431

  542.0   0.00442

  543.0   0.00448

  544.0   0.00459

  545.0   0.00462

  546.0   0.00469

  547.0   0.00469

  548.0   0.00477

  549.0   0.00479

  550.0   0.00487

  551.0   0.00488

  552.0   0.00496

  553.0   0.00497

  554.0   0.00507

  555.0   0.00507

  556.0   0.00510

  557.0   0.00545

  558.0   0.00546

  559.0   0.00544

  560.0   0.00549

  561.0   0.00547

  562.0   0.00545

  563.0   0.00539

  564.0   0.00540

  565.0   0.00542

  566.0   0.00552

  567.0   0.00553

  568.0   0.00557

  569.0   0.00555

  570.0   0.00554

  571.0   0.00554

  572.0   0.00552

  573.0   0.00551

  574.0   0.00553

  575.0   0.00552

  576.0   0.00550

  577.0   0.00557

  578.0   0.00564

  579.0   0.00569

  580.0   0.00575

  581.0   0.00574

  582.0   0.00572

  583.0   0.00573

  584.0   0.00586

  585.0   0.00588

  586.0   0.00590

  587.0   0.00593

  588.0   0.00598

  589.0   0.00604

  590.0   0.00611

  591.0   0.00614

  592.0   0.00617

  593.0   0.00623

  594.0   0.00628

  595.0   0.00638

  596.0   0.00639

  597.0   0.00638

  598.0   0.00643

  599.0   0.00641

  600.0   0.00642

  601.0   0.00636

  602.0   0.00635

  603.0   0.00631

  604.0   0.00631

  605.0   0.00632

  606.0   0.00635

  607.0   0.00635

  608.0   0.00638

  609.0   0.00634

  610.0   0.00635

  611.0   0.00635

  612.0   0.00639

  613.0   0.00639

  614.0   0.00642

  615.0   0.00641

  616.0   0.00643

  617.0   0.00645

  618.0   0.00642

  619.0   0.00646

  620.0   0.00646

  621.0   0.00645

  622.0   0.00647

  623.0   0.00648

  624.0   0.00643

  625.0   0.00647

  626.0   0.00648

  627.0   0.00650

  628.0   0.00649

  629.0   0.00657

  630.0   0.00655

  631.0   0.00656

  632.0   0.00652

  633.0   0.00653

  634.0   0.00655

  635.0   0.00655

  636.0   0.00656

  637.0   0.00658

  638.0   0.00657

  639.0   0.00667

  640.0   0.00669

  641.0   0.00675

  642.0   0.00682

  643.0   0.00685

  644.0   0.00690

  645.0   0.00699

  646.0   0.00706

  647.0   0.00711

  648.0   0.00716

  649.0   0.00720

  650.0   0.00720

  651.0   0.00722

  652.0   0.00721

  653.0   0.00714

  654.0   0.00713

  655.0   0.00712

  656.0   0.00710

  657.0   0.00709

  658.0   0.00710

  659.0   0.00714

  660.0   0.00715

  661.0   0.00726

  662.0   0.00725

  663.0   0.00724

  664.0   0.00720

  665.0   0.00723

  666.0   0.00723

  667.0   0.00727

  668.0   0.00722

  669.0   0.00725

  670.0   0.00723

  671.0   0.00721

  672.0   0.00720

  673.0   0.00717

  674.0   0.00715

  675.0   0.00709

  676.0   0.00714

  677.0   0.00709

  678.0   0.00709

  679.0   0.00710

  680.0   0.00710

  681.0   0.00709

  682.0   0.00708

  683.0   0.00705

  684.0   0.00708

  685.0   0.00706

  686.0   0.00709

  687.0   0.00708

  688.0   0.00706

  689.0   0.00699

  690.0   0.00693

  691.0   0.00692

  692.0   0.00695

  693.0   0.00696

  694.0   0.00694

  695.0   0.00691

  696.0   0.00694

  697.0   0.00700

  698.0   0.00698

  699.0   0.00701

  700.0   0.00693

  701.0   0.00689

  702.0   0.00693

  703.0   0.00694

  704.0   0.00696

  705.0   0.00694

  706.0   0.00700

  707.0   0.00702

  708.0   0.00702

  709.0   0.00702

  710.0   0.00694

  711.0   0.00697

  712.0   0.00697

  713.0   0.00693

  714.0   0.00698

  715.0   0.00698

  716.0   0.00703

  717.0   0.00706

  718.0   0.00709

  719.0   0.00705

  720.0   0.00704

  721.0   0.00709

  722.0   0.00706

  723.0   0.00710

  724.0   0.00707

  725.0   0.00708

  726.0   0.00709

  727.0   0.00715

  728.0   0.00711

  729.0   0.00710

  730.0   0.00713

  731.0   0.00711

  732.0   0.00712

  733.0   0.00707

  734.0   0.00712

  735.0   0.00713

  736.0   0.00723

  737.0   0.00721

  738.0   0.00722

  739.0   0.00728

  740.0   0.00726

  741.0   0.00728

  742.0   0.00732

  743.0   0.00731

  744.0   0.00738

  745.0   0.00734

  746.0   0.00742

  747.0   0.00747

  748.0   0.00743

  749.0   0.00740

  750.0   0.00727

  751.0   0.00732

  752.0   0.00726

  753.0   0.00721

  754.0   0.00721

  755.0   0.00719

  756.0   0.00714

  757.0   0.00709

  758.0   0.00704

  759.0   0.00699

  760.0   0.00697

  761.0   0.00694

  762.0   0.00701

  763.0   0.00696

  764.0   0.00688

  765.0   0.00689

  766.0   0.00692

  767.0   0.00707

  768.0   0.00728

  769.0   0.00729

  770.0   0.00728

  771.0   0.00734

  772.0   0.00732

  773.0   0.00725

  774.0   0.00715

  775.0   0.00713

  776.0   0.00712

  777.0   0.00707

  778.0   0.00703

  779.0   0.00698

  780.0   0.00699

  781.0   0.00692

  782.0   0.00687

  783.0   0.00689

  784.0   0.00684

  785.0   0.00683

  786.0   0.00681

  787.0   0.00682

  788.0   0.00687

  789.0   0.00680

  790.0   0.00681

  791.0   0.00676

  792.0   0.00678

  793.0   0.00673

  794.0   0.00675

  795.0   0.00661

  796.0   0.00668

  797.0   0.00666

  798.0   0.00661

  799.0   0.00662

  800.0   0.00662

 
