ser ID: DU600

Method ID: A:\DEFAULT

Date: 08/06/00

Time: 06:21

 200.0   3.17114

  201.0   2.39744

  202.0   2.68147

  203.0   3.32284

  204.0   2.58715

  205.0   3.40209

  206.0   3.43313

  207.0   3.46464

  208.0   3.49513

  209.0   3.52673

  210.0   2.77476

  211.0   2.97715

  212.0   3.30168

  213.0   3.62870

  214.0   3.65040

  215.0   2.89219

  216.0   3.69002

  217.0   3.01140

  218.0   3.42667

  219.0   3.74421

  220.0   3.75959

  221.0   3.29710

  222.0   3.79014

  223.0   3.32640

  224.0   3.11787

  225.0   3.52860

  226.0   3.84305

  227.0   3.85516

  228.0   3.26588

  229.0   3.10083

  230.0   3.11333

  231.0   3.60103

  232.0   3.43420

  233.0   3.91976

  234.0   3.45020

  235.0   3.33102

  236.0   3.93742

  237.0   3.24199

  238.0   3.16510

  239.0   3.94488

  240.0   3.24679

  241.0   3.34316

  242.0   2.86540

  243.0   2.68793

  244.0   2.68584

  245.0   2.68325

  246.0   2.65655

  247.0   2.46901

  248.0   2.31489

  249.0   2.19928

  250.0   2.09974

  251.0   2.01078

  252.0   1.92712

  253.0   1.83240

  254.0   1.74737

  255.0   1.65823

  256.0   1.57442

  257.0   1.48813

  258.0   1.41549

  259.0   1.34125

  260.0   1.28072

  261.0   1.22032

  262.0   1.16094

  263.0   1.11196

  264.0   1.07027

  265.0   1.03186

  266.0   0.99548

  267.0   0.96008

  268.0   0.92909

  269.0   0.90242

  270.0   0.87475

  271.0   0.84968

  272.0   0.82554

  273.0   0.80182

  274.0   0.77240

  275.0   0.74790

  276.0   0.72212

  277.0   0.69612

  278.0   0.66898

  279.0   0.64251

  280.0   0.61692

  281.0   0.58830

  282.0   0.56317

  283.0   0.53889

  284.0   0.51520

  285.0   0.48910

  286.0   0.46530

  287.0   0.44123

  288.0   0.41639

  289.0   0.39543

  290.0   0.37640

  291.0   0.35909

  292.0   0.33967

  293.0   0.32330

  294.0   0.30737

  295.0   0.29049

  296.0   0.27574

  297.0   0.26189

  298.0   0.24737

  299.0   0.23324

  300.0   0.22163

  301.0   0.21102

  302.0   0.20114

  303.0   0.19353

  304.0   0.18557

  305.0   0.17909

  306.0   0.17110

  307.0   0.16469

  308.0   0.15860

  309.0   0.15353

  310.0   0.14859

  311.0   0.14357

  312.0   0.13923

  313.0   0.13424

  314.0   0.13001

  315.0   0.12687

  316.0   0.12419

  317.0   0.12067

  318.0   0.11837

  319.0   0.11547

  320.0   0.11514

  321.0   0.11503

  322.0   0.11358

  323.0   0.11384

  324.0   0.11317

  325.0   0.11483

  326.0   0.11572

  327.0   0.11720

  328.0   0.11996

  329.0   0.12128

  330.0   0.12303

  331.0   0.12445

  332.0   0.12695

  333.0   0.13002

  334.0   0.13241

  335.0   0.13546

  336.0   0.13755

  337.0   0.14058

  338.0   0.14373

  339.0   0.14802

  340.0   0.15137

  341.0   0.15464

  342.0   0.15818

  343.0   0.16160

  344.0   0.16428

  345.0   0.16861

  346.0   0.17145

  347.0   0.17379

  348.0   0.17722

  349.0   0.17979

  350.0   0.18088

  351.0   0.18348

  352.0   0.18540

  353.0   0.18575

  354.0   0.18568

  355.0   0.18637

  356.0   0.18644

  357.0   0.18653

  358.0   0.18567

  359.0   0.18511

  360.0   0.18361

  361.0   0.18139

  362.0   0.17891

  363.0   0.17609

  364.0   0.17442

  365.0   0.17166

  366.0   0.16930

  367.0   0.16550

  368.0   0.16239

  369.0   0.15963

  370.0   0.15556

  371.0   0.15333

  372.0   0.15002

  373.0   0.14661

  374.0   0.14321

  375.0   0.14034

  376.0   0.13668

  377.0   0.13414

  378.0   0.12996

  379.0   0.12700

  380.0   0.12411

  381.0   0.12060

  382.0   0.11795

  383.0   0.11520

  384.0   0.11185

  385.0   0.10888

  386.0   0.10536

  387.0   0.10266

  388.0   0.10012

  389.0   0.09752

  390.0   0.09527

  391.0   0.09273

  392.0   0.09010

  393.0   0.08797

  394.0   0.08575

  395.0   0.08389

  396.0   0.08177

  397.0   0.07994

  398.0   0.07810

  399.0   0.07625

  400.0   0.07481

  401.0   0.07319

  402.0   0.07214

  403.0   0.07047

  404.0   0.06884

  405.0   0.06747

  406.0   0.06611

  407.0   0.06516

  408.0   0.06362

  409.0   0.06210

  410.0   0.06065

  411.0   0.05963

  412.0   0.05807

  413.0   0.05673

  414.0   0.05535

  415.0   0.05442

  416.0   0.05251

  417.0   0.05080

  418.0   0.04924

  419.0   0.04757

  420.0   0.04615

  421.0   0.04464

  422.0   0.04307

  423.0   0.04137

  424.0   0.03993

  425.0   0.03844

  426.0   0.03698

  427.0   0.03560

  428.0   0.03421

  429.0   0.03266

  430.0   0.03144

  431.0   0.03019

  432.0   0.02912

  433.0   0.02802

  434.0   0.02678

  435.0   0.02570

  436.0   0.02451

  437.0   0.02355

  438.0   0.02254

  439.0   0.02179

  440.0   0.02088

  441.0   0.01995

  442.0   0.01924

  443.0   0.01859

  444.0   0.01773

  445.0   0.01693

  446.0   0.01633

  447.0   0.01572

  448.0   0.01521

  449.0   0.01457

  450.0   0.01413

  451.0   0.01354

  452.0   0.01306

  453.0   0.01250

  454.0   0.01215

  455.0   0.01159

  456.0   0.01130

  457.0   0.01086

  458.0   0.01037

  459.0   0.00999

  460.0   0.00963

  461.0   0.00932

  462.0   0.00895

  463.0   0.00850

  464.0   0.00827

  465.0   0.00799

  466.0   0.00784

  467.0   0.00758

  468.0   0.00736

  469.0   0.00705

  470.0   0.00682

  471.0   0.00657

  472.0   0.00645

  473.0   0.00624

  474.0   0.00606

  475.0   0.00584

  476.0   0.00568

  477.0   0.00552

  478.0   0.00532

  479.0   0.00513

  480.0   0.00493

  481.0   0.00476

  482.0   0.00466

  483.0   0.00458

  484.0   0.00443

  485.0   0.00434

  486.0   0.00422

  487.0   0.00405

  488.0   0.00403

  489.0   0.00398

  490.0   0.00391

  491.0   0.00384

  492.0   0.00373

  493.0   0.00367

  494.0   0.00361

  495.0   0.00357

  496.0   0.00353

  497.0   0.00350

  498.0   0.00355

  499.0   0.00352

  500.0   0.00357

  501.0   0.00356

  502.0   0.00352

  503.0   0.00363

  504.0   0.00362

  505.0   0.00369

  506.0   0.00375

  507.0   0.00376

  508.0   0.00376

  509.0   0.00374

  510.0   0.00379

  511.0   0.00372

  512.0   0.00376

  513.0   0.00376

  514.0   0.00380

  515.0   0.00394

  516.0   0.00396

  517.0   0.00399

  518.0   0.00396

  519.0   0.00395

  520.0   0.00392

  521.0   0.00395

  522.0   0.00393

  523.0   0.00392

  524.0   0.00394

  525.0   0.00399

  526.0   0.00401

  527.0   0.00405

  528.0   0.00407

  529.0   0.00407

  530.0   0.00413

  531.0   0.00419

  532.0   0.00425

  533.0   0.00426

  534.0   0.00427

  535.0   0.00428

  536.0   0.00430

  537.0   0.00433

  538.0   0.00431

  539.0   0.00434

  540.0   0.00432

  541.0   0.00442

  542.0   0.00455

  543.0   0.00459

  544.0   0.00471

  545.0   0.00475

  546.0   0.00484

  547.0   0.00486

  548.0   0.00492

  549.0   0.00495

  550.0   0.00502

  551.0   0.00509

  552.0   0.00519

  553.0   0.00521

  554.0   0.00527

  555.0   0.00525

  556.0   0.00526

  557.0   0.00582

  558.0   0.00578

  559.0   0.00572

  560.0   0.00575

  561.0   0.00575

  562.0   0.00567

  563.0   0.00566

  564.0   0.00567

  565.0   0.00569

  566.0   0.00578

  567.0   0.00581

  568.0   0.00584

  569.0   0.00579

  570.0   0.00580

  571.0   0.00580

  572.0   0.00576

  573.0   0.00576

  574.0   0.00581

  575.0   0.00581

  576.0   0.00583

  577.0   0.00588

  578.0   0.00589

  579.0   0.00589

  580.0   0.00595

  581.0   0.00598

  582.0   0.00596

  583.0   0.00597

  584.0   0.00606

  585.0   0.00611

  586.0   0.00620

  587.0   0.00626

  588.0   0.00633

  589.0   0.00639

  590.0   0.00644

  591.0   0.00652

  592.0   0.00655

  593.0   0.00661

  594.0   0.00666

  595.0   0.00670

  596.0   0.00671

  597.0   0.00668

  598.0   0.00671

  599.0   0.00663

  600.0   0.00669

  601.0   0.00667

  602.0   0.00668

  603.0   0.00664

  604.0   0.00663

  605.0   0.00665

  606.0   0.00664

  607.0   0.00662

  608.0   0.00661

  609.0   0.00659

  610.0   0.00658

  611.0   0.00665

  612.0   0.00667

  613.0   0.00674

  614.0   0.00679

  615.0   0.00678

  616.0   0.00683

  617.0   0.00683

  618.0   0.00682

  619.0   0.00682

  620.0   0.00682

  621.0   0.00685

  622.0   0.00680

  623.0   0.00679

  624.0   0.00674

  625.0   0.00675

  626.0   0.00672

  627.0   0.00679

  628.0   0.00675

  629.0   0.00681

  630.0   0.00684

  631.0   0.00687

  632.0   0.00682

  633.0   0.00680

  634.0   0.00681

  635.0   0.00682

  636.0   0.00685

  637.0   0.00687

  638.0   0.00688

  639.0   0.00691

  640.0   0.00697

  641.0   0.00702

  642.0   0.00709

  643.0   0.00716

  644.0   0.00721

  645.0   0.00723

  646.0   0.00731

  647.0   0.00733

  648.0   0.00738

  649.0   0.00738

  650.0   0.00739

  651.0   0.00737

  652.0   0.00741

  653.0   0.00738

  654.0   0.00737

  655.0   0.00740

  656.0   0.00741

  657.0   0.00741

  658.0   0.00742

  659.0   0.00746

  660.0   0.00742

  661.0   0.00747

  662.0   0.00746

  663.0   0.00745

  664.0   0.00743

  665.0   0.00746

  666.0   0.00745

  667.0   0.00754

  668.0   0.00757

  669.0   0.00756

  670.0   0.00749

  671.0   0.00750

  672.0   0.00747

  673.0   0.00745

  674.0   0.00745

  675.0   0.00738

  676.0   0.00737

  677.0   0.00737

  678.0   0.00736

  679.0   0.00739

  680.0   0.00738

  681.0   0.00734

  682.0   0.00732

  683.0   0.00731

  684.0   0.00731

  685.0   0.00736

  686.0   0.00737

  687.0   0.00736

  688.0   0.00731

  689.0   0.00729

  690.0   0.00725

  691.0   0.00726

  692.0   0.00725

  693.0   0.00726

  694.0   0.00722

  695.0   0.00725

  696.0   0.00723

  697.0   0.00719

  698.0   0.00721

  699.0   0.00722

  700.0   0.00718

  701.0   0.00710

  702.0   0.00714

  703.0   0.00720

  704.0   0.00722

  705.0   0.00720

  706.0   0.00720

  707.0   0.00720

  708.0   0.00723

  709.0   0.00719

  710.0   0.00711

  711.0   0.00711

  712.0   0.00712

  713.0   0.00710

  714.0   0.00715

  715.0   0.00716

  716.0   0.00720

  717.0   0.00723

  718.0   0.00724

  719.0   0.00721

  720.0   0.00719

  721.0   0.00723

  722.0   0.00715

  723.0   0.00716

  724.0   0.00713

  725.0   0.00715

  726.0   0.00716

  727.0   0.00720

  728.0   0.00721

  729.0   0.00724

  730.0   0.00728

  731.0   0.00728

  732.0   0.00719

  733.0   0.00724

  734.0   0.00729

  735.0   0.00725

  736.0   0.00746

  737.0   0.00744

  738.0   0.00742

  739.0   0.00745

  740.0   0.00743

  741.0   0.00742

  742.0   0.00752

  743.0   0.00750

  744.0   0.00758

  745.0   0.00760

  746.0   0.00767

  747.0   0.00766

  748.0   0.00771

  749.0   0.00763

  750.0   0.00752

  751.0   0.00757

  752.0   0.00749

  753.0   0.00743

  754.0   0.00738

  755.0   0.00736

  756.0   0.00736

  757.0   0.00726

  758.0   0.00729

  759.0   0.00724

  760.0   0.00722

  761.0   0.00725

  762.0   0.00723

  763.0   0.00718

  764.0   0.00713

  765.0   0.00714

  766.0   0.00715

  767.0   0.00713

  768.0   0.00708

  769.0   0.00701

  770.0   0.00693

  771.0   0.00697

  772.0   0.00693

  773.0   0.00688

  774.0   0.00683

  775.0   0.00676

  776.0   0.00680

  777.0   0.00678

  778.0   0.00677

  779.0   0.00669

  780.0   0.00676

  781.0   0.00669

  782.0   0.00661

  783.0   0.00662

  784.0   0.00661

  785.0   0.00659

  786.0   0.00658

  787.0   0.00665

  788.0   0.00681

  789.0   0.00686

  790.0   0.00690

  791.0   0.00706

  792.0   0.00713

  793.0   0.00715

  794.0   0.00716

  795.0   0.00706

  796.0   0.00713

  797.0   0.00714

  798.0   0.00709

  799.0   0.00716

  800.0   0.00707

 
