ser ID: DU600

Method ID: A:\DEFAULT

Date: 08/06/00

Time: 07:13

 200.0   3.17114

  201.0   3.24254

  202.0   2.80641

  203.0   2.47774

  204.0   2.52020

  205.0   3.40209

  206.0   3.43313

  207.0   3.16361

  208.0   2.89307

  209.0   2.68163

  210.0   3.07579

  211.0   2.97715

  212.0   3.60271

  213.0   3.62870

  214.0   3.17328

  215.0   3.67034

  216.0   3.69002

  217.0   2.86527

  218.0   3.12564

  219.0   3.74421

  220.0   3.28247

  221.0   3.77422

  222.0   3.79014

  223.0   3.80353

  224.0   2.70289

  225.0   2.82963

  226.0   3.36592

  227.0   3.07700

  228.0   3.08979

  229.0   3.87898

  230.0   3.28942

  231.0   3.42494

  232.0   3.61029

  233.0   2.96552

  234.0   3.02423

  235.0   3.63205

  236.0   3.23845

  237.0   3.46384

  238.0   3.16510

  239.0   3.24591

  240.0   2.94576

  241.0   2.83128

  242.0   2.60216

  243.0   2.58147

  244.0   2.59869

  245.0   2.46140

  246.0   2.34424

  247.0   2.22384

  248.0   2.12150

  249.0   1.98906

  250.0   1.90645

  251.0   1.81350

  252.0   1.71350

  253.0   1.63012

  254.0   1.55526

  255.0   1.46563

  256.0   1.38998

  257.0   1.31792

  258.0   1.25730

  259.0   1.19439

  260.0   1.13719

  261.0   1.08476

  262.0   1.03423

  263.0   0.98964

  264.0   0.95129

  265.0   0.91770

  266.0   0.88292

  267.0   0.85448

  268.0   0.82476

  269.0   0.79961

  270.0   0.77042

  271.0   0.74540

  272.0   0.72114

  273.0   0.69855

  274.0   0.67274

  275.0   0.64902

  276.0   0.62446

  277.0   0.60014

  278.0   0.57241

  279.0   0.55135

  280.0   0.52966

  281.0   0.50787

  282.0   0.48772

  283.0   0.46774

  284.0   0.44732

  285.0   0.42592

  286.0   0.40592

  287.0   0.38675

  288.0   0.36802

  289.0   0.35234

  290.0   0.33638

  291.0   0.32139

  292.0   0.30694

  293.0   0.29301

  294.0   0.28021

  295.0   0.26802

  296.0   0.25680

  297.0   0.24514

  298.0   0.23419

  299.0   0.22308

  300.0   0.21443

  301.0   0.20595

  302.0   0.19893

  303.0   0.19318

  304.0   0.18785

  305.0   0.18362

  306.0   0.17753

  307.0   0.17313

  308.0   0.16814

  309.0   0.16434

  310.0   0.16033

  311.0   0.15683

  312.0   0.15302

  313.0   0.14901

  314.0   0.14522

  315.0   0.14219

  316.0   0.13825

  317.0   0.13474

  318.0   0.13342

  319.0   0.13067

  320.0   0.12978

  321.0   0.12904

  322.0   0.12648

  323.0   0.12526

  324.0   0.12513

  325.0   0.12442

  326.0   0.12406

  327.0   0.12390

  328.0   0.12526

  329.0   0.12621

  330.0   0.12601

  331.0   0.12640

  332.0   0.12669

  333.0   0.12716

  334.0   0.12684

  335.0   0.12897

  336.0   0.12979

  337.0   0.13049

  338.0   0.13120

  339.0   0.13214

  340.0   0.13279

  341.0   0.13398

  342.0   0.13532

  343.0   0.13676

  344.0   0.13739

  345.0   0.13830

  346.0   0.13829

  347.0   0.13956

  348.0   0.14097

  349.0   0.14242

  350.0   0.14167

  351.0   0.14192

  352.0   0.14207

  353.0   0.14138

  354.0   0.14033

  355.0   0.14017

  356.0   0.14049

  357.0   0.13914

  358.0   0.13767

  359.0   0.13598

  360.0   0.13448

  361.0   0.13314

  362.0   0.13095

  363.0   0.12874

  364.0   0.12666

  365.0   0.12383

  366.0   0.12181

  367.0   0.11900

  368.0   0.11741

  369.0   0.11520

  370.0   0.11215

  371.0   0.11005

  372.0   0.10755

  373.0   0.10521

  374.0   0.10294

  375.0   0.10128

  376.0   0.09851

  377.0   0.09631

  378.0   0.09304

  379.0   0.09087

  380.0   0.08891

  381.0   0.08695

  382.0   0.08500

  383.0   0.08312

  384.0   0.08067

  385.0   0.07878

  386.0   0.07615

  387.0   0.07450

  388.0   0.07273

  389.0   0.07109

  390.0   0.06943

  391.0   0.06779

  392.0   0.06636

  393.0   0.06478

  394.0   0.06333

  395.0   0.06232

  396.0   0.06115

  397.0   0.05986

  398.0   0.05853

  399.0   0.05748

  400.0   0.05628

  401.0   0.05528

  402.0   0.05469

  403.0   0.05346

  404.0   0.05246

  405.0   0.05140

  406.0   0.05039

  407.0   0.04950

  408.0   0.04837

  409.0   0.04737

  410.0   0.04628

  411.0   0.04535

  412.0   0.04425

  413.0   0.04304

  414.0   0.04178

  415.0   0.04123

  416.0   0.03969

  417.0   0.03830

  418.0   0.03710

  419.0   0.03562

  420.0   0.03462

  421.0   0.03333

  422.0   0.03202

  423.0   0.03077

  424.0   0.02948

  425.0   0.02834

  426.0   0.02724

  427.0   0.02618

  428.0   0.02509

  429.0   0.02386

  430.0   0.02292

  431.0   0.02190

  432.0   0.02104

  433.0   0.02033

  434.0   0.01951

  435.0   0.01861

  436.0   0.01772

  437.0   0.01702

  438.0   0.01627

  439.0   0.01570

  440.0   0.01518

  441.0   0.01461

  442.0   0.01395

  443.0   0.01363

  444.0   0.01300

  445.0   0.01237

  446.0   0.01189

  447.0   0.01167

  448.0   0.01121

  449.0   0.01080

  450.0   0.01046

  451.0   0.01008

  452.0   0.00981

  453.0   0.00946

  454.0   0.00913

  455.0   0.00868

  456.0   0.00850

  457.0   0.00824

  458.0   0.00786

  459.0   0.00765

  460.0   0.00739

  461.0   0.00722

  462.0   0.00692

  463.0   0.00665

  464.0   0.00652

  465.0   0.00638

  466.0   0.00626

  467.0   0.00607

  468.0   0.00592

  469.0   0.00575

  470.0   0.00556

  471.0   0.00541

  472.0   0.00545

  473.0   0.00527

  474.0   0.00517

  475.0   0.00504

  476.0   0.00490

  477.0   0.00478

  478.0   0.00469

  479.0   0.00456

  480.0   0.00443

  481.0   0.00435

  482.0   0.00421

  483.0   0.00411

  484.0   0.00404

  485.0   0.00398

  486.0   0.00382

  487.0   0.00377

  488.0   0.00378

  489.0   0.00373

  490.0   0.00377

  491.0   0.00378

  492.0   0.00371

  493.0   0.00369

  494.0   0.00363

  495.0   0.00357

  496.0   0.00362

  497.0   0.00361

  498.0   0.00359

  499.0   0.00366

  500.0   0.00371

  501.0   0.00374

  502.0   0.00377

  503.0   0.00386

  504.0   0.00391

  505.0   0.00396

  506.0   0.00409

  507.0   0.00414

  508.0   0.00424

  509.0   0.00427

  510.0   0.00434

  511.0   0.00432

  512.0   0.00438

  513.0   0.00439

  514.0   0.00449

  515.0   0.00455

  516.0   0.00462

  517.0   0.00459

  518.0   0.00460

  519.0   0.00466

  520.0   0.00471

  521.0   0.00473

  522.0   0.00478

  523.0   0.00481

  524.0   0.00481

  525.0   0.00484

  526.0   0.00484

  527.0   0.00495

  528.0   0.00497

  529.0   0.00505

  530.0   0.00504

  531.0   0.00510

  532.0   0.00522

  533.0   0.00525

  534.0   0.00535

  535.0   0.00537

  536.0   0.00542

  537.0   0.00553

  538.0   0.00561

  539.0   0.00574

  540.0   0.00576

  541.0   0.00585

  542.0   0.00600

  543.0   0.00608

  544.0   0.00624

  545.0   0.00628

  546.0   0.00635

  547.0   0.00639

  548.0   0.00651

  549.0   0.00657

  550.0   0.00666

  551.0   0.00669

  552.0   0.00675

  553.0   0.00677

  554.0   0.00685

  555.0   0.00686

  556.0   0.00688

  557.0   0.00801

  558.0   0.00803

  559.0   0.00806

  560.0   0.00804

  561.0   0.00805

  562.0   0.00801

  563.0   0.00798

  564.0   0.00799

  565.0   0.00798

  566.0   0.00804

  567.0   0.00803

  568.0   0.00810

  569.0   0.00806

  570.0   0.00805

  571.0   0.00808

  572.0   0.00809

  573.0   0.00808

  574.0   0.00813

  575.0   0.00808

  576.0   0.00806

  577.0   0.00809

  578.0   0.00813

  579.0   0.00820

  580.0   0.00829

  581.0   0.00834

  582.0   0.00833

  583.0   0.00833

  584.0   0.00843

  585.0   0.00849

  586.0   0.00854

  587.0   0.00857

  588.0   0.00865

  589.0   0.00872

  590.0   0.00883

  591.0   0.00892

  592.0   0.00894

  593.0   0.00906

  594.0   0.00910

  595.0   0.00919

  596.0   0.00921

  597.0   0.00917

  598.0   0.00911

  599.0   0.00904

  600.0   0.00899

  601.0   0.00892

  602.0   0.00886

  603.0   0.00878

  604.0   0.00867

  605.0   0.00873

  606.0   0.00876

  607.0   0.00873

  608.0   0.00875

  609.0   0.00873

  610.0   0.00872

  611.0   0.00877

  612.0   0.00877

  613.0   0.00885

  614.0   0.00888

  615.0   0.00888

  616.0   0.00886

  617.0   0.00887

  618.0   0.00887

  619.0   0.00889

  620.0   0.00888

  621.0   0.00888

  622.0   0.00890

  623.0   0.00887

  624.0   0.00887

  625.0   0.00886

  626.0   0.00888

  627.0   0.00890

  628.0   0.00887

  629.0   0.00891

  630.0   0.00894

  631.0   0.00893

  632.0   0.00893

  633.0   0.00892

  634.0   0.00895

  635.0   0.00896

  636.0   0.00899

  637.0   0.00904

  638.0   0.00903

  639.0   0.00908

  640.0   0.00909

  641.0   0.00914

  642.0   0.00921

  643.0   0.00926

  644.0   0.00931

  645.0   0.00933

  646.0   0.00936

  647.0   0.00941

  648.0   0.00941

  649.0   0.00943

  650.0   0.00945

  651.0   0.00946

  652.0   0.00946

  653.0   0.00945

  654.0   0.00945

  655.0   0.00942

  656.0   0.00942

  657.0   0.00943

  658.0   0.00945

  659.0   0.00946

  660.0   0.00944

  661.0   0.00947

  662.0   0.00941

  663.0   0.00943

  664.0   0.00937

  665.0   0.00937

  666.0   0.00935

  667.0   0.00940

  668.0   0.00938

  669.0   0.00936

  670.0   0.00934

  671.0   0.00933

  672.0   0.00930

  673.0   0.00930

  674.0   0.00924

  675.0   0.00920

  676.0   0.00915

  677.0   0.00913

  678.0   0.00912

  679.0   0.00913

  680.0   0.00911

  681.0   0.00911

  682.0   0.00913

  683.0   0.00907

  684.0   0.00908

  685.0   0.00911

  686.0   0.00911

  687.0   0.00911

  688.0   0.00906

  689.0   0.00904

  690.0   0.00894

  691.0   0.00893

  692.0   0.00893

  693.0   0.00893

  694.0   0.00889

  695.0   0.00886

  696.0   0.00884

  697.0   0.00879

  698.0   0.00876

  699.0   0.00880

  700.0   0.00873

  701.0   0.00866

  702.0   0.00863

  703.0   0.00863

  704.0   0.00860

  705.0   0.00859

  706.0   0.00862

  707.0   0.00858

  708.0   0.00853

  709.0   0.00855

  710.0   0.00850

  711.0   0.00849

  712.0   0.00848

  713.0   0.00843

  714.0   0.00842

  715.0   0.00842

  716.0   0.00839

  717.0   0.00838

  718.0   0.00840

  719.0   0.00837

  720.0   0.00837

  721.0   0.00834

  722.0   0.00828

  723.0   0.00830

  724.0   0.00830

  725.0   0.00828

  726.0   0.00826

  727.0   0.00828

  728.0   0.00825

  729.0   0.00827

  730.0   0.00821

  731.0   0.00818

  732.0   0.00816

  733.0   0.00817

  734.0   0.00820

  735.0   0.00817

  736.0   0.00852

  737.0   0.00841

  738.0   0.00844

  739.0   0.00845

  740.0   0.00840

  741.0   0.00832

  742.0   0.00836

  743.0   0.00838

  744.0   0.00842

  745.0   0.00838

  746.0   0.00843

  747.0   0.00850

  748.0   0.00853

  749.0   0.00850

  750.0   0.00833

  751.0   0.00836

  752.0   0.00830

  753.0   0.00827

  754.0   0.00817

  755.0   0.00820

  756.0   0.00812

  757.0   0.00804

  758.0   0.00802

  759.0   0.00795

  760.0   0.00792

  761.0   0.00790

  762.0   0.00785

  763.0   0.00783

  764.0   0.00778

  765.0   0.00776

  766.0   0.00771

  767.0   0.00775

  768.0   0.00762

  769.0   0.00761

  770.0   0.00750

  771.0   0.00754

  772.0   0.00747

  773.0   0.00742

  774.0   0.00735

  775.0   0.00730

  776.0   0.00729

  777.0   0.00727

  778.0   0.00723

  779.0   0.00727

  780.0   0.00722

  781.0   0.00715

  782.0   0.00711

  783.0   0.00715

  784.0   0.00705

  785.0   0.00706

  786.0   0.00704

  787.0   0.00706

  788.0   0.00702

  789.0   0.00700

  790.0   0.00702

  791.0   0.00703

  792.0   0.00701

  793.0   0.00703

  794.0   0.00704

  795.0   0.00691

  796.0   0.00701

  797.0   0.00699

  798.0   0.00697

  799.0   0.00701

  800.0   0.00695

 
