ser ID: DU600

Method ID: A:\DEFAULT

Date: 08/06/00

Time: 06:28

 200.0   3.17114

  201.0   3.24254

  202.0   3.28353

  203.0   2.84572

  204.0   3.06427

  205.0   3.10106

  206.0   2.95601

  207.0   3.46464

  208.0   2.65003

  209.0   3.52673

  210.0   3.25188

  211.0   3.57921

  212.0   3.30168

  213.0   3.62870

  214.0   2.95143

  215.0   3.19322

  216.0   3.69002

  217.0   3.71037

  218.0   3.72770

  219.0   3.74421

  220.0   3.75959

  221.0   3.47319

  222.0   3.48911

  223.0   3.80353

  224.0   3.81684

  225.0   3.82963

  226.0   3.84305

  227.0   3.01006

  228.0   3.08979

  229.0   3.87898

  230.0   3.89148

  231.0   3.90206

  232.0   3.91132

  233.0   3.91976

  234.0   2.97308

  235.0   3.93308

  236.0   3.63639

  237.0   3.94096

  238.0   3.24428

  239.0   3.16673

  240.0   2.99152

  241.0   2.99098

  242.0   2.86540

  243.0   2.86402

  244.0   2.76502

  245.0   2.61630

  246.0   2.45818

  247.0   2.36321

  248.0   2.24644

  249.0   2.25146

  250.0   2.09321

  251.0   1.98445

  252.0   1.87597

  253.0   1.78371

  254.0   1.71214

  255.0   1.63849

  256.0   1.54785

  257.0   1.47265

  258.0   1.39782

  259.0   1.31750

  260.0   1.25969

  261.0   1.20172

  262.0   1.14613

  263.0   1.09775

  264.0   1.05644

  265.0   1.01633

  266.0   0.97785

  267.0   0.94531

  268.0   0.91734

  269.0   0.88913

  270.0   0.85964

  271.0   0.83431

  272.0   0.80906

  273.0   0.78652

  274.0   0.76085

  275.0   0.73424

  276.0   0.70882

  277.0   0.68251

  278.0   0.65325

  279.0   0.62891

  280.0   0.60378

  281.0   0.57624

  282.0   0.55229

  283.0   0.52833

  284.0   0.50565

  285.0   0.47987

  286.0   0.45737

  287.0   0.43391

  288.0   0.41060

  289.0   0.38991

  290.0   0.37079

  291.0   0.35258

  292.0   0.33499

  293.0   0.31894

  294.0   0.30448

  295.0   0.28770

  296.0   0.27250

  297.0   0.25836

  298.0   0.24533

  299.0   0.23138

  300.0   0.22127

  301.0   0.21066

  302.0   0.20079

  303.0   0.19295

  304.0   0.18637

  305.0   0.17988

  306.0   0.17256

  307.0   0.16648

  308.0   0.16016

  309.0   0.15487

  310.0   0.15026

  311.0   0.14603

  312.0   0.14125

  313.0   0.13740

  314.0   0.13262

  315.0   0.12973

  316.0   0.12604

  317.0   0.12324

  318.0   0.12085

  319.0   0.11857

  320.0   0.11815

  321.0   0.11697

  322.0   0.11583

  323.0   0.11509

  324.0   0.11544

  325.0   0.11648

  326.0   0.11699

  327.0   0.11861

  328.0   0.11970

  329.0   0.12244

  330.0   0.12367

  331.0   0.12536

  332.0   0.12760

  333.0   0.12989

  334.0   0.13085

  335.0   0.13363

  336.0   0.13703

  337.0   0.14019

  338.0   0.14242

  339.0   0.14579

  340.0   0.14874

  341.0   0.15121

  342.0   0.15435

  343.0   0.15802

  344.0   0.16123

  345.0   0.16394

  346.0   0.16610

  347.0   0.16816

  348.0   0.17143

  349.0   0.17452

  350.0   0.17587

  351.0   0.17695

  352.0   0.17816

  353.0   0.17849

  354.0   0.17922

  355.0   0.18070

  356.0   0.18020

  357.0   0.18035

  358.0   0.17892

  359.0   0.17659

  360.0   0.17543

  361.0   0.17379

  362.0   0.17202

  363.0   0.16974

  364.0   0.16692

  365.0   0.16416

  366.0   0.16168

  367.0   0.15811

  368.0   0.15637

  369.0   0.15326

  370.0   0.14942

  371.0   0.14582

  372.0   0.14305

  373.0   0.14046

  374.0   0.13789

  375.0   0.13487

  376.0   0.13120

  377.0   0.12824

  378.0   0.12429

  379.0   0.12159

  380.0   0.11882

  381.0   0.11578

  382.0   0.11302

  383.0   0.11037

  384.0   0.10685

  385.0   0.10429

  386.0   0.10121

  387.0   0.09852

  388.0   0.09608

  389.0   0.09309

  390.0   0.09126

  391.0   0.08898

  392.0   0.08693

  393.0   0.08467

  394.0   0.08248

  395.0   0.08046

  396.0   0.07867

  397.0   0.07711

  398.0   0.07543

  399.0   0.07357

  400.0   0.07221

  401.0   0.07083

  402.0   0.06935

  403.0   0.06805

  404.0   0.06687

  405.0   0.06528

  406.0   0.06395

  407.0   0.06269

  408.0   0.06156

  409.0   0.06014

  410.0   0.05881

  411.0   0.05765

  412.0   0.05614

  413.0   0.05451

  414.0   0.05326

  415.0   0.05272

  416.0   0.05062

  417.0   0.04888

  418.0   0.04757

  419.0   0.04568

  420.0   0.04422

  421.0   0.04310

  422.0   0.04133

  423.0   0.03992

  424.0   0.03829

  425.0   0.03699

  426.0   0.03565

  427.0   0.03416

  428.0   0.03281

  429.0   0.03130

  430.0   0.03010

  431.0   0.02890

  432.0   0.02786

  433.0   0.02666

  434.0   0.02558

  435.0   0.02465

  436.0   0.02343

  437.0   0.02260

  438.0   0.02173

  439.0   0.02088

  440.0   0.02004

  441.0   0.01919

  442.0   0.01848

  443.0   0.01785

  444.0   0.01715

  445.0   0.01636

  446.0   0.01567

  447.0   0.01512

  448.0   0.01462

  449.0   0.01398

  450.0   0.01351

  451.0   0.01296

  452.0   0.01245

  453.0   0.01203

  454.0   0.01159

  455.0   0.01104

  456.0   0.01076

  457.0   0.01036

  458.0   0.00996

  459.0   0.00962

  460.0   0.00930

  461.0   0.00903

  462.0   0.00855

  463.0   0.00819

  464.0   0.00804

  465.0   0.00788

  466.0   0.00762

  467.0   0.00740

  468.0   0.00711

  469.0   0.00691

  470.0   0.00675

  471.0   0.00657

  472.0   0.00641

  473.0   0.00624

  474.0   0.00600

  475.0   0.00581

  476.0   0.00559

  477.0   0.00540

  478.0   0.00521

  479.0   0.00504

  480.0   0.00485

  481.0   0.00471

  482.0   0.00456

  483.0   0.00446

  484.0   0.00431

  485.0   0.00422

  486.0   0.00408

  487.0   0.00407

  488.0   0.00401

  489.0   0.00392

  490.0   0.00384

  491.0   0.00378

  492.0   0.00373

  493.0   0.00371

  494.0   0.00365

  495.0   0.00357

  496.0   0.00353

  497.0   0.00350

  498.0   0.00355

  499.0   0.00348

  500.0   0.00353

  501.0   0.00354

  502.0   0.00350

  503.0   0.00361

  504.0   0.00366

  505.0   0.00369

  506.0   0.00377

  507.0   0.00386

  508.0   0.00385

  509.0   0.00389

  510.0   0.00389

  511.0   0.00387

  512.0   0.00389

  513.0   0.00391

  514.0   0.00397

  515.0   0.00405

  516.0   0.00407

  517.0   0.00406

  518.0   0.00412

  519.0   0.00411

  520.0   0.00412

  521.0   0.00410

  522.0   0.00409

  523.0   0.00412

  524.0   0.00417

  525.0   0.00419

  526.0   0.00414

  527.0   0.00419

  528.0   0.00417

  529.0   0.00425

  530.0   0.00429

  531.0   0.00430

  532.0   0.00432

  533.0   0.00437

  534.0   0.00444

  535.0   0.00439

  536.0   0.00446

  537.0   0.00451

  538.0   0.00455

  539.0   0.00464

  540.0   0.00464

  541.0   0.00469

  542.0   0.00479

  543.0   0.00491

  544.0   0.00505

  545.0   0.00511

  546.0   0.00514

  547.0   0.00516

  548.0   0.00522

  549.0   0.00527

  550.0   0.00536

  551.0   0.00535

  552.0   0.00544

  553.0   0.00550

  554.0   0.00552

  555.0   0.00555

  556.0   0.00556

  557.0   0.00607

  558.0   0.00610

  559.0   0.00609

  560.0   0.00607

  561.0   0.00607

  562.0   0.00604

  563.0   0.00607

  564.0   0.00607

  565.0   0.00605

  566.0   0.00612

  567.0   0.00610

  568.0   0.00616

  569.0   0.00614

  570.0   0.00617

  571.0   0.00610

  572.0   0.00612

  573.0   0.00615

  574.0   0.00614

  575.0   0.00615

  576.0   0.00615

  577.0   0.00619

  578.0   0.00619

  579.0   0.00622

  580.0   0.00626

  581.0   0.00630

  582.0   0.00628

  583.0   0.00627

  584.0   0.00634

  585.0   0.00635

  586.0   0.00643

  587.0   0.00648

  588.0   0.00658

  589.0   0.00664

  590.0   0.00669

  591.0   0.00681

  592.0   0.00685

  593.0   0.00691

  594.0   0.00696

  595.0   0.00698

  596.0   0.00699

  597.0   0.00696

  598.0   0.00695

  599.0   0.00692

  600.0   0.00693

  601.0   0.00695

  602.0   0.00699

  603.0   0.00697

  604.0   0.00694

  605.0   0.00694

  606.0   0.00691

  607.0   0.00689

  608.0   0.00692

  609.0   0.00690

  610.0   0.00690

  611.0   0.00695

  612.0   0.00695

  613.0   0.00701

  614.0   0.00699

  615.0   0.00696

  616.0   0.00697

  617.0   0.00699

  618.0   0.00699

  619.0   0.00703

  620.0   0.00710

  621.0   0.00711

  622.0   0.00711

  623.0   0.00708

  624.0   0.00705

  625.0   0.00709

  626.0   0.00703

  627.0   0.00710

  628.0   0.00699

  629.0   0.00707

  630.0   0.00708

  631.0   0.00711

  632.0   0.00706

  633.0   0.00706

  634.0   0.00708

  635.0   0.00703

  636.0   0.00707

  637.0   0.00709

  638.0   0.00710

  639.0   0.00716

  640.0   0.00720

  641.0   0.00726

  642.0   0.00733

  643.0   0.00741

  644.0   0.00746

  645.0   0.00752

  646.0   0.00757

  647.0   0.00764

  648.0   0.00767

  649.0   0.00766

  650.0   0.00768

  651.0   0.00768

  652.0   0.00770

  653.0   0.00771

  654.0   0.00766

  655.0   0.00764

  656.0   0.00761

  657.0   0.00764

  658.0   0.00768

  659.0   0.00769

  660.0   0.00770

  661.0   0.00778

  662.0   0.00775

  663.0   0.00775

  664.0   0.00769

  665.0   0.00767

  666.0   0.00768

  667.0   0.00773

  668.0   0.00770

  669.0   0.00770

  670.0   0.00771

  671.0   0.00773

  672.0   0.00773

  673.0   0.00773

  674.0   0.00773

  675.0   0.00771

  676.0   0.00769

  677.0   0.00762

  678.0   0.00762

  679.0   0.00762

  680.0   0.00762

  681.0   0.00756

  682.0   0.00755

  683.0   0.00756

  684.0   0.00755

  685.0   0.00759

  686.0   0.00760

  687.0   0.00762

  688.0   0.00759

  689.0   0.00757

  690.0   0.00751

  691.0   0.00752

  692.0   0.00759

  693.0   0.00760

  694.0   0.00756

  695.0   0.00758

  696.0   0.00761

  697.0   0.00754

  698.0   0.00754

  699.0   0.00754

  700.0   0.00750

  701.0   0.00748

  702.0   0.00750

  703.0   0.00752

  704.0   0.00754

  705.0   0.00752

  706.0   0.00757

  707.0   0.00753

  708.0   0.00757

  709.0   0.00760

  710.0   0.00754

  711.0   0.00757

  712.0   0.00754

  713.0   0.00750

  714.0   0.00753

  715.0   0.00754

  716.0   0.00755

  717.0   0.00754

  718.0   0.00755

  719.0   0.00751

  720.0   0.00750

  721.0   0.00752

  722.0   0.00749

  723.0   0.00750

  724.0   0.00748

  725.0   0.00749

  726.0   0.00749

  727.0   0.00755

  728.0   0.00756

  729.0   0.00758

  730.0   0.00752

  731.0   0.00755

  732.0   0.00755

  733.0   0.00751

  734.0   0.00759

  735.0   0.00757

  736.0   0.00775

  737.0   0.00772

  738.0   0.00767

  739.0   0.00774

  740.0   0.00772

  741.0   0.00770

  742.0   0.00771

  743.0   0.00778

  744.0   0.00783

  745.0   0.00785

  746.0   0.00787

  747.0   0.00800

  748.0   0.00797

  749.0   0.00788

  750.0   0.00771

  751.0   0.00779

  752.0   0.00771

  753.0   0.00769

  754.0   0.00758

  755.0   0.00761

  756.0   0.00756

  757.0   0.00754

  758.0   0.00746

  759.0   0.00741

  760.0   0.00739

  761.0   0.00742

  762.0   0.00737

  763.0   0.00738

  764.0   0.00736

  765.0   0.00728

  766.0   0.00732

  767.0   0.00733

  768.0   0.00720

  769.0   0.00715

  770.0   0.00710

  771.0   0.00717

  772.0   0.00715

  773.0   0.00708

  774.0   0.00715

  775.0   0.00725

  776.0   0.00743

  777.0   0.00753

  778.0   0.00754

  779.0   0.00756

  780.0   0.00757

  781.0   0.00753

  782.0   0.00754

  783.0   0.00750

  784.0   0.00745

  785.0   0.00741

  786.0   0.00740

  787.0   0.00738

  788.0   0.00740

  789.0   0.00736

  790.0   0.00734

  791.0   0.00733

  792.0   0.00731

  793.0   0.00738

  794.0   0.00734

  795.0   0.00730

  796.0   0.00734

  797.0   0.00738

  798.0   0.00733

  799.0   0.00740

  800.0   0.00731

 
