ser ID: DU600

Method ID: A:\DEFAULT

Date: 08/07/00

Time: 03:15

 200.0   2.61726

  201.0   2.51099

  202.0   2.42488

  203.0   2.41237

  204.0   2.70723

  205.0   2.74288

  206.0   2.51734

  207.0   2.89763

  208.0   3.22673

  209.0   2.85854

  210.0   2.80368

  211.0   3.30406

  212.0   3.62829

  213.0   3.35189

  214.0   3.67339

  215.0   2.78993

  216.0   2.86654

  217.0   3.03230

  218.0   2.84471

  219.0   2.76343

  220.0   2.87557

  221.0   3.49220

  222.0   3.20629

  223.0   3.34413

  224.0   3.13621

  225.0   3.84745

  226.0   3.55985

  227.0   3.57217

  228.0   3.18690

  229.0   2.99371

  230.0   3.06382

  231.0   2.96525

  232.0   3.02577

  233.0   2.89552

  234.0   2.99029

  235.0   3.10517

  236.0   3.17667

  237.0   2.91645

  238.0   3.00599

  239.0   2.88300

  240.0   2.92098

  241.0   2.64010

  242.0   2.47020

  243.0   2.38054

  244.0   2.26746

  245.0   2.16988

  246.0   2.03854

  247.0   1.90294

  248.0   1.77746

  249.0   1.65242

  250.0   1.52474

  251.0   1.39947

  252.0   1.28744

  253.0   1.18515

  254.0   1.08980

  255.0   0.98970

  256.0   0.89991

  257.0   0.81899

  258.0   0.74047

  259.0   0.66914

  260.0   0.61384

  261.0   0.56896

  262.0   0.52590

  263.0   0.49234

  264.0   0.46331

  265.0   0.43906

  266.0   0.41550

  267.0   0.39778

  268.0   0.38278

  269.0   0.37033

  270.0   0.35710

  271.0   0.34669

  272.0   0.33601

  273.0   0.32544

  274.0   0.31272

  275.0   0.30144

  276.0   0.29118

  277.0   0.28123

  278.0   0.26895

  279.0   0.25816

  280.0   0.24859

  281.0   0.23736

  282.0   0.22695

  283.0   0.21701

  284.0   0.20766

  285.0   0.19514

  286.0   0.18306

  287.0   0.17216

  288.0   0.16067

  289.0   0.14936

  290.0   0.14026

  291.0   0.13128

  292.0   0.12130

  293.0   0.11205

  294.0   0.10324

  295.0   0.09299

  296.0   0.08364

  297.0   0.07458

  298.0   0.06624

  299.0   0.05828

  300.0   0.05128

  301.0   0.04531

  302.0   0.04142

  303.0   0.03791

  304.0   0.03467

  305.0   0.03268

  306.0   0.03093

  307.0   0.02943

  308.0   0.02792

  309.0   0.02655

  310.0   0.02568

  311.0   0.02497

  312.0   0.02405

  313.0   0.02358

  314.0   0.02189

  315.0   0.02130

  316.0   0.02060

  317.0   0.01975

  318.0   0.01907

  319.0   0.01866

  320.0   0.01745

  321.0   0.01870

  322.0   0.01582

  323.0   0.01587

  324.0   0.01544

  325.0   0.01465

  326.0   0.01363

  327.0   0.01432

  328.0   0.01278

  329.0   0.01250

  330.0   0.01247

  331.0   0.01215

  332.0   0.01164

  333.0   0.01159

  334.0   0.01125

  335.0   0.01128

  336.0   0.01095

  337.0   0.01024

  338.0   0.01083

  339.0   0.01068

  340.0   0.00989

  341.0   0.01029

  342.0   0.01006

  343.0   0.00902

  344.0   0.00897

  345.0   0.00921

  346.0   0.00962

  347.0   0.00852

  348.0   0.00806

  349.0   0.00867

  350.0   0.00857

  351.0   0.00785

  352.0   0.00777

  353.0   0.00779

  354.0   0.00763

  355.0   0.00793

  356.0   0.00705

  357.0   0.00701

  358.0   0.00770

  359.0   0.00700

  360.0   0.00616

  361.0   0.00665

  362.0   0.00676

  363.0   0.00647

  364.0   0.00568

  365.0   0.00569

  366.0   0.00579

  367.0   0.00566

  368.0   0.00547

  369.0   0.00549

  370.0   0.00535

  371.0   0.00507

  372.0   0.00480

  373.0   0.00536

  374.0   0.00539

  375.0   0.00536

  376.0   0.00482

  377.0   0.00530

  378.0   0.00503

  379.0   0.00511

  380.0   0.00518

  381.0   0.00498

  382.0   0.00464

  383.0   0.00433

  384.0   0.00433

  385.0   0.00461

  386.0   0.00434

  387.0   0.00412

  388.0   0.00434

  389.0   0.00416

  390.0   0.00402

  391.0   0.00396

  392.0   0.00400

  393.0   0.00405

  394.0   0.00373

  395.0   0.00382

  396.0   0.00365

  397.0   0.00384

  398.0   0.00364

  399.0   0.00350

  400.0   0.00357

  401.0   0.00323

  402.0   0.00287

  403.0   0.00308

  404.0   0.00291

  405.0   0.00288

  406.0   0.00272

  407.0   0.00300

  408.0   0.00297

  409.0   0.00288

  410.0   0.00300

  411.0   0.00314

  412.0   0.00323

  413.0   0.00298

  414.0   0.00291

  415.0   0.00284

  416.0   0.00228

  417.0   0.00247

  418.0   0.00216

  419.0   0.00218

  420.0   0.00236

  421.0   0.00230

  422.0   0.00217

  423.0   0.00241

  424.0   0.00221

  425.0   0.00250

  426.0   0.00237

  427.0   0.00225

  428.0   0.00233

  429.0   0.00240

  430.0   0.00216

  431.0   0.00217

  432.0   0.00230

  433.0   0.00224

  434.0   0.00208

  435.0   0.00198

  436.0   0.00204

  437.0   0.00189

  438.0   0.00201

  439.0   0.00202

  440.0   0.00208

  441.0   0.00214

  442.0   0.00220

  443.0   0.00216

  444.0   0.00227

  445.0   0.00228

  446.0   0.00225

  447.0   0.00240

  448.0   0.00237

  449.0   0.00234

  450.0   0.00240

  451.0   0.00242

  452.0   0.00243

  453.0   0.00241

  454.0   0.00243

  455.0   0.00241

  456.0   0.00236

  457.0   0.00238

  458.0   0.00233

  459.0   0.00244

  460.0   0.00234

  461.0   0.00236

  462.0   0.00226

  463.0   0.00239

  464.0   0.00221

  465.0   0.00222

  466.0   0.00221

  467.0   0.00235

  468.0   0.00233

  469.0   0.00231

  470.0   0.00234

  471.0   0.00245

  472.0   0.00247

  473.0   0.00253

  474.0   0.00257

  475.0   0.00257

  476.0   0.00261

  477.0   0.00255

  478.0   0.00243

  479.0   0.00251

  480.0   0.00242

  481.0   0.00235

  482.0   0.00236

  483.0   0.00236

  484.0   0.00232

  485.0   0.00231

  486.0   0.00230

  487.0   0.00231

  488.0   0.00232

  489.0   0.00229

  490.0   0.00233

  491.0   0.00235

  492.0   0.00225

  493.0   0.00225

  494.0   0.00218

  495.0   0.00218

  496.0   0.00220

  497.0   0.00216

  498.0   0.00208

  499.0   0.00216

  500.0   0.00203

  501.0   0.00205

  502.0   0.00199

  503.0   0.00202

  504.0   0.00202

  505.0   0.00205

  506.0   0.00209

  507.0   0.00210

  508.0   0.00214

  509.0   0.00211

  510.0   0.00212

  511.0   0.00214

  512.0   0.00211

  513.0   0.00212

  514.0   0.00202

  515.0   0.00205

  516.0   0.00203

  517.0   0.00202

  518.0   0.00200

  519.0   0.00206

  520.0   0.00204

  521.0   0.00202

  522.0   0.00203

  523.0   0.00205

  524.0   0.00203

  525.0   0.00201

  526.0   0.00203

  527.0   0.00203

  528.0   0.00203

  529.0   0.00207

  530.0   0.00203

  531.0   0.00200

  532.0   0.00195

  533.0   0.00193

  534.0   0.00192

  535.0   0.00191

  536.0   0.00184

  537.0   0.00179

  538.0   0.00173

  539.0   0.00171

  540.0   0.00165

  541.0   0.00156

  542.0   0.00149

  543.0   0.00142

  544.0   0.00129

  545.0   0.00123

  546.0   0.00116

  547.0   0.00110

  548.0   0.00099

  549.0   0.00098

  550.0   0.00085

  551.0   0.00076

  552.0   0.00069

  553.0   0.00057

  554.0   0.00048

  555.0   0.00043

  556.0   0.00036

  557.0   0.00056

  558.0   0.00049

  559.0   0.00043

  560.0   0.00036

  561.0   0.00040

  562.0   0.00035

  563.0   0.00033

  564.0   0.00026

  565.0   0.00030

  566.0   0.00028

  567.0   0.00026

  568.0   0.00021

  569.0   0.00021

  570.0   0.00017

  571.0   0.00010

  572.0   0.00010

  573.0   0.00006

  574.0  -0.00000

  575.0  -0.00004

  576.0  -0.00002

  577.0  -0.00008

  578.0  -0.00010

  579.0  -0.00018

  580.0  -0.00018

  581.0  -0.00027

  582.0  -0.00031

  583.0  -0.00038

  584.0  -0.00042

  585.0  -0.00046

  586.0  -0.00047

  587.0  -0.00055

  588.0  -0.00058

  589.0  -0.00063

  590.0  -0.00074

  591.0  -0.00083

  592.0  -0.00094

  593.0  -0.00106

  594.0  -0.00113

  595.0  -0.00125

  596.0  -0.00132

  597.0  -0.00138

  598.0  -0.00143

  599.0  -0.00150

  600.0  -0.00154

  601.0  -0.00159

  602.0  -0.00165

  603.0  -0.00174

  604.0  -0.00177

  605.0  -0.00190

  606.0  -0.00196

  607.0  -0.00204

  608.0  -0.00209

  609.0  -0.00216

  610.0  -0.00226

  611.0  -0.00234

  612.0  -0.00235

  613.0  -0.00240

  614.0  -0.00246

  615.0  -0.00251

  616.0  -0.00250

  617.0  -0.00251

  618.0  -0.00252

  619.0  -0.00253

  620.0  -0.00254

  621.0  -0.00252

  622.0  -0.00255

  623.0  -0.00260

  624.0  -0.00261

  625.0  -0.00262

  626.0  -0.00263

  627.0  -0.00261

  628.0  -0.00259

  629.0  -0.00254

  630.0  -0.00250

  631.0  -0.00250

  632.0  -0.00247

  633.0  -0.00246

  634.0  -0.00244

  635.0  -0.00247

  636.0  -0.00247

  637.0  -0.00246

  638.0  -0.00252

  639.0  -0.00255

  640.0  -0.00257

  641.0  -0.00260

  642.0  -0.00265

  643.0  -0.00268

  644.0  -0.00270

  645.0  -0.00268

  646.0  -0.00270

  647.0  -0.00273

  648.0  -0.00276

  649.0  -0.00278

  650.0  -0.00280

  651.0  -0.00280

  652.0  -0.00287

  653.0  -0.00290

  654.0  -0.00294

  655.0  -0.00301

  656.0  -0.00299

  657.0  -0.00301

  658.0  -0.00310

  659.0  -0.00314

  660.0  -0.00317

  661.0  -0.00319

  662.0  -0.00326

  663.0  -0.00328

  664.0  -0.00331

  665.0  -0.00333

  666.0  -0.00328

  667.0  -0.00329

  668.0  -0.00326

  669.0  -0.00325

  670.0  -0.00327

  671.0  -0.00326

  672.0  -0.00327

  673.0  -0.00326

  674.0  -0.00325

  675.0  -0.00328

  676.0  -0.00330

  677.0  -0.00329

  678.0  -0.00330

  679.0  -0.00329

  680.0  -0.00329

  681.0  -0.00329

  682.0  -0.00326

  683.0  -0.00328

  684.0  -0.00330

  685.0  -0.00332

  686.0  -0.00331

  687.0  -0.00331

  688.0  -0.00330

  689.0  -0.00326

  690.0  -0.00324

  691.0  -0.00320

  692.0  -0.00319

  693.0  -0.00321

  694.0  -0.00320

  695.0  -0.00324

  696.0  -0.00327

  697.0  -0.00327

  698.0  -0.00328

  699.0  -0.00328

  700.0  -0.00326

  701.0  -0.00324

  702.0  -0.00326

  703.0  -0.00322

  704.0  -0.00324

  705.0  -0.00329

  706.0  -0.00323

  707.0  -0.00323

  708.0  -0.00323

  709.0  -0.00327

  710.0  -0.00329

  711.0  -0.00331

  712.0  -0.00327

  713.0  -0.00332

  714.0  -0.00334

  715.0  -0.00336

  716.0  -0.00343

  717.0  -0.00345

  718.0  -0.00352

  719.0  -0.00356

  720.0  -0.00361

  721.0  -0.00358

  722.0  -0.00360

  723.0  -0.00361

  724.0  -0.00362

  725.0  -0.00367

  726.0  -0.00362

  727.0  -0.00365

  728.0  -0.00367

  729.0  -0.00368

  730.0  -0.00369

  731.0  -0.00371

  732.0  -0.00379

  733.0  -0.00377

  734.0  -0.00379

  735.0  -0.00381

  736.0  -0.00312

  737.0  -0.00317

  738.0  -0.00319

  739.0  -0.00326

  740.0  -0.00328

  741.0  -0.00333

  742.0  -0.00332

  743.0  -0.00335

  744.0  -0.00334

  745.0  -0.00342

  746.0  -0.00344

  747.0  -0.00350

  748.0  -0.00352

  749.0  -0.00352

  750.0  -0.00357

  751.0  -0.00360

  752.0  -0.00366

  753.0  -0.00366

  754.0  -0.00366

  755.0  -0.00369

  756.0  -0.00372

  757.0  -0.00372

  758.0  -0.00375

  759.0  -0.00378

  760.0  -0.00379

  761.0  -0.00374

  762.0  -0.00379

  763.0  -0.00377

  764.0  -0.00380

  765.0  -0.00380

  766.0  -0.00384

  767.0  -0.00384

  768.0  -0.00387

  769.0  -0.00393

  770.0  -0.00394

  771.0  -0.00395

  772.0  -0.00398

  773.0  -0.00401

  774.0  -0.00402

  775.0  -0.00403

  776.0  -0.00403

  777.0  -0.00410

  778.0  -0.00410

  779.0  -0.00411

  780.0  -0.00409

  781.0  -0.00415

  782.0  -0.00413

  783.0  -0.00414

  784.0  -0.00417

  785.0  -0.00427

  786.0  -0.00430

  787.0  -0.00431

  788.0  -0.00427

  789.0  -0.00428

  790.0  -0.00428

  791.0  -0.00432

  792.0  -0.00433

  793.0  -0.00428

  794.0  -0.00426

  795.0  -0.00430

  796.0  -0.00428

  797.0  -0.00431

  798.0  -0.00429

  799.0  -0.00433

  800.0  -0.00433

 
