ser ID: DU600

Method ID: A:\DEFAULT

Date: 08/07/00

Time: 03:20

 200.0   2.37422

  201.0   2.24775

  202.0   2.42488

  203.0   2.52151

  204.0   2.45196

  205.0   2.59675

  206.0   2.43019

  207.0   2.59660

  208.0   2.57352

  209.0   2.65442

  210.0   2.67875

  211.0   2.70200

  212.0   2.72520

  213.0   2.53898

  214.0   2.41812

  215.0   2.41427

  216.0   2.24924

  217.0   2.12921

  218.0   2.07570

  219.0   1.95725

  220.0   1.85438

  221.0   1.75981

  222.0   1.68449

  223.0   1.60641

  224.0   1.54072

  225.0   1.46905

  226.0   1.39848

  227.0   1.34045

  228.0   1.28273

  229.0   1.23499

  230.0   1.17813

  231.0   1.13133

  232.0   1.08875

  233.0   1.04538

  234.0   1.00153

  235.0   0.96215

  236.0   0.92261

  237.0   0.88560

  238.0   0.84897

  239.0   0.80715

  240.0   0.77120

  241.0   0.73085

  242.0   0.69486

  243.0   0.65390

  244.0   0.61801

  245.0   0.58322

  246.0   0.54752

  247.0   0.50957

  248.0   0.47422

  249.0   0.43998

  250.0   0.40693

  251.0   0.37236

  252.0   0.34307

  253.0   0.31555

  254.0   0.29159

  255.0   0.26538

  256.0   0.24213

  257.0   0.22101

  258.0   0.20071

  259.0   0.18186

  260.0   0.16736

  261.0   0.15484

  262.0   0.14414

  263.0   0.13531

  264.0   0.12736

  265.0   0.12061

  266.0   0.11488

  267.0   0.11038

  268.0   0.10597

  269.0   0.10294

  270.0   0.09969

  271.0   0.09694

  272.0   0.09466

  273.0   0.09204

  274.0   0.08853

  275.0   0.08537

  276.0   0.08314

  277.0   0.08028

  278.0   0.07728

  279.0   0.07416

  280.0   0.07237

  281.0   0.06924

  282.0   0.06620

  283.0   0.06322

  284.0   0.06117

  285.0   0.05769

  286.0   0.05449

  287.0   0.05155

  288.0   0.04906

  289.0   0.04599

  290.0   0.04307

  291.0   0.04141

  292.0   0.03843

  293.0   0.03614

  294.0   0.03431

  295.0   0.03149

  296.0   0.02865

  297.0   0.02634

  298.0   0.02404

  299.0   0.02241

  300.0   0.02047

  301.0   0.01865

  302.0   0.01792

  303.0   0.01727

  304.0   0.01598

  305.0   0.01513

  306.0   0.01526

  307.0   0.01481

  308.0   0.01412

  309.0   0.01378

  310.0   0.01348

  311.0   0.01311

  312.0   0.01275

  313.0   0.01279

  314.0   0.01232

  315.0   0.01235

  316.0   0.01247

  317.0   0.01231

  318.0   0.01223

  319.0   0.01162

  320.0   0.01143

  321.0   0.01244

  322.0   0.00946

  323.0   0.00968

  324.0   0.00972

  325.0   0.00881

  326.0   0.00855

  327.0   0.01011

  328.0   0.00867

  329.0   0.00810

  330.0   0.00925

  331.0   0.00903

  332.0   0.00814

  333.0   0.00840

  334.0   0.00798

  335.0   0.00812

  336.0   0.00800

  337.0   0.00777

  338.0   0.00828

  339.0   0.00778

  340.0   0.00691

  341.0   0.00788

  342.0   0.00757

  343.0   0.00691

  344.0   0.00696

  345.0   0.00666

  346.0   0.00708

  347.0   0.00608

  348.0   0.00590

  349.0   0.00624

  350.0   0.00632

  351.0   0.00615

  352.0   0.00579

  353.0   0.00562

  354.0   0.00618

  355.0   0.00611

  356.0   0.00551

  357.0   0.00522

  358.0   0.00659

  359.0   0.00591

  360.0   0.00537

  361.0   0.00552

  362.0   0.00591

  363.0   0.00538

  364.0   0.00535

  365.0   0.00529

  366.0   0.00525

  367.0   0.00528

  368.0   0.00532

  369.0   0.00549

  370.0   0.00506

  371.0   0.00507

  372.0   0.00474

  373.0   0.00536

  374.0   0.00476

  375.0   0.00468

  376.0   0.00459

  377.0   0.00467

  378.0   0.00448

  379.0   0.00452

  380.0   0.00455

  381.0   0.00416

  382.0   0.00425

  383.0   0.00394

  384.0   0.00405

  385.0   0.00461

  386.0   0.00434

  387.0   0.00420

  388.0   0.00417

  389.0   0.00416

  390.0   0.00398

  391.0   0.00400

  392.0   0.00384

  393.0   0.00386

  394.0   0.00388

  395.0   0.00360

  396.0   0.00376

  397.0   0.00384

  398.0   0.00385

  399.0   0.00371

  400.0   0.00382

  401.0   0.00333

  402.0   0.00307

  403.0   0.00344

  404.0   0.00330

  405.0   0.00310

  406.0   0.00300

  407.0   0.00306

  408.0   0.00309

  409.0   0.00314

  410.0   0.00317

  411.0   0.00333

  412.0   0.00337

  413.0   0.00319

  414.0   0.00311

  415.0   0.00332

  416.0   0.00281

  417.0   0.00264

  418.0   0.00266

  419.0   0.00266

  420.0   0.00283

  421.0   0.00269

  422.0   0.00262

  423.0   0.00263

  424.0   0.00263

  425.0   0.00278

  426.0   0.00264

  427.0   0.00258

  428.0   0.00259

  429.0   0.00272

  430.0   0.00247

  431.0   0.00253

  432.0   0.00259

  433.0   0.00270

  434.0   0.00259

  435.0   0.00253

  436.0   0.00258

  437.0   0.00253

  438.0   0.00252

  439.0   0.00248

  440.0   0.00262

  441.0   0.00268

  442.0   0.00263

  443.0   0.00268

  444.0   0.00264

  445.0   0.00260

  446.0   0.00261

  447.0   0.00267

  448.0   0.00268

  449.0   0.00260

  450.0   0.00261

  451.0   0.00263

  452.0   0.00252

  453.0   0.00254

  454.0   0.00256

  455.0   0.00254

  456.0   0.00248

  457.0   0.00247

  458.0   0.00245

  459.0   0.00244

  460.0   0.00250

  461.0   0.00244

  462.0   0.00238

  463.0   0.00251

  464.0   0.00236

  465.0   0.00233

  466.0   0.00240

  467.0   0.00242

  468.0   0.00243

  469.0   0.00238

  470.0   0.00245

  471.0   0.00258

  472.0   0.00266

  473.0   0.00271

  474.0   0.00263

  475.0   0.00274

  476.0   0.00278

  477.0   0.00268

  478.0   0.00267

  479.0   0.00272

  480.0   0.00266

  481.0   0.00261

  482.0   0.00258

  483.0   0.00258

  484.0   0.00261

  485.0   0.00255

  486.0   0.00258

  487.0   0.00259

  488.0   0.00259

  489.0   0.00256

  490.0   0.00257

  491.0   0.00261

  492.0   0.00258

  493.0   0.00263

  494.0   0.00258

  495.0   0.00262

  496.0   0.00264

  497.0   0.00261

  498.0   0.00251

  499.0   0.00259

  500.0   0.00254

  501.0   0.00252

  502.0   0.00248

  503.0   0.00248

  504.0   0.00251

  505.0   0.00249

  506.0   0.00251

  507.0   0.00251

  508.0   0.00254

  509.0   0.00250

  510.0   0.00256

  511.0   0.00262

  512.0   0.00259

  513.0   0.00258

  514.0   0.00261

  515.0   0.00265

  516.0   0.00261

  517.0   0.00256

  518.0   0.00254

  519.0   0.00259

  520.0   0.00251

  521.0   0.00254

  522.0   0.00250

  523.0   0.00253

  524.0   0.00244

  525.0   0.00247

  526.0   0.00251

  527.0   0.00253

  528.0   0.00253

  529.0   0.00255

  530.0   0.00251

  531.0   0.00252

  532.0   0.00252

  533.0   0.00249

  534.0   0.00246

  535.0   0.00243

  536.0   0.00244

  537.0   0.00237

  538.0   0.00233

  539.0   0.00228

  540.0   0.00225

  541.0   0.00215

  542.0   0.00210

  543.0   0.00204

  544.0   0.00197

  545.0   0.00190

  546.0   0.00188

  547.0   0.00184

  548.0   0.00173

  549.0   0.00166

  550.0   0.00150

  551.0   0.00140

  552.0   0.00128

  553.0   0.00118

  554.0   0.00104

  555.0   0.00100

  556.0   0.00089

  557.0   0.00103

  558.0   0.00099

  559.0   0.00090

  560.0   0.00080

  561.0   0.00078

  562.0   0.00077

  563.0   0.00070

  564.0   0.00063

  565.0   0.00063

  566.0   0.00065

  567.0   0.00062

  568.0   0.00059

  569.0   0.00059

  570.0   0.00063

  571.0   0.00060

  572.0   0.00060

  573.0   0.00055

  574.0   0.00053

  575.0   0.00048

  576.0   0.00048

  577.0   0.00042

  578.0   0.00040

  579.0   0.00030

  580.0   0.00029

  581.0   0.00023

  582.0   0.00015

  583.0   0.00012

  584.0   0.00010

  585.0   0.00010

  586.0   0.00004

  587.0  -0.00004

  588.0  -0.00004

  589.0  -0.00013

  590.0  -0.00020

  591.0  -0.00026

  592.0  -0.00033

  593.0  -0.00046

  594.0  -0.00055

  595.0  -0.00065

  596.0  -0.00074

  597.0  -0.00079

  598.0  -0.00088

  599.0  -0.00094

  600.0  -0.00103

  601.0  -0.00108

  602.0  -0.00116

  603.0  -0.00125

  604.0  -0.00128

  605.0  -0.00139

  606.0  -0.00146

  607.0  -0.00156

  608.0  -0.00153

  609.0  -0.00153

  610.0  -0.00151

  611.0  -0.00145

  612.0  -0.00133

  613.0  -0.00123

  614.0  -0.00114

  615.0  -0.00110

  616.0  -0.00100

  617.0  -0.00098

  618.0  -0.00093

  619.0  -0.00096

  620.0  -0.00097

  621.0  -0.00095

  622.0  -0.00097

  623.0  -0.00098

  624.0  -0.00103

  625.0  -0.00111

  626.0  -0.00121

  627.0  -0.00129

  628.0  -0.00139

  629.0  -0.00147

  630.0  -0.00152

  631.0  -0.00153

  632.0  -0.00155

  633.0  -0.00154

  634.0  -0.00159

  635.0  -0.00161

  636.0  -0.00161

  637.0  -0.00157

  638.0  -0.00164

  639.0  -0.00165

  640.0  -0.00164

  641.0  -0.00165

  642.0  -0.00168

  643.0  -0.00175

  644.0  -0.00178

  645.0  -0.00182

  646.0  -0.00183

  647.0  -0.00183

  648.0  -0.00187

  649.0  -0.00187

  650.0  -0.00187

  651.0  -0.00187

  652.0  -0.00194

  653.0  -0.00199

  654.0  -0.00200

  655.0  -0.00209

  656.0  -0.00212

  657.0  -0.00216

  658.0  -0.00221

  659.0  -0.00221

  660.0  -0.00228

  661.0  -0.00229

  662.0  -0.00229

  663.0  -0.00231

  664.0  -0.00228

  665.0  -0.00232

  666.0  -0.00232

  667.0  -0.00232

  668.0  -0.00234

  669.0  -0.00235

  670.0  -0.00234

  671.0  -0.00232

  672.0  -0.00235

  673.0  -0.00232

  674.0  -0.00231

  675.0  -0.00228

  676.0  -0.00230

  677.0  -0.00223

  678.0  -0.00224

  679.0  -0.00223

  680.0  -0.00223

  681.0  -0.00225

  682.0  -0.00222

  683.0  -0.00225

  684.0  -0.00224

  685.0  -0.00227

  686.0  -0.00226

  687.0  -0.00223

  688.0  -0.00220

  689.0  -0.00218

  690.0  -0.00215

  691.0  -0.00212

  692.0  -0.00213

  693.0  -0.00214

  694.0  -0.00215

  695.0  -0.00216

  696.0  -0.00217

  697.0  -0.00220

  698.0  -0.00217

  699.0  -0.00220

  700.0  -0.00218

  701.0  -0.00217

  702.0  -0.00218

  703.0  -0.00217

  704.0  -0.00217

  705.0  -0.00222

  706.0  -0.00217

  707.0  -0.00220

  708.0  -0.00226

  709.0  -0.00229

  710.0  -0.00226

  711.0  -0.00230

  712.0  -0.00227

  713.0  -0.00229

  714.0  -0.00232

  715.0  -0.00238

  716.0  -0.00244

  717.0  -0.00246

  718.0  -0.00254

  719.0  -0.00260

  720.0  -0.00264

  721.0  -0.00257

  722.0  -0.00261

  723.0  -0.00255

  724.0  -0.00257

  725.0  -0.00261

  726.0  -0.00261

  727.0  -0.00264

  728.0  -0.00266

  729.0  -0.00266

  730.0  -0.00268

  731.0  -0.00267

  732.0  -0.00267

  733.0  -0.00266

  734.0  -0.00271

  735.0  -0.00274

  736.0  -0.00184

  737.0  -0.00191

  738.0  -0.00199

  739.0  -0.00201

  740.0  -0.00204

  741.0  -0.00214

  742.0  -0.00216

  743.0  -0.00222

  744.0  -0.00227

  745.0  -0.00229

  746.0  -0.00229

  747.0  -0.00234

  748.0  -0.00240

  749.0  -0.00242

  750.0  -0.00250

  751.0  -0.00250

  752.0  -0.00256

  753.0  -0.00256

  754.0  -0.00261

  755.0  -0.00264

  756.0  -0.00264

  757.0  -0.00270

  758.0  -0.00278

  759.0  -0.00281

  760.0  -0.00276

  761.0  -0.00276

  762.0  -0.00277

  763.0  -0.00271

  764.0  -0.00283

  765.0  -0.00283

  766.0  -0.00289

  767.0  -0.00295

  768.0  -0.00298

  769.0  -0.00306

  770.0  -0.00304

  771.0  -0.00299

  772.0  -0.00302

  773.0  -0.00300

  774.0  -0.00306

  775.0  -0.00304

  776.0  -0.00307

  777.0  -0.00310

  778.0  -0.00314

  779.0  -0.00311

  780.0  -0.00312

  781.0  -0.00310

  782.0  -0.00310

  783.0  -0.00314

  784.0  -0.00309

  785.0  -0.00318

  786.0  -0.00321

  787.0  -0.00325

  788.0  -0.00325

  789.0  -0.00323

  790.0  -0.00330

  791.0  -0.00336

  792.0  -0.00337

  793.0  -0.00340

  794.0  -0.00341

  795.0  -0.00344

  796.0  -0.00345

  797.0  -0.00346

  798.0  -0.00340

  799.0  -0.00349

  800.0  -0.00349

 
