ser ID: DU600

Method ID: A:\DEFAULT

Date: 08/07/00

Time: 03:24

 200.0   1.27980

  201.0   1.24775

  202.0   1.22760

  203.0   1.21739

  204.0   1.17320

  205.0   1.12798

  206.0   1.08065

  207.0   1.03430

  208.0   0.98743

  209.0   0.92810

  210.0   0.87597

  211.0   0.82190

  212.0   0.77216

  213.0   0.71944

  214.0   0.67209

  215.0   0.62819

  216.0   0.59041

  217.0   0.55286

  218.0   0.52249

  219.0   0.49602

  220.0   0.47266

  221.0   0.45022

  222.0   0.42832

  223.0   0.40896

  224.0   0.39223

  225.0   0.37396

  226.0   0.35505

  227.0   0.33905

  228.0   0.32548

  229.0   0.31112

  230.0   0.29730

  231.0   0.28613

  232.0   0.27526

  233.0   0.26417

  234.0   0.25327

  235.0   0.24363

  236.0   0.23408

  237.0   0.22465

  238.0   0.21516

  239.0   0.20547

  240.0   0.19611

  241.0   0.18693

  242.0   0.17816

  243.0   0.16871

  244.0   0.15914

  245.0   0.15052

  246.0   0.14233

  247.0   0.13242

  248.0   0.12438

  249.0   0.11596

  250.0   0.10790

  251.0   0.09921

  252.0   0.09202

  253.0   0.08493

  254.0   0.07936

  255.0   0.07299

  256.0   0.06708

  257.0   0.06206

  258.0   0.05707

  259.0   0.05263

  260.0   0.04874

  261.0   0.04565

  262.0   0.04333

  263.0   0.04121

  264.0   0.03893

  265.0   0.03774

  266.0   0.03620

  267.0   0.03464

  268.0   0.03339

  269.0   0.03306

  270.0   0.03208

  271.0   0.03114

  272.0   0.03112

  273.0   0.03033

  274.0   0.02901

  275.0   0.02805

  276.0   0.02818

  277.0   0.02744

  278.0   0.02604

  279.0   0.02507

  280.0   0.02520

  281.0   0.02451

  282.0   0.02355

  283.0   0.02248

  284.0   0.02257

  285.0   0.02124

  286.0   0.02038

  287.0   0.01994

  288.0   0.01926

  289.0   0.01830

  290.0   0.01747

  291.0   0.01757

  292.0   0.01633

  293.0   0.01575

  294.0   0.01545

  295.0   0.01496

  296.0   0.01362

  297.0   0.01344

  298.0   0.01290

  299.0   0.01221

  300.0   0.01156

  301.0   0.01067

  302.0   0.01101

  303.0   0.01078

  304.0   0.01012

  305.0   0.00976

  306.0   0.01007

  307.0   0.00994

  308.0   0.00967

  309.0   0.00934

  310.0   0.00939

  311.0   0.00936

  312.0   0.00911

  313.0   0.00925

  314.0   0.00914

  315.0   0.00887

  316.0   0.00876

  317.0   0.00889

  318.0   0.00877

  319.0   0.00837

  320.0   0.00841

  321.0   0.00920

  322.0   0.00727

  323.0   0.00748

  324.0   0.00789

  325.0   0.00726

  326.0   0.00661

  327.0   0.00807

  328.0   0.00692

  329.0   0.00635

  330.0   0.00682

  331.0   0.00690

  332.0   0.00631

  333.0   0.00609

  334.0   0.00625

  335.0   0.00613

  336.0   0.00591

  337.0   0.00617

  338.0   0.00622

  339.0   0.00591

  340.0   0.00570

  341.0   0.00594

  342.0   0.00601

  343.0   0.00572

  344.0   0.00523

  345.0   0.00548

  346.0   0.00591

  347.0   0.00536

  348.0   0.00527

  349.0   0.00507

  350.0   0.00498

  351.0   0.00480

  352.0   0.00454

  353.0   0.00473

  354.0   0.00465

  355.0   0.00485

  356.0   0.00397

  357.0   0.00419

  358.0   0.00475

  359.0   0.00447

  360.0   0.00360

  361.0   0.00379

  362.0   0.00430

  363.0   0.00364

  364.0   0.00356

  365.0   0.00339

  366.0   0.00354

  367.0   0.00339

  368.0   0.00361

  369.0   0.00397

  370.0   0.00372

  371.0   0.00356

  372.0   0.00333

  373.0   0.00387

  374.0   0.00332

  375.0   0.00371

  376.0   0.00311

  377.0   0.00375

  378.0   0.00353

  379.0   0.00365

  380.0   0.00340

  381.0   0.00324

  382.0   0.00326

  383.0   0.00293

  384.0   0.00307

  385.0   0.00334

  386.0   0.00315

  387.0   0.00291

  388.0   0.00315

  389.0   0.00288

  390.0   0.00297

  391.0   0.00270

  392.0   0.00273

  393.0   0.00287

  394.0   0.00253

  395.0   0.00257

  396.0   0.00256

  397.0   0.00270

  398.0   0.00257

  399.0   0.00238

  400.0   0.00250

  401.0   0.00233

  402.0   0.00199

  403.0   0.00228

  404.0   0.00216

  405.0   0.00199

  406.0   0.00201

  407.0   0.00210

  408.0   0.00212

  409.0   0.00212

  410.0   0.00220

  411.0   0.00249

  412.0   0.00236

  413.0   0.00230

  414.0   0.00209

  415.0   0.00223

  416.0   0.00149

  417.0   0.00162

  418.0   0.00149

  419.0   0.00153

  420.0   0.00157

  421.0   0.00153

  422.0   0.00149

  423.0   0.00153

  424.0   0.00149

  425.0   0.00174

  426.0   0.00163

  427.0   0.00152

  428.0   0.00149

  429.0   0.00158

  430.0   0.00142

  431.0   0.00145

  432.0   0.00153

  433.0   0.00161

  434.0   0.00146

  435.0   0.00148

  436.0   0.00156

  437.0   0.00137

  438.0   0.00149

  439.0   0.00141

  440.0   0.00148

  441.0   0.00151

  442.0   0.00167

  443.0   0.00169

  444.0   0.00181

  445.0   0.00169

  446.0   0.00167

  447.0   0.00178

  448.0   0.00175

  449.0   0.00178

  450.0   0.00176

  451.0   0.00174

  452.0   0.00176

  453.0   0.00179

  454.0   0.00173

  455.0   0.00172

  456.0   0.00179

  457.0   0.00170

  458.0   0.00165

  459.0   0.00164

  460.0   0.00162

  461.0   0.00153

  462.0   0.00144

  463.0   0.00154

  464.0   0.00137

  465.0   0.00146

  466.0   0.00144

  467.0   0.00144

  468.0   0.00141

  469.0   0.00134

  470.0   0.00147

  471.0   0.00153

  472.0   0.00158

  473.0   0.00166

  474.0   0.00164

  475.0   0.00172

  476.0   0.00176

  477.0   0.00177

  478.0   0.00178

  479.0   0.00185

  480.0   0.00173

  481.0   0.00174

  482.0   0.00171

  483.0   0.00170

  484.0   0.00175

  485.0   0.00167

  486.0   0.00172

  487.0   0.00176

  488.0   0.00171

  489.0   0.00171

  490.0   0.00169

  491.0   0.00167

  492.0   0.00161

  493.0   0.00170

  494.0   0.00164

  495.0   0.00173

  496.0   0.00175

  497.0   0.00173

  498.0   0.00168

  499.0   0.00178

  500.0   0.00171

  501.0   0.00175

  502.0   0.00172

  503.0   0.00173

  504.0   0.00175

  505.0   0.00170

  506.0   0.00175

  507.0   0.00174

  508.0   0.00173

  509.0   0.00168

  510.0   0.00171

  511.0   0.00174

  512.0   0.00171

  513.0   0.00168

  514.0   0.00168

  515.0   0.00172

  516.0   0.00170

  517.0   0.00166

  518.0   0.00160

  519.0   0.00165

  520.0   0.00159

  521.0   0.00157

  522.0   0.00155

  523.0   0.00157

  524.0   0.00157

  525.0   0.00157

  526.0   0.00155

  527.0   0.00162

  528.0   0.00160

  529.0   0.00167

  530.0   0.00162

  531.0   0.00161

  532.0   0.00159

  533.0   0.00158

  534.0   0.00152

  535.0   0.00153

  536.0   0.00146

  537.0   0.00139

  538.0   0.00129

  539.0   0.00128

  540.0   0.00123

  541.0   0.00114

  542.0   0.00103

  543.0   0.00099

  544.0   0.00088

  545.0   0.00083

  546.0   0.00075

  547.0   0.00072

  548.0   0.00064

  549.0   0.00061

  550.0   0.00050

  551.0   0.00039

  552.0   0.00032

  553.0   0.00023

  554.0   0.00010

  555.0   0.00006

  556.0   0.00006

  557.0   0.00040

  558.0   0.00029

  559.0   0.00025

  560.0   0.00013

  561.0   0.00011

  562.0   0.00011

  563.0   0.00009

  564.0   0.00007

  565.0   0.00002

  566.0   0.00004

  567.0   0.00002

  568.0  -0.00000

  569.0   0.00002

  570.0   0.00002

  571.0   0.00004

  572.0   0.00004

  573.0  -0.00000

  574.0  -0.00002

  575.0  -0.00004

  576.0  -0.00006

  577.0  -0.00014

  578.0  -0.00012

  579.0  -0.00022

  580.0  -0.00023

  581.0  -0.00031

  582.0  -0.00037

  583.0  -0.00040

  584.0  -0.00042

  585.0  -0.00040

  586.0  -0.00042

  587.0  -0.00053

  588.0  -0.00056

  589.0  -0.00063

  590.0  -0.00074

  591.0  -0.00079

  592.0  -0.00088

  593.0  -0.00097

  594.0  -0.00107

  595.0  -0.00116

  596.0  -0.00123

  597.0  -0.00126

  598.0  -0.00134

  599.0  -0.00141

  600.0  -0.00145

  601.0  -0.00156

  602.0  -0.00162

  603.0  -0.00168

  604.0  -0.00173

  605.0  -0.00183

  606.0  -0.00193

  607.0  -0.00204

  608.0  -0.00209

  609.0  -0.00213

  610.0  -0.00218

  611.0  -0.00224

  612.0  -0.00225

  613.0  -0.00225

  614.0  -0.00232

  615.0  -0.00234

  616.0  -0.00230

  617.0  -0.00231

  618.0  -0.00227

  619.0  -0.00228

  620.0  -0.00226

  621.0  -0.00224

  622.0  -0.00225

  623.0  -0.00225

  624.0  -0.00223

  625.0  -0.00217

  626.0  -0.00222

  627.0  -0.00217

  628.0  -0.00216

  629.0  -0.00215

  630.0  -0.00211

  631.0  -0.00211

  632.0  -0.00206

  633.0  -0.00202

  634.0  -0.00197

  635.0  -0.00195

  636.0  -0.00190

  637.0  -0.00182

  638.0  -0.00182

  639.0  -0.00183

  640.0  -0.00186

  641.0  -0.00186

  642.0  -0.00193

  643.0  -0.00198

  644.0  -0.00204

  645.0  -0.00208

  646.0  -0.00213

  647.0  -0.00216

  648.0  -0.00219

  649.0  -0.00218

  650.0  -0.00219

  651.0  -0.00216

  652.0  -0.00220

  653.0  -0.00221

  654.0  -0.00222

  655.0  -0.00229

  656.0  -0.00232

  657.0  -0.00231

  658.0  -0.00238

  659.0  -0.00235

  660.0  -0.00240

  661.0  -0.00235

  662.0  -0.00232

  663.0  -0.00229

  664.0  -0.00226

  665.0  -0.00227

  666.0  -0.00224

  667.0  -0.00222

  668.0  -0.00221

  669.0  -0.00218

  670.0  -0.00217

  671.0  -0.00212

  672.0  -0.00216

  673.0  -0.00218

  674.0  -0.00215

  675.0  -0.00219

  676.0  -0.00228

  677.0  -0.00228

  678.0  -0.00231

  679.0  -0.00234

  680.0  -0.00233

  681.0  -0.00239

  682.0  -0.00242

  683.0  -0.00249

  684.0  -0.00254

  685.0  -0.00260

  686.0  -0.00261

  687.0  -0.00264

  688.0  -0.00268

  689.0  -0.00267

  690.0  -0.00267

  691.0  -0.00264

  692.0  -0.00262

  693.0  -0.00263

  694.0  -0.00262

  695.0  -0.00263

  696.0  -0.00265

  697.0  -0.00261

  698.0  -0.00264

  699.0  -0.00263

  700.0  -0.00264

  701.0  -0.00262

  702.0  -0.00263

  703.0  -0.00263

  704.0  -0.00259

  705.0  -0.00266

  706.0  -0.00264

  707.0  -0.00265

  708.0  -0.00265

  709.0  -0.00272

  710.0  -0.00272

  711.0  -0.00278

  712.0  -0.00275

  713.0  -0.00281

  714.0  -0.00285

  715.0  -0.00287

  716.0  -0.00295

  717.0  -0.00297

  718.0  -0.00300

  719.0  -0.00304

  720.0  -0.00304

  721.0  -0.00300

  722.0  -0.00309

  723.0  -0.00305

  724.0  -0.00305

  725.0  -0.00310

  726.0  -0.00308

  727.0  -0.00313

  728.0  -0.00313

  729.0  -0.00316

  730.0  -0.00321

  731.0  -0.00318

  732.0  -0.00323

  733.0  -0.00323

  734.0  -0.00323

  735.0  -0.00324

  736.0  -0.00219

  737.0  -0.00224

  738.0  -0.00232

  739.0  -0.00237

  740.0  -0.00239

  741.0  -0.00252

  742.0  -0.00252

  743.0  -0.00262

  744.0  -0.00267

  745.0  -0.00267

  746.0  -0.00269

  747.0  -0.00272

  748.0  -0.00277

  749.0  -0.00277

  750.0  -0.00282

  751.0  -0.00282

  752.0  -0.00288

  753.0  -0.00288

  754.0  -0.00291

  755.0  -0.00296

  756.0  -0.00302

  757.0  -0.00305

  758.0  -0.00311

  759.0  -0.00319

  760.0  -0.00311

  761.0  -0.00309

  762.0  -0.00312

  763.0  -0.00307

  764.0  -0.00318

  765.0  -0.00318

  766.0  -0.00324

  767.0  -0.00324

  768.0  -0.00330

  769.0  -0.00339

  770.0  -0.00339

  771.0  -0.00335

  772.0  -0.00341

  773.0  -0.00344

  774.0  -0.00350

  775.0  -0.00350

  776.0  -0.00354

  777.0  -0.00354

  778.0  -0.00358

  779.0  -0.00358

  780.0  -0.00353

  781.0  -0.00357

  782.0  -0.00358

  783.0  -0.00361

  784.0  -0.00362

  785.0  -0.00362

  786.0  -0.00369

  787.0  -0.00370

  788.0  -0.00373

  789.0  -0.00377

  790.0  -0.00380

  791.0  -0.00384

  792.0  -0.00382

  793.0  -0.00383

  794.0  -0.00384

  795.0  -0.00384

  796.0  -0.00385

  797.0  -0.00391

  798.0  -0.00389

  799.0  -0.00395

  800.0  -0.00398

 
