ser ID: DU600

Method ID: A:\DEFAULT

Date: 07/25/00

Time: 03:42

 200.0   2.05404

  201.0   2.13114

  202.0   2.29373

  203.0   2.81491

  204.0   2.60369

  205.0   2.39226

  206.0   2.76864

  207.0   2.55600

  208.0   3.27207

  209.0   3.39568

  210.0   3.48187

  211.0   3.24242

  212.0   3.58580

  213.0   3.62159

  214.0   3.64787

  215.0   3.66997

  216.0   3.38855

  217.0   3.40892

  218.0   3.72713

  219.0   3.74304

  220.0   3.28096

  221.0   2.92722

  222.0   3.08849

  223.0   3.32415

  224.0   3.03643

  225.0   3.04967

  226.0   3.06321

  227.0   3.07567

  228.0   3.38887

  229.0   3.87783

  230.0   3.28791

  231.0   3.90015

  232.0   3.90945

  233.0   3.91777

  234.0   3.92531

  235.0   3.93080

  236.0   3.93455

  237.0   3.93772

  238.0   3.93972

  239.0   3.94116

  240.0   3.94126

  241.0   3.46225

  242.0   3.09302

  243.0   3.93671

  244.0   3.45758

  245.0   3.23269

  246.0   3.08130

  247.0   3.01771

  248.0   3.61663

  249.0   3.43828

  250.0   3.61077

  251.0   3.42824

  252.0   3.59693

  253.0   3.89120

  254.0   3.88790

  255.0   3.88491

  256.0   3.88036

  257.0   3.87535

  258.0   3.86753

  259.0   3.85980

  260.0   3.85473

  261.0   3.85016

  262.0   3.84497

  263.0   3.53839

  264.0   3.05589

  265.0   2.87409

  266.0   3.21932

  267.0   3.21332

  268.0   3.03154

  269.0   3.10531

  270.0   2.89591

  271.0   2.89147

  272.0   3.48975

  273.0   2.94265

  274.0   3.30778

  275.0   2.93802

  276.0   3.00317

  277.0   3.30312

  278.0   2.87607

  279.0   2.73726

  280.0   2.73611

  281.0   2.54647

  282.0   2.63014

  283.0   2.57098

  284.0   2.37614

  285.0   2.31124

  286.0   2.25410

  287.0   2.10037

  288.0   2.06482

  289.0   2.01696

  290.0   1.91594

  291.0   1.87579

  292.0   1.81511

  293.0   1.77401

  294.0   1.74066

  295.0   1.66984

  296.0   1.62641

  297.0   1.58712

  298.0   1.54481

  299.0   1.50315

  300.0   1.45481

  301.0   1.40449

  302.0   1.36240

  303.0   1.32214

  304.0   1.29282

  305.0   1.24972

  306.0   1.20567

  307.0   1.16545

  308.0   1.12391

  309.0   1.08199

  310.0   1.03937

  311.0   0.99333

  312.0   0.94994

  313.0   0.90750

  314.0   0.87119

  315.0   0.82943

  316.0   0.78759

  317.0   0.74767

  318.0   0.71815

  319.0   0.68629

  320.0   0.65851

  321.0   0.64812

  322.0   0.61289

  323.0   0.59783

  324.0   0.58599

  325.0   0.57647

  326.0   0.57073

  327.0   0.56935

  328.0   0.56954

  329.0   0.57291

  330.0   0.57709

  331.0   0.58585

  332.0   0.59582

  333.0   0.60612

  334.0   0.61805

  335.0   0.63404

  336.0   0.64864

  337.0   0.66641

  338.0   0.68398

  339.0   0.70074

  340.0   0.72115

  341.0   0.74202

  342.0   0.76217

  343.0   0.78089

  344.0   0.80121

  345.0   0.81676

  346.0   0.83384

  347.0   0.85451

  348.0   0.87039

  349.0   0.88476

  350.0   0.89805

  351.0   0.90909

  352.0   0.91943

  353.0   0.93031

  354.0   0.93767

  355.0   0.94230

  356.0   0.94542

  357.0   0.94392

  358.0   0.94306

  359.0   0.94120

  360.0   0.93823

  361.0   0.93788

  362.0   0.92955

  363.0   0.92049

  364.0   0.91402

  365.0   0.90270

  366.0   0.89843

  367.0   0.88431

  368.0   0.87345

  369.0   0.86089

  370.0   0.85023

  371.0   0.84003

  372.0   0.82854

  373.0   0.81623

  374.0   0.80601

  375.0   0.79364

  376.0   0.78131

  377.0   0.76953

  378.0   0.75661

  379.0   0.74285

  380.0   0.72910

  381.0   0.71600

  382.0   0.70256

  383.0   0.69025

  384.0   0.67486

  385.0   0.66079

  386.0   0.64574

  387.0   0.63081

  388.0   0.61788

  389.0   0.60239

  390.0   0.58802

  391.0   0.57496

  392.0   0.56147

  393.0   0.54776

  394.0   0.53399

  395.0   0.52230

  396.0   0.51077

  397.0   0.49822

  398.0   0.48683

  399.0   0.47515

  400.0   0.46557

  401.0   0.45591

  402.0   0.44537

  403.0   0.43611

  404.0   0.42606

  405.0   0.41724

  406.0   0.40888

  407.0   0.39945

  408.0   0.39109

  409.0   0.38183

  410.0   0.37317

  411.0   0.36445

  412.0   0.35512

  413.0   0.34706

  414.0   0.33830

  415.0   0.33428

  416.0   0.32019

  417.0   0.31070

  418.0   0.30242

  419.0   0.29260

  420.0   0.28452

  421.0   0.27610

  422.0   0.26708

  423.0   0.25893

  424.0   0.25043

  425.0   0.24256

  426.0   0.23430

  427.0   0.22680

  428.0   0.21973

  429.0   0.21213

  430.0   0.20574

  431.0   0.19876

  432.0   0.19262

  433.0   0.18613

  434.0   0.18052

  435.0   0.17514

  436.0   0.16931

  437.0   0.16429

  438.0   0.15889

  439.0   0.15406

  440.0   0.14926

  441.0   0.14487

  442.0   0.14027

  443.0   0.13623

  444.0   0.13223

  445.0   0.12795

  446.0   0.12427

  447.0   0.12026

  448.0   0.11671

  449.0   0.11309

  450.0   0.10973

  451.0   0.10618

  452.0   0.10308

  453.0   0.09949

  454.0   0.09642

  455.0   0.09312

  456.0   0.09023

  457.0   0.08728

  458.0   0.08421

  459.0   0.08144

  460.0   0.07845

  461.0   0.07581

  462.0   0.07307

  463.0   0.07056

  464.0   0.06790

  465.0   0.06555

  466.0   0.06316

  467.0   0.06090

  468.0   0.05855

  469.0   0.05655

  470.0   0.05443

  471.0   0.05246

  472.0   0.05046

  473.0   0.04864

  474.0   0.04672

  475.0   0.04495

  476.0   0.04318

  477.0   0.04167

  478.0   0.04010

  479.0   0.03868

  480.0   0.03720

  481.0   0.03580

  482.0   0.03428

  483.0   0.03300

  484.0   0.03159

  485.0   0.03035

  486.0   0.02915

  487.0   0.02809

  488.0   0.02694

  489.0   0.02596

  490.0   0.02502

  491.0   0.02411

  492.0   0.02323

  493.0   0.02251

  494.0   0.02179

  495.0   0.02116

  496.0   0.02050

  497.0   0.01991

  498.0   0.01935

  499.0   0.01894

  500.0   0.01837

  501.0   0.01790

  502.0   0.01739

  503.0   0.01693

  504.0   0.01653

  505.0   0.01606

  506.0   0.01566

  507.0   0.01525

  508.0   0.01491

  509.0   0.01450

  510.0   0.01418

  511.0   0.01382

  512.0   0.01344

  513.0   0.01311

  514.0   0.01276

  515.0   0.01251

  516.0   0.01225

  517.0   0.01202

  518.0   0.01171

  519.0   0.01150

  520.0   0.01126

  521.0   0.01107

  522.0   0.01082

  523.0   0.01072

  524.0   0.01058

  525.0   0.01034

  526.0   0.01021

  527.0   0.01007

  528.0   0.00998

  529.0   0.00984

  530.0   0.00971

  531.0   0.00963

  532.0   0.00946

  533.0   0.00930

  534.0   0.00919

  535.0   0.00916

  536.0   0.00904

  537.0   0.00900

  538.0   0.00888

  539.0   0.00886

  540.0   0.00872

  541.0   0.00867

  542.0   0.00856

  543.0   0.00846

  544.0   0.00839

  545.0   0.00828

  546.0   0.00824

  547.0   0.00809

  548.0   0.00798

  549.0   0.00790

  550.0   0.00776

  551.0   0.00765

  552.0   0.00753

  553.0   0.00742

  554.0   0.00736

  555.0   0.00728

  556.0   0.00722

  557.0   0.00691

  558.0   0.00687

  559.0   0.00683

  560.0   0.00676

  561.0   0.00669

  562.0   0.00661

  563.0   0.00658

  564.0   0.00654

  565.0   0.00640

  566.0   0.00640

  567.0   0.00644

  568.0   0.00642

  569.0   0.00645

  570.0   0.00649

  571.0   0.00643

  572.0   0.00642

  573.0   0.00640

  574.0   0.00641

  575.0   0.00635

  576.0   0.00631

  577.0   0.00625

  578.0   0.00619

  579.0   0.00613

  580.0   0.00609

  581.0   0.00603

  582.0   0.00602

  583.0   0.00593

  584.0   0.00586

  585.0   0.00578

  586.0   0.00576

  587.0   0.00573

  588.0   0.00574

  589.0   0.00571

  590.0   0.00564

  591.0   0.00556

  592.0   0.00552

  593.0   0.00543

  594.0   0.00536

  595.0   0.00531

  596.0   0.00529

  597.0   0.00520

  598.0   0.00514

  599.0   0.00505

  600.0   0.00501

  601.0   0.00492

  602.0   0.00483

  603.0   0.00472

  604.0   0.00462

  605.0   0.00452

  606.0   0.00443

  607.0   0.00433

  608.0   0.00424

  609.0   0.00416

  610.0   0.00408

  611.0   0.00404

  612.0   0.00396

  613.0   0.00392

  614.0   0.00387

  615.0   0.00380

  616.0   0.00375

  617.0   0.00363

  618.0   0.00360

  619.0   0.00354

  620.0   0.00350

  621.0   0.00346

  622.0   0.00339

  623.0   0.00335

  624.0   0.00336

  625.0   0.00332

  626.0   0.00328

  627.0   0.00326

  628.0   0.00326

  629.0   0.00320

  630.0   0.00320

  631.0   0.00316

  632.0   0.00313

  633.0   0.00311

  634.0   0.00312

  635.0   0.00309

  636.0   0.00305

  637.0   0.00303

  638.0   0.00305

  639.0   0.00296

  640.0   0.00296

  641.0   0.00295

  642.0   0.00293

  643.0   0.00293

  644.0   0.00288

  645.0   0.00285

  646.0   0.00278

  647.0   0.00278

  648.0   0.00274

  649.0   0.00272

  650.0   0.00267

  651.0   0.00261

  652.0   0.00253

  653.0   0.00248

  654.0   0.00243

  655.0   0.00242

  656.0   0.00239

  657.0   0.00233

  658.0   0.00228

  659.0   0.00228

  660.0   0.00220

  661.0   0.00221

  662.0   0.00213

  663.0   0.00211

  664.0   0.00211

  665.0   0.00205

  666.0   0.00197

  667.0   0.00191

  668.0   0.00188

  669.0   0.00186

  670.0   0.00185

  671.0   0.00180

  672.0   0.00177

  673.0   0.00176

  674.0   0.00177

  675.0   0.00177

  676.0   0.00174

  677.0   0.00171

  678.0   0.00166

  679.0   0.00167

  680.0   0.00164

  681.0   0.00160

  682.0   0.00162

  683.0   0.00157

  684.0   0.00159

  685.0   0.00155

  686.0   0.00155

  687.0   0.00151

  688.0   0.00144

  689.0   0.00138

  690.0   0.00131

  691.0   0.00126

  692.0   0.00121

  693.0   0.00118

  694.0   0.00117

  695.0   0.00112

  696.0   0.00107

  697.0   0.00104

  698.0   0.00095

  699.0   0.00097

  700.0   0.00092

  701.0   0.00093

  702.0   0.00093

  703.0   0.00088

  704.0   0.00088

  705.0   0.00089

  706.0   0.00085

  707.0   0.00086

  708.0   0.00088

  709.0   0.00087

  710.0   0.00083

  711.0   0.00080

  712.0   0.00074

  713.0   0.00067

  714.0   0.00061

  715.0   0.00058

  716.0   0.00054

  717.0   0.00046

  718.0   0.00040

  719.0   0.00038

  720.0   0.00036

  721.0   0.00030

  722.0   0.00035

  723.0   0.00028

  724.0   0.00022

  725.0   0.00018

  726.0   0.00013

  727.0   0.00009

  728.0   0.00005

  729.0  -0.00000

  730.0  -0.00007

  731.0  -0.00002

  732.0  -0.00005

  733.0  -0.00002

  734.0  -0.00002

  735.0  -0.00000

  736.0   0.00049

  737.0   0.00055

  738.0   0.00057

  739.0   0.00057

  740.0   0.00057

  741.0   0.00057

  742.0   0.00065

  743.0   0.00070

  744.0   0.00073

  745.0   0.00075

  746.0   0.00078

  747.0   0.00081

  748.0   0.00078

  749.0   0.00081

  750.0   0.00078

  751.0   0.00075

  752.0   0.00073

  753.0   0.00070

  754.0   0.00073

  755.0   0.00065

  756.0   0.00067

  757.0   0.00065

  758.0   0.00062

  759.0   0.00065

  760.0   0.00062

  761.0   0.00062

  762.0   0.00057

  763.0   0.00051

  764.0   0.00057

  765.0   0.00054

  766.0   0.00046

  767.0   0.00060

  768.0   0.00063

  769.0   0.00057

  770.0   0.00060

  771.0   0.00052

  772.0   0.00044

  773.0   0.00036

  774.0   0.00030

  775.0   0.00028

  776.0   0.00022

  777.0   0.00019

  778.0   0.00022

  779.0   0.00022

  780.0   0.00022

  781.0   0.00022

  782.0   0.00025

  783.0   0.00028

  784.0   0.00028

  785.0   0.00031

  786.0   0.00025

  787.0   0.00022

  788.0   0.00025

  789.0   0.00023

  790.0   0.00020

  791.0   0.00014

  792.0   0.00009

  793.0   0.00009

  794.0   0.00006

  795.0   0.00003

  796.0  -0.00003

  797.0  -0.00006

  798.0  -0.00011

  799.0  -0.00014

  800.0  -0.00026

 
