ser ID: DU600

Method ID: A:\DEFAULT

Date: 07/29/00

Time: 03:53

 200.0   3.22220

  201.0   2.68820

  202.0   3.02938

  203.0   2.89135

  204.0   3.40688

  205.0   3.44107

  206.0   3.47056

  207.0   3.49886

  208.0   3.52660

  209.0   3.55570

  210.0   3.58092

  211.0   3.60520

  212.0   3.62972

  213.0   3.35430

  214.0   3.67642

  215.0   3.69705

  216.0   3.71659

  217.0   3.73719

  218.0   3.75557

  219.0   3.77173

  220.0   3.78675

  221.0   3.80127

  222.0   3.81651

  223.0   3.82950

  224.0   3.84242

  225.0   3.85449

  226.0   3.86759

  227.0   3.88024

  228.0   3.89176

  229.0   3.90304

  230.0   3.91487

  231.0   3.92474

  232.0   3.93399

  233.0   3.94176

  234.0   3.64777

  235.0   3.95415

  236.0   3.95828

  237.0   3.96142

  238.0   3.96346

  239.0   3.96459

  240.0   3.96464

  241.0   3.96440

  242.0   3.96313

  243.0   3.65992

  244.0   3.95875

  245.0   3.95569

  246.0   3.65162

  247.0   3.94856

  248.0   3.94448

  249.0   3.93982

  250.0   3.93536

  251.0   3.93018

  252.0   3.92526

  253.0   3.91986

  254.0   3.91424

  255.0   3.90838

  256.0   3.90314

  257.0   3.89713

  258.0   3.89126

  259.0   3.88423

  260.0   3.87760

  261.0   3.87175

  262.0   3.86516

  263.0   3.85848

  264.0   3.85187

  265.0   3.84578

  266.0   3.83891

  267.0   3.83232

  268.0   3.82633

  269.0   3.82060

  270.0   3.51448

  271.0   3.20931

  272.0   3.50610

  273.0   3.10503

  274.0   3.19934

  275.0   3.10065

  276.0   3.02043

  277.0   3.01905

  278.0   2.79637

  279.0   2.79553

  280.0   2.79567

  281.0   2.64885

  282.0   2.49311

  283.0   2.41302

  284.0   2.30096

  285.0   2.18984

  286.0   2.09314

  287.0   2.04315

  288.0   1.91635

  289.0   1.84279

  290.0   1.76800

  291.0   1.70423

  292.0   1.63599

  293.0   1.57177

  294.0   1.51112

  295.0   1.46407

  296.0   1.41539

  297.0   1.36758

  298.0   1.32313

  299.0   1.27643

  300.0   1.24039

  301.0   1.20313

  302.0   1.16992

  303.0   1.13660

  304.0   1.10834

  305.0   1.08123

  306.0   1.05431

  307.0   1.03344

  308.0   1.01050

  309.0   0.98849

  310.0   0.96495

  311.0   0.94803

  312.0   0.92527

  313.0   0.90455

  314.0   0.88589

  315.0   0.87096

  316.0   0.85329

  317.0   0.84134

  318.0   0.82933

  319.0   0.81944

  320.0   0.81467

  321.0   0.81156

  322.0   0.80665

  323.0   0.80041

  324.0   0.80038

  325.0   0.80088

  326.0   0.80408

  327.0   0.80626

  328.0   0.80851

  329.0   0.81602

  330.0   0.81962

  331.0   0.82435

  332.0   0.83298

  333.0   0.83753

  334.0   0.84594

  335.0   0.85642

  336.0   0.85809

  337.0   0.87318

  338.0   0.88116

  339.0   0.88619

  340.0   0.89625

  341.0   0.90571

  342.0   0.91412

  343.0   0.92121

  344.0   0.93031

  345.0   0.94225

  346.0   0.94661

  347.0   0.95513

  348.0   0.95822

  349.0   0.96500

  350.0   0.96651

  351.0   0.96960

  352.0   0.96654

  353.0   0.96557

  354.0   0.97207

  355.0   0.96663

  356.0   0.96313

  357.0   0.95700

  358.0   0.95021

  359.0   0.94036

  360.0   0.92929

  361.0   0.92280

  362.0   0.91122

  363.0   0.89727

  364.0   0.88257

  365.0   0.86886

  366.0   0.85546

  367.0   0.84606

  368.0   0.83061

  369.0   0.81913

  370.0   0.80568

  371.0   0.79308

  372.0   0.78058

  373.0   0.76701

  374.0   0.75543

  375.0   0.74414

  376.0   0.73077

  377.0   0.72006

  378.0   0.70714

  379.0   0.69419

  380.0   0.68351

  381.0   0.66967

  382.0   0.65763

  383.0   0.64607

  384.0   0.63299

  385.0   0.62129

  386.0   0.60783

  387.0   0.59571

  388.0   0.58500

  389.0   0.57140

  390.0   0.56064

  391.0   0.54923

  392.0   0.53738

  393.0   0.52704

  394.0   0.51527

  395.0   0.50536

  396.0   0.49538

  397.0   0.48506

  398.0   0.47594

  399.0   0.46594

  400.0   0.45752

  401.0   0.44909

  402.0   0.43937

  403.0   0.43142

  404.0   0.42248

  405.0   0.41399

  406.0   0.40576

  407.0   0.39650

  408.0   0.38833

  409.0   0.37875

  410.0   0.37005

  411.0   0.36138

  412.0   0.35164

  413.0   0.34268

  414.0   0.33354

  415.0   0.32890

  416.0   0.31289

  417.0   0.30254

  418.0   0.29280

  419.0   0.28235

  420.0   0.27262

  421.0   0.26335

  422.0   0.25324

  423.0   0.24374

  424.0   0.23382

  425.0   0.22523

  426.0   0.21583

  427.0   0.20800

  428.0   0.19998

  429.0   0.19179

  430.0   0.18458

  431.0   0.17716

  432.0   0.17074

  433.0   0.16397

  434.0   0.15823

  435.0   0.15253

  436.0   0.14679

  437.0   0.14187

  438.0   0.13666

  439.0   0.13218

  440.0   0.12735

  441.0   0.12324

  442.0   0.11912

  443.0   0.11539

  444.0   0.11180

  445.0   0.10794

  446.0   0.10471

  447.0   0.10137

  448.0   0.09816

  449.0   0.09498

  450.0   0.09206

  451.0   0.08882

  452.0   0.08603

  453.0   0.08308

  454.0   0.08029

  455.0   0.07744

  456.0   0.07498

  457.0   0.07260

  458.0   0.07001

  459.0   0.06772

  460.0   0.06518

  461.0   0.06302

  462.0   0.06072

  463.0   0.05867

  464.0   0.05634

  465.0   0.05438

  466.0   0.05228

  467.0   0.05055

  468.0   0.04862

  469.0   0.04695

  470.0   0.04519

  471.0   0.04356

  472.0   0.04188

  473.0   0.04048

  474.0   0.03896

  475.0   0.03760

  476.0   0.03613

  477.0   0.03478

  478.0   0.03351

  479.0   0.03236

  480.0   0.03114

  481.0   0.03014

  482.0   0.02903

  483.0   0.02808

  484.0   0.02702

  485.0   0.02616

  486.0   0.02522

  487.0   0.02444

  488.0   0.02366

  489.0   0.02301

  490.0   0.02229

  491.0   0.02167

  492.0   0.02098

  493.0   0.02047

  494.0   0.01987

  495.0   0.01935

  496.0   0.01879

  497.0   0.01835

  498.0   0.01794

  499.0   0.01756

  500.0   0.01718

  501.0   0.01689

  502.0   0.01658

  503.0   0.01628

  504.0   0.01606

  505.0   0.01583

  506.0   0.01561

  507.0   0.01545

  508.0   0.01523

  509.0   0.01514

  510.0   0.01502

  511.0   0.01489

  512.0   0.01473

  513.0   0.01466

  514.0   0.01454

  515.0   0.01456

  516.0   0.01451

  517.0   0.01447

  518.0   0.01444

  519.0   0.01443

  520.0   0.01449

  521.0   0.01451

  522.0   0.01453

  523.0   0.01462

  524.0   0.01469

  525.0   0.01481

  526.0   0.01493

  527.0   0.01497

  528.0   0.01501

  529.0   0.01504

  530.0   0.01520

  531.0   0.01531

  532.0   0.01546

  533.0   0.01555

  534.0   0.01571

  535.0   0.01588

  536.0   0.01608

  537.0   0.01624

  538.0   0.01641

  539.0   0.01656

  540.0   0.01682

  541.0   0.01698

  542.0   0.01717

  543.0   0.01728

  544.0   0.01749

  545.0   0.01762

  546.0   0.01780

  547.0   0.01789

  548.0   0.01802

  549.0   0.01811

  550.0   0.01819

  551.0   0.01827

  552.0   0.01830

  553.0   0.01840

  554.0   0.01846

  555.0   0.01849

  556.0   0.01854

  557.0   0.01993

  558.0   0.01995

  559.0   0.01995

  560.0   0.02006

  561.0   0.02007

  562.0   0.02012

  563.0   0.02012

  564.0   0.02014

  565.0   0.02008

  566.0   0.02007

  567.0   0.02008

  568.0   0.02004

  569.0   0.02007

  570.0   0.02010

  571.0   0.02008

  572.0   0.02010

  573.0   0.02016

  574.0   0.02014

  575.0   0.02013

  576.0   0.02011

  577.0   0.02000

  578.0   0.01998

  579.0   0.01999

  580.0   0.01990

  581.0   0.01993

  582.0   0.01992

  583.0   0.01991

  584.0   0.01993

  585.0   0.01997

  586.0   0.01998

  587.0   0.01998

  588.0   0.01997

  589.0   0.01994

  590.0   0.01999

  591.0   0.02001

  592.0   0.02004

  593.0   0.02005

  594.0   0.02004

  595.0   0.02011

  596.0   0.02018

  597.0   0.02026

  598.0   0.02034

  599.0   0.02036

  600.0   0.02040

  601.0   0.02047

  602.0   0.02046

  603.0   0.02054

  604.0   0.02059

  605.0   0.02066

  606.0   0.02071

  607.0   0.02072

  608.0   0.02074

  609.0   0.02078

  610.0   0.02086

  611.0   0.02088

  612.0   0.02091

  613.0   0.02094

  614.0   0.02101

  615.0   0.02107

  616.0   0.02107

  617.0   0.02110

  618.0   0.02114

  619.0   0.02115

  620.0   0.02115

  621.0   0.02118

  622.0   0.02122

  623.0   0.02123

  624.0   0.02118

  625.0   0.02119

  626.0   0.02117

  627.0   0.02118

  628.0   0.02120

  629.0   0.02116

  630.0   0.02113

  631.0   0.02116

  632.0   0.02110

  633.0   0.02109

  634.0   0.02106

  635.0   0.02096

  636.0   0.02091

  637.0   0.02088

  638.0   0.02084

  639.0   0.02076

  640.0   0.02070

  641.0   0.02068

  642.0   0.02061

  643.0   0.02056

  644.0   0.02046

  645.0   0.02039

  646.0   0.02026

  647.0   0.02021

  648.0   0.02014

  649.0   0.02004

  650.0   0.01996

  651.0   0.01987

  652.0   0.01978

  653.0   0.01967

  654.0   0.01955

  655.0   0.01944

  656.0   0.01936

  657.0   0.01926

  658.0   0.01916

  659.0   0.01905

  660.0   0.01894

  661.0   0.01883

  662.0   0.01872

  663.0   0.01859

  664.0   0.01850

  665.0   0.01845

  666.0   0.01831

  667.0   0.01819

  668.0   0.01811

  669.0   0.01804

  670.0   0.01790

  671.0   0.01777

  672.0   0.01760

  673.0   0.01747

  674.0   0.01738

  675.0   0.01720

  676.0   0.01709

  677.0   0.01690

  678.0   0.01673

  679.0   0.01654

  680.0   0.01642

  681.0   0.01631

  682.0   0.01617

  683.0   0.01607

  684.0   0.01596

  685.0   0.01584

  686.0   0.01574

  687.0   0.01560

  688.0   0.01543

  689.0   0.01524

  690.0   0.01508

  691.0   0.01493

  692.0   0.01479

  693.0   0.01469

  694.0   0.01454

  695.0   0.01440

  696.0   0.01428

  697.0   0.01417

  698.0   0.01409

  699.0   0.01393

  700.0   0.01387

  701.0   0.01377

  702.0   0.01362

  703.0   0.01346

  704.0   0.01336

  705.0   0.01328

  706.0   0.01307

  707.0   0.01294

  708.0   0.01280

  709.0   0.01268

  710.0   0.01258

  711.0   0.01246

  712.0   0.01232

  713.0   0.01220

  714.0   0.01210

  715.0   0.01196

  716.0   0.01187

  717.0   0.01173

  718.0   0.01166

  719.0   0.01154

  720.0   0.01148

  721.0   0.01135

  722.0   0.01122

  723.0   0.01112

  724.0   0.01095

  725.0   0.01084

  726.0   0.01074

  727.0   0.01060

  728.0   0.01048

  729.0   0.01041

  730.0   0.01035

  731.0   0.01031

  732.0   0.01022

  733.0   0.01017

  734.0   0.01005

  735.0   0.00998

  736.0   0.01132

  737.0   0.01107

  738.0   0.01090

  739.0   0.01068

  740.0   0.01055

  741.0   0.01042

  742.0   0.01030

  743.0   0.01015

  744.0   0.01005

  745.0   0.00997

  746.0   0.00988

  747.0   0.00968

  748.0   0.00954

  749.0   0.00949

  750.0   0.00943

  751.0   0.00930

  752.0   0.00927

  753.0   0.00922

  754.0   0.00912

  755.0   0.00910

  756.0   0.00902

  757.0   0.00901

  758.0   0.00886

  759.0   0.00876

  760.0   0.00860

  761.0   0.00853

  762.0   0.00846

  763.0   0.00830

  764.0   0.00826

  765.0   0.00813

  766.0   0.00798

  767.0   0.00793

  768.0   0.00784

  769.0   0.00779

  770.0   0.00767

  771.0   0.00763

  772.0   0.00756

  773.0   0.00749

  774.0   0.00742

  775.0   0.00740

  776.0   0.00736

  777.0   0.00735

  778.0   0.00725

  779.0   0.00721

  780.0   0.00716

  781.0   0.00712

  782.0   0.00714

  783.0   0.00707

  784.0   0.00708

  785.0   0.00704

  786.0   0.00705

  787.0   0.00707

  788.0   0.00703

  789.0   0.00704

  790.0   0.00697

  791.0   0.00699

  792.0   0.00700

  793.0   0.00696

  794.0   0.00689

  795.0   0.00682

  796.0   0.00686

  797.0   0.00692

  798.0   0.00699

  799.0   0.00697

  800.0   0.00689

 
