ser ID: DU600

Method ID: A:\DEFAULT

Date: 07/29/00

Time: 03:56

 200.0   3.22220

  201.0   3.29026

  202.0   3.33041

  203.0   3.36847

  204.0   3.40688

  205.0   3.44107

  206.0   3.47056

  207.0   3.49886

  208.0   3.52660

  209.0   3.07858

  210.0   3.58092

  211.0   3.60520

  212.0   3.62972

  213.0   3.65533

  214.0   3.67642

  215.0   3.09499

  216.0   3.71659

  217.0   3.13513

  218.0   3.45454

  219.0   3.77173

  220.0   3.30963

  221.0   3.80127

  222.0   3.81651

  223.0   3.82950

  224.0   3.84242

  225.0   3.85449

  226.0   3.86759

  227.0   3.88024

  228.0   3.89176

  229.0   3.90304

  230.0   3.91487

  231.0   3.92474

  232.0   3.93399

  233.0   3.94176

  234.0   3.94880

  235.0   3.95415

  236.0   3.95828

  237.0   3.96142

  238.0   3.96346

  239.0   3.96459

  240.0   3.96464

  241.0   3.96440

  242.0   3.96313

  243.0   3.96095

  244.0   3.95875

  245.0   3.65466

  246.0   3.95265

  247.0   3.94856

  248.0   3.94448

  249.0   3.93982

  250.0   3.63433

  251.0   3.93018

  252.0   3.62423

  253.0   3.61883

  254.0   3.61321

  255.0   3.90838

  256.0   3.42602

  257.0   3.89713

  258.0   3.89126

  259.0   3.88423

  260.0   3.87760

  261.0   3.87175

  262.0   3.86516

  263.0   3.85848

  264.0   3.85187

  265.0   3.84578

  266.0   3.83891

  267.0   3.83232

  268.0   3.82633

  269.0   3.82060

  270.0   3.81551

  271.0   3.81137

  272.0   3.80713

  273.0   3.80400

  274.0   3.80140

  275.0   3.79962

  276.0   3.79858

  277.0   3.49617

  278.0   3.49534

  279.0   3.09656

  280.0   3.09670

  281.0   2.75358

  282.0   2.49311

  283.0   2.33083

  284.0   2.26084

  285.0   2.15843

  286.0   2.04392

  287.0   1.99895

  288.0   1.88832

  289.0   1.80541

  290.0   1.74022

  291.0   1.67357

  292.0   1.60966

  293.0   1.55145

  294.0   1.49557

  295.0   1.44424

  296.0   1.39067

  297.0   1.35313

  298.0   1.31581

  299.0   1.27246

  300.0   1.23672

  301.0   1.20313

  302.0   1.16781

  303.0   1.14056

  304.0   1.11488

  305.0   1.09191

  306.0   1.06958

  307.0   1.04565

  308.0   1.02221

  309.0   0.99901

  310.0   0.97942

  311.0   0.96213

  312.0   0.93886

  313.0   0.92376

  314.0   0.90194

  315.0   0.88797

  316.0   0.87115

  317.0   0.86021

  318.0   0.84553

  319.0   0.83675

  320.0   0.83323

  321.0   0.82892

  322.0   0.81634

  323.0   0.81428

  324.0   0.81490

  325.0   0.81548

  326.0   0.81635

  327.0   0.81987

  328.0   0.82346

  329.0   0.82738

  330.0   0.83236

  331.0   0.83851

  332.0   0.84012

  333.0   0.84869

  334.0   0.85658

  335.0   0.86316

  336.0   0.86688

  337.0   0.87872

  338.0   0.88537

  339.0   0.89042

  340.0   0.89840

  341.0   0.90644

  342.0   0.91412

  343.0   0.92270

  344.0   0.92955

  345.0   0.93532

  346.0   0.94040

  347.0   0.94568

  348.0   0.94873

  349.0   0.95618

  350.0   0.95451

  351.0   0.95830

  352.0   0.95689

  353.0   0.95671

  354.0   0.95583

  355.0   0.95054

  356.0   0.94632

  357.0   0.93990

  358.0   0.93059

  359.0   0.92082

  360.0   0.91130

  361.0   0.90131

  362.0   0.88945

  363.0   0.87841

  364.0   0.86589

  365.0   0.85143

  366.0   0.83892

  367.0   0.82676

  368.0   0.81139

  369.0   0.80170

  370.0   0.78498

  371.0   0.77307

  372.0   0.76164

  373.0   0.74920

  374.0   0.73824

  375.0   0.72565

  376.0   0.71341

  377.0   0.70166

  378.0   0.68872

  379.0   0.67726

  380.0   0.66410

  381.0   0.65276

  382.0   0.64054

  383.0   0.62865

  384.0   0.61545

  385.0   0.60380

  386.0   0.59205

  387.0   0.58021

  388.0   0.56801

  389.0   0.55558

  390.0   0.54541

  391.0   0.53446

  392.0   0.52204

  393.0   0.51179

  394.0   0.50168

  395.0   0.49127

  396.0   0.48215

  397.0   0.47263

  398.0   0.46316

  399.0   0.45384

  400.0   0.44527

  401.0   0.43666

  402.0   0.42813

  403.0   0.42025

  404.0   0.41138

  405.0   0.40300

  406.0   0.39516

  407.0   0.38636

  408.0   0.37824

  409.0   0.36923

  410.0   0.36064

  411.0   0.35191

  412.0   0.34245

  413.0   0.33381

  414.0   0.32460

  415.0   0.32002

  416.0   0.30483

  417.0   0.29473

  418.0   0.28519

  419.0   0.27483

  420.0   0.26529

  421.0   0.25595

  422.0   0.24593

  423.0   0.23700

  424.0   0.22729

  425.0   0.21874

  426.0   0.20964

  427.0   0.20195

  428.0   0.19407

  429.0   0.18613

  430.0   0.17895

  431.0   0.17159

  432.0   0.16528

  433.0   0.15873

  434.0   0.15317

  435.0   0.14764

  436.0   0.14201

  437.0   0.13724

  438.0   0.13204

  439.0   0.12769

  440.0   0.12300

  441.0   0.11906

  442.0   0.11494

  443.0   0.11131

  444.0   0.10775

  445.0   0.10410

  446.0   0.10095

  447.0   0.09770

  448.0   0.09472

  449.0   0.09154

  450.0   0.08874

  451.0   0.08561

  452.0   0.08307

  453.0   0.08022

  454.0   0.07751

  455.0   0.07475

  456.0   0.07242

  457.0   0.07007

  458.0   0.06755

  459.0   0.06539

  460.0   0.06288

  461.0   0.06079

  462.0   0.05861

  463.0   0.05654

  464.0   0.05446

  465.0   0.05254

  466.0   0.05060

  467.0   0.04888

  468.0   0.04703

  469.0   0.04548

  470.0   0.04376

  471.0   0.04229

  472.0   0.04072

  473.0   0.03938

  474.0   0.03786

  475.0   0.03657

  476.0   0.03516

  477.0   0.03396

  478.0   0.03267

  479.0   0.03160

  480.0   0.03043

  481.0   0.02945

  482.0   0.02835

  483.0   0.02742

  484.0   0.02642

  485.0   0.02559

  486.0   0.02471

  487.0   0.02401

  488.0   0.02326

  489.0   0.02264

  490.0   0.02190

  491.0   0.02131

  492.0   0.02069

  493.0   0.02017

  494.0   0.01966

  495.0   0.01923

  496.0   0.01869

  497.0   0.01829

  498.0   0.01790

  499.0   0.01754

  500.0   0.01718

  501.0   0.01697

  502.0   0.01670

  503.0   0.01639

  504.0   0.01626

  505.0   0.01600

  506.0   0.01577

  507.0   0.01561

  508.0   0.01542

  509.0   0.01531

  510.0   0.01525

  511.0   0.01513

  512.0   0.01505

  513.0   0.01500

  514.0   0.01495

  515.0   0.01501

  516.0   0.01495

  517.0   0.01496

  518.0   0.01498

  519.0   0.01501

  520.0   0.01505

  521.0   0.01508

  522.0   0.01513

  523.0   0.01523

  524.0   0.01529

  525.0   0.01539

  526.0   0.01551

  527.0   0.01566

  528.0   0.01570

  529.0   0.01580

  530.0   0.01593

  531.0   0.01604

  532.0   0.01618

  533.0   0.01630

  534.0   0.01650

  535.0   0.01666

  536.0   0.01683

  537.0   0.01706

  538.0   0.01726

  539.0   0.01742

  540.0   0.01767

  541.0   0.01783

  542.0   0.01803

  543.0   0.01819

  544.0   0.01839

  545.0   0.01853

  546.0   0.01873

  547.0   0.01883

  548.0   0.01899

  549.0   0.01906

  550.0   0.01920

  551.0   0.01928

  552.0   0.01934

  553.0   0.01945

  554.0   0.01953

  555.0   0.01956

  556.0   0.01959

  557.0   0.02111

  558.0   0.02115

  559.0   0.02110

  560.0   0.02121

  561.0   0.02124

  562.0   0.02124

  563.0   0.02130

  564.0   0.02128

  565.0   0.02126

  566.0   0.02131

  567.0   0.02132

  568.0   0.02131

  569.0   0.02132

  570.0   0.02131

  571.0   0.02128

  572.0   0.02129

  573.0   0.02128

  574.0   0.02129

  575.0   0.02127

  576.0   0.02124

  577.0   0.02117

  578.0   0.02119

  579.0   0.02119

  580.0   0.02113

  581.0   0.02117

  582.0   0.02112

  583.0   0.02114

  584.0   0.02111

  585.0   0.02113

  586.0   0.02113

  587.0   0.02116

  588.0   0.02113

  589.0   0.02114

  590.0   0.02118

  591.0   0.02121

  592.0   0.02121

  593.0   0.02122

  594.0   0.02126

  595.0   0.02125

  596.0   0.02133

  597.0   0.02139

  598.0   0.02148

  599.0   0.02148

  600.0   0.02155

  601.0   0.02162

  602.0   0.02169

  603.0   0.02177

  604.0   0.02187

  605.0   0.02193

  606.0   0.02196

  607.0   0.02197

  608.0   0.02204

  609.0   0.02207

  610.0   0.02214

  611.0   0.02215

  612.0   0.02222

  613.0   0.02226

  614.0   0.02233

  615.0   0.02233

  616.0   0.02231

  617.0   0.02231

  618.0   0.02230

  619.0   0.02232

  620.0   0.02233

  621.0   0.02238

  622.0   0.02239

  623.0   0.02240

  624.0   0.02240

  625.0   0.02246

  626.0   0.02247

  627.0   0.02251

  628.0   0.02253

  629.0   0.02249

  630.0   0.02246

  631.0   0.02243

  632.0   0.02241

  633.0   0.02233

  634.0   0.02228

  635.0   0.02221

  636.0   0.02218

  637.0   0.02215

  638.0   0.02212

  639.0   0.02206

  640.0   0.02196

  641.0   0.02188

  642.0   0.02181

  643.0   0.02172

  644.0   0.02164

  645.0   0.02157

  646.0   0.02144

  647.0   0.02138

  648.0   0.02131

  649.0   0.02125

  650.0   0.02119

  651.0   0.02109

  652.0   0.02100

  653.0   0.02090

  654.0   0.02077

  655.0   0.02064

  656.0   0.02052

  657.0   0.02043

  658.0   0.02031

  659.0   0.02020

  660.0   0.02006

  661.0   0.01997

  662.0   0.01986

  663.0   0.01970

  664.0   0.01959

  665.0   0.01949

  666.0   0.01932

  667.0   0.01914

  668.0   0.01904

  669.0   0.01893

  670.0   0.01880

  671.0   0.01873

  672.0   0.01860

  673.0   0.01847

  674.0   0.01835

  675.0   0.01815

  676.0   0.01799

  677.0   0.01777

  678.0   0.01757

  679.0   0.01738

  680.0   0.01724

  681.0   0.01710

  682.0   0.01699

  683.0   0.01685

  684.0   0.01673

  685.0   0.01663

  686.0   0.01651

  687.0   0.01637

  688.0   0.01624

  689.0   0.01607

  690.0   0.01592

  691.0   0.01573

  692.0   0.01560

  693.0   0.01548

  694.0   0.01535

  695.0   0.01523

  696.0   0.01516

  697.0   0.01497

  698.0   0.01486

  699.0   0.01471

  700.0   0.01459

  701.0   0.01448

  702.0   0.01433

  703.0   0.01416

  704.0   0.01406

  705.0   0.01395

  706.0   0.01379

  707.0   0.01369

  708.0   0.01354

  709.0   0.01338

  710.0   0.01327

  711.0   0.01311

  712.0   0.01295

  713.0   0.01285

  714.0   0.01272

  715.0   0.01262

  716.0   0.01250

  717.0   0.01236

  718.0   0.01226

  719.0   0.01209

  720.0   0.01197

  721.0   0.01180

  722.0   0.01170

  723.0   0.01160

  724.0   0.01146

  725.0   0.01134

  726.0   0.01123

  727.0   0.01112

  728.0   0.01105

  729.0   0.01093

  730.0   0.01090

  731.0   0.01078

  732.0   0.01071

  733.0   0.01062

  734.0   0.01048

  735.0   0.01046

  736.0   0.01171

  737.0   0.01151

  738.0   0.01137

  739.0   0.01123

  740.0   0.01104

  741.0   0.01094

  742.0   0.01081

  743.0   0.01066

  744.0   0.01060

  745.0   0.01045

  746.0   0.01036

  747.0   0.01022

  748.0   0.01014

  749.0   0.01003

  750.0   0.01000

  751.0   0.00989

  752.0   0.00973

  753.0   0.00960

  754.0   0.00950

  755.0   0.00939

  756.0   0.00929

  757.0   0.00922

  758.0   0.00905

  759.0   0.00895

  760.0   0.00884

  761.0   0.00883

  762.0   0.00875

  763.0   0.00863

  764.0   0.00861

  765.0   0.00846

  766.0   0.00833

  767.0   0.00823

  768.0   0.00814

  769.0   0.00809

  770.0   0.00800

  771.0   0.00798

  772.0   0.00794

  773.0   0.00784

  774.0   0.00778

  775.0   0.00773

  776.0   0.00761

  777.0   0.00757

  778.0   0.00744

  779.0   0.00743

  780.0   0.00736

  781.0   0.00737

  782.0   0.00744

  783.0   0.00740

  784.0   0.00742

  785.0   0.00737

  786.0   0.00739

  787.0   0.00740

  788.0   0.00739

  789.0   0.00735

  790.0   0.00734

  791.0   0.00736

  792.0   0.00737

  793.0   0.00730

  794.0   0.00726

  795.0   0.00722

  796.0   0.00723

  797.0   0.00730

  798.0   0.00734

  799.0   0.00729

  800.0   0.00721

 
