ser ID: DU600

Method ID: A:\DEFAULT

Date: 07/29/00

Time: 07:26

 200.0   3.22220

  201.0   3.29026

  202.0   3.33041

  203.0   3.36847

  204.0   3.10585

  205.0   2.83901

  206.0   3.47056

  207.0   3.49886

  208.0   3.04948

  209.0   2.77755

  210.0   2.97887

  211.0   3.60520

  212.0   2.85156

  213.0   3.35430

  214.0   3.19930

  215.0   3.39602

  216.0   3.11453

  217.0   3.13513

  218.0   3.15351

  219.0   3.29461

  220.0   3.48572

  221.0   3.80127

  222.0   3.51548

  223.0   3.13053

  224.0   3.36530

  225.0   3.55346

  226.0   3.39046

  227.0   3.40312

  228.0   3.89176

  229.0   3.90304

  230.0   3.91487

  231.0   3.44762

  232.0   3.93399

  233.0   3.46464

  234.0   3.47168

  235.0   3.95415

  236.0   3.95828

  237.0   3.96142

  238.0   3.96346

  239.0   3.36253

  240.0   3.96464

  241.0   3.66337

  242.0   3.66210

  243.0   3.48383

  244.0   3.95875

  245.0   3.95569

  246.0   3.95265

  247.0   3.94856

  248.0   3.94448

  249.0   3.93982

  250.0   3.93536

  251.0   3.93018

  252.0   3.92526

  253.0   3.91986

  254.0   3.91424

  255.0   3.60735

  256.0   3.90314

  257.0   3.89713

  258.0   3.41414

  259.0   3.88423

  260.0   3.57657

  261.0   3.87175

  262.0   3.38804

  263.0   3.55745

  264.0   3.24981

  265.0   3.84578

  266.0   3.23685

  267.0   3.23026

  268.0   3.12736

  269.0   2.91751

  270.0   2.70157

  271.0   2.63528

  272.0   2.48491

  273.0   2.44228

  274.0   2.38643

  275.0   2.20855

  276.0   2.12648

  277.0   2.04901

  278.0   1.93304

  279.0   1.88172

  280.0   1.81340

  281.0   1.74190

  282.0   1.69377

  283.0   1.63790

  284.0   1.58550

  285.0   1.53422

  286.0   1.51336

  287.0   1.46093

  288.0   1.41850

  289.0   1.38735

  290.0   1.35714

  291.0   1.33174

  292.0   1.30439

  293.0   1.28798

  294.0   1.26808

  295.0   1.25416

  296.0   1.24112

  297.0   1.23375

  298.0   1.22563

  299.0   1.21911

  300.0   1.21879

  301.0   1.21695

  302.0   1.21439

  303.0   1.20585

  304.0   1.20921

  305.0   1.21029

  306.0   1.20177

  307.0   1.19843

  308.0   1.19948

  309.0   1.19335

  310.0   1.19157

  311.0   1.18231

  312.0   1.17403

  313.0   1.16714

  314.0   1.16182

  315.0   1.14855

  316.0   1.14008

  317.0   1.12772

  318.0   1.12045

  319.0   1.10551

  320.0   1.10470

  321.0   1.09646

  322.0   1.08949

  323.0   1.07497

  324.0   1.06710

  325.0   1.06522

  326.0   1.05706

  327.0   1.04656

  328.0   1.04215

  329.0   1.03600

  330.0   1.01924

  331.0   1.01525

  332.0   1.00237

  333.0   0.99243

  334.0   0.97951

  335.0   0.96537

  336.0   0.95184

  337.0   0.94162

  338.0   0.91984

  339.0   0.90483

  340.0   0.88987

  341.0   0.87286

  342.0   0.85355

  343.0   0.83474

  344.0   0.81497

  345.0   0.79646

  346.0   0.77762

  347.0   0.75530

  348.0   0.73446

  349.0   0.71190

  350.0   0.69012

  351.0   0.67021

  352.0   0.64954

  353.0   0.62604

  354.0   0.60623

  355.0   0.58813

  356.0   0.57376

  357.0   0.54037

  358.0   0.52234

  359.0   0.50096

  360.0   0.48260

  361.0   0.46482

  362.0   0.44691

  363.0   0.43055

  364.0   0.41424

  365.0   0.39751

  366.0   0.38307

  367.0   0.36842

  368.0   0.35464

  369.0   0.34326

  370.0   0.33048

  371.0   0.31889

  372.0   0.30783

  373.0   0.29737

  374.0   0.28787

  375.0   0.27878

  376.0   0.27000

  377.0   0.26256

  378.0   0.25390

  379.0   0.24757

  380.0   0.24063

  381.0   0.23425

  382.0   0.22883

  383.0   0.22433

  384.0   0.21899

  385.0   0.21503

  386.0   0.21146

  387.0   0.20784

  388.0   0.20504

  389.0   0.20194

  390.0   0.19971

  391.0   0.19741

  392.0   0.19516

  393.0   0.19329

  394.0   0.19122

  395.0   0.18968

  396.0   0.18807

  397.0   0.18633

  398.0   0.18420

  399.0   0.18210

  400.0   0.17994

  401.0   0.17768

  402.0   0.17559

  403.0   0.17331

  404.0   0.17035

  405.0   0.16751

  406.0   0.16464

  407.0   0.16133

  408.0   0.15822

  409.0   0.15418

  410.0   0.15042

  411.0   0.14631

  412.0   0.14193

  413.0   0.13768

  414.0   0.13311

  415.0   0.13091

  416.0   0.12276

  417.0   0.11748

  418.0   0.11241

  419.0   0.10717

  420.0   0.10216

  421.0   0.09729

  422.0   0.09182

  423.0   0.08714

  424.0   0.08215

  425.0   0.07778

  426.0   0.07313

  427.0   0.06916

  428.0   0.06550

  429.0   0.06162

  430.0   0.05830

  431.0   0.05503

  432.0   0.05224

  433.0   0.04944

  434.0   0.04705

  435.0   0.04482

  436.0   0.04277

  437.0   0.04094

  438.0   0.03903

  439.0   0.03756

  440.0   0.03600

  441.0   0.03464

  442.0   0.03343

  443.0   0.03230

  444.0   0.03127

  445.0   0.03024

  446.0   0.02931

  447.0   0.02860

  448.0   0.02778

  449.0   0.02697

  450.0   0.02618

  451.0   0.02544

  452.0   0.02488

  453.0   0.02429

  454.0   0.02355

  455.0   0.02302

  456.0   0.02253

  457.0   0.02205

  458.0   0.02154

  459.0   0.02112

  460.0   0.02060

  461.0   0.02021

  462.0   0.01978

  463.0   0.01946

  464.0   0.01903

  465.0   0.01871

  466.0   0.01836

  467.0   0.01818

  468.0   0.01795

  469.0   0.01777

  470.0   0.01754

  471.0   0.01734

  472.0   0.01722

  473.0   0.01709

  474.0   0.01686

  475.0   0.01672

  476.0   0.01648

  477.0   0.01628

  478.0   0.01609

  479.0   0.01597

  480.0   0.01579

  481.0   0.01571

  482.0   0.01557

  483.0   0.01553

  484.0   0.01542

  485.0   0.01542

  486.0   0.01529

  487.0   0.01536

  488.0   0.01539

  489.0   0.01547

  490.0   0.01546

  491.0   0.01553

  492.0   0.01563

  493.0   0.01574

  494.0   0.01589

  495.0   0.01602

  496.0   0.01615

  497.0   0.01628

  498.0   0.01647

  499.0   0.01660

  500.0   0.01682

  501.0   0.01707

  502.0   0.01730

  503.0   0.01755

  504.0   0.01786

  505.0   0.01816

  506.0   0.01846

  507.0   0.01878

  508.0   0.01906

  509.0   0.01947

  510.0   0.01986

  511.0   0.02023

  512.0   0.02054

  513.0   0.02098

  514.0   0.02145

  515.0   0.02194

  516.0   0.02235

  517.0   0.02279

  518.0   0.02324

  519.0   0.02367

  520.0   0.02418

  521.0   0.02462

  522.0   0.02512

  523.0   0.02564

  524.0   0.02603

  525.0   0.02659

  526.0   0.02710

  527.0   0.02764

  528.0   0.02808

  529.0   0.02859

  530.0   0.02918

  531.0   0.02971

  532.0   0.03033

  533.0   0.03084

  534.0   0.03148

  535.0   0.03206

  536.0   0.03261

  537.0   0.03328

  538.0   0.03381

  539.0   0.03441

  540.0   0.03505

  541.0   0.03561

  542.0   0.03618

  543.0   0.03670

  544.0   0.03728

  545.0   0.03776

  546.0   0.03822

  547.0   0.03868

  548.0   0.03910

  549.0   0.03942

  550.0   0.03980

  551.0   0.04006

  552.0   0.04035

  553.0   0.04056

  554.0   0.04077

  555.0   0.04095

  556.0   0.04099

  557.0   0.04382

  558.0   0.04390

  559.0   0.04389

  560.0   0.04402

  561.0   0.04401

  562.0   0.04408

  563.0   0.04411

  564.0   0.04412

  565.0   0.04404

  566.0   0.04407

  567.0   0.04411

  568.0   0.04407

  569.0   0.04409

  570.0   0.04415

  571.0   0.04413

  572.0   0.04418

  573.0   0.04418

  574.0   0.04421

  575.0   0.04424

  576.0   0.04421

  577.0   0.04416

  578.0   0.04415

  579.0   0.04419

  580.0   0.04411

  581.0   0.04412

  582.0   0.04406

  583.0   0.04414

  584.0   0.04418

  585.0   0.04428

  586.0   0.04435

  587.0   0.04441

  588.0   0.04445

  589.0   0.04451

  590.0   0.04461

  591.0   0.04468

  592.0   0.04480

  593.0   0.04494

  594.0   0.04500

  595.0   0.04513

  596.0   0.04526

  597.0   0.04540

  598.0   0.04546

  599.0   0.04557

  600.0   0.04571

  601.0   0.04585

  602.0   0.04593

  603.0   0.04604

  604.0   0.04616

  605.0   0.04625

  606.0   0.04632

  607.0   0.04637

  608.0   0.04647

  609.0   0.04651

  610.0   0.04664

  611.0   0.04671

  612.0   0.04680

  613.0   0.04688

  614.0   0.04698

  615.0   0.04702

  616.0   0.04706

  617.0   0.04716

  618.0   0.04719

  619.0   0.04723

  620.0   0.04726

  621.0   0.04732

  622.0   0.04736

  623.0   0.04733

  624.0   0.04732

  625.0   0.04737

  626.0   0.04735

  627.0   0.04734

  628.0   0.04731

  629.0   0.04725

  630.0   0.04724

  631.0   0.04720

  632.0   0.04715

  633.0   0.04711

  634.0   0.04701

  635.0   0.04689

  636.0   0.04677

  637.0   0.04671

  638.0   0.04662

  639.0   0.04653

  640.0   0.04638

  641.0   0.04628

  642.0   0.04616

  643.0   0.04604

  644.0   0.04586

  645.0   0.04573

  646.0   0.04551

  647.0   0.04535

  648.0   0.04519

  649.0   0.04499

  650.0   0.04476

  651.0   0.04460

  652.0   0.04443

  653.0   0.04415

  654.0   0.04391

  655.0   0.04366

  656.0   0.04344

  657.0   0.04318

  658.0   0.04289

  659.0   0.04261

  660.0   0.04223

  661.0   0.04191

  662.0   0.04161

  663.0   0.04128

  664.0   0.04096

  665.0   0.04066

  666.0   0.04031

  667.0   0.03993

  668.0   0.03963

  669.0   0.03931

  670.0   0.03893

  671.0   0.03860

  672.0   0.03823

  673.0   0.03784

  674.0   0.03754

  675.0   0.03721

  676.0   0.03680

  677.0   0.03637

  678.0   0.03591

  679.0   0.03547

  680.0   0.03514

  681.0   0.03476

  682.0   0.03444

  683.0   0.03406

  684.0   0.03372

  685.0   0.03339

  686.0   0.03305

  687.0   0.03271

  688.0   0.03236

  689.0   0.03193

  690.0   0.03156

  691.0   0.03119

  692.0   0.03081

  693.0   0.03046

  694.0   0.03009

  695.0   0.02973

  696.0   0.02938

  697.0   0.02901

  698.0   0.02865

  699.0   0.02827

  700.0   0.02793

  701.0   0.02758

  702.0   0.02720

  703.0   0.02686

  704.0   0.02655

  705.0   0.02616

  706.0   0.02581

  707.0   0.02549

  708.0   0.02514

  709.0   0.02487

  710.0   0.02451

  711.0   0.02413

  712.0   0.02379

  713.0   0.02347

  714.0   0.02315

  715.0   0.02283

  716.0   0.02250

  717.0   0.02215

  718.0   0.02187

  719.0   0.02158

  720.0   0.02129

  721.0   0.02097

  722.0   0.02065

  723.0   0.02038

  724.0   0.02006

  725.0   0.01980

  726.0   0.01952

  727.0   0.01929

  728.0   0.01898

  729.0   0.01876

  730.0   0.01860

  731.0   0.01839

  732.0   0.01821

  733.0   0.01803

  734.0   0.01779

  735.0   0.01763

  736.0   0.01998

  737.0   0.01961

  738.0   0.01928

  739.0   0.01893

  740.0   0.01861

  741.0   0.01838

  742.0   0.01807

  743.0   0.01775

  744.0   0.01753

  745.0   0.01724

  746.0   0.01704

  747.0   0.01681

  748.0   0.01661

  749.0   0.01641

  750.0   0.01630

  751.0   0.01611

  752.0   0.01589

  753.0   0.01568

  754.0   0.01552

  755.0   0.01534

  756.0   0.01516

  757.0   0.01504

  758.0   0.01485

  759.0   0.01469

  760.0   0.01454

  761.0   0.01442

  762.0   0.01430

  763.0   0.01415

  764.0   0.01405

  765.0   0.01382

  766.0   0.01370

  767.0   0.01358

  768.0   0.01355

  769.0   0.01351

  770.0   0.01339

  771.0   0.01333

  772.0   0.01321

  773.0   0.01313

  774.0   0.01307

  775.0   0.01298

  776.0   0.01292

  777.0   0.01288

  778.0   0.01280

  779.0   0.01276

  780.0   0.01273

  781.0   0.01267

  782.0   0.01266

  783.0   0.01255

  784.0   0.01260

  785.0   0.01251

  786.0   0.01257

  787.0   0.01254

  788.0   0.01254

  789.0   0.01248

  790.0   0.01242

  791.0   0.01250

  792.0   0.01247

  793.0   0.01247

  794.0   0.01241

  795.0   0.01238

  796.0   0.01240

  797.0   0.01245

  798.0   0.01252

  799.0   0.01251

  800.0   0.01243

 
