ser ID: DU600

Method ID: A:\DEFAULT

Date: 07/29/00

Time: 06:25

 200.0   3.22220

  201.0   3.29026

  202.0   3.33041

  203.0   3.36847

  204.0   2.92976

  205.0   3.44107

  206.0   3.47056

  207.0   3.49886

  208.0   3.52660

  209.0   3.55570

  210.0   3.58092

  211.0   3.60520

  212.0   3.62972

  213.0   3.35430

  214.0   3.67642

  215.0   3.69705

  216.0   3.23947

  217.0   3.03822

  218.0   3.45454

  219.0   3.16967

  220.0   3.78675

  221.0   3.32415

  222.0   3.33939

  223.0   3.82950

  224.0   3.84242

  225.0   3.85449

  226.0   3.86759

  227.0   3.88024

  228.0   3.89176

  229.0   3.90304

  230.0   3.91487

  231.0   3.62371

  232.0   3.93399

  233.0   3.94176

  234.0   3.94880

  235.0   3.35209

  236.0   3.95828

  237.0   3.96142

  238.0   3.96346

  239.0   3.96459

  240.0   3.26567

  241.0   3.96440

  242.0   3.96313

  243.0   3.96095

  244.0   3.95875

  245.0   3.95569

  246.0   3.65162

  247.0   3.94856

  248.0   3.94448

  249.0   3.93982

  250.0   3.93536

  251.0   3.93018

  252.0   3.92526

  253.0   3.22089

  254.0   3.31218

  255.0   3.43126

  256.0   3.30108

  257.0   3.42001

  258.0   3.89126

  259.0   3.88423

  260.0   3.87760

  261.0   3.87175

  262.0   3.38804

  263.0   3.85848

  264.0   3.37475

  265.0   3.36866

  266.0   3.23685

  267.0   3.13335

  268.0   2.92324

  269.0   2.86635

  270.0   2.66938

  271.0   2.63528

  272.0   2.46471

  273.0   2.44228

  274.0   2.45898

  275.0   2.26814

  276.0   2.20752

  277.0   2.15375

  278.0   2.04818

  279.0   1.98262

  280.0   1.89258

  281.0   1.82649

  282.0   1.74882

  283.0   1.69632

  284.0   1.65878

  285.0   1.58778

  286.0   1.53684

  287.0   1.49031

  288.0   1.46100

  289.0   1.42483

  290.0   1.39018

  291.0   1.37089

  292.0   1.33496

  293.0   1.31592

  294.0   1.29887

  295.0   1.27597

  296.0   1.26359

  297.0   1.24469

  298.0   1.23639

  299.0   1.22499

  300.0   1.22114

  301.0   1.21462

  302.0   1.20742

  303.0   1.20933

  304.0   1.20224

  305.0   1.19517

  306.0   1.19596

  307.0   1.19843

  308.0   1.19593

  309.0   1.18510

  310.0   1.17394

  311.0   1.17173

  312.0   1.15887

  313.0   1.15084

  314.0   1.14433

  315.0   1.13586

  316.0   1.11845

  317.0   1.11078

  318.0   1.09910

  319.0   1.09324

  320.0   1.08679

  321.0   1.08091

  322.0   1.06929

  323.0   1.06070

  324.0   1.05947

  325.0   1.04903

  326.0   1.04425

  327.0   1.03817

  328.0   1.02873

  329.0   1.01976

  330.0   1.01234

  331.0   1.00458

  332.0   0.99483

  333.0   0.99151

  334.0   0.97772

  335.0   0.96537

  336.0   0.95184

  337.0   0.93921

  338.0   0.92599

  339.0   0.90998

  340.0   0.89768

  341.0   0.87828

  342.0   0.86068

  343.0   0.84716

  344.0   0.82977

  345.0   0.81287

  346.0   0.79659

  347.0   0.77903

  348.0   0.75802

  349.0   0.73992

  350.0   0.71852

  351.0   0.69906

  352.0   0.68040

  353.0   0.65848

  354.0   0.63723

  355.0   0.61939

  356.0   0.60878

  357.0   0.57999

  358.0   0.56054

  359.0   0.53951

  360.0   0.52305

  361.0   0.50554

  362.0   0.48830

  363.0   0.47146

  364.0   0.45561

  365.0   0.43811

  366.0   0.42435

  367.0   0.40938

  368.0   0.39523

  369.0   0.38253

  370.0   0.36962

  371.0   0.35760

  372.0   0.34707

  373.0   0.33519

  374.0   0.32566

  375.0   0.31673

  376.0   0.30760

  377.0   0.29963

  378.0   0.29046

  379.0   0.28271

  380.0   0.27576

  381.0   0.26885

  382.0   0.26265

  383.0   0.25738

  384.0   0.25116

  385.0   0.24680

  386.0   0.24255

  387.0   0.23832

  388.0   0.23487

  389.0   0.23087

  390.0   0.22800

  391.0   0.22532

  392.0   0.22214

  393.0   0.21961

  394.0   0.21682

  395.0   0.21461

  396.0   0.21214

  397.0   0.21000

  398.0   0.20711

  399.0   0.20450

  400.0   0.20251

  401.0   0.19964

  402.0   0.19690

  403.0   0.19393

  404.0   0.19064

  405.0   0.18723

  406.0   0.18422

  407.0   0.18024

  408.0   0.17655

  409.0   0.17241

  410.0   0.16787

  411.0   0.16380

  412.0   0.15881

  413.0   0.15446

  414.0   0.14936

  415.0   0.14671

  416.0   0.13786

  417.0   0.13196

  418.0   0.12657

  419.0   0.12107

  420.0   0.11556

  421.0   0.11031

  422.0   0.10452

  423.0   0.09932

  424.0   0.09371

  425.0   0.08903

  426.0   0.08397

  427.0   0.07974

  428.0   0.07567

  429.0   0.07138

  430.0   0.06777

  431.0   0.06413

  432.0   0.06108

  433.0   0.05781

  434.0   0.05513

  435.0   0.05256

  436.0   0.05022

  437.0   0.04809

  438.0   0.04589

  439.0   0.04411

  440.0   0.04224

  441.0   0.04080

  442.0   0.03930

  443.0   0.03791

  444.0   0.03674

  445.0   0.03551

  446.0   0.03441

  447.0   0.03348

  448.0   0.03245

  449.0   0.03144

  450.0   0.03063

  451.0   0.02970

  452.0   0.02901

  453.0   0.02829

  454.0   0.02746

  455.0   0.02660

  456.0   0.02595

  457.0   0.02529

  458.0   0.02462

  459.0   0.02418

  460.0   0.02344

  461.0   0.02298

  462.0   0.02244

  463.0   0.02196

  464.0   0.02147

  465.0   0.02103

  466.0   0.02060

  467.0   0.02026

  468.0   0.01991

  469.0   0.01961

  470.0   0.01926

  471.0   0.01898

  472.0   0.01874

  473.0   0.01839

  474.0   0.01809

  475.0   0.01782

  476.0   0.01747

  477.0   0.01724

  478.0   0.01700

  479.0   0.01686

  480.0   0.01666

  481.0   0.01651

  482.0   0.01631

  483.0   0.01622

  484.0   0.01610

  485.0   0.01602

  486.0   0.01588

  487.0   0.01590

  488.0   0.01590

  489.0   0.01588

  490.0   0.01585

  491.0   0.01588

  492.0   0.01591

  493.0   0.01598

  494.0   0.01608

  495.0   0.01617

  496.0   0.01626

  497.0   0.01632

  498.0   0.01649

  499.0   0.01664

  500.0   0.01684

  501.0   0.01707

  502.0   0.01728

  503.0   0.01751

  504.0   0.01778

  505.0   0.01808

  506.0   0.01828

  507.0   0.01855

  508.0   0.01883

  509.0   0.01918

  510.0   0.01954

  511.0   0.01987

  512.0   0.02018

  513.0   0.02052

  514.0   0.02094

  515.0   0.02137

  516.0   0.02177

  517.0   0.02215

  518.0   0.02259

  519.0   0.02300

  520.0   0.02343

  521.0   0.02385

  522.0   0.02428

  523.0   0.02473

  524.0   0.02517

  525.0   0.02575

  526.0   0.02622

  527.0   0.02674

  528.0   0.02717

  529.0   0.02762

  530.0   0.02815

  531.0   0.02866

  532.0   0.02919

  533.0   0.02969

  534.0   0.03028

  535.0   0.03090

  536.0   0.03145

  537.0   0.03209

  538.0   0.03259

  539.0   0.03316

  540.0   0.03376

  541.0   0.03426

  542.0   0.03478

  543.0   0.03524

  544.0   0.03580

  545.0   0.03628

  546.0   0.03676

  547.0   0.03718

  548.0   0.03756

  549.0   0.03791

  550.0   0.03826

  551.0   0.03850

  552.0   0.03875

  553.0   0.03898

  554.0   0.03917

  555.0   0.03932

  556.0   0.03939

  557.0   0.04213

  558.0   0.04217

  559.0   0.04219

  560.0   0.04232

  561.0   0.04230

  562.0   0.04237

  563.0   0.04241

  564.0   0.04241

  565.0   0.04235

  566.0   0.04239

  567.0   0.04239

  568.0   0.04241

  569.0   0.04243

  570.0   0.04242

  571.0   0.04241

  572.0   0.04241

  573.0   0.04243

  574.0   0.04242

  575.0   0.04242

  576.0   0.04241

  577.0   0.04236

  578.0   0.04236

  579.0   0.04242

  580.0   0.04237

  581.0   0.04237

  582.0   0.04238

  583.0   0.04238

  584.0   0.04243

  585.0   0.04256

  586.0   0.04260

  587.0   0.04271

  588.0   0.04272

  589.0   0.04279

  590.0   0.04286

  591.0   0.04297

  592.0   0.04306

  593.0   0.04315

  594.0   0.04321

  595.0   0.04331

  596.0   0.04343

  597.0   0.04356

  598.0   0.04367

  599.0   0.04377

  600.0   0.04391

  601.0   0.04404

  602.0   0.04413

  603.0   0.04425

  604.0   0.04433

  605.0   0.04445

  606.0   0.04451

  607.0   0.04456

  608.0   0.04465

  609.0   0.04471

  610.0   0.04481

  611.0   0.04483

  612.0   0.04489

  613.0   0.04497

  614.0   0.04505

  615.0   0.04509

  616.0   0.04516

  617.0   0.04523

  618.0   0.04532

  619.0   0.04540

  620.0   0.04539

  621.0   0.04542

  622.0   0.04547

  623.0   0.04544

  624.0   0.04538

  625.0   0.04540

  626.0   0.04538

  627.0   0.04537

  628.0   0.04538

  629.0   0.04537

  630.0   0.04533

  631.0   0.04533

  632.0   0.04528

  633.0   0.04521

  634.0   0.04511

  635.0   0.04501

  636.0   0.04489

  637.0   0.04483

  638.0   0.04475

  639.0   0.04465

  640.0   0.04451

  641.0   0.04436

  642.0   0.04423

  643.0   0.04412

  644.0   0.04395

  645.0   0.04385

  646.0   0.04366

  647.0   0.04352

  648.0   0.04334

  649.0   0.04316

  650.0   0.04294

  651.0   0.04273

  652.0   0.04253

  653.0   0.04228

  654.0   0.04206

  655.0   0.04179

  656.0   0.04157

  657.0   0.04133

  658.0   0.04106

  659.0   0.04080

  660.0   0.04052

  661.0   0.04022

  662.0   0.03993

  663.0   0.03960

  664.0   0.03931

  665.0   0.03903

  666.0   0.03867

  667.0   0.03831

  668.0   0.03798

  669.0   0.03767

  670.0   0.03731

  671.0   0.03699

  672.0   0.03670

  673.0   0.03631

  674.0   0.03604

  675.0   0.03567

  676.0   0.03528

  677.0   0.03486

  678.0   0.03444

  679.0   0.03405

  680.0   0.03369

  681.0   0.03336

  682.0   0.03302

  683.0   0.03264

  684.0   0.03231

  685.0   0.03198

  686.0   0.03166

  687.0   0.03137

  688.0   0.03103

  689.0   0.03065

  690.0   0.03031

  691.0   0.02994

  692.0   0.02954

  693.0   0.02924

  694.0   0.02885

  695.0   0.02851

  696.0   0.02818

  697.0   0.02781

  698.0   0.02754

  699.0   0.02714

  700.0   0.02683

  701.0   0.02652

  702.0   0.02615

  703.0   0.02581

  704.0   0.02547

  705.0   0.02510

  706.0   0.02476

  707.0   0.02449

  708.0   0.02410

  709.0   0.02383

  710.0   0.02350

  711.0   0.02318

  712.0   0.02288

  713.0   0.02257

  714.0   0.02227

  715.0   0.02200

  716.0   0.02169

  717.0   0.02135

  718.0   0.02105

  719.0   0.02073

  720.0   0.02046

  721.0   0.02016

  722.0   0.01983

  723.0   0.01960

  724.0   0.01931

  725.0   0.01905

  726.0   0.01876

  727.0   0.01850

  728.0   0.01826

  729.0   0.01806

  730.0   0.01792

  731.0   0.01767

  732.0   0.01752

  733.0   0.01735

  734.0   0.01716

  735.0   0.01710

  736.0   0.01945

  737.0   0.01908

  738.0   0.01875

  739.0   0.01843

  740.0   0.01811

  741.0   0.01793

  742.0   0.01763

  743.0   0.01730

  744.0   0.01712

  745.0   0.01688

  746.0   0.01665

  747.0   0.01640

  748.0   0.01617

  749.0   0.01597

  750.0   0.01586

  751.0   0.01570

  752.0   0.01548

  753.0   0.01530

  754.0   0.01511

  755.0   0.01499

  756.0   0.01483

  757.0   0.01471

  758.0   0.01452

  759.0   0.01434

  760.0   0.01421

  761.0   0.01409

  762.0   0.01397

  763.0   0.01379

  764.0   0.01372

  765.0   0.01349

  766.0   0.01343

  767.0   0.01331

  768.0   0.01324

  769.0   0.01318

  770.0   0.01312

  771.0   0.01303

  772.0   0.01288

  773.0   0.01279

  774.0   0.01268

  775.0   0.01264

  776.0   0.01258

  777.0   0.01258

  778.0   0.01243

  779.0   0.01240

  780.0   0.01236

  781.0   0.01230

  782.0   0.01230

  783.0   0.01224

  784.0   0.01223

  785.0   0.01223

  786.0   0.01222

  787.0   0.01222

  788.0   0.01222

  789.0   0.01222

  790.0   0.01219

  791.0   0.01216

  792.0   0.01215

  793.0   0.01212

  794.0   0.01212

  795.0   0.01203

  796.0   0.01205

  797.0   0.01210

  798.0   0.01214

  799.0   0.01219

  800.0   0.01211

 
