ser ID: DU600

Method ID: A:\DEFAULT

Date: 07/29/00

Time: 04:25

 200.0   3.22220

  201.0   3.29026

  202.0   3.33041

  203.0   3.06744

  204.0   3.10585

  205.0   3.44107

  206.0   3.47056

  207.0   3.49886

  208.0   2.92454

  209.0   3.55570

  210.0   3.58092

  211.0   3.30417

  212.0   3.62972

  213.0   3.05327

  214.0   3.67642

  215.0   3.21993

  216.0   3.71659

  217.0   3.73719

  218.0   3.15351

  219.0   3.77173

  220.0   3.78675

  221.0   3.02312

  222.0   3.11754

  223.0   3.82950

  224.0   3.24036

  225.0   3.85449

  226.0   3.86759

  227.0   3.57921

  228.0   3.89176

  229.0   3.90304

  230.0   3.91487

  231.0   3.92474

  232.0   3.93399

  233.0   3.94176

  234.0   3.94880

  235.0   3.95415

  236.0   3.95828

  237.0   3.96142

  238.0   3.96346

  239.0   3.96459

  240.0   3.96464

  241.0   3.96440

  242.0   3.66210

  243.0   3.96095

  244.0   3.95875

  245.0   3.95569

  246.0   3.95265

  247.0   3.94856

  248.0   3.94448

  249.0   3.93982

  250.0   3.93536

  251.0   3.93018

  252.0   3.92526

  253.0   3.91986

  254.0   3.91424

  255.0   3.90838

  256.0   3.90314

  257.0   3.89713

  258.0   3.89126

  259.0   3.88423

  260.0   3.87760

  261.0   3.87175

  262.0   3.86516

  263.0   3.85848

  264.0   3.85187

  265.0   3.84578

  266.0   3.83891

  267.0   3.83232

  268.0   3.82633

  269.0   3.82060

  270.0   3.81551

  271.0   3.81137

  272.0   3.80713

  273.0   3.80400

  274.0   2.84716

  275.0   3.19756

  276.0   2.75719

  277.0   2.56675

  278.0   2.54109

  279.0   2.54026

  280.0   2.33327

  281.0   2.26350

  282.0   2.18136

  283.0   2.07723

  284.0   2.01417

  285.0   1.94064

  286.0   1.86783

  287.0   1.78274

  288.0   1.72322

  289.0   1.66185

  290.0   1.60297

  291.0   1.55359

  292.0   1.49768

  293.0   1.45404

  294.0   1.41967

  295.0   1.38119

  296.0   1.34663

  297.0   1.31102

  298.0   1.28228

  299.0   1.25436

  300.0   1.23672

  301.0   1.20998

  302.0   1.19158

  303.0   1.16825

  304.0   1.14918

  305.0   1.13747

  306.0   1.12084

  307.0   1.10672

  308.0   1.09339

  309.0   1.07622

  310.0   1.06186

  311.0   1.04912

  312.0   1.03508

  313.0   1.02050

  314.0   1.00811

  315.0   0.99283

  316.0   0.97904

  317.0   0.96926

  318.0   0.96119

  319.0   0.95106

  320.0   0.94412

  321.0   0.94122

  322.0   0.93219

  323.0   0.92773

  324.0   0.92571

  325.0   0.92066

  326.0   0.92301

  327.0   0.92215

  328.0   0.92117

  329.0   0.91968

  330.0   0.91936

  331.0   0.92110

  332.0   0.91878

  333.0   0.91931

  334.0   0.91873

  335.0   0.92281

  336.0   0.91906

  337.0   0.91733

  338.0   0.91378

  339.0   0.91821

  340.0   0.91673

  341.0   0.91378

  342.0   0.91044

  343.0   0.91014

  344.0   0.90739

  345.0   0.90362

  346.0   0.90203

  347.0   0.89574

  348.0   0.88888

  349.0   0.88663

  350.0   0.87996

  351.0   0.87122

  352.0   0.86413

  353.0   0.85426

  354.0   0.84343

  355.0   0.83781

  356.0   0.82751

  357.0   0.80804

  358.0   0.79635

  359.0   0.77965

  360.0   0.76638

  361.0   0.75268

  362.0   0.74011

  363.0   0.72505

  364.0   0.71280

  365.0   0.69719

  366.0   0.68392

  367.0   0.66859

  368.0   0.65419

  369.0   0.64086

  370.0   0.62856

  371.0   0.61574

  372.0   0.60331

  373.0   0.59054

  374.0   0.57875

  375.0   0.56783

  376.0   0.55592

  377.0   0.54564

  378.0   0.53401

  379.0   0.52327

  380.0   0.51375

  381.0   0.50300

  382.0   0.49369

  383.0   0.48379

  384.0   0.47334

  385.0   0.46485

  386.0   0.45499

  387.0   0.44667

  388.0   0.43817

  389.0   0.42940

  390.0   0.42190

  391.0   0.41436

  392.0   0.40579

  393.0   0.39861

  394.0   0.39084

  395.0   0.38387

  396.0   0.37766

  397.0   0.37094

  398.0   0.36412

  399.0   0.35759

  400.0   0.35142

  401.0   0.34558

  402.0   0.33897

  403.0   0.33310

  404.0   0.32621

  405.0   0.32012

  406.0   0.31387

  407.0   0.30716

  408.0   0.30097

  409.0   0.29341

  410.0   0.28653

  411.0   0.27957

  412.0   0.27188

  413.0   0.26462

  414.0   0.25725

  415.0   0.25329

  416.0   0.24042

  417.0   0.23182

  418.0   0.22337

  419.0   0.21488

  420.0   0.20704

  421.0   0.19920

  422.0   0.19073

  423.0   0.18307

  424.0   0.17490

  425.0   0.16764

  426.0   0.16005

  427.0   0.15341

  428.0   0.14701

  429.0   0.14043

  430.0   0.13457

  431.0   0.12845

  432.0   0.12340

  433.0   0.11803

  434.0   0.11345

  435.0   0.10909

  436.0   0.10474

  437.0   0.10082

  438.0   0.09683

  439.0   0.09345

  440.0   0.08980

  441.0   0.08682

  442.0   0.08377

  443.0   0.08096

  444.0   0.07834

  445.0   0.07569

  446.0   0.07335

  447.0   0.07093

  448.0   0.06874

  449.0   0.06646

  450.0   0.06427

  451.0   0.06211

  452.0   0.06029

  453.0   0.05827

  454.0   0.05636

  455.0   0.05444

  456.0   0.05284

  457.0   0.05120

  458.0   0.04943

  459.0   0.04790

  460.0   0.04621

  461.0   0.04474

  462.0   0.04325

  463.0   0.04178

  464.0   0.04030

  465.0   0.03904

  466.0   0.03765

  467.0   0.03665

  468.0   0.03547

  469.0   0.03438

  470.0   0.03326

  471.0   0.03229

  472.0   0.03124

  473.0   0.03038

  474.0   0.02937

  475.0   0.02850

  476.0   0.02758

  477.0   0.02678

  478.0   0.02592

  479.0   0.02517

  480.0   0.02443

  481.0   0.02381

  482.0   0.02307

  483.0   0.02252

  484.0   0.02191

  485.0   0.02143

  486.0   0.02086

  487.0   0.02050

  488.0   0.02008

  489.0   0.01971

  490.0   0.01927

  491.0   0.01900

  492.0   0.01866

  493.0   0.01837

  494.0   0.01806

  495.0   0.01786

  496.0   0.01761

  497.0   0.01739

  498.0   0.01718

  499.0   0.01707

  500.0   0.01694

  501.0   0.01687

  502.0   0.01678

  503.0   0.01669

  504.0   0.01667

  505.0   0.01669

  506.0   0.01664

  507.0   0.01671

  508.0   0.01675

  509.0   0.01686

  510.0   0.01694

  511.0   0.01706

  512.0   0.01712

  513.0   0.01724

  514.0   0.01736

  515.0   0.01753

  516.0   0.01762

  517.0   0.01777

  518.0   0.01791

  519.0   0.01808

  520.0   0.01828

  521.0   0.01850

  522.0   0.01871

  523.0   0.01898

  524.0   0.01920

  525.0   0.01946

  526.0   0.01980

  527.0   0.02004

  528.0   0.02029

  529.0   0.02053

  530.0   0.02082

  531.0   0.02109

  532.0   0.02142

  533.0   0.02167

  534.0   0.02205

  535.0   0.02237

  536.0   0.02272

  537.0   0.02309

  538.0   0.02338

  539.0   0.02372

  540.0   0.02408

  541.0   0.02439

  542.0   0.02469

  543.0   0.02500

  544.0   0.02530

  545.0   0.02556

  546.0   0.02587

  547.0   0.02609

  548.0   0.02637

  549.0   0.02656

  550.0   0.02681

  551.0   0.02700

  552.0   0.02714

  553.0   0.02728

  554.0   0.02740

  555.0   0.02747

  556.0   0.02751

  557.0   0.02956

  558.0   0.02960

  559.0   0.02960

  560.0   0.02966

  561.0   0.02964

  562.0   0.02968

  563.0   0.02964

  564.0   0.02964

  565.0   0.02960

  566.0   0.02963

  567.0   0.02965

  568.0   0.02963

  569.0   0.02962

  570.0   0.02966

  571.0   0.02964

  572.0   0.02963

  573.0   0.02963

  574.0   0.02964

  575.0   0.02966

  576.0   0.02963

  577.0   0.02956

  578.0   0.02956

  579.0   0.02958

  580.0   0.02952

  581.0   0.02955

  582.0   0.02946

  583.0   0.02950

  584.0   0.02949

  585.0   0.02957

  586.0   0.02956

  587.0   0.02963

  588.0   0.02958

  589.0   0.02961

  590.0   0.02969

  591.0   0.02974

  592.0   0.02982

  593.0   0.02990

  594.0   0.02993

  595.0   0.02998

  596.0   0.03008

  597.0   0.03016

  598.0   0.03021

  599.0   0.03029

  600.0   0.03037

  601.0   0.03045

  602.0   0.03049

  603.0   0.03054

  604.0   0.03059

  605.0   0.03070

  606.0   0.03073

  607.0   0.03076

  608.0   0.03082

  609.0   0.03085

  610.0   0.03094

  611.0   0.03101

  612.0   0.03109

  613.0   0.03114

  614.0   0.03122

  615.0   0.03126

  616.0   0.03133

  617.0   0.03137

  618.0   0.03142

  619.0   0.03145

  620.0   0.03144

  621.0   0.03144

  622.0   0.03146

  623.0   0.03146

  624.0   0.03144

  625.0   0.03143

  626.0   0.03145

  627.0   0.03144

  628.0   0.03144

  629.0   0.03140

  630.0   0.03137

  631.0   0.03137

  632.0   0.03130

  633.0   0.03127

  634.0   0.03120

  635.0   0.03107

  636.0   0.03102

  637.0   0.03097

  638.0   0.03092

  639.0   0.03080

  640.0   0.03070

  641.0   0.03057

  642.0   0.03048

  643.0   0.03041

  644.0   0.03024

  645.0   0.03018

  646.0   0.03008

  647.0   0.02996

  648.0   0.02985

  649.0   0.02974

  650.0   0.02958

  651.0   0.02944

  652.0   0.02932

  653.0   0.02912

  654.0   0.02896

  655.0   0.02880

  656.0   0.02866

  657.0   0.02855

  658.0   0.02836

  659.0   0.02820

  660.0   0.02798

  661.0   0.02779

  662.0   0.02760

  663.0   0.02735

  664.0   0.02715

  665.0   0.02700

  666.0   0.02676

  667.0   0.02653

  668.0   0.02634

  669.0   0.02616

  670.0   0.02593

  671.0   0.02569

  672.0   0.02548

  673.0   0.02523

  674.0   0.02508

  675.0   0.02486

  676.0   0.02460

  677.0   0.02432

  678.0   0.02405

  679.0   0.02378

  680.0   0.02359

  681.0   0.02335

  682.0   0.02315

  683.0   0.02294

  684.0   0.02273

  685.0   0.02255

  686.0   0.02237

  687.0   0.02218

  688.0   0.02190

  689.0   0.02164

  690.0   0.02142

  691.0   0.02118

  692.0   0.02096

  693.0   0.02078

  694.0   0.02056

  695.0   0.02036

  696.0   0.02019

  697.0   0.01994

  698.0   0.01977

  699.0   0.01955

  700.0   0.01936

  701.0   0.01917

  702.0   0.01891

  703.0   0.01866

  704.0   0.01847

  705.0   0.01824

  706.0   0.01805

  707.0   0.01785

  708.0   0.01762

  709.0   0.01743

  710.0   0.01722

  711.0   0.01698

  712.0   0.01679

  713.0   0.01661

  714.0   0.01642

  715.0   0.01618

  716.0   0.01601

  717.0   0.01581

  718.0   0.01565

  719.0   0.01544

  720.0   0.01526

  721.0   0.01508

  722.0   0.01485

  723.0   0.01473

  724.0   0.01454

  725.0   0.01438

  726.0   0.01419

  727.0   0.01401

  728.0   0.01380

  729.0   0.01366

  730.0   0.01356

  731.0   0.01342

  732.0   0.01331

  733.0   0.01321

  734.0   0.01304

  735.0   0.01298

  736.0   0.01487

  737.0   0.01460

  738.0   0.01434

  739.0   0.01411

  740.0   0.01389

  741.0   0.01370

  742.0   0.01351

  743.0   0.01330

  744.0   0.01315

  745.0   0.01298

  746.0   0.01283

  747.0   0.01263

  748.0   0.01252

  749.0   0.01232

  750.0   0.01227

  751.0   0.01211

  752.0   0.01195

  753.0   0.01184

  754.0   0.01171

  755.0   0.01161

  756.0   0.01148

  757.0   0.01144

  758.0   0.01127

  759.0   0.01114

  760.0   0.01102

  761.0   0.01089

  762.0   0.01082

  763.0   0.01067

  764.0   0.01065

  765.0   0.01047

  766.0   0.01032

  767.0   0.01028

  768.0   0.01019

  769.0   0.01015

  770.0   0.01011

  771.0   0.01001

  772.0   0.00992

  773.0   0.00985

  774.0   0.00976

  775.0   0.00972

  776.0   0.00966

  777.0   0.00962

  778.0   0.00953

  779.0   0.00949

  780.0   0.00945

  781.0   0.00938

  782.0   0.00934

  783.0   0.00931

  784.0   0.00930

  785.0   0.00923

  786.0   0.00925

  787.0   0.00921

  788.0   0.00923

  789.0   0.00920

  790.0   0.00919

  791.0   0.00923

  792.0   0.00922

  793.0   0.00922

  794.0   0.00915

  795.0   0.00908

  796.0   0.00913

  797.0   0.00923

  798.0   0.00924

  799.0   0.00922

  800.0   0.00917

 
