ser ID: DU600

Method ID: A:\DEFAULT

Date: 07/29/00

Time: 03:40

 200.0   3.22220

  201.0   2.81314

  202.0   3.33041

  203.0   3.36847

  204.0   3.40688

  205.0   3.44107

  206.0   3.16953

  207.0   3.49886

  208.0   3.52660

  209.0   3.55570

  210.0   3.58092

  211.0   3.60520

  212.0   3.62972

  213.0   3.65533

  214.0   3.67642

  215.0   3.69705

  216.0   3.71659

  217.0   3.26007

  218.0   3.75557

  219.0   3.47070

  220.0   3.78675

  221.0   3.80127

  222.0   3.81651

  223.0   3.82950

  224.0   3.84242

  225.0   3.85449

  226.0   3.86759

  227.0   3.88024

  228.0   3.89176

  229.0   3.90304

  230.0   3.91487

  231.0   3.62371

  232.0   3.93399

  233.0   3.94176

  234.0   3.94880

  235.0   3.95415

  236.0   3.95828

  237.0   3.96142

  238.0   3.96346

  239.0   3.96459

  240.0   3.96464

  241.0   3.96440

  242.0   3.96313

  243.0   3.65992

  244.0   3.48163

  245.0   3.95569

  246.0   3.95265

  247.0   3.94856

  248.0   3.94448

  249.0   3.93982

  250.0   3.93536

  251.0   3.93018

  252.0   3.92526

  253.0   3.91986

  254.0   3.91424

  255.0   3.90838

  256.0   3.60211

  257.0   3.89713

  258.0   3.89126

  259.0   3.88423

  260.0   3.87760

  261.0   3.87175

  262.0   3.86516

  263.0   3.85848

  264.0   3.85187

  265.0   3.36866

  266.0   3.83891

  267.0   3.53129

  268.0   3.82633

  269.0   3.34347

  270.0   3.81551

  271.0   3.81137

  272.0   3.80713

  273.0   3.80400

  274.0   3.80140

  275.0   3.79962

  276.0   3.79858

  277.0   3.79720

  278.0   3.79637

  279.0   3.19347

  280.0   3.09670

  281.0   2.75358

  282.0   2.53887

  283.0   2.47101

  284.0   2.47010

  285.0   2.30054

  286.0   2.24804

  287.0   2.11010

  288.0   2.01326

  289.0   1.94092

  290.0   1.84882

  291.0   1.75671

  292.0   1.68041

  293.0   1.60697

  294.0   1.55138

  295.0   1.48486

  296.0   1.43018

  297.0   1.37916

  298.0   1.33058

  299.0   1.27777

  300.0   1.23917

  301.0   1.19526

  302.0   1.15029

  303.0   1.11079

  304.0   1.07962

  305.0   1.04498

  306.0   1.01375

  307.0   0.98488

  308.0   0.95696

  309.0   0.92828

  310.0   0.90456

  311.0   0.88307

  312.0   0.85670

  313.0   0.83409

  314.0   0.81616

  315.0   0.79727

  316.0   0.77866

  317.0   0.76305

  318.0   0.74985

  319.0   0.73753

  320.0   0.73073

  321.0   0.72848

  322.0   0.72152

  323.0   0.72094

  324.0   0.72368

  325.0   0.72530

  326.0   0.73129

  327.0   0.73714

  328.0   0.74428

  329.0   0.75399

  330.0   0.75664

  331.0   0.76581

  332.0   0.77806

  333.0   0.78797

  334.0   0.79809

  335.0   0.81194

  336.0   0.82338

  337.0   0.83688

  338.0   0.85213

  339.0   0.86631

  340.0   0.88012

  341.0   0.89851

  342.0   0.91044

  343.0   0.92723

  344.0   0.94030

  345.0   0.95088

  346.0   0.96663

  347.0   0.97631

  348.0   0.98973

  349.0   0.99694

  350.0   1.01272

  351.0   1.01800

  352.0   1.02383

  353.0   1.02753

  354.0   1.02947

  355.0   1.03577

  356.0   1.03680

  357.0   1.03205

  358.0   1.03019

  359.0   1.02123

  360.0   1.01424

  361.0   1.00298

  362.0   0.99530

  363.0   0.98371

  364.0   0.97495

  365.0   0.96263

  366.0   0.95182

  367.0   0.93832

  368.0   0.92826

  369.0   0.91569

  370.0   0.90281

  371.0   0.89271

  372.0   0.87957

  373.0   0.86568

  374.0   0.85506

  375.0   0.84188

  376.0   0.82822

  377.0   0.81485

  378.0   0.80163

  379.0   0.78972

  380.0   0.77825

  381.0   0.76287

  382.0   0.74993

  383.0   0.73716

  384.0   0.72244

  385.0   0.70896

  386.0   0.69366

  387.0   0.68070

  388.0   0.66450

  389.0   0.64977

  390.0   0.63719

  391.0   0.62303

  392.0   0.60910

  393.0   0.59608

  394.0   0.58289

  395.0   0.57119

  396.0   0.55951

  397.0   0.54694

  398.0   0.53606

  399.0   0.52445

  400.0   0.51460

  401.0   0.50442

  402.0   0.49342

  403.0   0.48383

  404.0   0.47336

  405.0   0.46336

  406.0   0.45373

  407.0   0.44386

  408.0   0.43422

  409.0   0.42393

  410.0   0.41420

  411.0   0.40463

  412.0   0.39393

  413.0   0.38425

  414.0   0.37401

  415.0   0.36882

  416.0   0.35152

  417.0   0.34036

  418.0   0.32982

  419.0   0.31873

  420.0   0.30820

  421.0   0.29817

  422.0   0.28701

  423.0   0.27717

  424.0   0.26639

  425.0   0.25711

  426.0   0.24725

  427.0   0.23822

  428.0   0.22981

  429.0   0.22071

  430.0   0.21266

  431.0   0.20453

  432.0   0.19755

  433.0   0.19004

  434.0   0.18362

  435.0   0.17725

  436.0   0.17106

  437.0   0.16542

  438.0   0.15957

  439.0   0.15448

  440.0   0.14909

  441.0   0.14452

  442.0   0.13975

  443.0   0.13546

  444.0   0.13115

  445.0   0.12693

  446.0   0.12319

  447.0   0.11921

  448.0   0.11548

  449.0   0.11173

  450.0   0.10830

  451.0   0.10454

  452.0   0.10134

  453.0   0.09783

  454.0   0.09452

  455.0   0.09122

  456.0   0.08825

  457.0   0.08538

  458.0   0.08219

  459.0   0.07949

  460.0   0.07638

  461.0   0.07381

  462.0   0.07094

  463.0   0.06838

  464.0   0.06569

  465.0   0.06326

  466.0   0.06066

  467.0   0.05865

  468.0   0.05629

  469.0   0.05430

  470.0   0.05208

  471.0   0.05017

  472.0   0.04820

  473.0   0.04647

  474.0   0.04459

  475.0   0.04295

  476.0   0.04113

  477.0   0.03959

  478.0   0.03791

  479.0   0.03649

  480.0   0.03500

  481.0   0.03373

  482.0   0.03236

  483.0   0.03114

  484.0   0.02989

  485.0   0.02883

  486.0   0.02765

  487.0   0.02673

  488.0   0.02577

  489.0   0.02491

  490.0   0.02398

  491.0   0.02323

  492.0   0.02234

  493.0   0.02162

  494.0   0.02081

  495.0   0.02019

  496.0   0.01941

  497.0   0.01883

  498.0   0.01829

  499.0   0.01781

  500.0   0.01731

  501.0   0.01687

  502.0   0.01644

  503.0   0.01602

  504.0   0.01569

  505.0   0.01530

  506.0   0.01494

  507.0   0.01464

  508.0   0.01433

  509.0   0.01409

  510.0   0.01387

  511.0   0.01363

  512.0   0.01340

  513.0   0.01317

  514.0   0.01298

  515.0   0.01284

  516.0   0.01262

  517.0   0.01247

  518.0   0.01234

  519.0   0.01224

  520.0   0.01217

  521.0   0.01215

  522.0   0.01208

  523.0   0.01204

  524.0   0.01201

  525.0   0.01202

  526.0   0.01206

  527.0   0.01200

  528.0   0.01199

  529.0   0.01198

  530.0   0.01205

  531.0   0.01206

  532.0   0.01213

  533.0   0.01205

  534.0   0.01217

  535.0   0.01222

  536.0   0.01232

  537.0   0.01242

  538.0   0.01248

  539.0   0.01251

  540.0   0.01264

  541.0   0.01273

  542.0   0.01278

  543.0   0.01283

  544.0   0.01297

  545.0   0.01303

  546.0   0.01314

  547.0   0.01319

  548.0   0.01328

  549.0   0.01327

  550.0   0.01331

  551.0   0.01335

  552.0   0.01339

  553.0   0.01338

  554.0   0.01340

  555.0   0.01344

  556.0   0.01346

  557.0   0.01424

  558.0   0.01430

  559.0   0.01429

  560.0   0.01435

  561.0   0.01436

  562.0   0.01437

  563.0   0.01441

  564.0   0.01438

  565.0   0.01434

  566.0   0.01439

  567.0   0.01442

  568.0   0.01442

  569.0   0.01442

  570.0   0.01447

  571.0   0.01449

  572.0   0.01449

  573.0   0.01452

  574.0   0.01454

  575.0   0.01453

  576.0   0.01446

  577.0   0.01441

  578.0   0.01439

  579.0   0.01439

  580.0   0.01432

  581.0   0.01433

  582.0   0.01431

  583.0   0.01432

  584.0   0.01427

  585.0   0.01430

  586.0   0.01426

  587.0   0.01427

  588.0   0.01424

  589.0   0.01424

  590.0   0.01424

  591.0   0.01425

  592.0   0.01425

  593.0   0.01425

  594.0   0.01423

  595.0   0.01423

  596.0   0.01426

  597.0   0.01427

  598.0   0.01432

  599.0   0.01433

  600.0   0.01436

  601.0   0.01439

  602.0   0.01441

  603.0   0.01444

  604.0   0.01448

  605.0   0.01453

  606.0   0.01455

  607.0   0.01456

  608.0   0.01460

  609.0   0.01464

  610.0   0.01471

  611.0   0.01474

  612.0   0.01477

  613.0   0.01483

  614.0   0.01488

  615.0   0.01490

  616.0   0.01490

  617.0   0.01493

  618.0   0.01495

  619.0   0.01498

  620.0   0.01495

  621.0   0.01500

  622.0   0.01502

  623.0   0.01501

  624.0   0.01499

  625.0   0.01503

  626.0   0.01499

  627.0   0.01502

  628.0   0.01501

  629.0   0.01498

  630.0   0.01494

  631.0   0.01494

  632.0   0.01494

  633.0   0.01494

  634.0   0.01489

  635.0   0.01485

  636.0   0.01484

  637.0   0.01485

  638.0   0.01483

  639.0   0.01478

  640.0   0.01473

  641.0   0.01466

  642.0   0.01461

  643.0   0.01457

  644.0   0.01451

  645.0   0.01444

  646.0   0.01436

  647.0   0.01432

  648.0   0.01424

  649.0   0.01421

  650.0   0.01416

  651.0   0.01412

  652.0   0.01408

  653.0   0.01399

  654.0   0.01392

  655.0   0.01379

  656.0   0.01375

  657.0   0.01370

  658.0   0.01365

  659.0   0.01356

  660.0   0.01348

  661.0   0.01338

  662.0   0.01331

  663.0   0.01323

  664.0   0.01314

  665.0   0.01314

  666.0   0.01306

  667.0   0.01298

  668.0   0.01294

  669.0   0.01291

  670.0   0.01283

  671.0   0.01277

  672.0   0.01271

  673.0   0.01264

  674.0   0.01259

  675.0   0.01249

  676.0   0.01238

  677.0   0.01223

  678.0   0.01212

  679.0   0.01199

  680.0   0.01192

  681.0   0.01183

  682.0   0.01177

  683.0   0.01170

  684.0   0.01164

  685.0   0.01157

  686.0   0.01151

  687.0   0.01146

  688.0   0.01138

  689.0   0.01129

  690.0   0.01114

  691.0   0.01108

  692.0   0.01093

  693.0   0.01088

  694.0   0.01080

  695.0   0.01072

  696.0   0.01070

  697.0   0.01061

  698.0   0.01060

  699.0   0.01045

  700.0   0.01039

  701.0   0.01029

  702.0   0.01018

  703.0   0.01012

  704.0   0.01002

  705.0   0.01000

  706.0   0.00990

  707.0   0.00986

  708.0   0.00978

  709.0   0.00969

  710.0   0.00961

  711.0   0.00951

  712.0   0.00943

  713.0   0.00935

  714.0   0.00931

  715.0   0.00919

  716.0   0.00913

  717.0   0.00903

  718.0   0.00897

  719.0   0.00891

  720.0   0.00885

  721.0   0.00877

  722.0   0.00867

  723.0   0.00856

  724.0   0.00848

  725.0   0.00845

  726.0   0.00839

  727.0   0.00834

  728.0   0.00823

  729.0   0.00823

  730.0   0.00820

  731.0   0.00814

  732.0   0.00813

  733.0   0.00809

  734.0   0.00801

  735.0   0.00798

  736.0   0.00896

  737.0   0.00879

  738.0   0.00872

  739.0   0.00864

  740.0   0.00851

  741.0   0.00850

  742.0   0.00840

  743.0   0.00826

  744.0   0.00822

  745.0   0.00813

  746.0   0.00810

  747.0   0.00801

  748.0   0.00793

  749.0   0.00787

  750.0   0.00787

  751.0   0.00779

  752.0   0.00774

  753.0   0.00755

  754.0   0.00751

  755.0   0.00743

  756.0   0.00738

  757.0   0.00736

  758.0   0.00721

  759.0   0.00714

  760.0   0.00703

  761.0   0.00696

  762.0   0.00689

  763.0   0.00681

  764.0   0.00674

  765.0   0.00661

  766.0   0.00651

  767.0   0.00644

  768.0   0.00639

  769.0   0.00635

  770.0   0.00625

  771.0   0.00620

  772.0   0.00608

  773.0   0.00603

  774.0   0.00596

  775.0   0.00589

  776.0   0.00579

  777.0   0.00575

  778.0   0.00567

  779.0   0.00560

  780.0   0.00556

  781.0   0.00551

  782.0   0.00549

  783.0   0.00545

  784.0   0.00546

  785.0   0.00539

  786.0   0.00537

  787.0   0.00538

  788.0   0.00536

  789.0   0.00538

  790.0   0.00536

  791.0   0.00534

  792.0   0.00532

  793.0   0.00525

  794.0   0.00523

  795.0   0.00510

  796.0   0.00517

  797.0   0.00520

  798.0   0.00524

  799.0   0.00525

  800.0   0.00516

 
