ser ID: DU600

Method ID: A:\DEFAULT

Date: 07/29/00

Time: 04:37

 200.0   2.92117

  201.0   3.29026

  202.0   3.33041

  203.0   3.36847

  204.0   2.92976

  205.0   3.14004

  206.0   3.47056

  207.0   3.49886

  208.0   3.22557

  209.0   3.55570

  210.0   3.58092

  211.0   3.60520

  212.0   3.15259

  213.0   3.65533

  214.0   3.67642

  215.0   3.69705

  216.0   3.71659

  217.0   3.73719

  218.0   3.75557

  219.0   3.77173

  220.0   3.78675

  221.0   3.80127

  222.0   3.81651

  223.0   3.82950

  224.0   3.84242

  225.0   3.85449

  226.0   3.86759

  227.0   3.88024

  228.0   3.89176

  229.0   3.90304

  230.0   3.91487

  231.0   3.92474

  232.0   3.93399

  233.0   3.94176

  234.0   3.94880

  235.0   3.95415

  236.0   3.95828

  237.0   3.48430

  238.0   3.96346

  239.0   3.96459

  240.0   3.96464

  241.0   3.96440

  242.0   3.96313

  243.0   3.96095

  244.0   3.95875

  245.0   3.95569

  246.0   3.95265

  247.0   3.94856

  248.0   3.94448

  249.0   3.93982

  250.0   3.93536

  251.0   3.93018

  252.0   3.92526

  253.0   3.91986

  254.0   3.91424

  255.0   3.90838

  256.0   3.90314

  257.0   3.89713

  258.0   3.89126

  259.0   3.40711

  260.0   3.57657

  261.0   3.09360

  262.0   3.26310

  263.0   3.85848

  264.0   3.24981

  265.0   3.84578

  266.0   3.53788

  267.0   3.83232

  268.0   2.87209

  269.0   2.97550

  270.0   3.33839

  271.0   2.96628

  272.0   3.10816

  273.0   2.84976

  274.0   2.95631

  275.0   2.59550

  276.0   2.65245

  277.0   2.51844

  278.0   2.39843

  279.0   2.36417

  280.0   2.26419

  281.0   2.17173

  282.0   2.09517

  283.0   2.04504

  284.0   1.92900

  285.0   1.85238

  286.0   1.80984

  287.0   1.73443

  288.0   1.68082

  289.0   1.62192

  290.0   1.56541

  291.0   1.51998

  292.0   1.48259

  293.0   1.43655

  294.0   1.39822

  295.0   1.36798

  296.0   1.34047

  297.0   1.30959

  298.0   1.28362

  299.0   1.26202

  300.0   1.23917

  301.0   1.21930

  302.0   1.19830

  303.0   1.18444

  304.0   1.17113

  305.0   1.15795

  306.0   1.14276

  307.0   1.12815

  308.0   1.11636

  309.0   1.10243

  310.0   1.08752

  311.0   1.07902

  312.0   1.06265

  313.0   1.05210

  314.0   1.03927

  315.0   1.02244

  316.0   1.01165

  317.0   1.00163

  318.0   0.99179

  319.0   0.98227

  320.0   0.97522

  321.0   0.97237

  322.0   0.96369

  323.0   0.95906

  324.0   0.95528

  325.0   0.95001

  326.0   0.94839

  327.0   0.94586

  328.0   0.94483

  329.0   0.94408

  330.0   0.94122

  331.0   0.93887

  332.0   0.93719

  333.0   0.93688

  334.0   0.93455

  335.0   0.93307

  336.0   0.92683

  337.0   0.92270

  338.0   0.91908

  339.0   0.91670

  340.0   0.91449

  341.0   0.90790

  342.0   0.90174

  343.0   0.89792

  344.0   0.89322

  345.0   0.88621

  346.0   0.88134

  347.0   0.87475

  348.0   0.86825

  349.0   0.85784

  350.0   0.84853

  351.0   0.83917

  352.0   0.83016

  353.0   0.81747

  354.0   0.80687

  355.0   0.79825

  356.0   0.79032

  357.0   0.77187

  358.0   0.75758

  359.0   0.74155

  360.0   0.72821

  361.0   0.71146

  362.0   0.69591

  363.0   0.68150

  364.0   0.66573

  365.0   0.65105

  366.0   0.63546

  367.0   0.62028

  368.0   0.60857

  369.0   0.59495

  370.0   0.57865

  371.0   0.56715

  372.0   0.55605

  373.0   0.54264

  374.0   0.53085

  375.0   0.52018

  376.0   0.50892

  377.0   0.49874

  378.0   0.48773

  379.0   0.47792

  380.0   0.46882

  381.0   0.45868

  382.0   0.44985

  383.0   0.44067

  384.0   0.43144

  385.0   0.42309

  386.0   0.41490

  387.0   0.40771

  388.0   0.40009

  389.0   0.39176

  390.0   0.38503

  391.0   0.37836

  392.0   0.37125

  393.0   0.36468

  394.0   0.35797

  395.0   0.35215

  396.0   0.34592

  397.0   0.34026

  398.0   0.33489

  399.0   0.32870

  400.0   0.32332

  401.0   0.31773

  402.0   0.31207

  403.0   0.30672

  404.0   0.30049

  405.0   0.29489

  406.0   0.28956

  407.0   0.28330

  408.0   0.27722

  409.0   0.27061

  410.0   0.26400

  411.0   0.25759

  412.0   0.25043

  413.0   0.24366

  414.0   0.23679

  415.0   0.23298

  416.0   0.22096

  417.0   0.21259

  418.0   0.20536

  419.0   0.19719

  420.0   0.18935

  421.0   0.18224

  422.0   0.17419

  423.0   0.16708

  424.0   0.15930

  425.0   0.15244

  426.0   0.14548

  427.0   0.13929

  428.0   0.13331

  429.0   0.12701

  430.0   0.12153

  431.0   0.11597

  432.0   0.11133

  433.0   0.10632

  434.0   0.10212

  435.0   0.09798

  436.0   0.09399

  437.0   0.09045

  438.0   0.08665

  439.0   0.08359

  440.0   0.08027

  441.0   0.07757

  442.0   0.07475

  443.0   0.07230

  444.0   0.06986

  445.0   0.06749

  446.0   0.06535

  447.0   0.06329

  448.0   0.06128

  449.0   0.05933

  450.0   0.05749

  451.0   0.05552

  452.0   0.05389

  453.0   0.05205

  454.0   0.05031

  455.0   0.04868

  456.0   0.04727

  457.0   0.04578

  458.0   0.04420

  459.0   0.04293

  460.0   0.04138

  461.0   0.04017

  462.0   0.03878

  463.0   0.03758

  464.0   0.03633

  465.0   0.03526

  466.0   0.03407

  467.0   0.03310

  468.0   0.03210

  469.0   0.03124

  470.0   0.03028

  471.0   0.02943

  472.0   0.02858

  473.0   0.02779

  474.0   0.02699

  475.0   0.02621

  476.0   0.02547

  477.0   0.02473

  478.0   0.02406

  479.0   0.02347

  480.0   0.02285

  481.0   0.02237

  482.0   0.02174

  483.0   0.02126

  484.0   0.02070

  485.0   0.02033

  486.0   0.01981

  487.0   0.01956

  488.0   0.01922

  489.0   0.01891

  490.0   0.01855

  491.0   0.01836

  492.0   0.01802

  493.0   0.01785

  494.0   0.01763

  495.0   0.01747

  496.0   0.01723

  497.0   0.01709

  498.0   0.01701

  499.0   0.01695

  500.0   0.01692

  501.0   0.01697

  502.0   0.01698

  503.0   0.01695

  504.0   0.01699

  505.0   0.01706

  506.0   0.01705

  507.0   0.01713

  508.0   0.01717

  509.0   0.01732

  510.0   0.01747

  511.0   0.01759

  512.0   0.01766

  513.0   0.01784

  514.0   0.01801

  515.0   0.01824

  516.0   0.01840

  517.0   0.01857

  518.0   0.01877

  519.0   0.01899

  520.0   0.01926

  521.0   0.01955

  522.0   0.01982

  523.0   0.02018

  524.0   0.02042

  525.0   0.02075

  526.0   0.02111

  527.0   0.02139

  528.0   0.02162

  529.0   0.02187

  530.0   0.02223

  531.0   0.02250

  532.0   0.02291

  533.0   0.02323

  534.0   0.02366

  535.0   0.02400

  536.0   0.02441

  537.0   0.02481

  538.0   0.02512

  539.0   0.02549

  540.0   0.02590

  541.0   0.02621

  542.0   0.02658

  543.0   0.02690

  544.0   0.02731

  545.0   0.02766

  546.0   0.02794

  547.0   0.02828

  548.0   0.02857

  549.0   0.02873

  550.0   0.02901

  551.0   0.02919

  552.0   0.02935

  553.0   0.02950

  554.0   0.02964

  555.0   0.02977

  556.0   0.02982

  557.0   0.03208

  558.0   0.03209

  559.0   0.03204

  560.0   0.03214

  561.0   0.03210

  562.0   0.03218

  563.0   0.03219

  564.0   0.03222

  565.0   0.03223

  566.0   0.03222

  567.0   0.03223

  568.0   0.03223

  569.0   0.03223

  570.0   0.03225

  571.0   0.03225

  572.0   0.03222

  573.0   0.03222

  574.0   0.03218

  575.0   0.03220

  576.0   0.03213

  577.0   0.03207

  578.0   0.03207

  579.0   0.03206

  580.0   0.03200

  581.0   0.03201

  582.0   0.03198

  583.0   0.03202

  584.0   0.03204

  585.0   0.03213

  586.0   0.03214

  587.0   0.03223

  588.0   0.03219

  589.0   0.03223

  590.0   0.03227

  591.0   0.03233

  592.0   0.03238

  593.0   0.03246

  594.0   0.03249

  595.0   0.03258

  596.0   0.03264

  597.0   0.03276

  598.0   0.03288

  599.0   0.03294

  600.0   0.03305

  601.0   0.03315

  602.0   0.03321

  603.0   0.03328

  604.0   0.03335

  605.0   0.03344

  606.0   0.03350

  607.0   0.03354

  608.0   0.03359

  609.0   0.03366

  610.0   0.03370

  611.0   0.03374

  612.0   0.03379

  613.0   0.03386

  614.0   0.03390

  615.0   0.03391

  616.0   0.03395

  617.0   0.03396

  618.0   0.03401

  619.0   0.03405

  620.0   0.03408

  621.0   0.03415

  622.0   0.03417

  623.0   0.03414

  624.0   0.03417

  625.0   0.03421

  626.0   0.03419

  627.0   0.03418

  628.0   0.03420

  629.0   0.03419

  630.0   0.03417

  631.0   0.03414

  632.0   0.03407

  633.0   0.03398

  634.0   0.03391

  635.0   0.03378

  636.0   0.03373

  637.0   0.03369

  638.0   0.03363

  639.0   0.03351

  640.0   0.03343

  641.0   0.03335

  642.0   0.03321

  643.0   0.03314

  644.0   0.03299

  645.0   0.03289

  646.0   0.03274

  647.0   0.03262

  648.0   0.03247

  649.0   0.03236

  650.0   0.03220

  651.0   0.03203

  652.0   0.03191

  653.0   0.03171

  654.0   0.03154

  655.0   0.03131

  656.0   0.03115

  657.0   0.03101

  658.0   0.03084

  659.0   0.03067

  660.0   0.03045

  661.0   0.03026

  662.0   0.03007

  663.0   0.02982

  664.0   0.02961

  665.0   0.02936

  666.0   0.02910

  667.0   0.02885

  668.0   0.02865

  669.0   0.02846

  670.0   0.02823

  671.0   0.02800

  672.0   0.02773

  673.0   0.02745

  674.0   0.02725

  675.0   0.02700

  676.0   0.02671

  677.0   0.02643

  678.0   0.02609

  679.0   0.02581

  680.0   0.02558

  681.0   0.02534

  682.0   0.02511

  683.0   0.02489

  684.0   0.02465

  685.0   0.02445

  686.0   0.02425

  687.0   0.02403

  688.0   0.02377

  689.0   0.02351

  690.0   0.02327

  691.0   0.02300

  692.0   0.02271

  693.0   0.02249

  694.0   0.02222

  695.0   0.02198

  696.0   0.02178

  697.0   0.02151

  698.0   0.02132

  699.0   0.02100

  700.0   0.02080

  701.0   0.02060

  702.0   0.02033

  703.0   0.02009

  704.0   0.01985

  705.0   0.01959

  706.0   0.01936

  707.0   0.01915

  708.0   0.01891

  709.0   0.01870

  710.0   0.01846

  711.0   0.01823

  712.0   0.01802

  713.0   0.01779

  714.0   0.01756

  715.0   0.01733

  716.0   0.01713

  717.0   0.01692

  718.0   0.01674

  719.0   0.01652

  720.0   0.01632

  721.0   0.01606

  722.0   0.01586

  723.0   0.01573

  724.0   0.01550

  725.0   0.01537

  726.0   0.01514

  727.0   0.01499

  728.0   0.01477

  729.0   0.01459

  730.0   0.01449

  731.0   0.01432

  732.0   0.01418

  733.0   0.01402

  734.0   0.01383

  735.0   0.01380

  736.0   0.01581

  737.0   0.01551

  738.0   0.01525

  739.0   0.01502

  740.0   0.01480

  741.0   0.01466

  742.0   0.01444

  743.0   0.01420

  744.0   0.01405

  745.0   0.01382

  746.0   0.01367

  747.0   0.01347

  748.0   0.01333

  749.0   0.01314

  750.0   0.01308

  751.0   0.01289

  752.0   0.01273

  753.0   0.01260

  754.0   0.01245

  755.0   0.01229

  756.0   0.01216

  757.0   0.01207

  758.0   0.01190

  759.0   0.01180

  760.0   0.01167

  761.0   0.01157

  762.0   0.01150

  763.0   0.01135

  764.0   0.01125

  765.0   0.01108

  766.0   0.01095

  767.0   0.01086

  768.0   0.01076

  769.0   0.01075

  770.0   0.01066

  771.0   0.01065

  772.0   0.01056

  773.0   0.01046

  774.0   0.01034

  775.0   0.01033

  776.0   0.01024

  777.0   0.01020

  778.0   0.01008

  779.0   0.01007

  780.0   0.01004

  781.0   0.00997

  782.0   0.00996

  783.0   0.00990

  784.0   0.00992

  785.0   0.00988

  786.0   0.00990

  787.0   0.00989

  788.0   0.00989

  789.0   0.00982

  790.0   0.00981

  791.0   0.00981

  792.0   0.00983

  793.0   0.00976

  794.0   0.00975

  795.0   0.00969

  796.0   0.00973

  797.0   0.00972

  798.0   0.00982

  799.0   0.00983

  800.0   0.00975

 
