ser ID: DU600

Method ID: A:\DEFAULT

Date: 07/29/00

Time: 03:27

 200.0   3.22220

  201.0   2.98923

  202.0   3.33041

  203.0   3.36847

  204.0   3.40688

  205.0   3.44107

  206.0   3.47056

  207.0   3.49886

  208.0   3.52660

  209.0   3.55570

  210.0   3.58092

  211.0   3.60520

  212.0   3.62972

  213.0   3.65533

  214.0   3.67642

  215.0   3.69705

  216.0   3.71659

  217.0   3.73719

  218.0   3.75557

  219.0   3.77173

  220.0   3.78675

  221.0   3.80127

  222.0   3.81651

  223.0   3.82950

  224.0   3.84242

  225.0   3.37737

  226.0   3.56656

  227.0   3.88024

  228.0   3.89176

  229.0   3.90304

  230.0   3.91487

  231.0   3.92474

  232.0   3.93399

  233.0   3.64073

  234.0   3.64777

  235.0   3.95415

  236.0   3.95828

  237.0   3.96142

  238.0   3.96346

  239.0   3.96459

  240.0   3.96464

  241.0   3.96440

  242.0   3.96313

  243.0   3.96095

  244.0   3.95875

  245.0   3.95569

  246.0   3.95265

  247.0   3.94856

  248.0   3.94448

  249.0   3.93982

  250.0   3.93536

  251.0   3.93018

  252.0   3.92526

  253.0   3.91986

  254.0   3.91424

  255.0   3.90838

  256.0   3.90314

  257.0   3.89713

  258.0   3.89126

  259.0   3.88423

  260.0   3.87760

  261.0   3.87175

  262.0   3.86516

  263.0   3.85848

  264.0   3.85187

  265.0   3.84578

  266.0   3.83891

  267.0   3.83232

  268.0   3.82633

  269.0   3.82060

  270.0   3.51448

  271.0   3.81137

  272.0   3.80713

  273.0   3.80400

  274.0   3.80140

  275.0   3.19756

  276.0   3.49755

  277.0   3.79720

  278.0   3.79637

  279.0   3.79553

  280.0   3.79567

  281.0   2.89189

  282.0   2.75275

  283.0   2.83899

  284.0   2.75093

  285.0   2.61581

  286.0   2.41190

  287.0   2.25986

  288.0   2.11017

  289.0   2.04399

  290.0   1.94204

  291.0   1.86472

  292.0   1.76496

  293.0   1.69068

  294.0   1.60129

  295.0   1.53922

  296.0   1.46745

  297.0   1.41406

  298.0   1.34744

  299.0   1.28180

  300.0   1.21763

  301.0   1.17354

  302.0   1.11259

  303.0   1.06923

  304.0   1.02808

  305.0   0.98820

  306.0   0.94507

  307.0   0.91355

  308.0   0.88211

  309.0   0.84609

  310.0   0.81730

  311.0   0.78748

  312.0   0.75343

  313.0   0.72501

  314.0   0.70375

  315.0   0.68129

  316.0   0.65909

  317.0   0.64337

  318.0   0.62972

  319.0   0.61870

  320.0   0.61408

  321.0   0.61075

  322.0   0.60780

  323.0   0.60536

  324.0   0.60794

  325.0   0.61415

  326.0   0.62158

  327.0   0.63159

  328.0   0.64254

  329.0   0.65493

  330.0   0.66761

  331.0   0.68067

  332.0   0.69803

  333.0   0.71373

  334.0   0.73418

  335.0   0.75327

  336.0   0.77052

  337.0   0.79011

  338.0   0.81223

  339.0   0.83403

  340.0   0.85799

  341.0   0.88377

  342.0   0.90318

  343.0   0.92346

  344.0   0.94656

  345.0   0.97283

  346.0   0.99020

  347.0   1.01471

  348.0   1.03121

  349.0   1.04386

  350.0   1.05938

  351.0   1.07248

  352.0   1.09093

  353.0   1.10428

  354.0   1.11359

  355.0   1.11227

  356.0   1.11501

  357.0   1.12650

  358.0   1.12831

  359.0   1.12538

  360.0   1.12685

  361.0   1.11667

  362.0   1.10491

  363.0   1.09985

  364.0   1.09145

  365.0   1.08237

  366.0   1.07226

  367.0   1.05730

  368.0   1.04387

  369.0   1.03081

  370.0   1.02226

  371.0   1.01243

  372.0   1.00007

  373.0   0.98861

  374.0   0.97344

  375.0   0.95996

  376.0   0.94635

  377.0   0.93579

  378.0   0.92258

  379.0   0.90766

  380.0   0.89232

  381.0   0.87529

  382.0   0.86020

  383.0   0.84524

  384.0   0.82901

  385.0   0.81396

  386.0   0.79479

  387.0   0.77908

  388.0   0.76188

  389.0   0.74434

  390.0   0.72764

  391.0   0.71161

  392.0   0.69487

  393.0   0.67856

  394.0   0.66185

  395.0   0.64769

  396.0   0.63355

  397.0   0.61870

  398.0   0.60502

  399.0   0.59102

  400.0   0.57840

  401.0   0.56598

  402.0   0.55339

  403.0   0.54277

  404.0   0.53036

  405.0   0.51918

  406.0   0.50845

  407.0   0.49674

  408.0   0.48599

  409.0   0.47452

  410.0   0.46367

  411.0   0.45303

  412.0   0.44114

  413.0   0.43044

  414.0   0.41924

  415.0   0.41355

  416.0   0.39562

  417.0   0.38340

  418.0   0.37240

  419.0   0.35989

  420.0   0.34920

  421.0   0.33833

  422.0   0.32674

  423.0   0.31636

  424.0   0.30496

  425.0   0.29486

  426.0   0.28419

  427.0   0.27484

  428.0   0.26580

  429.0   0.25627

  430.0   0.24781

  431.0   0.23885

  432.0   0.23131

  433.0   0.22294

  434.0   0.21590

  435.0   0.20903

  436.0   0.20193

  437.0   0.19573

  438.0   0.18911

  439.0   0.18325

  440.0   0.17714

  441.0   0.17185

  442.0   0.16634

  443.0   0.16143

  444.0   0.15673

  445.0   0.15160

  446.0   0.14712

  447.0   0.14228

  448.0   0.13806

  449.0   0.13358

  450.0   0.12951

  451.0   0.12505

  452.0   0.12117

  453.0   0.11699

  454.0   0.11302

  455.0   0.10901

  456.0   0.10539

  457.0   0.10195

  458.0   0.09824

  459.0   0.09479

  460.0   0.09104

  461.0   0.08785

  462.0   0.08452

  463.0   0.08142

  464.0   0.07816

  465.0   0.07530

  466.0   0.07206

  467.0   0.06936

  468.0   0.06648

  469.0   0.06396

  470.0   0.06135

  471.0   0.05897

  472.0   0.05646

  473.0   0.05430

  474.0   0.05190

  475.0   0.04981

  476.0   0.04755

  477.0   0.04562

  478.0   0.04360

  479.0   0.04189

  480.0   0.04006

  481.0   0.03850

  482.0   0.03671

  483.0   0.03525

  484.0   0.03369

  485.0   0.03229

  486.0   0.03083

  487.0   0.02959

  488.0   0.02832

  489.0   0.02712

  490.0   0.02595

  491.0   0.02497

  492.0   0.02385

  493.0   0.02302

  494.0   0.02202

  495.0   0.02118

  496.0   0.02021

  497.0   0.01942

  498.0   0.01869

  499.0   0.01800

  500.0   0.01728

  501.0   0.01666

  502.0   0.01604

  503.0   0.01540

  504.0   0.01494

  505.0   0.01435

  506.0   0.01385

  507.0   0.01336

  508.0   0.01288

  509.0   0.01246

  510.0   0.01215

  511.0   0.01177

  512.0   0.01142

  513.0   0.01109

  514.0   0.01073

  515.0   0.01053

  516.0   0.01020

  517.0   0.00993

  518.0   0.00963

  519.0   0.00941

  520.0   0.00917

  521.0   0.00897

  522.0   0.00874

  523.0   0.00861

  524.0   0.00842

  525.0   0.00832

  526.0   0.00825

  527.0   0.00812

  528.0   0.00799

  529.0   0.00783

  530.0   0.00771

  531.0   0.00761

  532.0   0.00754

  533.0   0.00743

  534.0   0.00737

  535.0   0.00732

  536.0   0.00728

  537.0   0.00729

  538.0   0.00721

  539.0   0.00712

  540.0   0.00716

  541.0   0.00718

  542.0   0.00712

  543.0   0.00715

  544.0   0.00712

  545.0   0.00705

  546.0   0.00708

  547.0   0.00704

  548.0   0.00704

  549.0   0.00696

  550.0   0.00695

  551.0   0.00693

  552.0   0.00686

  553.0   0.00686

  554.0   0.00684

  555.0   0.00681

  556.0   0.00684

  557.0   0.00725

  558.0   0.00724

  559.0   0.00720

  560.0   0.00724

  561.0   0.00723

  562.0   0.00724

  563.0   0.00728

  564.0   0.00727

  565.0   0.00726

  566.0   0.00725

  567.0   0.00727

  568.0   0.00726

  569.0   0.00729

  570.0   0.00730

  571.0   0.00733

  572.0   0.00736

  573.0   0.00735

  574.0   0.00738

  575.0   0.00735

  576.0   0.00736

  577.0   0.00723

  578.0   0.00721

  579.0   0.00726

  580.0   0.00722

  581.0   0.00723

  582.0   0.00723

  583.0   0.00723

  584.0   0.00719

  585.0   0.00722

  586.0   0.00716

  587.0   0.00715

  588.0   0.00710

  589.0   0.00708

  590.0   0.00710

  591.0   0.00710

  592.0   0.00709

  593.0   0.00707

  594.0   0.00707

  595.0   0.00709

  596.0   0.00710

  597.0   0.00712

  598.0   0.00711

  599.0   0.00708

  600.0   0.00710

  601.0   0.00713

  602.0   0.00714

  603.0   0.00718

  604.0   0.00717

  605.0   0.00718

  606.0   0.00719

  607.0   0.00718

  608.0   0.00719

  609.0   0.00718

  610.0   0.00723

  611.0   0.00727

  612.0   0.00733

  613.0   0.00736

  614.0   0.00743

  615.0   0.00745

  616.0   0.00746

  617.0   0.00749

  618.0   0.00753

  619.0   0.00756

  620.0   0.00754

  621.0   0.00756

  622.0   0.00755

  623.0   0.00752

  624.0   0.00747

  625.0   0.00751

  626.0   0.00753

  627.0   0.00755

  628.0   0.00761

  629.0   0.00763

  630.0   0.00762

  631.0   0.00766

  632.0   0.00765

  633.0   0.00763

  634.0   0.00767

  635.0   0.00762

  636.0   0.00756

  637.0   0.00757

  638.0   0.00757

  639.0   0.00755

  640.0   0.00751

  641.0   0.00750

  642.0   0.00750

  643.0   0.00751

  644.0   0.00750

  645.0   0.00750

  646.0   0.00747

  647.0   0.00747

  648.0   0.00742

  649.0   0.00736

  650.0   0.00734

  651.0   0.00736

  652.0   0.00735

  653.0   0.00732

  654.0   0.00730

  655.0   0.00722

  656.0   0.00718

  657.0   0.00717

  658.0   0.00717

  659.0   0.00714

  660.0   0.00715

  661.0   0.00714

  662.0   0.00714

  663.0   0.00713

  664.0   0.00706

  665.0   0.00707

  666.0   0.00706

  667.0   0.00701

  668.0   0.00702

  669.0   0.00705

  670.0   0.00703

  671.0   0.00703

  672.0   0.00702

  673.0   0.00696

  674.0   0.00699

  675.0   0.00692

  676.0   0.00693

  677.0   0.00684

  678.0   0.00682

  679.0   0.00674

  680.0   0.00674

  681.0   0.00669

  682.0   0.00672

  683.0   0.00671

  684.0   0.00669

  685.0   0.00674

  686.0   0.00674

  687.0   0.00672

  688.0   0.00672

  689.0   0.00668

  690.0   0.00660

  691.0   0.00658

  692.0   0.00653

  693.0   0.00651

  694.0   0.00650

  695.0   0.00646

  696.0   0.00649

  697.0   0.00646

  698.0   0.00646

  699.0   0.00642

  700.0   0.00638

  701.0   0.00639

  702.0   0.00635

  703.0   0.00631

  704.0   0.00632

  705.0   0.00630

  706.0   0.00628

  707.0   0.00628

  708.0   0.00622

  709.0   0.00620

  710.0   0.00618

  711.0   0.00608

  712.0   0.00608

  713.0   0.00602

  714.0   0.00598

  715.0   0.00590

  716.0   0.00590

  717.0   0.00588

  718.0   0.00586

  719.0   0.00588

  720.0   0.00592

  721.0   0.00588

  722.0   0.00591

  723.0   0.00591

  724.0   0.00588

  725.0   0.00586

  726.0   0.00578

  727.0   0.00574

  728.0   0.00572

  729.0   0.00569

  730.0   0.00574

  731.0   0.00567

  732.0   0.00566

  733.0   0.00565

  734.0   0.00560

  735.0   0.00562

  736.0   0.00625

  737.0   0.00615

  738.0   0.00613

  739.0   0.00612

  740.0   0.00611

  741.0   0.00615

  742.0   0.00611

  743.0   0.00605

  744.0   0.00604

  745.0   0.00601

  746.0   0.00601

  747.0   0.00590

  748.0   0.00587

  749.0   0.00584

  750.0   0.00586

  751.0   0.00584

  752.0   0.00581

  753.0   0.00571

  754.0   0.00568

  755.0   0.00566

  756.0   0.00561

  757.0   0.00559

  758.0   0.00549

  759.0   0.00547

  760.0   0.00539

  761.0   0.00532

  762.0   0.00532

  763.0   0.00522

  764.0   0.00523

  765.0   0.00512

  766.0   0.00502

  767.0   0.00500

  768.0   0.00496

  769.0   0.00499

  770.0   0.00497

  771.0   0.00492

  772.0   0.00488

  773.0   0.00483

  774.0   0.00479

  775.0   0.00471

  776.0   0.00464

  777.0   0.00462

  778.0   0.00449

  779.0   0.00447

  780.0   0.00445

  781.0   0.00440

  782.0   0.00438

  783.0   0.00434

  784.0   0.00435

  785.0   0.00427

  786.0   0.00428

  787.0   0.00423

  788.0   0.00424

  789.0   0.00414

  790.0   0.00412

  791.0   0.00413

  792.0   0.00408

  793.0   0.00406

  794.0   0.00404

  795.0   0.00396

  796.0   0.00397

  797.0   0.00400

  798.0   0.00398

  799.0   0.00393

  800.0   0.00385

 
