ser ID: DU600

Method ID: A:\DEFAULT

Date: 07/29/00

Time: 07:14

 200.0   3.22220

  201.0   3.29026

  202.0   3.33041

  203.0   3.36847

  204.0   3.10585

  205.0   3.44107

  206.0   3.47056

  207.0   3.49886

  208.0   3.52660

  209.0   3.07858

  210.0   3.58092

  211.0   3.60520

  212.0   3.62972

  213.0   3.35430

  214.0   2.77333

  215.0   3.09499

  216.0   3.11453

  217.0   3.26007

  218.0   3.15351

  219.0   3.07276

  220.0   3.30963

  221.0   3.02312

  222.0   3.33939

  223.0   3.52847

  224.0   3.24036

  225.0   3.37737

  226.0   3.86759

  227.0   3.40312

  228.0   3.41464

  229.0   3.90304

  230.0   3.13672

  231.0   3.92474

  232.0   3.63296

  233.0   3.46464

  234.0   3.94880

  235.0   3.95415

  236.0   3.95828

  237.0   3.96142

  238.0   3.96346

  239.0   3.96459

  240.0   3.96464

  241.0   3.96440

  242.0   3.96313

  243.0   3.96095

  244.0   3.95875

  245.0   3.95569

  246.0   3.95265

  247.0   3.94856

  248.0   3.94448

  249.0   3.93982

  250.0   3.93536

  251.0   3.62915

  252.0   3.92526

  253.0   3.91986

  254.0   3.61321

  255.0   3.90838

  256.0   3.20417

  257.0   3.42001

  258.0   3.89126

  259.0   3.88423

  260.0   3.87760

  261.0   3.39463

  262.0   3.02007

  263.0   2.85848

  264.0   3.37475

  265.0   2.80439

  266.0   2.93582

  267.0   2.75314

  268.0   2.71239

  269.0   2.59015

  270.0   2.66938

  271.0   2.55610

  272.0   2.46471

  273.0   2.34161

  274.0   2.29625

  275.0   2.21983

  276.0   2.09101

  277.0   2.01905

  278.0   1.97029

  279.0   1.88705

  280.0   1.83188

  281.0   1.77379

  282.0   1.71135

  283.0   1.65022

  284.0   1.59642

  285.0   1.55385

  286.0   1.51108

  287.0   1.46912

  288.0   1.42219

  289.0   1.39773

  290.0   1.36517

  291.0   1.33324

  292.0   1.31291

  293.0   1.29206

  294.0   1.27987

  295.0   1.25416

  296.0   1.24725

  297.0   1.23495

  298.0   1.22919

  299.0   1.22028

  300.0   1.21530

  301.0   1.21114

  302.0   1.20627

  303.0   1.20125

  304.0   1.20804

  305.0   1.20208

  306.0   1.19827

  307.0   1.20079

  308.0   1.18775

  309.0   1.18980

  310.0   1.17857

  311.0   1.17758

  312.0   1.17166

  313.0   1.16242

  314.0   1.15240

  315.0   1.14158

  316.0   1.13659

  317.0   1.12657

  318.0   1.12161

  319.0   1.10892

  320.0   1.09790

  321.0   1.10215

  322.0   1.07927

  323.0   1.07053

  324.0   1.06273

  325.0   1.05759

  326.0   1.05275

  327.0   1.04445

  328.0   1.04006

  329.0   1.03497

  330.0   1.02324

  331.0   1.01232

  332.0   1.00237

  333.0   0.99059

  334.0   0.97861

  335.0   0.96537

  336.0   0.94935

  337.0   0.93601

  338.0   0.91908

  339.0   0.90556

  340.0   0.89128

  341.0   0.87286

  342.0   0.85355

  343.0   0.83781

  344.0   0.81555

  345.0   0.79980

  346.0   0.77709

  347.0   0.75380

  348.0   0.73734

  349.0   0.71416

  350.0   0.69313

  351.0   0.67062

  352.0   0.64993

  353.0   0.62753

  354.0   0.60801

  355.0   0.58985

  356.0   0.57711

  357.0   0.54937

  358.0   0.52716

  359.0   0.50743

  360.0   0.49002

  361.0   0.47005

  362.0   0.45134

  363.0   0.43540

  364.0   0.41944

  365.0   0.40258

  366.0   0.38860

  367.0   0.37399

  368.0   0.36076

  369.0   0.34703

  370.0   0.33509

  371.0   0.32369

  372.0   0.31399

  373.0   0.30345

  374.0   0.29364

  375.0   0.28484

  376.0   0.27563

  377.0   0.26813

  378.0   0.25919

  379.0   0.25227

  380.0   0.24567

  381.0   0.23915

  382.0   0.23387

  383.0   0.22870

  384.0   0.22364

  385.0   0.21957

  386.0   0.21555

  387.0   0.21208

  388.0   0.20903

  389.0   0.20563

  390.0   0.20342

  391.0   0.20107

  392.0   0.19884

  393.0   0.19696

  394.0   0.19494

  395.0   0.19321

  396.0   0.19120

  397.0   0.18929

  398.0   0.18739

  399.0   0.18526

  400.0   0.18316

  401.0   0.18089

  402.0   0.17868

  403.0   0.17617

  404.0   0.17318

  405.0   0.17026

  406.0   0.16775

  407.0   0.16428

  408.0   0.16082

  409.0   0.15696

  410.0   0.15288

  411.0   0.14894

  412.0   0.14423

  413.0   0.14017

  414.0   0.13537

  415.0   0.13290

  416.0   0.12494

  417.0   0.11946

  418.0   0.11442

  419.0   0.10920

  420.0   0.10392

  421.0   0.09889

  422.0   0.09355

  423.0   0.08881

  424.0   0.08368

  425.0   0.07933

  426.0   0.07470

  427.0   0.07077

  428.0   0.06698

  429.0   0.06313

  430.0   0.05962

  431.0   0.05645

  432.0   0.05361

  433.0   0.05052

  434.0   0.04803

  435.0   0.04590

  436.0   0.04370

  437.0   0.04185

  438.0   0.03997

  439.0   0.03843

  440.0   0.03680

  441.0   0.03547

  442.0   0.03429

  443.0   0.03320

  444.0   0.03210

  445.0   0.03111

  446.0   0.03021

  447.0   0.02930

  448.0   0.02847

  449.0   0.02765

  450.0   0.02690

  451.0   0.02601

  452.0   0.02550

  453.0   0.02485

  454.0   0.02415

  455.0   0.02353

  456.0   0.02299

  457.0   0.02251

  458.0   0.02199

  459.0   0.02153

  460.0   0.02101

  461.0   0.02070

  462.0   0.02018

  463.0   0.01981

  464.0   0.01939

  465.0   0.01906

  466.0   0.01874

  467.0   0.01847

  468.0   0.01824

  469.0   0.01798

  470.0   0.01775

  471.0   0.01754

  472.0   0.01731

  473.0   0.01716

  474.0   0.01693

  475.0   0.01675

  476.0   0.01646

  477.0   0.01631

  478.0   0.01614

  479.0   0.01603

  480.0   0.01584

  481.0   0.01574

  482.0   0.01562

  483.0   0.01550

  484.0   0.01547

  485.0   0.01545

  486.0   0.01541

  487.0   0.01545

  488.0   0.01550

  489.0   0.01551

  490.0   0.01558

  491.0   0.01562

  492.0   0.01569

  493.0   0.01578

  494.0   0.01586

  495.0   0.01602

  496.0   0.01615

  497.0   0.01626

  498.0   0.01645

  499.0   0.01664

  500.0   0.01684

  501.0   0.01707

  502.0   0.01736

  503.0   0.01761

  504.0   0.01790

  505.0   0.01814

  506.0   0.01838

  507.0   0.01870

  508.0   0.01902

  509.0   0.01939

  510.0   0.01981

  511.0   0.02021

  512.0   0.02054

  513.0   0.02098

  514.0   0.02141

  515.0   0.02188

  516.0   0.02233

  517.0   0.02273

  518.0   0.02319

  519.0   0.02362

  520.0   0.02408

  521.0   0.02458

  522.0   0.02504

  523.0   0.02557

  524.0   0.02601

  525.0   0.02655

  526.0   0.02704

  527.0   0.02755

  528.0   0.02795

  529.0   0.02838

  530.0   0.02898

  531.0   0.02950

  532.0   0.03008

  533.0   0.03059

  534.0   0.03123

  535.0   0.03184

  536.0   0.03242

  537.0   0.03307

  538.0   0.03365

  539.0   0.03423

  540.0   0.03483

  541.0   0.03535

  542.0   0.03590

  543.0   0.03641

  544.0   0.03701

  545.0   0.03749

  546.0   0.03800

  547.0   0.03844

  548.0   0.03881

  549.0   0.03917

  550.0   0.03954

  551.0   0.03982

  552.0   0.04009

  553.0   0.04031

  554.0   0.04048

  555.0   0.04061

  556.0   0.04076

  557.0   0.04350

  558.0   0.04361

  559.0   0.04362

  560.0   0.04373

  561.0   0.04377

  562.0   0.04382

  563.0   0.04387

  564.0   0.04388

  565.0   0.04380

  566.0   0.04383

  567.0   0.04385

  568.0   0.04384

  569.0   0.04387

  570.0   0.04388

  571.0   0.04390

  572.0   0.04393

  573.0   0.04396

  574.0   0.04399

  575.0   0.04398

  576.0   0.04389

  577.0   0.04386

  578.0   0.04385

  579.0   0.04389

  580.0   0.04379

  581.0   0.04385

  582.0   0.04380

  583.0   0.04386

  584.0   0.04393

  585.0   0.04405

  586.0   0.04419

  587.0   0.04427

  588.0   0.04427

  589.0   0.04431

  590.0   0.04439

  591.0   0.04451

  592.0   0.04456

  593.0   0.04468

  594.0   0.04476

  595.0   0.04485

  596.0   0.04501

  597.0   0.04512

  598.0   0.04525

  599.0   0.04534

  600.0   0.04549

  601.0   0.04562

  602.0   0.04574

  603.0   0.04580

  604.0   0.04586

  605.0   0.04598

  606.0   0.04606

  607.0   0.04613

  608.0   0.04625

  609.0   0.04628

  610.0   0.04638

  611.0   0.04643

  612.0   0.04654

  613.0   0.04664

  614.0   0.04673

  615.0   0.04680

  616.0   0.04684

  617.0   0.04690

  618.0   0.04695

  619.0   0.04699

  620.0   0.04700

  621.0   0.04706

  622.0   0.04709

  623.0   0.04711

  624.0   0.04710

  625.0   0.04710

  626.0   0.04709

  627.0   0.04707

  628.0   0.04705

  629.0   0.04700

  630.0   0.04693

  631.0   0.04690

  632.0   0.04682

  633.0   0.04677

  634.0   0.04671

  635.0   0.04662

  636.0   0.04656

  637.0   0.04651

  638.0   0.04645

  639.0   0.04633

  640.0   0.04622

  641.0   0.04611

  642.0   0.04594

  643.0   0.04583

  644.0   0.04566

  645.0   0.04552

  646.0   0.04530

  647.0   0.04514

  648.0   0.04494

  649.0   0.04472

  650.0   0.04456

  651.0   0.04433

  652.0   0.04416

  653.0   0.04392

  654.0   0.04368

  655.0   0.04341

  656.0   0.04321

  657.0   0.04293

  658.0   0.04264

  659.0   0.04235

  660.0   0.04202

  661.0   0.04170

  662.0   0.04141

  663.0   0.04107

  664.0   0.04076

  665.0   0.04041

  666.0   0.04009

  667.0   0.03969

  668.0   0.03942

  669.0   0.03914

  670.0   0.03875

  671.0   0.03843

  672.0   0.03809

  673.0   0.03768

  674.0   0.03741

  675.0   0.03703

  676.0   0.03660

  677.0   0.03619

  678.0   0.03566

  679.0   0.03527

  680.0   0.03494

  681.0   0.03457

  682.0   0.03424

  683.0   0.03390

  684.0   0.03353

  685.0   0.03319

  686.0   0.03283

  687.0   0.03253

  688.0   0.03214

  689.0   0.03174

  690.0   0.03139

  691.0   0.03098

  692.0   0.03059

  693.0   0.03027

  694.0   0.02988

  695.0   0.02954

  696.0   0.02924

  697.0   0.02889

  698.0   0.02853

  699.0   0.02811

  700.0   0.02779

  701.0   0.02742

  702.0   0.02702

  703.0   0.02666

  704.0   0.02633

  705.0   0.02598

  706.0   0.02563

  707.0   0.02532

  708.0   0.02496

  709.0   0.02460

  710.0   0.02422

  711.0   0.02389

  712.0   0.02357

  713.0   0.02326

  714.0   0.02296

  715.0   0.02259

  716.0   0.02233

  717.0   0.02202

  718.0   0.02177

  719.0   0.02145

  720.0   0.02120

  721.0   0.02086

  722.0   0.02054

  723.0   0.02029

  724.0   0.01995

  725.0   0.01971

  726.0   0.01940

  727.0   0.01920

  728.0   0.01889

  729.0   0.01867

  730.0   0.01851

  731.0   0.01827

  732.0   0.01809

  733.0   0.01791

  734.0   0.01770

  735.0   0.01761

  736.0   0.01995

  737.0   0.01956

  738.0   0.01920

  739.0   0.01885

  740.0   0.01855

  741.0   0.01838

  742.0   0.01807

  743.0   0.01777

  744.0   0.01756

  745.0   0.01727

  746.0   0.01704

  747.0   0.01683

  748.0   0.01661

  749.0   0.01638

  750.0   0.01630

  751.0   0.01611

  752.0   0.01589

  753.0   0.01568

  754.0   0.01550

  755.0   0.01531

  756.0   0.01511

  757.0   0.01501

  758.0   0.01479

  759.0   0.01469

  760.0   0.01449

  761.0   0.01436

  762.0   0.01427

  763.0   0.01412

  764.0   0.01408

  765.0   0.01388

  766.0   0.01378

  767.0   0.01364

  768.0   0.01360

  769.0   0.01354

  770.0   0.01345

  771.0   0.01339

  772.0   0.01324

  773.0   0.01318

  774.0   0.01312

  775.0   0.01301

  776.0   0.01286

  777.0   0.01283

  778.0   0.01271

  779.0   0.01268

  780.0   0.01262

  781.0   0.01261

  782.0   0.01264

  783.0   0.01258

  784.0   0.01260

  785.0   0.01251

  786.0   0.01251

  787.0   0.01251

  788.0   0.01251

  789.0   0.01248

  790.0   0.01248

  791.0   0.01247

  792.0   0.01247

  793.0   0.01247

  794.0   0.01244

  795.0   0.01238

  796.0   0.01240

  797.0   0.01248

  798.0   0.01252

  799.0   0.01251

  800.0   0.01240

 
