ser ID: DU600

Method ID: A:\DEFAULT

Date: 07/29/00

Time: 03:43

 200.0   2.92117

  201.0   3.29026

  202.0   3.33041

  203.0   3.36847

  204.0   3.40688

  205.0   3.44107

  206.0   3.47056

  207.0   3.19783

  208.0   3.52660

  209.0   3.55570

  210.0   3.27990

  211.0   3.60520

  212.0   3.62972

  213.0   3.35430

  214.0   3.67642

  215.0   3.69705

  216.0   3.71659

  217.0   3.73719

  218.0   3.75557

  219.0   3.77173

  220.0   3.78675

  221.0   3.80127

  222.0   3.81651

  223.0   3.82950

  224.0   3.84242

  225.0   3.85449

  226.0   3.86759

  227.0   3.88024

  228.0   3.89176

  229.0   3.30098

  230.0   3.91487

  231.0   3.44762

  232.0   3.93399

  233.0   3.94176

  234.0   3.94880

  235.0   3.95415

  236.0   3.95828

  237.0   3.96142

  238.0   3.96346

  239.0   3.96459

  240.0   3.96464

  241.0   3.96440

  242.0   3.96313

  243.0   3.96095

  244.0   3.95875

  245.0   3.95569

  246.0   3.95265

  247.0   3.94856

  248.0   3.94448

  249.0   3.93982

  250.0   3.63433

  251.0   3.45306

  252.0   3.44814

  253.0   3.91986

  254.0   3.91424

  255.0   3.90838

  256.0   3.90314

  257.0   3.89713

  258.0   3.89126

  259.0   3.88423

  260.0   3.87760

  261.0   3.87175

  262.0   3.86516

  263.0   3.85848

  264.0   3.85187

  265.0   3.84578

  266.0   3.83891

  267.0   3.23026

  268.0   3.52530

  269.0   3.21854

  270.0   3.81551

  271.0   3.51034

  272.0   3.50610

  273.0   3.80400

  274.0   3.80140

  275.0   3.32249

  276.0   3.79858

  277.0   3.79720

  278.0   3.09740

  279.0   3.31841

  280.0   2.95057

  281.0   2.84073

  282.0   2.71496

  283.0   2.56278

  284.0   2.39438

  285.0   2.34474

  286.0   2.23581

  287.0   2.09237

  288.0   1.97850

  289.0   1.88909

  290.0   1.80653

  291.0   1.74492

  292.0   1.66724

  293.0   1.60136

  294.0   1.54645

  295.0   1.48273

  296.0   1.42457

  297.0   1.38422

  298.0   1.33511

  299.0   1.28180

  300.0   1.23794

  301.0   1.19749

  302.0   1.15537

  303.0   1.11828

  304.0   1.08750

  305.0   1.05979

  306.0   1.02685

  307.0   0.99726

  308.0   0.97716

  309.0   0.94879

  310.0   0.92291

  311.0   0.89642

  312.0   0.87419

  313.0   0.85210

  314.0   0.83091

  315.0   0.81483

  316.0   0.79470

  317.0   0.78238

  318.0   0.77045

  319.0   0.76093

  320.0   0.75405

  321.0   0.75035

  322.0   0.74478

  323.0   0.74220

  324.0   0.74462

  325.0   0.74641

  326.0   0.75118

  327.0   0.75463

  328.0   0.75988

  329.0   0.76660

  330.0   0.77550

  331.0   0.78101

  332.0   0.79130

  333.0   0.79910

  334.0   0.80941

  335.0   0.82171

  336.0   0.83275

  337.0   0.84455

  338.0   0.85739

  339.0   0.87238

  340.0   0.88358

  341.0   0.90138

  342.0   0.91265

  343.0   0.92421

  344.0   0.94185

  345.0   0.95088

  346.0   0.96336

  347.0   0.97382

  348.0   0.98545

  349.0   0.99260

  350.0   1.00379

  351.0   1.00450

  352.0   1.00923

  353.0   1.01097

  354.0   1.01737

  355.0   1.01239

  356.0   1.01235

  357.0   1.01086

  358.0   1.00580

  359.0   0.99956

  360.0   0.99331

  361.0   0.98457

  362.0   0.97603

  363.0   0.96454

  364.0   0.95440

  365.0   0.94042

  366.0   0.93193

  367.0   0.91823

  368.0   0.90666

  369.0   0.89403

  370.0   0.88021

  371.0   0.86620

  372.0   0.85544

  373.0   0.83949

  374.0   0.82897

  375.0   0.81688

  376.0   0.80403

  377.0   0.79277

  378.0   0.77951

  379.0   0.76534

  380.0   0.75365

  381.0   0.74009

  382.0   0.72812

  383.0   0.71504

  384.0   0.70030

  385.0   0.68743

  386.0   0.67268

  387.0   0.65923

  388.0   0.64618

  389.0   0.63192

  390.0   0.61925

  391.0   0.60558

  392.0   0.59180

  393.0   0.58009

  394.0   0.56693

  395.0   0.55536

  396.0   0.54359

  397.0   0.53241

  398.0   0.52141

  399.0   0.50985

  400.0   0.50034

  401.0   0.49044

  402.0   0.48021

  403.0   0.47087

  404.0   0.46080

  405.0   0.45142

  406.0   0.44274

  407.0   0.43272

  408.0   0.42355

  409.0   0.41330

  410.0   0.40359

  411.0   0.39424

  412.0   0.38349

  413.0   0.37456

  414.0   0.36416

  415.0   0.35897

  416.0   0.34234

  417.0   0.33112

  418.0   0.32086

  419.0   0.30991

  420.0   0.29964

  421.0   0.28942

  422.0   0.27884

  423.0   0.26910

  424.0   0.25858

  425.0   0.24940

  426.0   0.23944

  427.0   0.23085

  428.0   0.22253

  429.0   0.21376

  430.0   0.20598

  431.0   0.19795

  432.0   0.19093

  433.0   0.18370

  434.0   0.17742

  435.0   0.17128

  436.0   0.16515

  437.0   0.15964

  438.0   0.15391

  439.0   0.14892

  440.0   0.14377

  441.0   0.13915

  442.0   0.13460

  443.0   0.13049

  444.0   0.12649

  445.0   0.12227

  446.0   0.11856

  447.0   0.11481

  448.0   0.11134

  449.0   0.10756

  450.0   0.10426

  451.0   0.10069

  452.0   0.09760

  453.0   0.09426

  454.0   0.09101

  455.0   0.08786

  456.0   0.08508

  457.0   0.08220

  458.0   0.07924

  459.0   0.07657

  460.0   0.07369

  461.0   0.07120

  462.0   0.06842

  463.0   0.06603

  464.0   0.06339

  465.0   0.06117

  466.0   0.05870

  467.0   0.05670

  468.0   0.05452

  469.0   0.05250

  470.0   0.05044

  471.0   0.04863

  472.0   0.04674

  473.0   0.04502

  474.0   0.04316

  475.0   0.04156

  476.0   0.03981

  477.0   0.03840

  478.0   0.03681

  479.0   0.03553

  480.0   0.03409

  481.0   0.03293

  482.0   0.03154

  483.0   0.03047

  484.0   0.02929

  485.0   0.02821

  486.0   0.02709

  487.0   0.02621

  488.0   0.02528

  489.0   0.02442

  490.0   0.02357

  491.0   0.02282

  492.0   0.02201

  493.0   0.02137

  494.0   0.02065

  495.0   0.02010

  496.0   0.01943

  497.0   0.01896

  498.0   0.01838

  499.0   0.01791

  500.0   0.01739

  501.0   0.01703

  502.0   0.01660

  503.0   0.01620

  504.0   0.01591

  505.0   0.01552

  506.0   0.01515

  507.0   0.01488

  508.0   0.01464

  509.0   0.01442

  510.0   0.01423

  511.0   0.01400

  512.0   0.01379

  513.0   0.01362

  514.0   0.01345

  515.0   0.01332

  516.0   0.01315

  517.0   0.01309

  518.0   0.01296

  519.0   0.01289

  520.0   0.01283

  521.0   0.01280

  522.0   0.01278

  523.0   0.01280

  524.0   0.01274

  525.0   0.01276

  526.0   0.01283

  527.0   0.01281

  528.0   0.01280

  529.0   0.01279

  530.0   0.01286

  531.0   0.01289

  532.0   0.01301

  533.0   0.01301

  534.0   0.01315

  535.0   0.01324

  536.0   0.01337

  537.0   0.01349

  538.0   0.01357

  539.0   0.01364

  540.0   0.01372

  541.0   0.01381

  542.0   0.01390

  543.0   0.01399

  544.0   0.01413

  545.0   0.01421

  546.0   0.01430

  547.0   0.01439

  548.0   0.01448

  549.0   0.01449

  550.0   0.01459

  551.0   0.01461

  552.0   0.01467

  553.0   0.01469

  554.0   0.01470

  555.0   0.01475

  556.0   0.01472

  557.0   0.01566

  558.0   0.01572

  559.0   0.01570

  560.0   0.01574

  561.0   0.01577

  562.0   0.01579

  563.0   0.01587

  564.0   0.01584

  565.0   0.01581

  566.0   0.01586

  567.0   0.01584

  568.0   0.01587

  569.0   0.01588

  570.0   0.01586

  571.0   0.01589

  572.0   0.01590

  573.0   0.01589

  574.0   0.01593

  575.0   0.01590

  576.0   0.01587

  577.0   0.01585

  578.0   0.01584

  579.0   0.01583

  580.0   0.01579

  581.0   0.01582

  582.0   0.01580

  583.0   0.01581

  584.0   0.01583

  585.0   0.01582

  586.0   0.01582

  587.0   0.01585

  588.0   0.01579

  589.0   0.01582

  590.0   0.01581

  591.0   0.01583

  592.0   0.01584

  593.0   0.01578

  594.0   0.01580

  595.0   0.01580

  596.0   0.01585

  597.0   0.01590

  598.0   0.01592

  599.0   0.01592

  600.0   0.01598

  601.0   0.01603

  602.0   0.01602

  603.0   0.01606

  604.0   0.01610

  605.0   0.01618

  606.0   0.01619

  607.0   0.01620

  608.0   0.01627

  609.0   0.01630

  610.0   0.01635

  611.0   0.01639

  612.0   0.01647

  613.0   0.01651

  614.0   0.01658

  615.0   0.01656

  616.0   0.01655

  617.0   0.01656

  618.0   0.01655

  619.0   0.01657

  620.0   0.01659

  621.0   0.01660

  622.0   0.01664

  623.0   0.01664

  624.0   0.01663

  625.0   0.01665

  626.0   0.01666

  627.0   0.01668

  628.0   0.01673

  629.0   0.01669

  630.0   0.01669

  631.0   0.01670

  632.0   0.01665

  633.0   0.01665

  634.0   0.01662

  635.0   0.01655

  636.0   0.01651

  637.0   0.01647

  638.0   0.01641

  639.0   0.01637

  640.0   0.01633

  641.0   0.01624

  642.0   0.01622

  643.0   0.01615

  644.0   0.01609

  645.0   0.01606

  646.0   0.01593

  647.0   0.01588

  648.0   0.01578

  649.0   0.01566

  650.0   0.01554

  651.0   0.01547

  652.0   0.01543

  653.0   0.01536

  654.0   0.01531

  655.0   0.01524

  656.0   0.01522

  657.0   0.01517

  658.0   0.01509

  659.0   0.01499

  660.0   0.01487

  661.0   0.01476

  662.0   0.01464

  663.0   0.01455

  664.0   0.01447

  665.0   0.01441

  666.0   0.01435

  667.0   0.01432

  668.0   0.01428

  669.0   0.01427

  670.0   0.01412

  671.0   0.01403

  672.0   0.01393

  673.0   0.01384

  674.0   0.01379

  675.0   0.01371

  676.0   0.01361

  677.0   0.01345

  678.0   0.01332

  679.0   0.01317

  680.0   0.01309

  681.0   0.01297

  682.0   0.01291

  683.0   0.01280

  684.0   0.01268

  685.0   0.01262

  686.0   0.01256

  687.0   0.01253

  688.0   0.01244

  689.0   0.01235

  690.0   0.01226

  691.0   0.01216

  692.0   0.01202

  693.0   0.01194

  694.0   0.01185

  695.0   0.01170

  696.0   0.01164

  697.0   0.01152

  698.0   0.01141

  699.0   0.01131

  700.0   0.01122

  701.0   0.01115

  702.0   0.01103

  703.0   0.01096

  704.0   0.01085

  705.0   0.01078

  706.0   0.01070

  707.0   0.01066

  708.0   0.01051

  709.0   0.01044

  710.0   0.01040

  711.0   0.01027

  712.0   0.01014

  713.0   0.01006

  714.0   0.00999

  715.0   0.00989

  716.0   0.00984

  717.0   0.00972

  718.0   0.00966

  719.0   0.00961

  720.0   0.00953

  721.0   0.00946

  722.0   0.00936

  723.0   0.00935

  724.0   0.00923

  725.0   0.00918

  726.0   0.00910

  727.0   0.00902

  728.0   0.00893

  729.0   0.00889

  730.0   0.00889

  731.0   0.00884

  732.0   0.00879

  733.0   0.00875

  734.0   0.00863

  735.0   0.00860

  736.0   0.00967

  737.0   0.00950

  738.0   0.00940

  739.0   0.00929

  740.0   0.00919

  741.0   0.00915

  742.0   0.00900

  743.0   0.00890

  744.0   0.00884

  745.0   0.00872

  746.0   0.00864

  747.0   0.00858

  748.0   0.00849

  749.0   0.00841

  750.0   0.00836

  751.0   0.00828

  752.0   0.00817

  753.0   0.00807

  754.0   0.00799

  755.0   0.00794

  756.0   0.00786

  757.0   0.00785

  758.0   0.00772

  759.0   0.00765

  760.0   0.00757

  761.0   0.00750

  762.0   0.00740

  763.0   0.00730

  764.0   0.00725

  765.0   0.00710

  766.0   0.00700

  767.0   0.00690

  768.0   0.00686

  769.0   0.00687

  770.0   0.00679

  771.0   0.00675

  772.0   0.00665

  773.0   0.00658

  774.0   0.00651

  775.0   0.00647

  776.0   0.00637

  777.0   0.00641

  778.0   0.00634

  779.0   0.00632

  780.0   0.00630

  781.0   0.00621

  782.0   0.00622

  783.0   0.00612

  784.0   0.00610

  785.0   0.00600

  786.0   0.00596

  787.0   0.00589

  788.0   0.00584

  789.0   0.00583

  790.0   0.00581

  791.0   0.00591

  792.0   0.00592

  793.0   0.00588

  794.0   0.00589

  795.0   0.00582

  796.0   0.00585

  797.0   0.00586

  798.0   0.00587

  799.0   0.00585

  800.0   0.00577

 
