ser ID: DU600

Method ID: A:\DEFAULT

Date: 07/29/00

Time: 08:02

 200.0   3.22220

  201.0   3.29026

  202.0   2.42732

  203.0   2.76641

  204.0   3.40688

  205.0   3.44107

  206.0   3.47056

  207.0   3.49886

  208.0   3.52660

  209.0   3.25467

  210.0   3.58092

  211.0   3.60520

  212.0   3.15259

  213.0   2.87718

  214.0   3.67642

  215.0   2.99808

  216.0   3.23947

  217.0   3.73719

  218.0   3.75557

  219.0   3.77173

  220.0   3.78675

  221.0   3.80127

  222.0   3.81651

  223.0   3.82950

  224.0   3.84242

  225.0   3.85449

  226.0   3.86759

  227.0   3.88024

  228.0   3.19279

  229.0   3.90304

  230.0   3.91487

  231.0   3.44762

  232.0   3.93399

  233.0   3.64073

  234.0   3.94880

  235.0   3.65312

  236.0   3.95828

  237.0   3.96142

  238.0   3.96346

  239.0   3.96459

  240.0   3.96464

  241.0   3.96440

  242.0   3.96313

  243.0   3.96095

  244.0   3.65772

  245.0   3.95569

  246.0   3.95265

  247.0   3.17041

  248.0   3.94448

  249.0   3.93982

  250.0   3.63433

  251.0   3.93018

  252.0   3.44814

  253.0   3.91986

  254.0   3.91424

  255.0   3.90838

  256.0   3.42602

  257.0   3.89713

  258.0   3.89126

  259.0   3.28217

  260.0   3.40048

  261.0   3.87175

  262.0   2.91092

  263.0   3.01338

  264.0   2.89763

  265.0   3.00068

  266.0   3.36179

  267.0   2.98722

  268.0   3.22427

  269.0   3.21854

  270.0   2.63942

  271.0   2.58092

  272.0   2.50610

  273.0   2.40606

  274.0   2.26992

  275.0   2.10065

  276.0   2.09101

  277.0   1.97765

  278.0   1.89328

  279.0   1.81781

  280.0   1.77448

  281.0   1.71943

  282.0   1.67029

  283.0   1.62297

  284.0   1.57221

  285.0   1.52239

  286.0   1.49108

  287.0   1.44303

  288.0   1.40759

  289.0   1.37388

  290.0   1.34770

  291.0   1.32138

  292.0   1.30019

  293.0   1.27466

  294.0   1.25786

  295.0   1.24548

  296.0   1.23508

  297.0   1.23495

  298.0   1.22563

  299.0   1.22262

  300.0   1.21414

  301.0   1.21345

  302.0   1.21322

  303.0   1.20933

  304.0   1.20921

  305.0   1.20441

  306.0   1.20294

  307.0   1.19961

  308.0   1.19830

  309.0   1.19098

  310.0   1.18680

  311.0   1.18350

  312.0   1.17760

  313.0   1.17674

  314.0   1.16902

  315.0   1.15444

  316.0   1.14478

  317.0   1.13586

  318.0   1.12276

  319.0   1.11697

  320.0   1.10814

  321.0   1.09646

  322.0   1.08492

  323.0   1.07497

  324.0   1.07487

  325.0   1.06742

  326.0   1.05923

  327.0   1.05404

  328.0   1.04321

  329.0   1.03807

  330.0   1.02424

  331.0   1.01525

  332.0   1.00237

  333.0   0.99151

  334.0   0.97951

  335.0   0.96110

  336.0   0.94853

  337.0   0.93363

  338.0   0.91529

  339.0   0.90191

  340.0   0.88427

  341.0   0.87151

  342.0   0.84908

  343.0   0.83047

  344.0   0.80747

  345.0   0.78930

  346.0   0.76974

  347.0   0.74636

  348.0   0.72407

  349.0   0.70427

  350.0   0.67951

  351.0   0.65806

  352.0   0.63527

  353.0   0.61285

  354.0   0.59083

  355.0   0.57396

  356.0   0.56291

  357.0   0.52814

  358.0   0.50906

  359.0   0.48965

  360.0   0.47068

  361.0   0.45213

  362.0   0.43364

  363.0   0.41673

  364.0   0.40162

  365.0   0.38434

  366.0   0.37026

  367.0   0.35497

  368.0   0.34154

  369.0   0.32895

  370.0   0.31593

  371.0   0.30509

  372.0   0.29537

  373.0   0.28497

  374.0   0.27563

  375.0   0.26691

  376.0   0.25791

  377.0   0.25014

  378.0   0.24208

  379.0   0.23531

  380.0   0.22888

  381.0   0.22261

  382.0   0.21779

  383.0   0.21261

  384.0   0.20806

  385.0   0.20415

  386.0   0.20087

  387.0   0.19783

  388.0   0.19495

  389.0   0.19233

  390.0   0.19025

  391.0   0.18827

  392.0   0.18614

  393.0   0.18467

  394.0   0.18283

  395.0   0.18106

  396.0   0.17973

  397.0   0.17783

  398.0   0.17626

  399.0   0.17427

  400.0   0.17247

  401.0   0.17053

  402.0   0.16831

  403.0   0.16634

  404.0   0.16350

  405.0   0.16057

  406.0   0.15804

  407.0   0.15502

  408.0   0.15193

  409.0   0.14812

  410.0   0.14431

  411.0   0.14066

  412.0   0.13617

  413.0   0.13234

  414.0   0.12800

  415.0   0.12569

  416.0   0.11766

  417.0   0.11258

  418.0   0.10759

  419.0   0.10243

  420.0   0.09749

  421.0   0.09278

  422.0   0.08766

  423.0   0.08296

  424.0   0.07812

  425.0   0.07396

  426.0   0.06960

  427.0   0.06597

  428.0   0.06218

  429.0   0.05863

  430.0   0.05525

  431.0   0.05209

  432.0   0.04944

  433.0   0.04660

  434.0   0.04435

  435.0   0.04231

  436.0   0.04021

  437.0   0.03862

  438.0   0.03677

  439.0   0.03535

  440.0   0.03384

  441.0   0.03278

  442.0   0.03151

  443.0   0.03056

  444.0   0.02951

  445.0   0.02856

  446.0   0.02780

  447.0   0.02706

  448.0   0.02632

  449.0   0.02561

  450.0   0.02493

  451.0   0.02425

  452.0   0.02375

  453.0   0.02321

  454.0   0.02248

  455.0   0.02200

  456.0   0.02152

  457.0   0.02114

  458.0   0.02067

  459.0   0.02030

  460.0   0.01983

  461.0   0.01948

  462.0   0.01906

  463.0   0.01878

  464.0   0.01837

  465.0   0.01802

  466.0   0.01772

  467.0   0.01751

  468.0   0.01730

  469.0   0.01717

  470.0   0.01693

  471.0   0.01671

  472.0   0.01657

  473.0   0.01646

  474.0   0.01628

  475.0   0.01612

  476.0   0.01593

  477.0   0.01580

  478.0   0.01562

  479.0   0.01554

  480.0   0.01545

  481.0   0.01538

  482.0   0.01527

  483.0   0.01523

  484.0   0.01518

  485.0   0.01516

  486.0   0.01513

  487.0   0.01524

  488.0   0.01532

  489.0   0.01535

  490.0   0.01540

  491.0   0.01551

  492.0   0.01558

  493.0   0.01565

  494.0   0.01582

  495.0   0.01598

  496.0   0.01609

  497.0   0.01626

  498.0   0.01651

  499.0   0.01668

  500.0   0.01690

  501.0   0.01715

  502.0   0.01746

  503.0   0.01767

  504.0   0.01798

  505.0   0.01832

  506.0   0.01857

  507.0   0.01894

  508.0   0.01925

  509.0   0.01966

  510.0   0.02002

  511.0   0.02042

  512.0   0.02077

  513.0   0.02122

  514.0   0.02162

  515.0   0.02211

  516.0   0.02255

  517.0   0.02295

  518.0   0.02345

  519.0   0.02386

  520.0   0.02438

  521.0   0.02484

  522.0   0.02530

  523.0   0.02590

  524.0   0.02638

  525.0   0.02694

  526.0   0.02749

  527.0   0.02799

  528.0   0.02846

  529.0   0.02898

  530.0   0.02956

  531.0   0.03005

  532.0   0.03070

  533.0   0.03122

  534.0   0.03186

  535.0   0.03250

  536.0   0.03308

  537.0   0.03371

  538.0   0.03429

  539.0   0.03489

  540.0   0.03554

  541.0   0.03610

  542.0   0.03665

  543.0   0.03718

  544.0   0.03772

  545.0   0.03822

  546.0   0.03874

  547.0   0.03916

  548.0   0.03958

  549.0   0.03994

  550.0   0.04034

  551.0   0.04065

  552.0   0.04090

  553.0   0.04113

  554.0   0.04133

  555.0   0.04150

  556.0   0.04161

  557.0   0.04431

  558.0   0.04439

  559.0   0.04440

  560.0   0.04458

  561.0   0.04460

  562.0   0.04464

  563.0   0.04466

  564.0   0.04464

  565.0   0.04465

  566.0   0.04465

  567.0   0.04469

  568.0   0.04467

  569.0   0.04471

  570.0   0.04474

  571.0   0.04474

  572.0   0.04474

  573.0   0.04474

  574.0   0.04474

  575.0   0.04477

  576.0   0.04472

  577.0   0.04468

  578.0   0.04469

  579.0   0.04473

  580.0   0.04469

  581.0   0.04469

  582.0   0.04467

  583.0   0.04474

  584.0   0.04481

  585.0   0.04490

  586.0   0.04499

  587.0   0.04511

  588.0   0.04510

  589.0   0.04516

  590.0   0.04526

  591.0   0.04536

  592.0   0.04546

  593.0   0.04556

  594.0   0.04569

  595.0   0.04576

  596.0   0.04589

  597.0   0.04601

  598.0   0.04611

  599.0   0.04620

  600.0   0.04631

  601.0   0.04643

  602.0   0.04653

  603.0   0.04666

  604.0   0.04674

  605.0   0.04686

  606.0   0.04697

  607.0   0.04701

  608.0   0.04710

  609.0   0.04717

  610.0   0.04726

  611.0   0.04733

  612.0   0.04742

  613.0   0.04753

  614.0   0.04763

  615.0   0.04765

  616.0   0.04773

  617.0   0.04777

  618.0   0.04785

  619.0   0.04791

  620.0   0.04790

  621.0   0.04794

  622.0   0.04799

  623.0   0.04795

  624.0   0.04797

  625.0   0.04801

  626.0   0.04800

  627.0   0.04797

  628.0   0.04796

  629.0   0.04790

  630.0   0.04787

  631.0   0.04787

  632.0   0.04778

  633.0   0.04774

  634.0   0.04764

  635.0   0.04753

  636.0   0.04745

  637.0   0.04739

  638.0   0.04734

  639.0   0.04721

  640.0   0.04708

  641.0   0.04698

  642.0   0.04683

  643.0   0.04669

  644.0   0.04650

  645.0   0.04636

  646.0   0.04613

  647.0   0.04601

  648.0   0.04585

  649.0   0.04569

  650.0   0.04549

  651.0   0.04528

  652.0   0.04506

  653.0   0.04477

  654.0   0.04452

  655.0   0.04420

  656.0   0.04401

  657.0   0.04379

  658.0   0.04348

  659.0   0.04321

  660.0   0.04288

  661.0   0.04258

  662.0   0.04224

  663.0   0.04189

  664.0   0.04158

  665.0   0.04124

  666.0   0.04084

  667.0   0.04047

  668.0   0.04016

  669.0   0.03981

  670.0   0.03944

  671.0   0.03910

  672.0   0.03872

  673.0   0.03835

  674.0   0.03799

  675.0   0.03762

  676.0   0.03718

  677.0   0.03681

  678.0   0.03633

  679.0   0.03593

  680.0   0.03560

  681.0   0.03523

  682.0   0.03487

  683.0   0.03449

  684.0   0.03412

  685.0   0.03380

  686.0   0.03341

  687.0   0.03309

  688.0   0.03268

  689.0   0.03227

  690.0   0.03188

  691.0   0.03149

  692.0   0.03108

  693.0   0.03079

  694.0   0.03040

  695.0   0.03002

  696.0   0.02970

  697.0   0.02926

  698.0   0.02894

  699.0   0.02852

  700.0   0.02816

  701.0   0.02782

  702.0   0.02744

  703.0   0.02708

  704.0   0.02673

  705.0   0.02638

  706.0   0.02601

  707.0   0.02571

  708.0   0.02530

  709.0   0.02495

  710.0   0.02463

  711.0   0.02426

  712.0   0.02398

  713.0   0.02362

  714.0   0.02328

  715.0   0.02293

  716.0   0.02265

  717.0   0.02234

  718.0   0.02205

  719.0   0.02173

  720.0   0.02151

  721.0   0.02117

  722.0   0.02083

  723.0   0.02058

  724.0   0.02028

  725.0   0.02001

  726.0   0.01973

  727.0   0.01943

  728.0   0.01917

  729.0   0.01897

  730.0   0.01881

  731.0   0.01858

  732.0   0.01840

  733.0   0.01824

  734.0   0.01804

  735.0   0.01792

  736.0   0.02021

  737.0   0.01981

  738.0   0.01948

  739.0   0.01912

  740.0   0.01886

  741.0   0.01863

  742.0   0.01840

  743.0   0.01808

  744.0   0.01786

  745.0   0.01757

  746.0   0.01734

  747.0   0.01714

  748.0   0.01691

  749.0   0.01669

  750.0   0.01655

  751.0   0.01630

  752.0   0.01611

  753.0   0.01593

  754.0   0.01580

  755.0   0.01559

  756.0   0.01544

  757.0   0.01532

  758.0   0.01506

  759.0   0.01497

  760.0   0.01479

  761.0   0.01467

  762.0   0.01457

  763.0   0.01439

  764.0   0.01430

  765.0   0.01410

  766.0   0.01392

  767.0   0.01383

  768.0   0.01377

  769.0   0.01368

  770.0   0.01361

  771.0   0.01352

  772.0   0.01338

  773.0   0.01329

  774.0   0.01323

  775.0   0.01314

  776.0   0.01303

  777.0   0.01300

  778.0   0.01288

  779.0   0.01285

  780.0   0.01281

  781.0   0.01278

  782.0   0.01283

  783.0   0.01275

  784.0   0.01274

  785.0   0.01268

  786.0   0.01274

  787.0   0.01271

  788.0   0.01271

  789.0   0.01268

  790.0   0.01262

  791.0   0.01265

  792.0   0.01270

  793.0   0.01267

  794.0   0.01267

  795.0   0.01261

  796.0   0.01263

  797.0   0.01265

  798.0   0.01266

  799.0   0.01265

  800.0   0.01260

 
