ser ID: DU600

Method ID: A:\DEFAULT

Date: 07/29/00

Time: 03:32

 200.0   2.92117

  201.0   3.29026

  202.0   3.33041

  203.0   3.36847

  204.0   3.40688

  205.0   3.44107

  206.0   3.47056

  207.0   3.49886

  208.0   3.52660

  209.0   3.55570

  210.0   3.58092

  211.0   3.60520

  212.0   3.62972

  213.0   3.65533

  214.0   3.67642

  215.0   3.39602

  216.0   3.71659

  217.0   3.73719

  218.0   3.75557

  219.0   3.77173

  220.0   3.78675

  221.0   3.80127

  222.0   3.81651

  223.0   3.52847

  224.0   3.84242

  225.0   3.85449

  226.0   3.86759

  227.0   3.88024

  228.0   3.89176

  229.0   3.90304

  230.0   3.91487

  231.0   3.92474

  232.0   3.63296

  233.0   3.94176

  234.0   3.94880

  235.0   3.95415

  236.0   3.95828

  237.0   3.96142

  238.0   3.96346

  239.0   3.96459

  240.0   3.66361

  241.0   3.96440

  242.0   3.96313

  243.0   3.96095

  244.0   3.95875

  245.0   3.95569

  246.0   3.95265

  247.0   3.94856

  248.0   3.94448

  249.0   3.93982

  250.0   3.93536

  251.0   3.93018

  252.0   3.92526

  253.0   3.91986

  254.0   3.91424

  255.0   3.90838

  256.0   3.90314

  257.0   3.89713

  258.0   3.89126

  259.0   3.88423

  260.0   3.87760

  261.0   3.87175

  262.0   3.86516

  263.0   3.85848

  264.0   3.85187

  265.0   3.84578

  266.0   3.83891

  267.0   3.83232

  268.0   3.82633

  269.0   3.51957

  270.0   3.81551

  271.0   3.03322

  272.0   3.80713

  273.0   3.80400

  274.0   3.80140

  275.0   3.79962

  276.0   3.79858

  277.0   3.79720

  278.0   3.19431

  279.0   2.95043

  280.0   3.19361

  281.0   3.19292

  282.0   3.09517

  283.0   2.71405

  284.0   2.58820

  285.0   2.51315

  286.0   2.30075

  287.0   2.21156

  288.0   2.06713

  289.0   1.99979

  290.0   1.92407

  291.0   1.82101

  292.0   1.74513

  293.0   1.65461

  294.0   1.57957

  295.0   1.52033

  296.0   1.44940

  297.0   1.39801

  298.0   1.34277

  299.0   1.28586

  300.0   1.23672

  301.0   1.18318

  302.0   1.13248

  303.0   1.08556

  304.0   1.04942

  305.0   1.01453

  306.0   0.97596

  307.0   0.94643

  308.0   0.92042

  309.0   0.88818

  310.0   0.85652

  311.0   0.82710

  312.0   0.79899

  313.0   0.77541

  314.0   0.75237

  315.0   0.73160

  316.0   0.71368

  317.0   0.69803

  318.0   0.68227

  319.0   0.67073

  320.0   0.66620

  321.0   0.66417

  322.0   0.66009

  323.0   0.65675

  324.0   0.66110

  325.0   0.66706

  326.0   0.66986

  327.0   0.67617

  328.0   0.68418

  329.0   0.69499

  330.0   0.70790

  331.0   0.72066

  332.0   0.73646

  333.0   0.74768

  334.0   0.75927

  335.0   0.77824

  336.0   0.79412

  337.0   0.81227

  338.0   0.82923

  339.0   0.84987

  340.0   0.86858

  341.0   0.89213

  342.0   0.90971

  343.0   0.92196

  344.0   0.94263

  345.0   0.96050

  346.0   0.97910

  347.0   0.99684

  348.0   1.01088

  349.0   1.03047

  350.0   1.04262

  351.0   1.05124

  352.0   1.05859

  353.0   1.06472

  354.0   1.07523

  355.0   1.07918

  356.0   1.08052

  357.0   1.08222

  358.0   1.08135

  359.0   1.08175

  360.0   1.07556

  361.0   1.07336

  362.0   1.06554

  363.0   1.05512

  364.0   1.04579

  365.0   1.03279

  366.0   1.01764

  367.0   1.00785

  368.0   0.99388

  369.0   0.98665

  370.0   0.97087

  371.0   0.96151

  372.0   0.94942

  373.0   0.93739

  374.0   0.92113

  375.0   0.91008

  376.0   0.89855

  377.0   0.88614

  378.0   0.87244

  379.0   0.85918

  380.0   0.84628

  381.0   0.83121

  382.0   0.81515

  383.0   0.80064

  384.0   0.78442

  385.0   0.76965

  386.0   0.75260

  387.0   0.73826

  388.0   0.72306

  389.0   0.70676

  390.0   0.69068

  391.0   0.67526

  392.0   0.65916

  393.0   0.64511

  394.0   0.63024

  395.0   0.61737

  396.0   0.60362

  397.0   0.59030

  398.0   0.57794

  399.0   0.56434

  400.0   0.55294

  401.0   0.54150

  402.0   0.52988

  403.0   0.51960

  404.0   0.50792

  405.0   0.49725

  406.0   0.48762

  407.0   0.47680

  408.0   0.46572

  409.0   0.45461

  410.0   0.44413

  411.0   0.43378

  412.0   0.42256

  413.0   0.41245

  414.0   0.40169

  415.0   0.39621

  416.0   0.37843

  417.0   0.36656

  418.0   0.35545

  419.0   0.34352

  420.0   0.33276

  421.0   0.32204

  422.0   0.31098

  423.0   0.30060

  424.0   0.28944

  425.0   0.27965

  426.0   0.26908

  427.0   0.25992

  428.0   0.25093

  429.0   0.24163

  430.0   0.23335

  431.0   0.22462

  432.0   0.21724

  433.0   0.20928

  434.0   0.20240

  435.0   0.19577

  436.0   0.18878

  437.0   0.18286

  438.0   0.17655

  439.0   0.17108

  440.0   0.16530

  441.0   0.16022

  442.0   0.15492

  443.0   0.15037

  444.0   0.14588

  445.0   0.14117

  446.0   0.13693

  447.0   0.13251

  448.0   0.12845

  449.0   0.12424

  450.0   0.12036

  451.0   0.11636

  452.0   0.11274

  453.0   0.10893

  454.0   0.10530

  455.0   0.10163

  456.0   0.09821

  457.0   0.09487

  458.0   0.09136

  459.0   0.08825

  460.0   0.08488

  461.0   0.08187

  462.0   0.07869

  463.0   0.07587

  464.0   0.07272

  465.0   0.07002

  466.0   0.06725

  467.0   0.06471

  468.0   0.06217

  469.0   0.05990

  470.0   0.05742

  471.0   0.05528

  472.0   0.05293

  473.0   0.05098

  474.0   0.04879

  475.0   0.04686

  476.0   0.04482

  477.0   0.04303

  478.0   0.04123

  479.0   0.03961

  480.0   0.03793

  481.0   0.03646

  482.0   0.03489

  483.0   0.03351

  484.0   0.03207

  485.0   0.03079

  486.0   0.02945

  487.0   0.02839

  488.0   0.02721

  489.0   0.02621

  490.0   0.02513

  491.0   0.02424

  492.0   0.02325

  493.0   0.02243

  494.0   0.02154

  495.0   0.02077

  496.0   0.01992

  497.0   0.01921

  498.0   0.01852

  499.0   0.01789

  500.0   0.01726

  501.0   0.01674

  502.0   0.01622

  503.0   0.01566

  504.0   0.01524

  505.0   0.01479

  506.0   0.01437

  507.0   0.01391

  508.0   0.01355

  509.0   0.01322

  510.0   0.01291

  511.0   0.01258

  512.0   0.01224

  513.0   0.01194

  514.0   0.01169

  515.0   0.01148

  516.0   0.01122

  517.0   0.01108

  518.0   0.01087

  519.0   0.01071

  520.0   0.01053

  521.0   0.01036

  522.0   0.01024

  523.0   0.01010

  524.0   0.00996

  525.0   0.00987

  526.0   0.00986

  527.0   0.00979

  528.0   0.00970

  529.0   0.00957

  530.0   0.00958

  531.0   0.00954

  532.0   0.00948

  533.0   0.00937

  534.0   0.00941

  535.0   0.00936

  536.0   0.00942

  537.0   0.00946

  538.0   0.00945

  539.0   0.00943

  540.0   0.00948

  541.0   0.00949

  542.0   0.00949

  543.0   0.00952

  544.0   0.00953

  545.0   0.00955

  546.0   0.00963

  547.0   0.00965

  548.0   0.00971

  549.0   0.00966

  550.0   0.00970

  551.0   0.00969

  552.0   0.00967

  553.0   0.00966

  554.0   0.00963

  555.0   0.00962

  556.0   0.00965

  557.0   0.01017

  558.0   0.01023

  559.0   0.01019

  560.0   0.01026

  561.0   0.01027

  562.0   0.01028

  563.0   0.01028

  564.0   0.01031

  565.0   0.01028

  566.0   0.01032

  567.0   0.01027

  568.0   0.01024

  569.0   0.01027

  570.0   0.01030

  571.0   0.01035

  572.0   0.01038

  573.0   0.01037

  574.0   0.01042

  575.0   0.01042

  576.0   0.01036

  577.0   0.01029

  578.0   0.01025

  579.0   0.01027

  580.0   0.01016

  581.0   0.01020

  582.0   0.01016

  583.0   0.01014

  584.0   0.01007

  585.0   0.01012

  586.0   0.01005

  587.0   0.01008

  588.0   0.01003

  589.0   0.01002

  590.0   0.01002

  591.0   0.01003

  592.0   0.01003

  593.0   0.01000

  594.0   0.00998

  595.0   0.00998

  596.0   0.00999

  597.0   0.01000

  598.0   0.01001

  599.0   0.00997

  600.0   0.00998

  601.0   0.01003

  602.0   0.01001

  603.0   0.01008

  604.0   0.01011

  605.0   0.01011

  606.0   0.01013

  607.0   0.01012

  608.0   0.01019

  609.0   0.01021

  610.0   0.01027

  611.0   0.01026

  612.0   0.01029

  613.0   0.01033

  614.0   0.01035

  615.0   0.01037

  616.0   0.01037

  617.0   0.01042

  618.0   0.01048

  619.0   0.01047

  620.0   0.01050

  621.0   0.01053

  622.0   0.01052

  623.0   0.01054

  624.0   0.01052

  625.0   0.01057

  626.0   0.01058

  627.0   0.01055

  628.0   0.01057

  629.0   0.01054

  630.0   0.01051

  631.0   0.01052

  632.0   0.01047

  633.0   0.01046

  634.0   0.01045

  635.0   0.01041

  636.0   0.01037

  637.0   0.01038

  638.0   0.01038

  639.0   0.01035

  640.0   0.01032

  641.0   0.01027

  642.0   0.01026

  643.0   0.01025

  644.0   0.01022

  645.0   0.01020

  646.0   0.01014

  647.0   0.01012

  648.0   0.01007

  649.0   0.01006

  650.0   0.01003

  651.0   0.00995

  652.0   0.00993

  653.0   0.00990

  654.0   0.00985

  655.0   0.00974

  656.0   0.00972

  657.0   0.00970

  658.0   0.00969

  659.0   0.00964

  660.0   0.00963

  661.0   0.00958

  662.0   0.00952

  663.0   0.00945

  664.0   0.00940

  665.0   0.00937

  666.0   0.00925

  667.0   0.00920

  668.0   0.00920

  669.0   0.00918

  670.0   0.00918

  671.0   0.00915

  672.0   0.00908

  673.0   0.00902

  674.0   0.00903

  675.0   0.00894

  676.0   0.00890

  677.0   0.00884

  678.0   0.00873

  679.0   0.00865

  680.0   0.00861

  681.0   0.00854

  682.0   0.00856

  683.0   0.00855

  684.0   0.00858

  685.0   0.00868

  686.0   0.00873

  687.0   0.00873

  688.0   0.00866

  689.0   0.00855

  690.0   0.00850

  691.0   0.00844

  692.0   0.00835

  693.0   0.00833

  694.0   0.00826

  695.0   0.00819

  696.0   0.00819

  697.0   0.00816

  698.0   0.00813

  699.0   0.00806

  700.0   0.00804

  701.0   0.00801

  702.0   0.00792

  703.0   0.00783

  704.0   0.00776

  705.0   0.00774

  706.0   0.00769

  707.0   0.00767

  708.0   0.00766

  709.0   0.00763

  710.0   0.00762

  711.0   0.00755

  712.0   0.00752

  713.0   0.00749

  714.0   0.00744

  715.0   0.00733

  716.0   0.00736

  717.0   0.00726

  718.0   0.00723

  719.0   0.00716

  720.0   0.00711

  721.0   0.00712

  722.0   0.00707

  723.0   0.00702

  724.0   0.00690

  725.0   0.00688

  726.0   0.00680

  727.0   0.00670

  728.0   0.00664

  729.0   0.00667

  730.0   0.00670

  731.0   0.00668

  732.0   0.00666

  733.0   0.00664

  734.0   0.00659

  735.0   0.00653

  736.0   0.00734

  737.0   0.00724

  738.0   0.00716

  739.0   0.00712

  740.0   0.00708

  741.0   0.00709

  742.0   0.00705

  743.0   0.00696

  744.0   0.00695

  745.0   0.00684

  746.0   0.00684

  747.0   0.00675

  748.0   0.00672

  749.0   0.00669

  750.0   0.00664

  751.0   0.00659

  752.0   0.00653

  753.0   0.00646

  754.0   0.00641

  755.0   0.00636

  756.0   0.00628

  757.0   0.00629

  758.0   0.00619

  759.0   0.00617

  760.0   0.00606

  761.0   0.00599

  762.0   0.00600

  763.0   0.00592

  764.0   0.00587

  765.0   0.00575

  766.0   0.00567

  767.0   0.00563

  768.0   0.00558

  769.0   0.00551

  770.0   0.00543

  771.0   0.00539

  772.0   0.00529

  773.0   0.00521

  774.0   0.00511

  775.0   0.00507

  776.0   0.00499

  777.0   0.00500

  778.0   0.00490

  779.0   0.00491

  780.0   0.00489

  781.0   0.00482

  782.0   0.00483

  783.0   0.00475

  784.0   0.00476

  785.0   0.00472

  786.0   0.00473

  787.0   0.00465

  788.0   0.00461

  789.0   0.00450

  790.0   0.00451

  791.0   0.00455

  792.0   0.00453

  793.0   0.00446

  794.0   0.00441

  795.0   0.00433

  796.0   0.00434

  797.0   0.00440

  798.0   0.00450

  799.0   0.00447

  800.0   0.00442

 
