ser ID: DU600

Method ID: A:\DEFAULT

Date: 07/29/00

Time: 03:57

 200.0   3.22220

  201.0   3.29026

  202.0   3.33041

  203.0   3.36847

  204.0   3.40688

  205.0   3.44107

  206.0   3.47056

  207.0   3.49886

  208.0   3.52660

  209.0   3.55570

  210.0   3.58092

  211.0   3.60520

  212.0   3.62972

  213.0   3.65533

  214.0   3.67642

  215.0   3.69705

  216.0   3.71659

  217.0   3.73719

  218.0   3.75557

  219.0   3.77173

  220.0   3.78675

  221.0   3.80127

  222.0   3.81651

  223.0   3.82950

  224.0   3.84242

  225.0   3.37737

  226.0   3.86759

  227.0   3.88024

  228.0   3.59073

  229.0   3.90304

  230.0   3.91487

  231.0   3.92474

  232.0   3.93399

  233.0   3.94176

  234.0   3.94880

  235.0   3.47702

  236.0   3.95828

  237.0   3.96142

  238.0   3.66243

  239.0   3.48747

  240.0   3.96464

  241.0   3.66337

  242.0   3.96313

  243.0   3.96095

  244.0   3.95875

  245.0   3.95569

  246.0   3.95265

  247.0   3.94856

  248.0   3.94448

  249.0   3.93982

  250.0   3.93536

  251.0   3.93018

  252.0   3.92526

  253.0   3.91986

  254.0   3.91424

  255.0   3.90838

  256.0   3.90314

  257.0   3.89713

  258.0   3.89126

  259.0   3.88423

  260.0   3.87760

  261.0   3.87175

  262.0   3.86516

  263.0   3.85848

  264.0   3.85187

  265.0   3.54475

  266.0   3.83891

  267.0   3.83232

  268.0   3.82633

  269.0   3.82060

  270.0   3.21345

  271.0   3.51034

  272.0   3.50610

  273.0   3.80400

  274.0   3.19934

  275.0   3.02146

  276.0   2.95348

  277.0   3.09823

  278.0   2.84212

  279.0   2.68159

  280.0   2.59155

  281.0   2.49395

  282.0   2.37917

  283.0   2.28808

  284.0   2.23602

  285.0   2.11066

  286.0   2.06784

  287.0   1.97843

  288.0   1.88832

  289.0   1.80991

  290.0   1.74022

  291.0   1.67357

  292.0   1.61826

  293.0   1.55394

  294.0   1.50438

  295.0   1.44038

  296.0   1.40640

  297.0   1.35789

  298.0   1.31581

  299.0   1.27777

  300.0   1.23672

  301.0   1.20654

  302.0   1.17310

  303.0   1.14455

  304.0   1.12057

  305.0   1.09281

  306.0   1.06700

  307.0   1.04813

  308.0   1.02938

  309.0   1.00668

  310.0   0.98760

  311.0   0.96790

  312.0   0.94582

  313.0   0.92853

  314.0   0.90853

  315.0   0.89185

  316.0   0.87620

  317.0   0.86396

  318.0   0.85481

  319.0   0.84350

  320.0   0.83445

  321.0   0.83198

  322.0   0.82313

  323.0   0.82107

  324.0   0.82172

  325.0   0.82108

  326.0   0.82324

  327.0   0.82492

  328.0   0.82985

  329.0   0.83382

  330.0   0.83756

  331.0   0.84245

  332.0   0.84737

  333.0   0.85405

  334.0   0.85861

  335.0   0.86453

  336.0   0.87169

  337.0   0.87941

  338.0   0.88820

  339.0   0.89398

  340.0   0.89984

  341.0   0.90936

  342.0   0.91486

  343.0   0.92723

  344.0   0.93260

  345.0   0.93455

  346.0   0.93732

  347.0   0.94646

  348.0   0.95187

  349.0   0.94909

  350.0   0.95293

  351.0   0.95671

  352.0   0.95372

  353.0   0.95039

  354.0   0.95029

  355.0   0.94194

  356.0   0.94008

  357.0   0.93121

  358.0   0.92374

  359.0   0.91571

  360.0   0.90709

  361.0   0.89194

  362.0   0.88433

  363.0   0.87170

  364.0   0.86123

  365.0   0.84541

  366.0   0.83269

  367.0   0.82083

  368.0   0.80811

  369.0   0.79501

  370.0   0.78120

  371.0   0.76791

  372.0   0.75712

  373.0   0.74214

  374.0   0.72891

  375.0   0.71840

  376.0   0.70660

  377.0   0.69468

  378.0   0.68032

  379.0   0.67028

  380.0   0.65750

  381.0   0.64521

  382.0   0.63402

  383.0   0.62207

  384.0   0.60982

  385.0   0.59759

  386.0   0.58520

  387.0   0.57338

  388.0   0.56224

  389.0   0.55081

  390.0   0.53977

  391.0   0.52869

  392.0   0.51716

  393.0   0.50734

  394.0   0.49637

  395.0   0.48671

  396.0   0.47744

  397.0   0.46778

  398.0   0.45895

  399.0   0.44897

  400.0   0.44111

  401.0   0.43345

  402.0   0.42433

  403.0   0.41608

  404.0   0.40755

  405.0   0.39948

  406.0   0.39155

  407.0   0.38307

  408.0   0.37524

  409.0   0.36606

  410.0   0.35754

  411.0   0.34924

  412.0   0.33945

  413.0   0.33096

  414.0   0.32191

  415.0   0.31742

  416.0   0.30206

  417.0   0.29194

  418.0   0.28238

  419.0   0.27215

  420.0   0.26274

  421.0   0.25365

  422.0   0.24361

  423.0   0.23478

  424.0   0.22493

  425.0   0.21660

  426.0   0.20760

  427.0   0.19968

  428.0   0.19189

  429.0   0.18404

  430.0   0.17694

  431.0   0.16974

  432.0   0.16351

  433.0   0.15694

  434.0   0.15136

  435.0   0.14590

  436.0   0.14040

  437.0   0.13561

  438.0   0.13054

  439.0   0.12616

  440.0   0.12164

  441.0   0.11768

  442.0   0.11360

  443.0   0.11006

  444.0   0.10659

  445.0   0.10296

  446.0   0.09983

  447.0   0.09644

  448.0   0.09354

  449.0   0.09044

  450.0   0.08771

  451.0   0.08470

  452.0   0.08212

  453.0   0.07924

  454.0   0.07664

  455.0   0.07394

  456.0   0.07157

  457.0   0.06923

  458.0   0.06672

  459.0   0.06456

  460.0   0.06216

  461.0   0.06012

  462.0   0.05782

  463.0   0.05585

  464.0   0.05370

  465.0   0.05187

  466.0   0.04991

  467.0   0.04828

  468.0   0.04657

  469.0   0.04496

  470.0   0.04336

  471.0   0.04190

  472.0   0.04038

  473.0   0.03901

  474.0   0.03754

  475.0   0.03622

  476.0   0.03483

  477.0   0.03360

  478.0   0.03233

  479.0   0.03124

  480.0   0.03008

  481.0   0.02919

  482.0   0.02812

  483.0   0.02721

  484.0   0.02627

  485.0   0.02549

  486.0   0.02455

  487.0   0.02387

  488.0   0.02314

  489.0   0.02245

  490.0   0.02177

  491.0   0.02124

  492.0   0.02058

  493.0   0.02012

  494.0   0.01957

  495.0   0.01914

  496.0   0.01867

  497.0   0.01824

  498.0   0.01790

  499.0   0.01750

  500.0   0.01714

  501.0   0.01695

  502.0   0.01664

  503.0   0.01639

  504.0   0.01622

  505.0   0.01597

  506.0   0.01577

  507.0   0.01561

  508.0   0.01548

  509.0   0.01539

  510.0   0.01535

  511.0   0.01528

  512.0   0.01520

  513.0   0.01518

  514.0   0.01512

  515.0   0.01514

  516.0   0.01510

  517.0   0.01515

  518.0   0.01511

  519.0   0.01512

  520.0   0.01516

  521.0   0.01521

  522.0   0.01522

  523.0   0.01536

  524.0   0.01540

  525.0   0.01552

  526.0   0.01566

  527.0   0.01577

  528.0   0.01583

  529.0   0.01591

  530.0   0.01609

  531.0   0.01622

  532.0   0.01638

  533.0   0.01652

  534.0   0.01674

  535.0   0.01693

  536.0   0.01715

  537.0   0.01739

  538.0   0.01754

  539.0   0.01778

  540.0   0.01799

  541.0   0.01811

  542.0   0.01826

  543.0   0.01846

  544.0   0.01866

  545.0   0.01879

  546.0   0.01896

  547.0   0.01914

  548.0   0.01927

  549.0   0.01936

  550.0   0.01954

  551.0   0.01961

  552.0   0.01969

  553.0   0.01979

  554.0   0.01989

  555.0   0.01990

  556.0   0.02000

  557.0   0.02142

  558.0   0.02148

  559.0   0.02147

  560.0   0.02153

  561.0   0.02156

  562.0   0.02161

  563.0   0.02162

  564.0   0.02162

  565.0   0.02160

  566.0   0.02166

  567.0   0.02161

  568.0   0.02166

  569.0   0.02167

  570.0   0.02166

  571.0   0.02164

  572.0   0.02157

  573.0   0.02157

  574.0   0.02158

  575.0   0.02161

  576.0   0.02160

  577.0   0.02152

  578.0   0.02151

  579.0   0.02153

  580.0   0.02146

  581.0   0.02147

  582.0   0.02146

  583.0   0.02148

  584.0   0.02145

  585.0   0.02151

  586.0   0.02150

  587.0   0.02149

  588.0   0.02144

  589.0   0.02144

  590.0   0.02146

  591.0   0.02152

  592.0   0.02156

  593.0   0.02158

  594.0   0.02160

  595.0   0.02162

  596.0   0.02163

  597.0   0.02169

  598.0   0.02176

  599.0   0.02176

  600.0   0.02183

  601.0   0.02189

  602.0   0.02193

  603.0   0.02202

  604.0   0.02209

  605.0   0.02220

  606.0   0.02227

  607.0   0.02233

  608.0   0.02239

  609.0   0.02239

  610.0   0.02244

  611.0   0.02244

  612.0   0.02246

  613.0   0.02251

  614.0   0.02252

  615.0   0.02250

  616.0   0.02255

  617.0   0.02257

  618.0   0.02263

  619.0   0.02265

  620.0   0.02269

  621.0   0.02275

  622.0   0.02279

  623.0   0.02282

  624.0   0.02281

  625.0   0.02284

  626.0   0.02281

  627.0   0.02280

  628.0   0.02281

  629.0   0.02273

  630.0   0.02268

  631.0   0.02267

  632.0   0.02261

  633.0   0.02259

  634.0   0.02253

  635.0   0.02243

  636.0   0.02237

  637.0   0.02235

  638.0   0.02231

  639.0   0.02221

  640.0   0.02213

  641.0   0.02204

  642.0   0.02199

  643.0   0.02192

  644.0   0.02184

  645.0   0.02177

  646.0   0.02164

  647.0   0.02160

  648.0   0.02147

  649.0   0.02141

  650.0   0.02131

  651.0   0.02120

  652.0   0.02115

  653.0   0.02103

  654.0   0.02095

  655.0   0.02091

  656.0   0.02083

  657.0   0.02075

  658.0   0.02065

  659.0   0.02056

  660.0   0.02043

  661.0   0.02031

  662.0   0.02021

  663.0   0.02011

  664.0   0.01995

  665.0   0.01986

  666.0   0.01969

  667.0   0.01956

  668.0   0.01945

  669.0   0.01931

  670.0   0.01914

  671.0   0.01903

  672.0   0.01884

  673.0   0.01868

  674.0   0.01859

  675.0   0.01841

  676.0   0.01825

  677.0   0.01810

  678.0   0.01795

  679.0   0.01780

  680.0   0.01768

  681.0   0.01754

  682.0   0.01743

  683.0   0.01731

  684.0   0.01717

  685.0   0.01704

  686.0   0.01692

  687.0   0.01681

  688.0   0.01666

  689.0   0.01647

  690.0   0.01632

  691.0   0.01614

  692.0   0.01599

  693.0   0.01587

  694.0   0.01572

  695.0   0.01559

  696.0   0.01548

  697.0   0.01533

  698.0   0.01522

  699.0   0.01505

  700.0   0.01492

  701.0   0.01480

  702.0   0.01462

  703.0   0.01451

  704.0   0.01439

  705.0   0.01428

  706.0   0.01411

  707.0   0.01399

  708.0   0.01382

  709.0   0.01374

  710.0   0.01359

  711.0   0.01339

  712.0   0.01326

  713.0   0.01312

  714.0   0.01303

  715.0   0.01287

  716.0   0.01273

  717.0   0.01261

  718.0   0.01247

  719.0   0.01232

  720.0   0.01220

  721.0   0.01204

  722.0   0.01192

  723.0   0.01180

  724.0   0.01168

  725.0   0.01156

  726.0   0.01139

  727.0   0.01128

  728.0   0.01119

  729.0   0.01112

  730.0   0.01109

  731.0   0.01096

  732.0   0.01090

  733.0   0.01081

  734.0   0.01075

  735.0   0.01068

  736.0   0.01204

  737.0   0.01178

  738.0   0.01167

  739.0   0.01150

  740.0   0.01137

  741.0   0.01129

  742.0   0.01111

  743.0   0.01096

  744.0   0.01084

  745.0   0.01067

  746.0   0.01061

  747.0   0.01044

  748.0   0.01035

  749.0   0.01027

  750.0   0.01021

  751.0   0.01008

  752.0   0.01003

  753.0   0.00990

  754.0   0.00977

  755.0   0.00966

  756.0   0.00956

  757.0   0.00955

  758.0   0.00934

  759.0   0.00924

  760.0   0.00914

  761.0   0.00902

  762.0   0.00892

  763.0   0.00876

  764.0   0.00872

  765.0   0.00857

  766.0   0.00847

  767.0   0.00843

  768.0   0.00836

  769.0   0.00834

  770.0   0.00827

  771.0   0.00823

  772.0   0.00813

  773.0   0.00809

  774.0   0.00805

  775.0   0.00807

  776.0   0.00802

  777.0   0.00798

  778.0   0.00792

  779.0   0.00787

  780.0   0.00786

  781.0   0.00779

  782.0   0.00778

  783.0   0.00771

  784.0   0.00770

  785.0   0.00768

  786.0   0.00767

  787.0   0.00769

  788.0   0.00768

  789.0   0.00769

  790.0   0.00762

  791.0   0.00764

  792.0   0.00763

  793.0   0.00758

  794.0   0.00754

  795.0   0.00745

  796.0   0.00746

  797.0   0.00750

  798.0   0.00757

  799.0   0.00752

  800.0   0.00744

 
