ser ID: DU600

Method ID: A:\DEFAULT

Date: 07/29/00

Time: 04:49

 200.0   3.22220

  201.0   3.29026

  202.0   3.33041

  203.0   3.36847

  204.0   2.92976

  205.0   3.44107

  206.0   3.47056

  207.0   3.49886

  208.0   3.52660

  209.0   3.55570

  210.0   3.58092

  211.0   3.60520

  212.0   3.62972

  213.0   3.65533

  214.0   3.67642

  215.0   3.69705

  216.0   3.71659

  217.0   3.73719

  218.0   3.75557

  219.0   3.47070

  220.0   3.78675

  221.0   3.80127

  222.0   3.81651

  223.0   3.35238

  224.0   3.36530

  225.0   3.37737

  226.0   3.86759

  227.0   3.88024

  228.0   3.89176

  229.0   3.90304

  230.0   3.91487

  231.0   3.92474

  232.0   3.93399

  233.0   3.94176

  234.0   3.94880

  235.0   3.95415

  236.0   3.95828

  237.0   3.96142

  238.0   3.96346

  239.0   3.96459

  240.0   3.96464

  241.0   3.48728

  242.0   3.96313

  243.0   3.18279

  244.0   3.48163

  245.0   3.65466

  246.0   3.47553

  247.0   3.94856

  248.0   3.94448

  249.0   3.93982

  250.0   3.93536

  251.0   3.93018

  252.0   3.92526

  253.0   3.91986

  254.0   3.91424

  255.0   3.90838

  256.0   3.90314

  257.0   3.89713

  258.0   3.89126

  259.0   3.88423

  260.0   3.87760

  261.0   3.87175

  262.0   3.26310

  263.0   3.15951

  264.0   3.15290

  265.0   3.84578

  266.0   3.53788

  267.0   3.83232

  268.0   3.82633

  269.0   3.34347

  270.0   3.33839

  271.0   3.20931

  272.0   3.80713

  273.0   3.32688

  274.0   3.02325

  275.0   2.84537

  276.0   2.59446

  277.0   2.47498

  278.0   2.39843

  279.0   2.31841

  280.0   2.25160

  281.0   2.11373

  282.0   2.02329

  283.0   1.93590

  284.0   1.88923

  285.0   1.81877

  286.0   1.77092

  287.0   1.69792

  288.0   1.64528

  289.0   1.60185

  290.0   1.55026

  291.0   1.49747

  292.0   1.45390

  293.0   1.41247

  294.0   1.38618

  295.0   1.35516

  296.0   1.32544

  297.0   1.29277

  298.0   1.27826

  299.0   1.25309

  300.0   1.22707

  301.0   1.21578

  302.0   1.20056

  303.0   1.18664

  304.0   1.17220

  305.0   1.16323

  306.0   1.15310

  307.0   1.14442

  308.0   1.13441

  309.0   1.12522

  310.0   1.11279

  311.0   1.09820

  312.0   1.08720

  313.0   1.07548

  314.0   1.06135

  315.0   1.05047

  316.0   1.03393

  317.0   1.02737

  318.0   1.01646

  319.0   1.00231

  320.0   0.99874

  321.0   0.99505

  322.0   0.98665

  323.0   0.98098

  324.0   0.97796

  325.0   0.97339

  326.0   0.96824

  327.0   0.96212

  328.0   0.96455

  329.0   0.96115

  330.0   0.95989

  331.0   0.95311

  332.0   0.95557

  333.0   0.95096

  334.0   0.94681

  335.0   0.94275

  336.0   0.93794

  337.0   0.93205

  338.0   0.92522

  339.0   0.92277

  340.0   0.91449

  341.0   0.90717

  342.0   0.90246

  343.0   0.89159

  344.0   0.88562

  345.0   0.87608

  346.0   0.86613

  347.0   0.86301

  348.0   0.84793

  349.0   0.83986

  350.0   0.82976

  351.0   0.81790

  352.0   0.80422

  353.0   0.79165

  354.0   0.77736

  355.0   0.76559

  356.0   0.75606

  357.0   0.73201

  358.0   0.71727

  359.0   0.70207

  360.0   0.68720

  361.0   0.67342

  362.0   0.65805

  363.0   0.64300

  364.0   0.62797

  365.0   0.61092

  366.0   0.59753

  367.0   0.58047

  368.0   0.56809

  369.0   0.55470

  370.0   0.53936

  371.0   0.52753

  372.0   0.51580

  373.0   0.50353

  374.0   0.49190

  375.0   0.48138

  376.0   0.47110

  377.0   0.46044

  378.0   0.45018

  379.0   0.44063

  380.0   0.43170

  381.0   0.42200

  382.0   0.41330

  383.0   0.40456

  384.0   0.39629

  385.0   0.38890

  386.0   0.38056

  387.0   0.37366

  388.0   0.36682

  389.0   0.35980

  390.0   0.35398

  391.0   0.34793

  392.0   0.34223

  393.0   0.33659

  394.0   0.33031

  395.0   0.32555

  396.0   0.32003

  397.0   0.31441

  398.0   0.30954

  399.0   0.30438

  400.0   0.29929

  401.0   0.29414

  402.0   0.28936

  403.0   0.28459

  404.0   0.27904

  405.0   0.27419

  406.0   0.26879

  407.0   0.26337

  408.0   0.25795

  409.0   0.25146

  410.0   0.24533

  411.0   0.23941

  412.0   0.23259

  413.0   0.22648

  414.0   0.21978

  415.0   0.21599

  416.0   0.20467

  417.0   0.19706

  418.0   0.18983

  419.0   0.18211

  420.0   0.17490

  421.0   0.16791

  422.0   0.16048

  423.0   0.15359

  424.0   0.14609

  425.0   0.13992

  426.0   0.13309

  427.0   0.12735

  428.0   0.12162

  429.0   0.11577

  430.0   0.11075

  431.0   0.10558

  432.0   0.10113

  433.0   0.09647

  434.0   0.09251

  435.0   0.08880

  436.0   0.08498

  437.0   0.08181

  438.0   0.07845

  439.0   0.07543

  440.0   0.07250

  441.0   0.07008

  442.0   0.06756

  443.0   0.06536

  444.0   0.06311

  445.0   0.06098

  446.0   0.05906

  447.0   0.05717

  448.0   0.05536

  449.0   0.05351

  450.0   0.05185

  451.0   0.04997

  452.0   0.04864

  453.0   0.04701

  454.0   0.04555

  455.0   0.04407

  456.0   0.04275

  457.0   0.04151

  458.0   0.04024

  459.0   0.03904

  460.0   0.03775

  461.0   0.03666

  462.0   0.03552

  463.0   0.03440

  464.0   0.03324

  465.0   0.03230

  466.0   0.03121

  467.0   0.03043

  468.0   0.02953

  469.0   0.02877

  470.0   0.02802

  471.0   0.02724

  472.0   0.02648

  473.0   0.02592

  474.0   0.02508

  475.0   0.02445

  476.0   0.02379

  477.0   0.02317

  478.0   0.02252

  479.0   0.02197

  480.0   0.02151

  481.0   0.02111

  482.0   0.02061

  483.0   0.02022

  484.0   0.01981

  485.0   0.01943

  486.0   0.01907

  487.0   0.01880

  488.0   0.01851

  489.0   0.01823

  490.0   0.01801

  491.0   0.01782

  492.0   0.01756

  493.0   0.01741

  494.0   0.01726

  495.0   0.01713

  496.0   0.01700

  497.0   0.01693

  498.0   0.01686

  499.0   0.01684

  500.0   0.01684

  501.0   0.01693

  502.0   0.01698

  503.0   0.01703

  504.0   0.01717

  505.0   0.01726

  506.0   0.01733

  507.0   0.01744

  508.0   0.01756

  509.0   0.01772

  510.0   0.01788

  511.0   0.01806

  512.0   0.01819

  513.0   0.01843

  514.0   0.01861

  515.0   0.01890

  516.0   0.01911

  517.0   0.01933

  518.0   0.01959

  519.0   0.01984

  520.0   0.02018

  521.0   0.02048

  522.0   0.02074

  523.0   0.02112

  524.0   0.02141

  525.0   0.02176

  526.0   0.02212

  527.0   0.02246

  528.0   0.02272

  529.0   0.02306

  530.0   0.02347

  531.0   0.02380

  532.0   0.02426

  533.0   0.02461

  534.0   0.02508

  535.0   0.02550

  536.0   0.02588

  537.0   0.02632

  538.0   0.02668

  539.0   0.02707

  540.0   0.02751

  541.0   0.02789

  542.0   0.02830

  543.0   0.02864

  544.0   0.02903

  545.0   0.02943

  546.0   0.02976

  547.0   0.03008

  548.0   0.03038

  549.0   0.03062

  550.0   0.03092

  551.0   0.03113

  552.0   0.03133

  553.0   0.03152

  554.0   0.03164

  555.0   0.03173

  556.0   0.03178

  557.0   0.03411

  558.0   0.03419

  559.0   0.03420

  560.0   0.03427

  561.0   0.03427

  562.0   0.03430

  563.0   0.03436

  564.0   0.03435

  565.0   0.03430

  566.0   0.03432

  567.0   0.03434

  568.0   0.03430

  569.0   0.03435

  570.0   0.03434

  571.0   0.03430

  572.0   0.03426

  573.0   0.03426

  574.0   0.03427

  575.0   0.03424

  576.0   0.03424

  577.0   0.03416

  578.0   0.03417

  579.0   0.03417

  580.0   0.03415

  581.0   0.03414

  582.0   0.03409

  583.0   0.03412

  584.0   0.03411

  585.0   0.03423

  586.0   0.03426

  587.0   0.03439

  588.0   0.03436

  589.0   0.03437

  590.0   0.03446

  591.0   0.03449

  592.0   0.03455

  593.0   0.03464

  594.0   0.03468

  595.0   0.03478

  596.0   0.03488

  597.0   0.03502

  598.0   0.03507

  599.0   0.03516

  600.0   0.03529

  601.0   0.03538

  602.0   0.03544

  603.0   0.03556

  604.0   0.03565

  605.0   0.03574

  606.0   0.03579

  607.0   0.03582

  608.0   0.03586

  609.0   0.03595

  610.0   0.03601

  611.0   0.03605

  612.0   0.03613

  613.0   0.03622

  614.0   0.03628

  615.0   0.03631

  616.0   0.03635

  617.0   0.03636

  618.0   0.03640

  619.0   0.03641

  620.0   0.03641

  621.0   0.03646

  622.0   0.03647

  623.0   0.03648

  624.0   0.03641

  625.0   0.03645

  626.0   0.03643

  627.0   0.03639

  628.0   0.03638

  629.0   0.03641

  630.0   0.03638

  631.0   0.03637

  632.0   0.03633

  633.0   0.03625

  634.0   0.03616

  635.0   0.03605

  636.0   0.03598

  637.0   0.03592

  638.0   0.03588

  639.0   0.03576

  640.0   0.03566

  641.0   0.03556

  642.0   0.03545

  643.0   0.03536

  644.0   0.03523

  645.0   0.03511

  646.0   0.03492

  647.0   0.03482

  648.0   0.03468

  649.0   0.03455

  650.0   0.03442

  651.0   0.03428

  652.0   0.03413

  653.0   0.03397

  654.0   0.03376

  655.0   0.03355

  656.0   0.03342

  657.0   0.03322

  658.0   0.03302

  659.0   0.03281

  660.0   0.03256

  661.0   0.03230

  662.0   0.03210

  663.0   0.03185

  664.0   0.03161

  665.0   0.03137

  666.0   0.03112

  667.0   0.03085

  668.0   0.03064

  669.0   0.03041

  670.0   0.03011

  671.0   0.02988

  672.0   0.02962

  673.0   0.02933

  674.0   0.02910

  675.0   0.02883

  676.0   0.02852

  677.0   0.02821

  678.0   0.02788

  679.0   0.02755

  680.0   0.02732

  681.0   0.02706

  682.0   0.02681

  683.0   0.02656

  684.0   0.02632

  685.0   0.02605

  686.0   0.02584

  687.0   0.02563

  688.0   0.02536

  689.0   0.02508

  690.0   0.02481

  691.0   0.02455

  692.0   0.02423

  693.0   0.02397

  694.0   0.02368

  695.0   0.02342

  696.0   0.02315

  697.0   0.02289

  698.0   0.02266

  699.0   0.02237

  700.0   0.02212

  701.0   0.02186

  702.0   0.02158

  703.0   0.02131

  704.0   0.02105

  705.0   0.02081

  706.0   0.02060

  707.0   0.02037

  708.0   0.02010

  709.0   0.01988

  710.0   0.01962

  711.0   0.01937

  712.0   0.01911

  713.0   0.01885

  714.0   0.01860

  715.0   0.01835

  716.0   0.01816

  717.0   0.01787

  718.0   0.01770

  719.0   0.01747

  720.0   0.01721

  721.0   0.01702

  722.0   0.01678

  723.0   0.01659

  724.0   0.01637

  725.0   0.01616

  726.0   0.01594

  727.0   0.01575

  728.0   0.01553

  729.0   0.01538

  730.0   0.01529

  731.0   0.01507

  732.0   0.01497

  733.0   0.01481

  734.0   0.01465

  735.0   0.01455

  736.0   0.01662

  737.0   0.01629

  738.0   0.01603

  739.0   0.01574

  740.0   0.01551

  741.0   0.01534

  742.0   0.01507

  743.0   0.01481

  744.0   0.01465

  745.0   0.01442

  746.0   0.01424

  747.0   0.01405

  748.0   0.01390

  749.0   0.01376

  750.0   0.01368

  751.0   0.01355

  752.0   0.01336

  753.0   0.01317

  754.0   0.01307

  755.0   0.01294

  756.0   0.01279

  757.0   0.01267

  758.0   0.01247

  759.0   0.01234

  760.0   0.01222

  761.0   0.01209

  762.0   0.01205

  763.0   0.01187

  764.0   0.01185

  765.0   0.01171

  766.0   0.01161

  767.0   0.01146

  768.0   0.01140

  769.0   0.01138

  770.0   0.01129

  771.0   0.01123

  772.0   0.01116

  773.0   0.01104

  774.0   0.01093

  775.0   0.01092

  776.0   0.01083

  777.0   0.01076

  778.0   0.01067

  779.0   0.01058

  780.0   0.01054

  781.0   0.01042

  782.0   0.01047

  783.0   0.01038

  784.0   0.01045

  785.0   0.01036

  786.0   0.01041

  787.0   0.01043

  788.0   0.01037

  789.0   0.01036

  790.0   0.01036

  791.0   0.01038

  792.0   0.01037

  793.0   0.01033

  794.0   0.01027

  795.0   0.01018

  796.0   0.01023

  797.0   0.01024

  798.0   0.01028

  799.0   0.01027

  800.0   0.01022

 
