ser ID: DU600

Method ID: A:\DEFAULT

Date: 07/29/00

Time: 08:14

 200.0   3.22220

  201.0   3.29026

  202.0   3.33041

  203.0   2.66950

  204.0   2.92976

  205.0   2.96395

  206.0   3.47056

  207.0   3.49886

  208.0   3.52660

  209.0   3.55570

  210.0   3.58092

  211.0   3.60520

  212.0   3.62972

  213.0   3.65533

  214.0   3.67642

  215.0   3.69705

  216.0   3.71659

  217.0   3.73719

  218.0   3.75557

  219.0   3.77173

  220.0   3.78675

  221.0   3.80127

  222.0   3.81651

  223.0   3.82950

  224.0   3.84242

  225.0   3.85449

  226.0   3.86759

  227.0   3.88024

  228.0   3.89176

  229.0   3.90304

  230.0   3.91487

  231.0   3.92474

  232.0   3.63296

  233.0   3.94176

  234.0   3.94880

  235.0   3.65312

  236.0   3.48116

  237.0   3.35936

  238.0   3.96346

  239.0   3.26562

  240.0   3.36258

  241.0   3.26543

  242.0   3.96313

  243.0   3.48383

  244.0   3.95875

  245.0   3.11059

  246.0   3.65162

  247.0   3.94856

  248.0   3.94448

  249.0   3.93982

  250.0   3.63433

  251.0   3.93018

  252.0   3.92526

  253.0   3.91986

  254.0   3.91424

  255.0   3.90838

  256.0   3.90314

  257.0   3.59610

  258.0   3.41414

  259.0   3.88423

  260.0   3.17863

  261.0   3.57072

  262.0   3.38804

  263.0   3.08033

  264.0   3.24981

  265.0   3.24372

  266.0   2.88467

  267.0   2.83232

  268.0   2.87209

  269.0   2.59015

  270.0   2.61139

  271.0   2.51034

  272.0   2.42692

  273.0   2.34161

  274.0   2.24510

  275.0   2.09205

  276.0   2.05039

  277.0   1.98428

  278.0   1.92130

  279.0   1.84614

  280.0   1.74259

  281.0   1.71579

  282.0   1.66060

  283.0   1.62005

  284.0   1.57748

  285.0   1.52473

  286.0   1.46989

  287.0   1.44303

  288.0   1.39871

  289.0   1.37223

  290.0   1.33998

  291.0   1.31702

  292.0   1.29056

  293.0   1.27861

  294.0   1.26039

  295.0   1.24182

  296.0   1.23508

  297.0   1.22192

  298.0   1.21629

  299.0   1.20987

  300.0   1.20953

  301.0   1.20426

  302.0   1.20627

  303.0   1.21166

  304.0   1.20571

  305.0   1.20558

  306.0   1.20767

  307.0   1.20434

  308.0   1.20068

  309.0   1.19814

  310.0   1.19639

  311.0   1.19072

  312.0   1.17880

  313.0   1.17553

  314.0   1.16660

  315.0   1.15682

  316.0   1.14714

  317.0   1.13586

  318.0   1.12742

  319.0   1.11813

  320.0   1.10699

  321.0   1.10330

  322.0   1.09064

  323.0   1.08514

  324.0   1.07824

  325.0   1.06632

  326.0   1.06471

  327.0   1.05082

  328.0   1.04321

  329.0   1.03497

  330.0   1.02224

  331.0   1.01232

  332.0   1.00332

  333.0   0.99336

  334.0   0.97861

  335.0   0.96024

  336.0   0.94935

  337.0   0.93681

  338.0   0.91453

  339.0   0.89684

  340.0   0.88081

  341.0   0.86353

  342.0   0.84465

  343.0   0.82564

  344.0   0.80632

  345.0   0.78441

  346.0   0.76559

  347.0   0.74488

  348.0   0.72548

  349.0   0.70161

  350.0   0.67909

  351.0   0.65528

  352.0   0.63489

  353.0   0.61033

  354.0   0.58945

  355.0   0.57033

  356.0   0.55774

  357.0   0.52752

  358.0   0.50558

  359.0   0.48585

  360.0   0.46712

  361.0   0.44806

  362.0   0.42961

  363.0   0.41335

  364.0   0.39722

  365.0   0.38041

  366.0   0.36724

  367.0   0.35179

  368.0   0.33916

  369.0   0.32593

  370.0   0.31266

  371.0   0.30197

  372.0   0.29176

  373.0   0.28047

  374.0   0.27147

  375.0   0.26284

  376.0   0.25417

  377.0   0.24697

  378.0   0.23905

  379.0   0.23214

  380.0   0.22602

  381.0   0.21988

  382.0   0.21532

  383.0   0.21046

  384.0   0.20570

  385.0   0.20166

  386.0   0.19821

  387.0   0.19518

  388.0   0.19243

  389.0   0.18982

  390.0   0.18745

  391.0   0.18566

  392.0   0.18383

  393.0   0.18223

  394.0   0.18049

  395.0   0.17888

  396.0   0.17732

  397.0   0.17588

  398.0   0.17408

  399.0   0.17227

  400.0   0.17055

  401.0   0.16864

  402.0   0.16680

  403.0   0.16468

  404.0   0.16189

  405.0   0.15918

  406.0   0.15634

  407.0   0.15334

  408.0   0.15027

  409.0   0.14660

  410.0   0.14273

  411.0   0.13902

  412.0   0.13461

  413.0   0.13079

  414.0   0.12632

  415.0   0.12396

  416.0   0.11653

  417.0   0.11129

  418.0   0.10634

  419.0   0.10113

  420.0   0.09633

  421.0   0.09166

  422.0   0.08659

  423.0   0.08200

  424.0   0.07695

  425.0   0.07282

  426.0   0.06850

  427.0   0.06484

  428.0   0.06116

  429.0   0.05757

  430.0   0.05436

  431.0   0.05129

  432.0   0.04879

  433.0   0.04610

  434.0   0.04386

  435.0   0.04178

  436.0   0.03981

  437.0   0.03811

  438.0   0.03622

  439.0   0.03487

  440.0   0.03342

  441.0   0.03221

  442.0   0.03100

  443.0   0.02996

  444.0   0.02902

  445.0   0.02813

  446.0   0.02732

  447.0   0.02655

  448.0   0.02590

  449.0   0.02525

  450.0   0.02453

  451.0   0.02394

  452.0   0.02340

  453.0   0.02287

  454.0   0.02226

  455.0   0.02166

  456.0   0.02123

  457.0   0.02089

  458.0   0.02046

  459.0   0.02001

  460.0   0.01958

  461.0   0.01928

  462.0   0.01890

  463.0   0.01850

  464.0   0.01813

  465.0   0.01787

  466.0   0.01757

  467.0   0.01740

  468.0   0.01716

  469.0   0.01706

  470.0   0.01689

  471.0   0.01678

  472.0   0.01654

  473.0   0.01643

  474.0   0.01625

  475.0   0.01607

  476.0   0.01582

  477.0   0.01571

  478.0   0.01559

  479.0   0.01546

  480.0   0.01537

  481.0   0.01530

  482.0   0.01524

  483.0   0.01515

  484.0   0.01515

  485.0   0.01513

  486.0   0.01517

  487.0   0.01527

  488.0   0.01530

  489.0   0.01533

  490.0   0.01542

  491.0   0.01555

  492.0   0.01560

  493.0   0.01570

  494.0   0.01582

  495.0   0.01596

  496.0   0.01609

  497.0   0.01622

  498.0   0.01647

  499.0   0.01664

  500.0   0.01690

  501.0   0.01711

  502.0   0.01744

  503.0   0.01775

  504.0   0.01808

  505.0   0.01842

  506.0   0.01865

  507.0   0.01903

  508.0   0.01935

  509.0   0.01974

  510.0   0.02015

  511.0   0.02054

  512.0   0.02085

  513.0   0.02128

  514.0   0.02170

  515.0   0.02214

  516.0   0.02255

  517.0   0.02294

  518.0   0.02345

  519.0   0.02388

  520.0   0.02440

  521.0   0.02490

  522.0   0.02541

  523.0   0.02592

  524.0   0.02642

  525.0   0.02698

  526.0   0.02751

  527.0   0.02807

  528.0   0.02855

  529.0   0.02906

  530.0   0.02963

  531.0   0.03016

  532.0   0.03082

  533.0   0.03128

  534.0   0.03198

  535.0   0.03260

  536.0   0.03321

  537.0   0.03386

  538.0   0.03443

  539.0   0.03501

  540.0   0.03563

  541.0   0.03616

  542.0   0.03675

  543.0   0.03730

  544.0   0.03792

  545.0   0.03842

  546.0   0.03892

  547.0   0.03934

  548.0   0.03974

  549.0   0.04008

  550.0   0.04054

  551.0   0.04085

  552.0   0.04108

  553.0   0.04130

  554.0   0.04154

  555.0   0.04171

  556.0   0.04180

  557.0   0.04460

  558.0   0.04466

  559.0   0.04465

  560.0   0.04478

  561.0   0.04479

  562.0   0.04485

  563.0   0.04487

  564.0   0.04485

  565.0   0.04480

  566.0   0.04487

  567.0   0.04483

  568.0   0.04483

  569.0   0.04487

  570.0   0.04488

  571.0   0.04490

  572.0   0.04492

  573.0   0.04492

  574.0   0.04494

  575.0   0.04497

  576.0   0.04489

  577.0   0.04488

  578.0   0.04486

  579.0   0.04492

  580.0   0.04488

  581.0   0.04491

  582.0   0.04490

  583.0   0.04493

  584.0   0.04497

  585.0   0.04511

  586.0   0.04522

  587.0   0.04528

  588.0   0.04529

  589.0   0.04532

  590.0   0.04538

  591.0   0.04548

  592.0   0.04554

  593.0   0.04566

  594.0   0.04575

  595.0   0.04588

  596.0   0.04601

  597.0   0.04612

  598.0   0.04626

  599.0   0.04633

  600.0   0.04648

  601.0   0.04665

  602.0   0.04674

  603.0   0.04687

  604.0   0.04697

  605.0   0.04709

  606.0   0.04714

  607.0   0.04722

  608.0   0.04728

  609.0   0.04734

  610.0   0.04741

  611.0   0.04748

  612.0   0.04759

  613.0   0.04766

  614.0   0.04776

  615.0   0.04781

  616.0   0.04784

  617.0   0.04792

  618.0   0.04796

  619.0   0.04802

  620.0   0.04808

  621.0   0.04814

  622.0   0.04817

  623.0   0.04817

  624.0   0.04814

  625.0   0.04816

  626.0   0.04815

  627.0   0.04813

  628.0   0.04814

  629.0   0.04808

  630.0   0.04804

  631.0   0.04801

  632.0   0.04796

  633.0   0.04794

  634.0   0.04787

  635.0   0.04778

  636.0   0.04770

  637.0   0.04764

  638.0   0.04756

  639.0   0.04742

  640.0   0.04724

  641.0   0.04709

  642.0   0.04698

  643.0   0.04685

  644.0   0.04666

  645.0   0.04648

  646.0   0.04628

  647.0   0.04614

  648.0   0.04594

  649.0   0.04576

  650.0   0.04558

  651.0   0.04535

  652.0   0.04513

  653.0   0.04485

  654.0   0.04456

  655.0   0.04429

  656.0   0.04408

  657.0   0.04384

  658.0   0.04355

  659.0   0.04327

  660.0   0.04295

  661.0   0.04263

  662.0   0.04231

  663.0   0.04193

  664.0   0.04160

  665.0   0.04125

  666.0   0.04088

  667.0   0.04054

  668.0   0.04021

  669.0   0.03992

  670.0   0.03956

  671.0   0.03921

  672.0   0.03886

  673.0   0.03846

  674.0   0.03812

  675.0   0.03773

  676.0   0.03727

  677.0   0.03684

  678.0   0.03639

  679.0   0.03594

  680.0   0.03560

  681.0   0.03523

  682.0   0.03487

  683.0   0.03455

  684.0   0.03418

  685.0   0.03380

  686.0   0.03345

  687.0   0.03309

  688.0   0.03270

  689.0   0.03231

  690.0   0.03196

  691.0   0.03157

  692.0   0.03118

  693.0   0.03083

  694.0   0.03042

  695.0   0.03008

  696.0   0.02969

  697.0   0.02926

  698.0   0.02896

  699.0   0.02854

  700.0   0.02824

  701.0   0.02795

  702.0   0.02754

  703.0   0.02718

  704.0   0.02683

  705.0   0.02646

  706.0   0.02612

  707.0   0.02581

  708.0   0.02543

  709.0   0.02514

  710.0   0.02480

  711.0   0.02442

  712.0   0.02409

  713.0   0.02375

  714.0   0.02343

  715.0   0.02308

  716.0   0.02277

  717.0   0.02242

  718.0   0.02215

  719.0   0.02186

  720.0   0.02155

  721.0   0.02124

  722.0   0.02094

  723.0   0.02069

  724.0   0.02040

  725.0   0.02012

  726.0   0.01984

  727.0   0.01954

  728.0   0.01928

  729.0   0.01907

  730.0   0.01891

  731.0   0.01867

  732.0   0.01850

  733.0   0.01831

  734.0   0.01811

  735.0   0.01797

  736.0   0.02032

  737.0   0.01989

  738.0   0.01959

  739.0   0.01923

  740.0   0.01891

  741.0   0.01868

  742.0   0.01843

  743.0   0.01813

  744.0   0.01789

  745.0   0.01757

  746.0   0.01736

  747.0   0.01711

  748.0   0.01691

  749.0   0.01669

  750.0   0.01657

  751.0   0.01635

  752.0   0.01614

  753.0   0.01595

  754.0   0.01574

  755.0   0.01562

  756.0   0.01544

  757.0   0.01534

  758.0   0.01515

  759.0   0.01500

  760.0   0.01482

  761.0   0.01464

  762.0   0.01457

  763.0   0.01437

  764.0   0.01430

  765.0   0.01407

  766.0   0.01398

  767.0   0.01389

  768.0   0.01382

  769.0   0.01379

  770.0   0.01367

  771.0   0.01361

  772.0   0.01352

  773.0   0.01340

  774.0   0.01329

  775.0   0.01323

  776.0   0.01317

  777.0   0.01314

  778.0   0.01302

  779.0   0.01302

  780.0   0.01293

  781.0   0.01284

  782.0   0.01286

  783.0   0.01278

  784.0   0.01277

  785.0   0.01271

  786.0   0.01277

  787.0   0.01274

  788.0   0.01274

  789.0   0.01271

  790.0   0.01273

  791.0   0.01276

  792.0   0.01279

  793.0   0.01270

  794.0   0.01270

  795.0   0.01267

  796.0   0.01272

  797.0   0.01277

  798.0   0.01281

  799.0   0.01277

  800.0   0.01272

 
