ser ID: DU600

Method ID: A:\DEFAULT

Date: 07/29/00

Time: 03:35

 200.0   3.22220

  201.0   3.29026

  202.0   3.33041

  203.0   3.36847

  204.0   3.40688

  205.0   3.44107

  206.0   3.47056

  207.0   3.49886

  208.0   3.52660

  209.0   3.55570

  210.0   3.58092

  211.0   3.60520

  212.0   3.62972

  213.0   3.65533

  214.0   3.67642

  215.0   3.69705

  216.0   3.71659

  217.0   3.43616

  218.0   3.75557

  219.0   3.77173

  220.0   3.78675

  221.0   3.80127

  222.0   3.81651

  223.0   3.82950

  224.0   3.54139

  225.0   3.37737

  226.0   3.56656

  227.0   3.88024

  228.0   3.89176

  229.0   3.60201

  230.0   3.91487

  231.0   3.92474

  232.0   3.93399

  233.0   3.94176

  234.0   3.94880

  235.0   3.95415

  236.0   3.95828

  237.0   3.96142

  238.0   3.96346

  239.0   3.96459

  240.0   3.96464

  241.0   3.96440

  242.0   3.96313

  243.0   3.96095

  244.0   3.65772

  245.0   3.95569

  246.0   3.95265

  247.0   3.94856

  248.0   3.94448

  249.0   3.93982

  250.0   3.93536

  251.0   3.93018

  252.0   3.92526

  253.0   3.07476

  254.0   3.91424

  255.0   3.90838

  256.0   3.90314

  257.0   3.89713

  258.0   3.89126

  259.0   3.88423

  260.0   3.87760

  261.0   3.87175

  262.0   3.86516

  263.0   3.55745

  264.0   3.85187

  265.0   3.84578

  266.0   3.83891

  267.0   3.83232

  268.0   3.82633

  269.0   3.82060

  270.0   3.81551

  271.0   3.81137

  272.0   3.50610

  273.0   3.50297

  274.0   3.80140

  275.0   3.79962

  276.0   3.79858

  277.0   3.79720

  278.0   3.79637

  279.0   3.79553

  280.0   2.89258

  281.0   2.79498

  282.0   2.64801

  283.0   2.61714

  284.0   2.58820

  285.0   2.37693

  286.0   2.28696

  287.0   2.21156

  288.0   2.07541

  289.0   1.93485

  290.0   1.86902

  291.0   1.78554

  292.0   1.70444

  293.0   1.64220

  294.0   1.58223

  295.0   1.52265

  296.0   1.45934

  297.0   1.39976

  298.0   1.33511

  299.0   1.28045

  300.0   1.22946

  301.0   1.18318

  302.0   1.14130

  303.0   1.09799

  304.0   1.06175

  305.0   1.02910

  306.0   0.99517

  307.0   0.96730

  308.0   0.93312

  309.0   0.90317

  310.0   0.87464

  311.0   0.85029

  312.0   0.82476

  313.0   0.79815

  314.0   0.77717

  315.0   0.75888

  316.0   0.73889

  317.0   0.72497

  318.0   0.70734

  319.0   0.69862

  320.0   0.69061

  321.0   0.68912

  322.0   0.68471

  323.0   0.68311

  324.0   0.68324

  325.0   0.68638

  326.0   0.69453

  327.0   0.70078

  328.0   0.70830

  329.0   0.71873

  330.0   0.73082

  331.0   0.73951

  332.0   0.75380

  333.0   0.76160

  334.0   0.77572

  335.0   0.79129

  336.0   0.80642

  337.0   0.82073

  338.0   0.83926

  339.0   0.85637

  340.0   0.87533

  341.0   0.89496

  342.0   0.90462

  343.0   0.92196

  344.0   0.94030

  345.0   0.95647

  346.0   0.97407

  347.0   0.99075

  348.0   1.00639

  349.0   1.01931

  350.0   1.03211

  351.0   1.03764

  352.0   1.04377

  353.0   1.04867

  354.0   1.05374

  355.0   1.05643

  356.0   1.06373

  357.0   1.06378

  358.0   1.06536

  359.0   1.05995

  360.0   1.05057

  361.0   1.04139

  362.0   1.03211

  363.0   1.02392

  364.0   1.01672

  365.0   1.00445

  366.0   0.99532

  367.0   0.98152

  368.0   0.97156

  369.0   0.95867

  370.0   0.94943

  371.0   0.93463

  372.0   0.91849

  373.0   0.90717

  374.0   0.89667

  375.0   0.88598

  376.0   0.87195

  377.0   0.85943

  378.0   0.84537

  379.0   0.83213

  380.0   0.81900

  381.0   0.80435

  382.0   0.78961

  383.0   0.77570

  384.0   0.76003

  385.0   0.74573

  386.0   0.72981

  387.0   0.71668

  388.0   0.70112

  389.0   0.68470

  390.0   0.66934

  391.0   0.65545

  392.0   0.64012

  393.0   0.62740

  394.0   0.61248

  395.0   0.59951

  396.0   0.58686

  397.0   0.57374

  398.0   0.56209

  399.0   0.54994

  400.0   0.53892

  401.0   0.52708

  402.0   0.51586

  403.0   0.50585

  404.0   0.49404

  405.0   0.48455

  406.0   0.47485

  407.0   0.46385

  408.0   0.45434

  409.0   0.44322

  410.0   0.43322

  411.0   0.42274

  412.0   0.41156

  413.0   0.40129

  414.0   0.39077

  415.0   0.38531

  416.0   0.36826

  417.0   0.35619

  418.0   0.34541

  419.0   0.33384

  420.0   0.32323

  421.0   0.31295

  422.0   0.30162

  423.0   0.29138

  424.0   0.28042

  425.0   0.27090

  426.0   0.26075

  427.0   0.25171

  428.0   0.24285

  429.0   0.23359

  430.0   0.22542

  431.0   0.21694

  432.0   0.20957

  433.0   0.20184

  434.0   0.19507

  435.0   0.18862

  436.0   0.18191

  437.0   0.17614

  438.0   0.16991

  439.0   0.16451

  440.0   0.15887

  441.0   0.15403

  442.0   0.14892

  443.0   0.14452

  444.0   0.14006

  445.0   0.13543

  446.0   0.13156

  447.0   0.12733

  448.0   0.12337

  449.0   0.11923

  450.0   0.11555

  451.0   0.11154

  452.0   0.10817

  453.0   0.10438

  454.0   0.10087

  455.0   0.09732

  456.0   0.09417

  457.0   0.09108

  458.0   0.08776

  459.0   0.08466

  460.0   0.08129

  461.0   0.07852

  462.0   0.07544

  463.0   0.07276

  464.0   0.06990

  465.0   0.06733

  466.0   0.06459

  467.0   0.06233

  468.0   0.05986

  469.0   0.05769

  470.0   0.05536

  471.0   0.05324

  472.0   0.05107

  473.0   0.04915

  474.0   0.04708

  475.0   0.04533

  476.0   0.04340

  477.0   0.04165

  478.0   0.03989

  479.0   0.03836

  480.0   0.03674

  481.0   0.03535

  482.0   0.03380

  483.0   0.03256

  484.0   0.03118

  485.0   0.03002

  486.0   0.02875

  487.0   0.02772

  488.0   0.02662

  489.0   0.02563

  490.0   0.02460

  491.0   0.02377

  492.0   0.02283

  493.0   0.02203

  494.0   0.02126

  495.0   0.02055

  496.0   0.01979

  497.0   0.01917

  498.0   0.01854

  499.0   0.01800

  500.0   0.01733

  501.0   0.01689

  502.0   0.01640

  503.0   0.01588

  504.0   0.01553

  505.0   0.01503

  506.0   0.01464

  507.0   0.01428

  508.0   0.01391

  509.0   0.01360

  510.0   0.01336

  511.0   0.01303

  512.0   0.01269

  513.0   0.01243

  514.0   0.01223

  515.0   0.01209

  516.0   0.01188

  517.0   0.01165

  518.0   0.01147

  519.0   0.01129

  520.0   0.01116

  521.0   0.01105

  522.0   0.01092

  523.0   0.01089

  524.0   0.01083

  525.0   0.01076

  526.0   0.01076

  527.0   0.01067

  528.0   0.01057

  529.0   0.01045

  530.0   0.01048

  531.0   0.01044

  532.0   0.01043

  533.0   0.01038

  534.0   0.01046

  535.0   0.01051

  536.0   0.01055

  537.0   0.01064

  538.0   0.01070

  539.0   0.01070

  540.0   0.01083

  541.0   0.01082

  542.0   0.01084

  543.0   0.01086

  544.0   0.01092

  545.0   0.01094

  546.0   0.01103

  547.0   0.01104

  548.0   0.01104

  549.0   0.01102

  550.0   0.01104

  551.0   0.01103

  552.0   0.01107

  553.0   0.01111

  554.0   0.01110

  555.0   0.01112

  556.0   0.01112

  557.0   0.01176

  558.0   0.01177

  559.0   0.01172

  560.0   0.01179

  561.0   0.01175

  562.0   0.01177

  563.0   0.01181

  564.0   0.01179

  565.0   0.01175

  566.0   0.01177

  567.0   0.01176

  568.0   0.01176

  569.0   0.01184

  570.0   0.01184

  571.0   0.01184

  572.0   0.01182

  573.0   0.01182

  574.0   0.01182

  575.0   0.01180

  576.0   0.01178

  577.0   0.01170

  578.0   0.01169

  579.0   0.01172

  580.0   0.01164

  581.0   0.01167

  582.0   0.01168

  583.0   0.01177

  584.0   0.01175

  585.0   0.01179

  586.0   0.01175

  587.0   0.01174

  588.0   0.01170

  589.0   0.01165

  590.0   0.01169

  591.0   0.01169

  592.0   0.01170

  593.0   0.01170

  594.0   0.01170

  595.0   0.01168

  596.0   0.01170

  597.0   0.01172

  598.0   0.01171

  599.0   0.01166

  600.0   0.01170

  601.0   0.01174

  602.0   0.01173

  603.0   0.01179

  604.0   0.01179

  605.0   0.01186

  606.0   0.01184

  607.0   0.01187

  608.0   0.01191

  609.0   0.01194

  610.0   0.01198

  611.0   0.01200

  612.0   0.01204

  613.0   0.01206

  614.0   0.01210

  615.0   0.01207

  616.0   0.01209

  617.0   0.01211

  618.0   0.01215

  619.0   0.01219

  620.0   0.01222

  621.0   0.01226

  622.0   0.01229

  623.0   0.01230

  624.0   0.01229

  625.0   0.01232

  626.0   0.01232

  627.0   0.01232

  628.0   0.01232

  629.0   0.01227

  630.0   0.01226

  631.0   0.01229

  632.0   0.01231

  633.0   0.01235

  634.0   0.01237

  635.0   0.01229

  636.0   0.01229

  637.0   0.01230

  638.0   0.01227

  639.0   0.01220

  640.0   0.01216

  641.0   0.01214

  642.0   0.01213

  643.0   0.01212

  644.0   0.01208

  645.0   0.01200

  646.0   0.01188

  647.0   0.01187

  648.0   0.01184

  649.0   0.01182

  650.0   0.01179

  651.0   0.01178

  652.0   0.01176

  653.0   0.01170

  654.0   0.01166

  655.0   0.01158

  656.0   0.01156

  657.0   0.01150

  658.0   0.01143

  659.0   0.01141

  660.0   0.01131

  661.0   0.01126

  662.0   0.01116

  663.0   0.01107

  664.0   0.01104

  665.0   0.01099

  666.0   0.01094

  667.0   0.01089

  668.0   0.01086

  669.0   0.01086

  670.0   0.01081

  671.0   0.01080

  672.0   0.01072

  673.0   0.01068

  674.0   0.01064

  675.0   0.01052

  676.0   0.01044

  677.0   0.01039

  678.0   0.01027

  679.0   0.01014

  680.0   0.01012

  681.0   0.01005

  682.0   0.01004

  683.0   0.00997

  684.0   0.00988

  685.0   0.00984

  686.0   0.00981

  687.0   0.00977

  688.0   0.00974

  689.0   0.00960

  690.0   0.00955

  691.0   0.00947

  692.0   0.00938

  693.0   0.00935

  694.0   0.00930

  695.0   0.00922

  696.0   0.00920

  697.0   0.00916

  698.0   0.00913

  699.0   0.00903

  700.0   0.00900

  701.0   0.00893

  702.0   0.00887

  703.0   0.00882

  704.0   0.00875

  705.0   0.00871

  706.0   0.00864

  707.0   0.00861

  708.0   0.00853

  709.0   0.00850

  710.0   0.00847

  711.0   0.00837

  712.0   0.00828

  713.0   0.00822

  714.0   0.00815

  715.0   0.00802

  716.0   0.00802

  717.0   0.00795

  718.0   0.00786

  719.0   0.00785

  720.0   0.00783

  721.0   0.00774

  722.0   0.00770

  723.0   0.00765

  724.0   0.00754

  725.0   0.00752

  726.0   0.00743

  727.0   0.00740

  728.0   0.00737

  729.0   0.00731

  730.0   0.00735

  731.0   0.00728

  732.0   0.00727

  733.0   0.00720

  734.0   0.00716

  735.0   0.00712

  736.0   0.00783

  737.0   0.00770

  738.0   0.00763

  739.0   0.00755

  740.0   0.00748

  741.0   0.00750

  742.0   0.00743

  743.0   0.00734

  744.0   0.00736

  745.0   0.00730

  746.0   0.00729

  747.0   0.00726

  748.0   0.00718

  749.0   0.00715

  750.0   0.00715

  751.0   0.00709

  752.0   0.00699

  753.0   0.00691

  754.0   0.00681

  755.0   0.00678

  756.0   0.00671

  757.0   0.00666

  758.0   0.00659

  759.0   0.00657

  760.0   0.00644

  761.0   0.00639

  762.0   0.00629

  763.0   0.00614

  764.0   0.00606

  765.0   0.00596

  766.0   0.00586

  767.0   0.00584

  768.0   0.00582

  769.0   0.00580

  770.0   0.00573

  771.0   0.00569

  772.0   0.00553

  773.0   0.00554

  774.0   0.00550

  775.0   0.00545

  776.0   0.00538

  777.0   0.00533

  778.0   0.00521

  779.0   0.00519

  780.0   0.00517

  781.0   0.00510

  782.0   0.00511

  783.0   0.00500

  784.0   0.00504

  785.0   0.00502

  786.0   0.00498

  787.0   0.00499

  788.0   0.00497

  789.0   0.00490

  790.0   0.00488

  791.0   0.00492

  792.0   0.00493

  793.0   0.00482

  794.0   0.00484

  795.0   0.00476

  796.0   0.00477

  797.0   0.00478

  798.0   0.00484

  799.0   0.00482

  800.0   0.00476

 
