ser ID: DU600

Method ID: A:\DEFAULT

Date: 07/29/00

Time: 05:49

 200.0   3.22220

  201.0   2.81314

  202.0   2.55226

  203.0   3.36847

  204.0   3.40688

  205.0   3.44107

  206.0   3.47056

  207.0   3.49886

  208.0   3.22557

  209.0   2.95364

  210.0   2.97887

  211.0   3.00314

  212.0   3.15259

  213.0   3.65533

  214.0   3.67642

  215.0   3.69705

  216.0   3.71659

  217.0   3.73719

  218.0   3.75557

  219.0   3.47070

  220.0   3.78675

  221.0   3.80127

  222.0   3.21445

  223.0   3.05135

  224.0   3.54139

  225.0   3.85449

  226.0   3.86759

  227.0   3.57921

  228.0   3.89176

  229.0   3.90304

  230.0   3.91487

  231.0   3.92474

  232.0   3.93399

  233.0   3.94176

  234.0   3.94880

  235.0   3.95415

  236.0   3.65725

  237.0   3.35936

  238.0   3.66243

  239.0   3.48747

  240.0   3.48752

  241.0   3.96440

  242.0   3.96313

  243.0   3.96095

  244.0   3.95875

  245.0   3.95569

  246.0   3.65162

  247.0   3.64753

  248.0   3.94448

  249.0   3.63879

  250.0   3.45823

  251.0   3.15203

  252.0   3.14711

  253.0   3.31780

  254.0   3.61321

  255.0   3.90838

  256.0   3.90314

  257.0   3.89713

  258.0   3.41414

  259.0   3.88423

  260.0   3.57657

  261.0   3.87175

  262.0   2.96207

  263.0   3.85848

  264.0   3.07372

  265.0   2.89154

  266.0   2.88467

  267.0   3.35520

  268.0   3.12736

  269.0   3.04244

  270.0   3.03736

  271.0   2.85713

  272.0   2.72795

  273.0   2.72482

  274.0   2.47918

  275.0   2.43789

  276.0   2.25451

  277.0   2.19514

  278.0   2.07209

  279.0   2.01738

  280.0   1.96316

  281.0   1.88649

  282.0   1.84475

  283.0   1.77620

  284.0   1.70596

  285.0   1.64268

  286.0   1.59621

  287.0   1.55329

  288.0   1.50585

  289.0   1.45174

  290.0   1.42223

  291.0   1.38252

  292.0   1.35660

  293.0   1.33510

  294.0   1.31875

  295.0   1.29480

  296.0   1.27792

  297.0   1.26098

  298.0   1.24990

  299.0   1.23335

  300.0   1.22469

  301.0   1.21578

  302.0   1.20512

  303.0   1.19784

  304.0   1.19766

  305.0   1.18837

  306.0   1.18682

  307.0   1.18344

  308.0   1.17858

  309.0   1.17019

  310.0   1.16369

  311.0   1.15354

  312.0   1.14201

  313.0   1.13402

  314.0   1.12205

  315.0   1.11804

  316.0   1.10103

  317.0   1.09022

  318.0   1.07979

  319.0   1.07179

  320.0   1.07064

  321.0   1.06589

  322.0   1.05314

  323.0   1.04479

  324.0   1.03531

  325.0   1.03138

  326.0   1.02774

  327.0   1.01886

  328.0   1.01275

  329.0   1.00604

  330.0   1.00267

  331.0   0.99886

  332.0   0.99019

  333.0   0.97966

  334.0   0.96804

  335.0   0.96024

  336.0   0.94853

  337.0   0.93921

  338.0   0.92754

  339.0   0.91147

  340.0   0.89912

  341.0   0.88932

  342.0   0.87529

  343.0   0.86387

  344.0   0.84823

  345.0   0.82933

  346.0   0.81469

  347.0   0.79800

  348.0   0.78240

  349.0   0.76424

  350.0   0.74353

  351.0   0.72714

  352.0   0.70910

  353.0   0.69138

  354.0   0.67395

  355.0   0.65829

  356.0   0.64726

  357.0   0.61708

  358.0   0.59919

  359.0   0.58114

  360.0   0.56511

  361.0   0.54748

  362.0   0.52870

  363.0   0.51211

  364.0   0.49682

  365.0   0.47985

  366.0   0.46641

  367.0   0.45000

  368.0   0.43622

  369.0   0.42344

  370.0   0.40978

  371.0   0.39942

  372.0   0.38813

  373.0   0.37647

  374.0   0.36662

  375.0   0.35599

  376.0   0.34569

  377.0   0.33736

  378.0   0.32796

  379.0   0.32005

  380.0   0.31207

  381.0   0.30453

  382.0   0.29827

  383.0   0.29215

  384.0   0.28582

  385.0   0.28066

  386.0   0.27499

  387.0   0.27062

  388.0   0.26629

  389.0   0.26157

  390.0   0.25796

  391.0   0.25404

  392.0   0.25044

  393.0   0.24730

  394.0   0.24384

  395.0   0.24081

  396.0   0.23750

  397.0   0.23497

  398.0   0.23182

  399.0   0.22829

  400.0   0.22556

  401.0   0.22249

  402.0   0.21892

  403.0   0.21525

  404.0   0.21162

  405.0   0.20775

  406.0   0.20415

  407.0   0.20007

  408.0   0.19604

  409.0   0.19111

  410.0   0.18641

  411.0   0.18179

  412.0   0.17621

  413.0   0.17133

  414.0   0.16609

  415.0   0.16304

  416.0   0.15387

  417.0   0.14740

  418.0   0.14166

  419.0   0.13544

  420.0   0.12950

  421.0   0.12393

  422.0   0.11790

  423.0   0.11222

  424.0   0.10629

  425.0   0.10101

  426.0   0.09551

  427.0   0.09090

  428.0   0.08640

  429.0   0.08167

  430.0   0.07774

  431.0   0.07364

  432.0   0.07024

  433.0   0.06681

  434.0   0.06374

  435.0   0.06094

  436.0   0.05817

  437.0   0.05584

  438.0   0.05338

  439.0   0.05125

  440.0   0.04910

  441.0   0.04736

  442.0   0.04573

  443.0   0.04412

  444.0   0.04273

  445.0   0.04125

  446.0   0.04000

  447.0   0.03879

  448.0   0.03760

  449.0   0.03655

  450.0   0.03541

  451.0   0.03427

  452.0   0.03331

  453.0   0.03241

  454.0   0.03132

  455.0   0.03047

  456.0   0.02971

  457.0   0.02897

  458.0   0.02814

  459.0   0.02751

  460.0   0.02670

  461.0   0.02601

  462.0   0.02528

  463.0   0.02469

  464.0   0.02400

  465.0   0.02344

  466.0   0.02288

  467.0   0.02242

  468.0   0.02195

  469.0   0.02149

  470.0   0.02116

  471.0   0.02080

  472.0   0.02034

  473.0   0.02000

  474.0   0.01969

  475.0   0.01929

  476.0   0.01898

  477.0   0.01869

  478.0   0.01832

  479.0   0.01808

  480.0   0.01780

  481.0   0.01760

  482.0   0.01727

  483.0   0.01704

  484.0   0.01686

  485.0   0.01677

  486.0   0.01660

  487.0   0.01655

  488.0   0.01649

  489.0   0.01642

  490.0   0.01636

  491.0   0.01631

  492.0   0.01626

  493.0   0.01628

  494.0   0.01631

  495.0   0.01637

  496.0   0.01641

  497.0   0.01647

  498.0   0.01662

  499.0   0.01674

  500.0   0.01688

  501.0   0.01705

  502.0   0.01726

  503.0   0.01741

  504.0   0.01762

  505.0   0.01787

  506.0   0.01801

  507.0   0.01830

  508.0   0.01852

  509.0   0.01881

  510.0   0.01914

  511.0   0.01945

  512.0   0.01973

  513.0   0.02007

  514.0   0.02047

  515.0   0.02079

  516.0   0.02118

  517.0   0.02151

  518.0   0.02186

  519.0   0.02225

  520.0   0.02269

  521.0   0.02307

  522.0   0.02344

  523.0   0.02395

  524.0   0.02430

  525.0   0.02482

  526.0   0.02523

  527.0   0.02576

  528.0   0.02610

  529.0   0.02657

  530.0   0.02708

  531.0   0.02753

  532.0   0.02810

  533.0   0.02853

  534.0   0.02917

  535.0   0.02972

  536.0   0.03024

  537.0   0.03080

  538.0   0.03128

  539.0   0.03179

  540.0   0.03228

  541.0   0.03279

  542.0   0.03331

  543.0   0.03381

  544.0   0.03429

  545.0   0.03472

  546.0   0.03516

  547.0   0.03554

  548.0   0.03592

  549.0   0.03617

  550.0   0.03652

  551.0   0.03678

  552.0   0.03704

  553.0   0.03725

  554.0   0.03743

  555.0   0.03762

  556.0   0.03769

  557.0   0.04036

  558.0   0.04040

  559.0   0.04037

  560.0   0.04044

  561.0   0.04045

  562.0   0.04051

  563.0   0.04056

  564.0   0.04052

  565.0   0.04052

  566.0   0.04057

  567.0   0.04057

  568.0   0.04053

  569.0   0.04056

  570.0   0.04055

  571.0   0.04055

  572.0   0.04051

  573.0   0.04050

  574.0   0.04048

  575.0   0.04049

  576.0   0.04050

  577.0   0.04044

  578.0   0.04046

  579.0   0.04050

  580.0   0.04049

  581.0   0.04049

  582.0   0.04049

  583.0   0.04051

  584.0   0.04057

  585.0   0.04066

  586.0   0.04076

  587.0   0.04082

  588.0   0.04081

  589.0   0.04087

  590.0   0.04091

  591.0   0.04099

  592.0   0.04107

  593.0   0.04115

  594.0   0.04124

  595.0   0.04133

  596.0   0.04146

  597.0   0.04161

  598.0   0.04169

  599.0   0.04178

  600.0   0.04189

  601.0   0.04201

  602.0   0.04208

  603.0   0.04225

  604.0   0.04240

  605.0   0.04246

  606.0   0.04255

  607.0   0.04259

  608.0   0.04265

  609.0   0.04269

  610.0   0.04274

  611.0   0.04277

  612.0   0.04281

  613.0   0.04286

  614.0   0.04291

  615.0   0.04296

  616.0   0.04302

  617.0   0.04307

  618.0   0.04316

  619.0   0.04321

  620.0   0.04324

  621.0   0.04331

  622.0   0.04337

  623.0   0.04336

  624.0   0.04335

  625.0   0.04336

  626.0   0.04332

  627.0   0.04328

  628.0   0.04331

  629.0   0.04328

  630.0   0.04322

  631.0   0.04319

  632.0   0.04315

  633.0   0.04309

  634.0   0.04301

  635.0   0.04291

  636.0   0.04281

  637.0   0.04275

  638.0   0.04265

  639.0   0.04254

  640.0   0.04240

  641.0   0.04225

  642.0   0.04219

  643.0   0.04208

  644.0   0.04193

  645.0   0.04179

  646.0   0.04155

  647.0   0.04145

  648.0   0.04125

  649.0   0.04111

  650.0   0.04092

  651.0   0.04075

  652.0   0.04056

  653.0   0.04035

  654.0   0.04011

  655.0   0.03984

  656.0   0.03969

  657.0   0.03946

  658.0   0.03923

  659.0   0.03903

  660.0   0.03874

  661.0   0.03846

  662.0   0.03817

  663.0   0.03782

  664.0   0.03754

  665.0   0.03726

  666.0   0.03698

  667.0   0.03669

  668.0   0.03639

  669.0   0.03611

  670.0   0.03572

  671.0   0.03541

  672.0   0.03508

  673.0   0.03470

  674.0   0.03441

  675.0   0.03406

  676.0   0.03374

  677.0   0.03336

  678.0   0.03293

  679.0   0.03257

  680.0   0.03227

  681.0   0.03195

  682.0   0.03168

  683.0   0.03137

  684.0   0.03103

  685.0   0.03074

  686.0   0.03041

  687.0   0.03010

  688.0   0.02976

  689.0   0.02940

  690.0   0.02905

  691.0   0.02869

  692.0   0.02833

  693.0   0.02803

  694.0   0.02767

  695.0   0.02736

  696.0   0.02705

  697.0   0.02671

  698.0   0.02640

  699.0   0.02601

  700.0   0.02570

  701.0   0.02540

  702.0   0.02505

  703.0   0.02474

  704.0   0.02446

  705.0   0.02410

  706.0   0.02376

  707.0   0.02346

  708.0   0.02315

  709.0   0.02289

  710.0   0.02262

  711.0   0.02225

  712.0   0.02199

  713.0   0.02166

  714.0   0.02136

  715.0   0.02105

  716.0   0.02077

  717.0   0.02047

  718.0   0.02023

  719.0   0.01993

  720.0   0.01965

  721.0   0.01936

  722.0   0.01908

  723.0   0.01888

  724.0   0.01862

  725.0   0.01839

  726.0   0.01812

  727.0   0.01795

  728.0   0.01768

  729.0   0.01752

  730.0   0.01738

  731.0   0.01715

  732.0   0.01694

  733.0   0.01675

  734.0   0.01656

  735.0   0.01649

  736.0   0.01880

  737.0   0.01844

  738.0   0.01817

  739.0   0.01782

  740.0   0.01756

  741.0   0.01730

  742.0   0.01708

  743.0   0.01675

  744.0   0.01654

  745.0   0.01634

  746.0   0.01616

  747.0   0.01596

  748.0   0.01573

  749.0   0.01559

  750.0   0.01542

  751.0   0.01526

  752.0   0.01507

  753.0   0.01489

  754.0   0.01471

  755.0   0.01455

  756.0   0.01437

  757.0   0.01425

  758.0   0.01408

  759.0   0.01393

  760.0   0.01377

  761.0   0.01365

  762.0   0.01356

  763.0   0.01340

  764.0   0.01328

  765.0   0.01313

  766.0   0.01304

  767.0   0.01289

  768.0   0.01280

  769.0   0.01274

  770.0   0.01267

  771.0   0.01261

  772.0   0.01255

  773.0   0.01246

  774.0   0.01234

  775.0   0.01234

  776.0   0.01225

  777.0   0.01224

  778.0   0.01212

  779.0   0.01212

  780.0   0.01205

  781.0   0.01197

  782.0   0.01196

  783.0   0.01190

  784.0   0.01189

  785.0   0.01183

  786.0   0.01183

  787.0   0.01177

  788.0   0.01177

  789.0   0.01171

  790.0   0.01176

  791.0   0.01175

  792.0   0.01175

  793.0   0.01174

  794.0   0.01166

  795.0   0.01168

  796.0   0.01170

  797.0   0.01172

  798.0   0.01185

  799.0   0.01181

  800.0   0.01176

 
