ser ID: DU600

Method ID: A:\DEFAULT

Date: 07/29/00

Time: 03:42

 200.0   3.22220

  201.0   3.29026

  202.0   3.33041

  203.0   3.36847

  204.0   3.40688

  205.0   3.44107

  206.0   3.47056

  207.0   3.49886

  208.0   3.52660

  209.0   3.55570

  210.0   3.58092

  211.0   3.60520

  212.0   3.62972

  213.0   3.65533

  214.0   3.67642

  215.0   3.39602

  216.0   3.71659

  217.0   3.73719

  218.0   3.75557

  219.0   3.77173

  220.0   3.78675

  221.0   3.80127

  222.0   3.81651

  223.0   3.82950

  224.0   3.84242

  225.0   3.85449

  226.0   3.86759

  227.0   3.88024

  228.0   3.89176

  229.0   3.90304

  230.0   3.61384

  231.0   3.62371

  232.0   3.93399

  233.0   3.24279

  234.0   3.94880

  235.0   3.95415

  236.0   3.95828

  237.0   3.96142

  238.0   3.96346

  239.0   3.96459

  240.0   3.96464

  241.0   3.96440

  242.0   3.96313

  243.0   3.96095

  244.0   3.95875

  245.0   3.95569

  246.0   3.95265

  247.0   3.94856

  248.0   3.94448

  249.0   3.93982

  250.0   3.93536

  251.0   3.93018

  252.0   3.44814

  253.0   3.91986

  254.0   3.91424

  255.0   3.90838

  256.0   3.90314

  257.0   3.89713

  258.0   3.89126

  259.0   3.88423

  260.0   3.87760

  261.0   3.87175

  262.0   3.86516

  263.0   3.85848

  264.0   3.85187

  265.0   3.54475

  266.0   3.36179

  267.0   3.83232

  268.0   3.22427

  269.0   3.82060

  270.0   3.81551

  271.0   3.81137

  272.0   3.80713

  273.0   3.80400

  274.0   3.80140

  275.0   3.79962

  276.0   3.79858

  277.0   3.49617

  278.0   3.49534

  279.0   3.01738

  280.0   3.09670

  281.0   2.71579

  282.0   2.59002

  283.0   2.56278

  284.0   2.39438

  285.0   2.31478

  286.0   2.12935

  287.0   2.11010

  288.0   2.02798

  289.0   1.92886

  290.0   1.84882

  291.0   1.76072

  292.0   1.68041

  293.0   1.62130

  294.0   1.56653

  295.0   1.48914

  296.0   1.43586

  297.0   1.37251

  298.0   1.33058

  299.0   1.28045

  300.0   1.23307

  301.0   1.18427

  302.0   1.14828

  303.0   1.11639

  304.0   1.08486

  305.0   1.05562

  306.0   1.02141

  307.0   0.99726

  308.0   0.97009

  309.0   0.94073

  310.0   0.92097

  311.0   0.89396

  312.0   0.87004

  313.0   0.84867

  314.0   0.82594

  315.0   0.80783

  316.0   0.79050

  317.0   0.77516

  318.0   0.76179

  319.0   0.75132

  320.0   0.74497

  321.0   0.74177

  322.0   0.73604

  323.0   0.73499

  324.0   0.73839

  325.0   0.73909

  326.0   0.74270

  327.0   0.74872

  328.0   0.75607

  329.0   0.76217

  330.0   0.76931

  331.0   0.77986

  332.0   0.79071

  333.0   0.79496

  334.0   0.80581

  335.0   0.81741

  336.0   0.83086

  337.0   0.84584

  338.0   0.85344

  339.0   0.86765

  340.0   0.88358

  341.0   0.89923

  342.0   0.91118

  343.0   0.92496

  344.0   0.93797

  345.0   0.95327

  346.0   0.96581

  347.0   0.97883

  348.0   0.98802

  349.0   0.99694

  350.0   1.00556

  351.0   1.01075

  352.0   1.01374

  353.0   1.01642

  354.0   1.01829

  355.0   1.01788

  356.0   1.01694

  357.0   1.01941

  358.0   1.00763

  359.0   1.00488

  360.0   1.00017

  361.0   0.98869

  362.0   0.97918

  363.0   0.96982

  364.0   0.96090

  365.0   0.95000

  366.0   0.93846

  367.0   0.92255

  368.0   0.91255

  369.0   0.89963

  370.0   0.88761

  371.0   0.87773

  372.0   0.86349

  373.0   0.85239

  374.0   0.83905

  375.0   0.82599

  376.0   0.81332

  377.0   0.80225

  378.0   0.78842

  379.0   0.77499

  380.0   0.76071

  381.0   0.74783

  382.0   0.73465

  383.0   0.72221

  384.0   0.70701

  385.0   0.69353

  386.0   0.67902

  387.0   0.66582

  388.0   0.65245

  389.0   0.63820

  390.0   0.62437

  391.0   0.61169

  392.0   0.59759

  393.0   0.58564

  394.0   0.57250

  395.0   0.56097

  396.0   0.54958

  397.0   0.53792

  398.0   0.52616

  399.0   0.51478

  400.0   0.50468

  401.0   0.49484

  402.0   0.48494

  403.0   0.47560

  404.0   0.46495

  405.0   0.45504

  406.0   0.44646

  407.0   0.43640

  408.0   0.42721

  409.0   0.41698

  410.0   0.40703

  411.0   0.39778

  412.0   0.38701

  413.0   0.37753

  414.0   0.36736

  415.0   0.36234

  416.0   0.34576

  417.0   0.33436

  418.0   0.32411

  419.0   0.31300

  420.0   0.30242

  421.0   0.29237

  422.0   0.28164

  423.0   0.27177

  424.0   0.26113

  425.0   0.25171

  426.0   0.24199

  427.0   0.23329

  428.0   0.22476

  429.0   0.21589

  430.0   0.20823

  431.0   0.20029

  432.0   0.19337

  433.0   0.18595

  434.0   0.17950

  435.0   0.17353

  436.0   0.16708

  437.0   0.16158

  438.0   0.15571

  439.0   0.15081

  440.0   0.14560

  441.0   0.14113

  442.0   0.13639

  443.0   0.13218

  444.0   0.12808

  445.0   0.12382

  446.0   0.12002

  447.0   0.11612

  448.0   0.11257

  449.0   0.10887

  450.0   0.10549

  451.0   0.10184

  452.0   0.09869

  453.0   0.09533

  454.0   0.09211

  455.0   0.08884

  456.0   0.08600

  457.0   0.08316

  458.0   0.08015

  459.0   0.07751

  460.0   0.07453

  461.0   0.07198

  462.0   0.06923

  463.0   0.06687

  464.0   0.06417

  465.0   0.06193

  466.0   0.05937

  467.0   0.05727

  468.0   0.05503

  469.0   0.05307

  470.0   0.05100

  471.0   0.04913

  472.0   0.04713

  473.0   0.04543

  474.0   0.04355

  475.0   0.04197

  476.0   0.04027

  477.0   0.03875

  478.0   0.03722

  479.0   0.03581

  480.0   0.03440

  481.0   0.03322

  482.0   0.03186

  483.0   0.03070

  484.0   0.02949

  485.0   0.02848

  486.0   0.02731

  487.0   0.02644

  488.0   0.02549

  489.0   0.02458

  490.0   0.02366

  491.0   0.02295

  492.0   0.02212

  493.0   0.02144

  494.0   0.02068

  495.0   0.02008

  496.0   0.01939

  497.0   0.01881

  498.0   0.01823

  499.0   0.01775

  500.0   0.01728

  501.0   0.01687

  502.0   0.01650

  503.0   0.01608

  504.0   0.01577

  505.0   0.01542

  506.0   0.01509

  507.0   0.01482

  508.0   0.01454

  509.0   0.01430

  510.0   0.01412

  511.0   0.01387

  512.0   0.01362

  513.0   0.01347

  514.0   0.01324

  515.0   0.01316

  516.0   0.01300

  517.0   0.01291

  518.0   0.01282

  519.0   0.01273

  520.0   0.01263

  521.0   0.01264

  522.0   0.01260

  523.0   0.01260

  524.0   0.01257

  525.0   0.01257

  526.0   0.01258

  527.0   0.01256

  528.0   0.01251

  529.0   0.01250

  530.0   0.01257

  531.0   0.01255

  532.0   0.01261

  533.0   0.01265

  534.0   0.01279

  535.0   0.01284

  536.0   0.01297

  537.0   0.01308

  538.0   0.01320

  539.0   0.01329

  540.0   0.01342

  541.0   0.01351

  542.0   0.01362

  543.0   0.01366

  544.0   0.01382

  545.0   0.01389

  546.0   0.01396

  547.0   0.01403

  548.0   0.01409

  549.0   0.01409

  550.0   0.01416

  551.0   0.01416

  552.0   0.01419

  553.0   0.01419

  554.0   0.01425

  555.0   0.01425

  556.0   0.01430

  557.0   0.01523

  558.0   0.01528

  559.0   0.01527

  560.0   0.01537

  561.0   0.01538

  562.0   0.01543

  563.0   0.01549

  564.0   0.01551

  565.0   0.01550

  566.0   0.01550

  567.0   0.01551

  568.0   0.01546

  569.0   0.01551

  570.0   0.01549

  571.0   0.01551

  572.0   0.01548

  573.0   0.01546

  574.0   0.01547

  575.0   0.01545

  576.0   0.01542

  577.0   0.01536

  578.0   0.01537

  579.0   0.01537

  580.0   0.01529

  581.0   0.01528

  582.0   0.01525

  583.0   0.01528

  584.0   0.01525

  585.0   0.01533

  586.0   0.01530

  587.0   0.01533

  588.0   0.01529

  589.0   0.01527

  590.0   0.01530

  591.0   0.01534

  592.0   0.01534

  593.0   0.01533

  594.0   0.01532

  595.0   0.01530

  596.0   0.01536

  597.0   0.01537

  598.0   0.01541

  599.0   0.01542

  600.0   0.01548

  601.0   0.01549

  602.0   0.01550

  603.0   0.01556

  604.0   0.01560

  605.0   0.01566

  606.0   0.01571

  607.0   0.01571

  608.0   0.01572

  609.0   0.01574

  610.0   0.01577

  611.0   0.01580

  612.0   0.01581

  613.0   0.01586

  614.0   0.01590

  615.0   0.01590

  616.0   0.01590

  617.0   0.01594

  618.0   0.01601

  619.0   0.01604

  620.0   0.01602

  621.0   0.01604

  622.0   0.01608

  623.0   0.01610

  624.0   0.01607

  625.0   0.01609

  626.0   0.01608

  627.0   0.01609

  628.0   0.01612

  629.0   0.01610

  630.0   0.01610

  631.0   0.01610

  632.0   0.01610

  633.0   0.01608

  634.0   0.01601

  635.0   0.01595

  636.0   0.01593

  637.0   0.01588

  638.0   0.01586

  639.0   0.01580

  640.0   0.01574

  641.0   0.01567

  642.0   0.01561

  643.0   0.01559

  644.0   0.01549

  645.0   0.01544

  646.0   0.01534

  647.0   0.01530

  648.0   0.01522

  649.0   0.01517

  650.0   0.01511

  651.0   0.01505

  652.0   0.01498

  653.0   0.01489

  654.0   0.01481

  655.0   0.01469

  656.0   0.01464

  657.0   0.01457

  658.0   0.01447

  659.0   0.01438

  660.0   0.01427

  661.0   0.01419

  662.0   0.01410

  663.0   0.01404

  664.0   0.01398

  665.0   0.01393

  666.0   0.01381

  667.0   0.01373

  668.0   0.01368

  669.0   0.01364

  670.0   0.01356

  671.0   0.01352

  672.0   0.01345

  673.0   0.01334

  674.0   0.01327

  675.0   0.01313

  676.0   0.01301

  677.0   0.01292

  678.0   0.01279

  679.0   0.01267

  680.0   0.01258

  681.0   0.01250

  682.0   0.01240

  683.0   0.01234

  684.0   0.01226

  685.0   0.01221

  686.0   0.01213

  687.0   0.01203

  688.0   0.01190

  689.0   0.01179

  690.0   0.01168

  691.0   0.01158

  692.0   0.01145

  693.0   0.01143

  694.0   0.01135

  695.0   0.01126

  696.0   0.01120

  697.0   0.01105

  698.0   0.01098

  699.0   0.01084

  700.0   0.01079

  701.0   0.01069

  702.0   0.01062

  703.0   0.01054

  704.0   0.01043

  705.0   0.01037

  706.0   0.01033

  707.0   0.01027

  708.0   0.01020

  709.0   0.01016

  710.0   0.01009

  711.0   0.00995

  712.0   0.00991

  713.0   0.00984

  714.0   0.00974

  715.0   0.00965

  716.0   0.00957

  717.0   0.00947

  718.0   0.00939

  719.0   0.00931

  720.0   0.00923

  721.0   0.00920

  722.0   0.00908

  723.0   0.00907

  724.0   0.00894

  725.0   0.00889

  726.0   0.00881

  727.0   0.00875

  728.0   0.00864

  729.0   0.00862

  730.0   0.00861

  731.0   0.00856

  732.0   0.00851

  733.0   0.00845

  734.0   0.00834

  735.0   0.00831

  736.0   0.00931

  737.0   0.00920

  738.0   0.00910

  739.0   0.00899

  740.0   0.00884

  741.0   0.00882

  742.0   0.00873

  743.0   0.00858

  744.0   0.00857

  745.0   0.00848

  746.0   0.00845

  747.0   0.00836

  748.0   0.00825

  749.0   0.00820

  750.0   0.00814

  751.0   0.00803

  752.0   0.00790

  753.0   0.00785

  754.0   0.00777

  755.0   0.00772

  756.0   0.00765

  757.0   0.00760

  758.0   0.00748

  759.0   0.00746

  760.0   0.00736

  761.0   0.00728

  762.0   0.00726

  763.0   0.00711

  764.0   0.00712

  765.0   0.00696

  766.0   0.00689

  767.0   0.00685

  768.0   0.00675

  769.0   0.00673

  770.0   0.00666

  771.0   0.00661

  772.0   0.00646

  773.0   0.00634

  774.0   0.00621

  775.0   0.00617

  776.0   0.00609

  777.0   0.00610

  778.0   0.00601

  779.0   0.00602

  780.0   0.00603

  781.0   0.00598

  782.0   0.00599

  783.0   0.00592

  784.0   0.00593

  785.0   0.00592

  786.0   0.00590

  787.0   0.00589

  788.0   0.00587

  789.0   0.00583

  790.0   0.00578

  791.0   0.00579

  792.0   0.00581

  793.0   0.00579

  794.0   0.00575

  795.0   0.00570

  796.0   0.00571

  797.0   0.00572

  798.0   0.00578

  799.0   0.00576

  800.0   0.00571

 
