ser ID: DU600

Method ID: A:\DEFAULT

Date: 07/29/00

Time: 03:44

 200.0   3.22220

  201.0   3.29026

  202.0   3.33041

  203.0   3.36847

  204.0   3.40688

  205.0   3.44107

  206.0   3.47056

  207.0   3.49886

  208.0   3.52660

  209.0   3.55570

  210.0   3.10380

  211.0   3.00314

  212.0   3.62972

  213.0   3.65533

  214.0   3.67642

  215.0   3.69705

  216.0   3.71659

  217.0   3.73719

  218.0   3.75557

  219.0   3.77173

  220.0   3.78675

  221.0   3.80127

  222.0   3.81651

  223.0   3.82950

  224.0   3.84242

  225.0   3.85449

  226.0   3.86759

  227.0   3.88024

  228.0   3.89176

  229.0   3.90304

  230.0   3.91487

  231.0   3.62371

  232.0   3.93399

  233.0   3.94176

  234.0   3.94880

  235.0   3.95415

  236.0   3.95828

  237.0   3.96142

  238.0   3.96346

  239.0   3.96459

  240.0   3.96464

  241.0   3.96440

  242.0   3.96313

  243.0   3.96095

  244.0   3.65772

  245.0   3.95569

  246.0   3.95265

  247.0   3.94856

  248.0   3.94448

  249.0   3.93982

  250.0   3.93536

  251.0   3.93018

  252.0   3.92526

  253.0   3.91986

  254.0   3.91424

  255.0   3.90838

  256.0   3.90314

  257.0   3.89713

  258.0   3.41414

  259.0   3.88423

  260.0   3.87760

  261.0   3.57072

  262.0   3.26310

  263.0   3.85848

  264.0   3.85187

  265.0   3.84578

  266.0   3.83891

  267.0   3.83232

  268.0   3.82633

  269.0   3.82060

  270.0   3.81551

  271.0   3.81137

  272.0   3.80713

  273.0   3.50297

  274.0   3.19934

  275.0   3.79962

  276.0   3.02043

  277.0   3.01905

  278.0   2.84212

  279.0   2.89244

  280.0   2.95057

  281.0   2.84073

  282.0   2.71496

  283.0   2.53796

  284.0   2.39438

  285.0   2.28675

  286.0   2.24804

  287.0   2.10114

  288.0   2.01326

  289.0   1.90009

  290.0   1.82017

  291.0   1.73344

  292.0   1.66401

  293.0   1.60697

  294.0   1.53435

  295.0   1.47227

  296.0   1.42457

  297.0   1.37749

  298.0   1.33360

  299.0   1.27643

  300.0   1.23917

  301.0   1.19749

  302.0   1.15742

  303.0   1.12207

  304.0   1.09195

  305.0   1.06230

  306.0   1.03316

  307.0   1.00246

  308.0   0.97574

  309.0   0.95015

  310.0   0.92811

  311.0   0.90450

  312.0   0.87837

  313.0   0.85672

  314.0   0.83819

  315.0   0.82195

  316.0   0.80268

  317.0   0.78972

  318.0   0.77824

  319.0   0.76660

  320.0   0.76176

  321.0   0.75858

  322.0   0.74791

  323.0   0.75058

  324.0   0.75042

  325.0   0.75226

  326.0   0.75549

  327.0   0.76172

  328.0   0.76762

  329.0   0.77502

  330.0   0.78293

  331.0   0.78969

  332.0   0.79837

  333.0   0.80507

  334.0   0.81489

  335.0   0.82481

  336.0   0.83783

  337.0   0.84648

  338.0   0.85871

  339.0   0.87442

  340.0   0.88427

  341.0   0.89994

  342.0   0.91044

  343.0   0.92421

  344.0   0.93952

  345.0   0.95407

  346.0   0.96336

  347.0   0.97133

  348.0   0.98122

  349.0   0.98830

  350.0   0.99330

  351.0   1.00009

  352.0   1.00388

  353.0   1.00558

  354.0   1.00470

  355.0   1.00786

  356.0   1.00871

  357.0   1.00248

  358.0   0.99856

  359.0   0.99257

  360.0   0.98487

  361.0   0.97405

  362.0   0.96593

  363.0   0.95343

  364.0   0.94518

  365.0   0.93371

  366.0   0.92295

  367.0   0.90793

  368.0   0.89797

  369.0   0.88686

  370.0   0.87292

  371.0   0.86079

  372.0   0.84891

  373.0   0.83513

  374.0   0.82196

  375.0   0.80911

  376.0   0.79709

  377.0   0.78520

  378.0   0.77206

  379.0   0.75831

  380.0   0.74671

  381.0   0.73195

  382.0   0.72015

  383.0   0.70775

  384.0   0.69279

  385.0   0.68013

  386.0   0.66624

  387.0   0.65275

  388.0   0.63982

  389.0   0.62505

  390.0   0.61273

  391.0   0.60017

  392.0   0.58637

  393.0   0.57503

  394.0   0.56129

  395.0   0.55046

  396.0   0.53915

  397.0   0.52744

  398.0   0.51683

  399.0   0.50564

  400.0   0.49572

  401.0   0.48577

  402.0   0.47603

  403.0   0.46733

  404.0   0.45679

  405.0   0.44792

  406.0   0.43873

  407.0   0.42907

  408.0   0.41986

  409.0   0.41000

  410.0   0.40038

  411.0   0.39111

  412.0   0.38044

  413.0   0.37126

  414.0   0.36115

  415.0   0.35591

  416.0   0.33932

  417.0   0.32827

  418.0   0.31780

  419.0   0.30685

  420.0   0.29657

  421.0   0.28679

  422.0   0.27592

  423.0   0.26631

  424.0   0.25568

  425.0   0.24674

  426.0   0.23691

  427.0   0.22842

  428.0   0.22009

  429.0   0.21143

  430.0   0.20365

  431.0   0.19571

  432.0   0.18896

  433.0   0.18155

  434.0   0.17543

  435.0   0.16944

  436.0   0.16338

  437.0   0.15770

  438.0   0.15211

  439.0   0.14724

  440.0   0.14215

  441.0   0.13757

  442.0   0.13300

  443.0   0.12887

  444.0   0.12497

  445.0   0.12085

  446.0   0.11723

  447.0   0.11339

  448.0   0.10989

  449.0   0.10620

  450.0   0.10287

  451.0   0.09932

  452.0   0.09631

  453.0   0.09304

  454.0   0.08996

  455.0   0.08682

  456.0   0.08396

  457.0   0.08124

  458.0   0.07830

  459.0   0.07564

  460.0   0.07277

  461.0   0.07024

  462.0   0.06757

  463.0   0.06519

  464.0   0.06265

  465.0   0.06036

  466.0   0.05796

  467.0   0.05598

  468.0   0.05373

  469.0   0.05185

  470.0   0.04985

  471.0   0.04802

  472.0   0.04609

  473.0   0.04449

  474.0   0.04264

  475.0   0.04115

  476.0   0.03941

  477.0   0.03795

  478.0   0.03641

  479.0   0.03511

  480.0   0.03371

  481.0   0.03253

  482.0   0.03123

  483.0   0.03016

  484.0   0.02898

  485.0   0.02801

  486.0   0.02692

  487.0   0.02606

  488.0   0.02509

  489.0   0.02426

  490.0   0.02336

  491.0   0.02268

  492.0   0.02187

  493.0   0.02120

  494.0   0.02055

  495.0   0.01993

  496.0   0.01930

  497.0   0.01877

  498.0   0.01823

  499.0   0.01775

  500.0   0.01726

  501.0   0.01695

  502.0   0.01654

  503.0   0.01616

  504.0   0.01589

  505.0   0.01554

  506.0   0.01519

  507.0   0.01493

  508.0   0.01468

  509.0   0.01446

  510.0   0.01427

  511.0   0.01406

  512.0   0.01385

  513.0   0.01373

  514.0   0.01356

  515.0   0.01349

  516.0   0.01335

  517.0   0.01322

  518.0   0.01311

  519.0   0.01306

  520.0   0.01296

  521.0   0.01297

  522.0   0.01289

  523.0   0.01291

  524.0   0.01292

  525.0   0.01293

  526.0   0.01299

  527.0   0.01299

  528.0   0.01302

  529.0   0.01299

  530.0   0.01306

  531.0   0.01307

  532.0   0.01317

  533.0   0.01321

  534.0   0.01337

  535.0   0.01348

  536.0   0.01359

  537.0   0.01371

  538.0   0.01377

  539.0   0.01388

  540.0   0.01400

  541.0   0.01409

  542.0   0.01420

  543.0   0.01431

  544.0   0.01443

  545.0   0.01451

  546.0   0.01464

  547.0   0.01471

  548.0   0.01478

  549.0   0.01482

  550.0   0.01491

  551.0   0.01494

  552.0   0.01497

  553.0   0.01498

  554.0   0.01503

  555.0   0.01503

  556.0   0.01502

  557.0   0.01610

  558.0   0.01615

  559.0   0.01616

  560.0   0.01624

  561.0   0.01627

  562.0   0.01629

  563.0   0.01636

  564.0   0.01638

  565.0   0.01634

  566.0   0.01643

  567.0   0.01642

  568.0   0.01639

  569.0   0.01644

  570.0   0.01643

  571.0   0.01642

  572.0   0.01640

  573.0   0.01644

  574.0   0.01642

  575.0   0.01640

  576.0   0.01638

  577.0   0.01630

  578.0   0.01628

  579.0   0.01632

  580.0   0.01623

  581.0   0.01622

  582.0   0.01620

  583.0   0.01618

  584.0   0.01620

  585.0   0.01620

  586.0   0.01619

  587.0   0.01619

  588.0   0.01615

  589.0   0.01616

  590.0   0.01617

  591.0   0.01619

  592.0   0.01622

  593.0   0.01621

  594.0   0.01625

  595.0   0.01624

  596.0   0.01628

  597.0   0.01634

  598.0   0.01637

  599.0   0.01641

  600.0   0.01644

  601.0   0.01648

  602.0   0.01652

  603.0   0.01658

  604.0   0.01663

  605.0   0.01671

  606.0   0.01672

  607.0   0.01676

  608.0   0.01685

  609.0   0.01685

  610.0   0.01689

  611.0   0.01688

  612.0   0.01694

  613.0   0.01698

  614.0   0.01703

  615.0   0.01701

  616.0   0.01705

  617.0   0.01708

  618.0   0.01712

  619.0   0.01715

  620.0   0.01715

  621.0   0.01717

  622.0   0.01718

  623.0   0.01719

  624.0   0.01715

  625.0   0.01719

  626.0   0.01718

  627.0   0.01717

  628.0   0.01717

  629.0   0.01715

  630.0   0.01714

  631.0   0.01712

  632.0   0.01710

  633.0   0.01707

  634.0   0.01705

  635.0   0.01699

  636.0   0.01696

  637.0   0.01695

  638.0   0.01691

  639.0   0.01685

  640.0   0.01681

  641.0   0.01674

  642.0   0.01669

  643.0   0.01669

  644.0   0.01661

  645.0   0.01657

  646.0   0.01646

  647.0   0.01645

  648.0   0.01633

  649.0   0.01627

  650.0   0.01619

  651.0   0.01610

  652.0   0.01604

  653.0   0.01594

  654.0   0.01586

  655.0   0.01576

  656.0   0.01571

  657.0   0.01566

  658.0   0.01557

  659.0   0.01549

  660.0   0.01538

  661.0   0.01533

  662.0   0.01525

  663.0   0.01515

  664.0   0.01509

  665.0   0.01501

  666.0   0.01492

  667.0   0.01481

  668.0   0.01477

  669.0   0.01469

  670.0   0.01462

  671.0   0.01456

  672.0   0.01446

  673.0   0.01432

  674.0   0.01425

  675.0   0.01416

  676.0   0.01408

  677.0   0.01390

  678.0   0.01377

  679.0   0.01363

  680.0   0.01354

  681.0   0.01342

  682.0   0.01333

  683.0   0.01325

  684.0   0.01316

  685.0   0.01311

  686.0   0.01306

  687.0   0.01298

  688.0   0.01289

  689.0   0.01273

  690.0   0.01258

  691.0   0.01245

  692.0   0.01229

  693.0   0.01223

  694.0   0.01214

  695.0   0.01207

  696.0   0.01203

  697.0   0.01195

  698.0   0.01189

  699.0   0.01176

  700.0   0.01171

  701.0   0.01166

  702.0   0.01153

  703.0   0.01144

  704.0   0.01133

  705.0   0.01122

  706.0   0.01111

  707.0   0.01103

  708.0   0.01091

  709.0   0.01086

  710.0   0.01076

  711.0   0.01067

  712.0   0.01060

  713.0   0.01057

  714.0   0.01046

  715.0   0.01033

  716.0   0.01027

  717.0   0.01012

  718.0   0.01008

  719.0   0.00999

  720.0   0.00992

  721.0   0.00982

  722.0   0.00971

  723.0   0.00963

  724.0   0.00954

  725.0   0.00940

  726.0   0.00930

  727.0   0.00924

  728.0   0.00918

  729.0   0.00914

  730.0   0.00914

  731.0   0.00905

  732.0   0.00900

  733.0   0.00901

  734.0   0.00891

  735.0   0.00886

  736.0   0.00994

  737.0   0.00978

  738.0   0.00967

  739.0   0.00957

  740.0   0.00944

  741.0   0.00939

  742.0   0.00927

  743.0   0.00912

  744.0   0.00906

  745.0   0.00897

  746.0   0.00891

  747.0   0.00882

  748.0   0.00876

  749.0   0.00868

  750.0   0.00865

  751.0   0.00852

  752.0   0.00844

  753.0   0.00836

  754.0   0.00831

  755.0   0.00823

  756.0   0.00816

  757.0   0.00809

  758.0   0.00797

  759.0   0.00792

  760.0   0.00782

  761.0   0.00774

  762.0   0.00772

  763.0   0.00760

  764.0   0.00755

  765.0   0.00742

  766.0   0.00735

  767.0   0.00731

  768.0   0.00724

  769.0   0.00719

  770.0   0.00715

  771.0   0.00713

  772.0   0.00695

  773.0   0.00688

  774.0   0.00676

  775.0   0.00674

  776.0   0.00664

  777.0   0.00660

  778.0   0.00648

  779.0   0.00640

  780.0   0.00636

  781.0   0.00623

  782.0   0.00619

  783.0   0.00615

  784.0   0.00616

  785.0   0.00609

  786.0   0.00610

  787.0   0.00614

  788.0   0.00612

  789.0   0.00605

  790.0   0.00604

  791.0   0.00602

  792.0   0.00603

  793.0   0.00599

  794.0   0.00592

  795.0   0.00590

  796.0   0.00594

  797.0   0.00595

  798.0   0.00601

  799.0   0.00596

  800.0   0.00591

 
