ser ID: DU600

Method ID: A:\DEFAULT

Date: 07/29/00

Time: 03:45

 200.0   3.22220

  201.0   3.29026

  202.0   3.33041

  203.0   3.36847

  204.0   3.40688

  205.0   3.44107

  206.0   3.47056

  207.0   3.49886

  208.0   3.52660

  209.0   3.55570

  210.0   3.58092

  211.0   3.60520

  212.0   3.62972

  213.0   3.65533

  214.0   3.67642

  215.0   3.69705

  216.0   3.71659

  217.0   3.73719

  218.0   3.75557

  219.0   3.47070

  220.0   3.78675

  221.0   3.80127

  222.0   3.81651

  223.0   3.82950

  224.0   3.84242

  225.0   3.85449

  226.0   3.86759

  227.0   3.88024

  228.0   3.89176

  229.0   3.90304

  230.0   3.91487

  231.0   3.92474

  232.0   3.93399

  233.0   3.94176

  234.0   3.94880

  235.0   3.95415

  236.0   3.95828

  237.0   3.96142

  238.0   3.96346

  239.0   3.96459

  240.0   3.96464

  241.0   3.96440

  242.0   3.96313

  243.0   3.96095

  244.0   3.95875

  245.0   3.95569

  246.0   3.95265

  247.0   3.94856

  248.0   3.94448

  249.0   3.93982

  250.0   3.93536

  251.0   3.93018

  252.0   3.92526

  253.0   3.61883

  254.0   3.91424

  255.0   3.90838

  256.0   3.90314

  257.0   3.89713

  258.0   3.89126

  259.0   3.88423

  260.0   3.87760

  261.0   3.87175

  262.0   3.86516

  263.0   3.85848

  264.0   3.85187

  265.0   3.84578

  266.0   3.83891

  267.0   3.83232

  268.0   3.34921

  269.0   3.34347

  270.0   3.81551

  271.0   3.33425

  272.0   3.80713

  273.0   3.80400

  274.0   3.19934

  275.0   3.49859

  276.0   3.79858

  277.0   3.79720

  278.0   3.49534

  279.0   3.49450

  280.0   3.19361

  281.0   3.01682

  282.0   2.68020

  283.0   2.61714

  284.0   2.36096

  285.0   2.30054

  286.0   2.14866

  287.0   2.04315

  288.0   1.93408

  289.0   1.87310

  290.0   1.81103

  291.0   1.74882

  292.0   1.66724

  293.0   1.60416

  294.0   1.54157

  295.0   1.48273

  296.0   1.42643

  297.0   1.37251

  298.0   1.33209

  299.0   1.28180

  300.0   1.23550

  301.0   1.19526

  302.0   1.15639

  303.0   1.11922

  304.0   1.09017

  305.0   1.05979

  306.0   1.02842

  307.0   1.00471

  308.0   0.98218

  309.0   0.95356

  310.0   0.93271

  311.0   0.91082

  312.0   0.88625

  313.0   0.86552

  314.0   0.84674

  315.0   0.82862

  316.0   0.81190

  317.0   0.79719

  318.0   0.78404

  319.0   0.77234

  320.0   0.76593

  321.0   0.76381

  322.0   0.75264

  323.0   0.75537

  324.0   0.75522

  325.0   0.75818

  326.0   0.76038

  327.0   0.76725

  328.0   0.77210

  329.0   0.77901

  330.0   0.78815

  331.0   0.79616

  332.0   0.80616

  333.0   0.81052

  334.0   0.81795

  335.0   0.82982

  336.0   0.84039

  337.0   0.84908

  338.0   0.86204

  339.0   0.87238

  340.0   0.88776

  341.0   0.90210

  342.0   0.91412

  343.0   0.92723

  344.0   0.93952

  345.0   0.94851

  346.0   0.95771

  347.0   0.96641

  348.0   0.97702

  349.0   0.98575

  350.0   0.99330

  351.0   1.00097

  352.0   1.00300

  353.0   1.00647

  354.0   1.00381

  355.0   1.00427

  356.0   1.00241

  357.0   0.99881

  358.0   0.99233

  359.0   0.98911

  360.0   0.97989

  361.0   0.97325

  362.0   0.96440

  363.0   0.95416

  364.0   0.93891

  365.0   0.92775

  366.0   0.91353

  367.0   0.90080

  368.0   0.88888

  369.0   0.87606

  370.0   0.86172

  371.0   0.85113

  372.0   0.83886

  373.0   0.82357

  374.0   0.81347

  375.0   0.80223

  376.0   0.78992

  377.0   0.77709

  378.0   0.76379

  379.0   0.75229

  380.0   0.74072

  381.0   0.72713

  382.0   0.71357

  383.0   0.70129

  384.0   0.68718

  385.0   0.67442

  386.0   0.65990

  387.0   0.64636

  388.0   0.63284

  389.0   0.61862

  390.0   0.60567

  391.0   0.59347

  392.0   0.58015

  393.0   0.56864

  394.0   0.55572

  395.0   0.54486

  396.0   0.53390

  397.0   0.52263

  398.0   0.51218

  399.0   0.50125

  400.0   0.49137

  401.0   0.48197

  402.0   0.47208

  403.0   0.46287

  404.0   0.45317

  405.0   0.44393

  406.0   0.43491

  407.0   0.42537

  408.0   0.41634

  409.0   0.40624

  410.0   0.39652

  411.0   0.38697

  412.0   0.37674

  413.0   0.36721

  414.0   0.35759

  415.0   0.35236

  416.0   0.33651

  417.0   0.32525

  418.0   0.31510

  419.0   0.30413

  420.0   0.29383

  421.0   0.28403

  422.0   0.27330

  423.0   0.26354

  424.0   0.25317

  425.0   0.24398

  426.0   0.23439

  427.0   0.22601

  428.0   0.21767

  429.0   0.20901

  430.0   0.20133

  431.0   0.19358

  432.0   0.18673

  433.0   0.17958

  434.0   0.17345

  435.0   0.16737

  436.0   0.16116

  437.0   0.15585

  438.0   0.15010

  439.0   0.14543

  440.0   0.14019

  441.0   0.13574

  442.0   0.13128

  443.0   0.12720

  444.0   0.12333

  445.0   0.11925

  446.0   0.11566

  447.0   0.11187

  448.0   0.10834

  449.0   0.10479

  450.0   0.10148

  451.0   0.09802

  452.0   0.09503

  453.0   0.09173

  454.0   0.08861

  455.0   0.08550

  456.0   0.08284

  457.0   0.07999

  458.0   0.07712

  459.0   0.07456

  460.0   0.07176

  461.0   0.06929

  462.0   0.06663

  463.0   0.06431

  464.0   0.06183

  465.0   0.05964

  466.0   0.05725

  467.0   0.05533

  468.0   0.05314

  469.0   0.05128

  470.0   0.04923

  471.0   0.04748

  472.0   0.04560

  473.0   0.04402

  474.0   0.04225

  475.0   0.04067

  476.0   0.03902

  477.0   0.03756

  478.0   0.03606

  479.0   0.03477

  480.0   0.03338

  481.0   0.03220

  482.0   0.03086

  483.0   0.02983

  484.0   0.02868

  485.0   0.02774

  486.0   0.02663

  487.0   0.02582

  488.0   0.02495

  489.0   0.02410

  490.0   0.02327

  491.0   0.02259

  492.0   0.02178

  493.0   0.02113

  494.0   0.02052

  495.0   0.01993

  496.0   0.01926

  497.0   0.01871

  498.0   0.01821

  499.0   0.01773

  500.0   0.01726

  501.0   0.01693

  502.0   0.01654

  503.0   0.01610

  504.0   0.01583

  505.0   0.01548

  506.0   0.01515

  507.0   0.01489

  508.0   0.01468

  509.0   0.01446

  510.0   0.01431

  511.0   0.01410

  512.0   0.01389

  513.0   0.01373

  514.0   0.01356

  515.0   0.01355

  516.0   0.01337

  517.0   0.01333

  518.0   0.01324

  519.0   0.01319

  520.0   0.01312

  521.0   0.01311

  522.0   0.01306

  523.0   0.01309

  524.0   0.01308

  525.0   0.01313

  526.0   0.01321

  527.0   0.01321

  528.0   0.01323

  529.0   0.01324

  530.0   0.01335

  531.0   0.01342

  532.0   0.01350

  533.0   0.01352

  534.0   0.01368

  535.0   0.01374

  536.0   0.01387

  537.0   0.01402

  538.0   0.01411

  539.0   0.01418

  540.0   0.01432

  541.0   0.01443

  542.0   0.01454

  543.0   0.01465

  544.0   0.01481

  545.0   0.01489

  546.0   0.01499

  547.0   0.01504

  548.0   0.01510

  549.0   0.01518

  550.0   0.01527

  551.0   0.01530

  552.0   0.01536

  553.0   0.01543

  554.0   0.01542

  555.0   0.01545

  556.0   0.01545

  557.0   0.01647

  558.0   0.01652

  559.0   0.01655

  560.0   0.01663

  561.0   0.01663

  562.0   0.01665

  563.0   0.01670

  564.0   0.01664

  565.0   0.01661

  566.0   0.01662

  567.0   0.01666

  568.0   0.01667

  569.0   0.01665

  570.0   0.01667

  571.0   0.01669

  572.0   0.01670

  573.0   0.01669

  574.0   0.01669

  575.0   0.01667

  576.0   0.01665

  577.0   0.01658

  578.0   0.01661

  579.0   0.01660

  580.0   0.01651

  581.0   0.01651

  582.0   0.01649

  583.0   0.01652

  584.0   0.01651

  585.0   0.01655

  586.0   0.01650

  587.0   0.01654

  588.0   0.01648

  589.0   0.01646

  590.0   0.01649

  591.0   0.01651

  592.0   0.01653

  593.0   0.01653

  594.0   0.01653

  595.0   0.01654

  596.0   0.01655

  597.0   0.01661

  598.0   0.01659

  599.0   0.01660

  600.0   0.01665

  601.0   0.01668

  602.0   0.01674

  603.0   0.01681

  604.0   0.01686

  605.0   0.01689

  606.0   0.01691

  607.0   0.01694

  608.0   0.01699

  609.0   0.01699

  610.0   0.01705

  611.0   0.01706

  612.0   0.01708

  613.0   0.01710

  614.0   0.01713

  615.0   0.01716

  616.0   0.01717

  617.0   0.01720

  618.0   0.01724

  619.0   0.01729

  620.0   0.01732

  621.0   0.01735

  622.0   0.01739

  623.0   0.01737

  624.0   0.01732

  625.0   0.01738

  626.0   0.01735

  627.0   0.01731

  628.0   0.01730

  629.0   0.01730

  630.0   0.01731

  631.0   0.01734

  632.0   0.01735

  633.0   0.01740

  634.0   0.01744

  635.0   0.01739

  636.0   0.01733

  637.0   0.01730

  638.0   0.01724

  639.0   0.01717

  640.0   0.01708

  641.0   0.01704

  642.0   0.01701

  643.0   0.01695

  644.0   0.01687

  645.0   0.01684

  646.0   0.01674

  647.0   0.01671

  648.0   0.01665

  649.0   0.01661

  650.0   0.01656

  651.0   0.01645

  652.0   0.01639

  653.0   0.01629

  654.0   0.01621

  655.0   0.01611

  656.0   0.01604

  657.0   0.01598

  658.0   0.01591

  659.0   0.01581

  660.0   0.01571

  661.0   0.01562

  662.0   0.01552

  663.0   0.01542

  664.0   0.01533

  665.0   0.01527

  666.0   0.01518

  667.0   0.01508

  668.0   0.01506

  669.0   0.01496

  670.0   0.01486

  671.0   0.01478

  672.0   0.01470

  673.0   0.01460

  674.0   0.01451

  675.0   0.01442

  676.0   0.01425

  677.0   0.01406

  678.0   0.01390

  679.0   0.01377

  680.0   0.01366

  681.0   0.01356

  682.0   0.01352

  683.0   0.01343

  684.0   0.01330

  685.0   0.01324

  686.0   0.01320

  687.0   0.01307

  688.0   0.01296

  689.0   0.01280

  690.0   0.01264

  691.0   0.01253

  692.0   0.01235

  693.0   0.01223

  694.0   0.01214

  695.0   0.01207

  696.0   0.01199

  697.0   0.01196

  698.0   0.01195

  699.0   0.01186

  700.0   0.01183

  701.0   0.01173

  702.0   0.01159

  703.0   0.01152

  704.0   0.01145

  705.0   0.01136

  706.0   0.01127

  707.0   0.01115

  708.0   0.01104

  709.0   0.01093

  710.0   0.01082

  711.0   0.01071

  712.0   0.01060

  713.0   0.01053

  714.0   0.01040

  715.0   0.01030

  716.0   0.01027

  717.0   0.01010

  718.0   0.01004

  719.0   0.00997

  720.0   0.00989

  721.0   0.00978

  722.0   0.00966

  723.0   0.00963

  724.0   0.00954

  725.0   0.00947

  726.0   0.00937

  727.0   0.00933

  728.0   0.00925

  729.0   0.00921

  730.0   0.00919

  731.0   0.00910

  732.0   0.00907

  733.0   0.00904

  734.0   0.00898

  735.0   0.00893

  736.0   0.01000

  737.0   0.00978

  738.0   0.00967

  739.0   0.00954

  740.0   0.00938

  741.0   0.00931

  742.0   0.00921

  743.0   0.00909

  744.0   0.00903

  745.0   0.00891

  746.0   0.00880

  747.0   0.00869

  748.0   0.00863

  749.0   0.00857

  750.0   0.00854

  751.0   0.00849

  752.0   0.00844

  753.0   0.00828

  754.0   0.00818

  755.0   0.00810

  756.0   0.00803

  757.0   0.00798

  758.0   0.00791

  759.0   0.00781

  760.0   0.00766

  761.0   0.00755

  762.0   0.00748

  763.0   0.00733

  764.0   0.00733

  765.0   0.00715

  766.0   0.00700

  767.0   0.00696

  768.0   0.00691

  769.0   0.00689

  770.0   0.00679

  771.0   0.00675

  772.0   0.00671

  773.0   0.00666

  774.0   0.00659

  775.0   0.00655

  776.0   0.00640

  777.0   0.00638

  778.0   0.00625

  779.0   0.00621

  780.0   0.00619

  781.0   0.00615

  782.0   0.00613

  783.0   0.00609

  784.0   0.00610

  785.0   0.00609

  786.0   0.00618

  787.0   0.00625

  788.0   0.00621

  789.0   0.00617

  790.0   0.00615

  791.0   0.00611

  792.0   0.00612

  793.0   0.00605

  794.0   0.00600

  795.0   0.00587

  796.0   0.00594

  797.0   0.00601

  798.0   0.00607

  799.0   0.00602

  800.0   0.00594

 
