ser ID: DU600

Method ID: A:\DEFAULT

Date: 07/29/00

Time: 03:41

 200.0   3.22220

  201.0   3.29026

  202.0   3.33041

  203.0   3.36847

  204.0   3.40688

  205.0   3.44107

  206.0   3.47056

  207.0   3.49886

  208.0   3.22557

  209.0   3.55570

  210.0   3.58092

  211.0   3.30417

  212.0   3.62972

  213.0   3.65533

  214.0   3.67642

  215.0   3.69705

  216.0   3.71659

  217.0   3.73719

  218.0   3.75557

  219.0   3.77173

  220.0   3.78675

  221.0   3.80127

  222.0   3.51548

  223.0   3.22744

  224.0   3.36530

  225.0   3.85449

  226.0   3.26553

  227.0   3.88024

  228.0   3.89176

  229.0   3.90304

  230.0   3.91487

  231.0   3.92474

  232.0   3.93399

  233.0   3.94176

  234.0   3.94880

  235.0   3.95415

  236.0   3.95828

  237.0   3.96142

  238.0   3.96346

  239.0   3.96459

  240.0   3.36258

  241.0   3.96440

  242.0   3.96313

  243.0   3.96095

  244.0   3.95875

  245.0   3.95569

  246.0   3.95265

  247.0   3.94856

  248.0   3.94448

  249.0   3.93982

  250.0   3.93536

  251.0   3.93018

  252.0   3.92526

  253.0   3.61883

  254.0   3.43712

  255.0   3.60735

  256.0   3.90314

  257.0   3.89713

  258.0   3.89126

  259.0   3.88423

  260.0   3.87760

  261.0   3.87175

  262.0   3.86516

  263.0   3.85848

  264.0   3.85187

  265.0   3.36866

  266.0   3.83891

  267.0   3.83232

  268.0   3.82633

  269.0   3.82060

  270.0   3.81551

  271.0   3.81137

  272.0   3.80713

  273.0   3.80400

  274.0   3.80140

  275.0   3.79962

  276.0   3.79858

  277.0   3.79720

  278.0   3.09740

  279.0   2.84129

  280.0   2.71649

  281.0   2.71579

  282.0   2.64801

  283.0   2.51448

  284.0   2.43059

  285.0   2.30054

  286.0   2.21233

  287.0   2.13813

  288.0   2.01326

  289.0   1.92886

  290.0   1.84391

  291.0   1.76476

  292.0   1.70444

  293.0   1.62130

  294.0   1.54400

  295.0   1.49346

  296.0   1.43206

  297.0   1.38084

  298.0   1.32908

  299.0   1.28045

  300.0   1.23672

  301.0   1.19415

  302.0   1.15130

  303.0   1.11546

  304.0   1.08136

  305.0   1.04986

  306.0   1.01680

  307.0   0.99578

  308.0   0.96382

  309.0   0.93479

  310.0   0.90829

  311.0   0.88607

  312.0   0.86303

  313.0   0.84020

  314.0   0.82102

  315.0   0.80041

  316.0   0.78172

  317.0   0.77108

  318.0   0.75777

  319.0   0.74635

  320.0   0.74198

  321.0   0.73878

  322.0   0.73097

  323.0   0.72992

  324.0   0.73173

  325.0   0.73342

  326.0   0.73851

  327.0   0.74027

  328.0   0.74747

  329.0   0.75508

  330.0   0.76265

  331.0   0.77250

  332.0   0.78319

  333.0   0.79379

  334.0   0.80581

  335.0   0.81680

  336.0   0.82835

  337.0   0.83942

  338.0   0.85541

  339.0   0.86967

  340.0   0.88427

  341.0   0.90210

  342.0   0.91265

  343.0   0.92270

  344.0   0.93412

  345.0   0.95247

  346.0   0.96255

  347.0   0.97465

  348.0   0.98460

  349.0   0.99433

  350.0   1.00734

  351.0   1.01075

  352.0   1.01556

  353.0   1.02101

  354.0   1.02759

  355.0   1.02909

  356.0   1.03008

  357.0   1.02423

  358.0   1.02540

  359.0   1.01480

  360.0   1.00627

  361.0   0.99873

  362.0   0.99040

  363.0   0.97748

  364.0   0.96750

  365.0   0.95208

  366.0   0.94442

  367.0   0.93068

  368.0   0.91973

  369.0   0.90873

  370.0   0.89352

  371.0   0.88232

  372.0   0.87170

  373.0   0.85830

  374.0   0.84547

  375.0   0.83529

  376.0   0.82166

  377.0   0.81049

  378.0   0.79515

  379.0   0.78262

  380.0   0.76939

  381.0   0.75514

  382.0   0.74155

  383.0   0.72899

  384.0   0.71359

  385.0   0.70040

  386.0   0.68586

  387.0   0.67310

  388.0   0.65937

  389.0   0.64404

  390.0   0.63057

  391.0   0.61788

  392.0   0.60361

  393.0   0.59155

  394.0   0.57760

  395.0   0.56665

  396.0   0.55363

  397.0   0.54192

  398.0   0.53073

  399.0   0.51942

  400.0   0.50917

  401.0   0.49907

  402.0   0.48911

  403.0   0.47960

  404.0   0.46895

  405.0   0.45967

  406.0   0.45072

  407.0   0.44060

  408.0   0.43097

  409.0   0.42062

  410.0   0.41084

  411.0   0.40142

  412.0   0.39055

  413.0   0.38100

  414.0   0.37058

  415.0   0.36528

  416.0   0.34863

  417.0   0.33744

  418.0   0.32687

  419.0   0.31594

  420.0   0.30538

  421.0   0.29519

  422.0   0.28432

  423.0   0.27446

  424.0   0.26356

  425.0   0.25428

  426.0   0.24432

  427.0   0.23553

  428.0   0.22733

  429.0   0.21845

  430.0   0.21049

  431.0   0.20245

  432.0   0.19545

  433.0   0.18786

  434.0   0.18151

  435.0   0.17523

  436.0   0.16903

  437.0   0.16361

  438.0   0.15760

  439.0   0.15250

  440.0   0.14717

  441.0   0.14259

  442.0   0.13787

  443.0   0.13369

  444.0   0.12955

  445.0   0.12531

  446.0   0.12160

  447.0   0.11767

  448.0   0.11402

  449.0   0.11024

  450.0   0.10684

  451.0   0.10316

  452.0   0.10004

  453.0   0.09650

  454.0   0.09336

  455.0   0.09003

  456.0   0.08717

  457.0   0.08417

  458.0   0.08114

  459.0   0.07845

  460.0   0.07541

  461.0   0.07285

  462.0   0.07004

  463.0   0.06754

  464.0   0.06491

  465.0   0.06257

  466.0   0.06003

  467.0   0.05800

  468.0   0.05570

  469.0   0.05364

  470.0   0.05144

  471.0   0.04963

  472.0   0.04765

  473.0   0.04593

  474.0   0.04407

  475.0   0.04241

  476.0   0.04061

  477.0   0.03914

  478.0   0.03751

  479.0   0.03615

  480.0   0.03464

  481.0   0.03344

  482.0   0.03204

  483.0   0.03088

  484.0   0.02966

  485.0   0.02863

  486.0   0.02748

  487.0   0.02661

  488.0   0.02561

  489.0   0.02474

  490.0   0.02382

  491.0   0.02305

  492.0   0.02221

  493.0   0.02153

  494.0   0.02078

  495.0   0.02015

  496.0   0.01943

  497.0   0.01879

  498.0   0.01825

  499.0   0.01775

  500.0   0.01731

  501.0   0.01689

  502.0   0.01644

  503.0   0.01602

  504.0   0.01569

  505.0   0.01532

  506.0   0.01499

  507.0   0.01468

  508.0   0.01441

  509.0   0.01419

  510.0   0.01398

  511.0   0.01372

  512.0   0.01349

  513.0   0.01330

  514.0   0.01311

  515.0   0.01297

  516.0   0.01284

  517.0   0.01271

  518.0   0.01260

  519.0   0.01246

  520.0   0.01237

  521.0   0.01235

  522.0   0.01224

  523.0   0.01224

  524.0   0.01221

  525.0   0.01220

  526.0   0.01222

  527.0   0.01222

  528.0   0.01222

  529.0   0.01220

  530.0   0.01223

  531.0   0.01228

  532.0   0.01235

  533.0   0.01236

  534.0   0.01251

  535.0   0.01257

  536.0   0.01267

  537.0   0.01279

  538.0   0.01278

  539.0   0.01283

  540.0   0.01290

  541.0   0.01297

  542.0   0.01310

  543.0   0.01321

  544.0   0.01333

  545.0   0.01339

  546.0   0.01349

  547.0   0.01358

  548.0   0.01364

  549.0   0.01364

  550.0   0.01369

  551.0   0.01374

  552.0   0.01375

  553.0   0.01380

  554.0   0.01378

  555.0   0.01377

  556.0   0.01382

  557.0   0.01475

  558.0   0.01480

  559.0   0.01477

  560.0   0.01487

  561.0   0.01491

  562.0   0.01494

  563.0   0.01497

  564.0   0.01498

  565.0   0.01493

  566.0   0.01498

  567.0   0.01499

  568.0   0.01494

  569.0   0.01500

  570.0   0.01496

  571.0   0.01502

  572.0   0.01499

  573.0   0.01502

  574.0   0.01501

  575.0   0.01502

  576.0   0.01495

  577.0   0.01488

  578.0   0.01485

  579.0   0.01487

  580.0   0.01478

  581.0   0.01483

  582.0   0.01480

  583.0   0.01477

  584.0   0.01474

  585.0   0.01477

  586.0   0.01470

  587.0   0.01473

  588.0   0.01470

  589.0   0.01472

  590.0   0.01473

  591.0   0.01479

  592.0   0.01479

  593.0   0.01481

  594.0   0.01482

  595.0   0.01480

  596.0   0.01486

  597.0   0.01489

  598.0   0.01488

  599.0   0.01496

  600.0   0.01503

  601.0   0.01508

  602.0   0.01511

  603.0   0.01515

  604.0   0.01517

  605.0   0.01525

  606.0   0.01525

  607.0   0.01523

  608.0   0.01528

  609.0   0.01529

  610.0   0.01532

  611.0   0.01535

  612.0   0.01541

  613.0   0.01547

  614.0   0.01550

  615.0   0.01552

  616.0   0.01552

  617.0   0.01553

  618.0   0.01561

  619.0   0.01563

  620.0   0.01560

  621.0   0.01563

  622.0   0.01563

  623.0   0.01562

  624.0   0.01560

  625.0   0.01564

  626.0   0.01564

  627.0   0.01566

  628.0   0.01567

  629.0   0.01565

  630.0   0.01561

  631.0   0.01566

  632.0   0.01564

  633.0   0.01565

  634.0   0.01561

  635.0   0.01562

  636.0   0.01558

  637.0   0.01558

  638.0   0.01556

  639.0   0.01552

  640.0   0.01539

  641.0   0.01532

  642.0   0.01524

  643.0   0.01521

  644.0   0.01509

  645.0   0.01508

  646.0   0.01496

  647.0   0.01491

  648.0   0.01487

  649.0   0.01482

  650.0   0.01478

  651.0   0.01472

  652.0   0.01468

  653.0   0.01457

  654.0   0.01451

  655.0   0.01441

  656.0   0.01437

  657.0   0.01435

  658.0   0.01430

  659.0   0.01427

  660.0   0.01413

  661.0   0.01405

  662.0   0.01392

  663.0   0.01377

  664.0   0.01364

  665.0   0.01358

  666.0   0.01349

  667.0   0.01341

  668.0   0.01336

  669.0   0.01332

  670.0   0.01322

  671.0   0.01315

  672.0   0.01307

  673.0   0.01297

  674.0   0.01291

  675.0   0.01282

  676.0   0.01270

  677.0   0.01252

  678.0   0.01237

  679.0   0.01222

  680.0   0.01211

  681.0   0.01206

  682.0   0.01201

  683.0   0.01192

  684.0   0.01185

  685.0   0.01175

  686.0   0.01169

  687.0   0.01162

  688.0   0.01151

  689.0   0.01141

  690.0   0.01135

  691.0   0.01124

  692.0   0.01113

  693.0   0.01104

  694.0   0.01098

  695.0   0.01091

  696.0   0.01090

  697.0   0.01081

  698.0   0.01075

  699.0   0.01062

  700.0   0.01054

  701.0   0.01044

  702.0   0.01039

  703.0   0.01027

  704.0   0.01020

  705.0   0.01016

  706.0   0.01004

  707.0   0.00998

  708.0   0.00990

  709.0   0.00982

  710.0   0.00973

  711.0   0.00957

  712.0   0.00951

  713.0   0.00941

  714.0   0.00933

  715.0   0.00919

  716.0   0.00917

  717.0   0.00903

  718.0   0.00899

  719.0   0.00895

  720.0   0.00896

  721.0   0.00890

  722.0   0.00882

  723.0   0.00878

  724.0   0.00870

  725.0   0.00867

  726.0   0.00859

  727.0   0.00850

  728.0   0.00848

  729.0   0.00843

  730.0   0.00843

  731.0   0.00835

  732.0   0.00832

  733.0   0.00831

  734.0   0.00822

  735.0   0.00819

  736.0   0.00920

  737.0   0.00904

  738.0   0.00893

  739.0   0.00880

  740.0   0.00873

  741.0   0.00871

  742.0   0.00862

  743.0   0.00853

  744.0   0.00846

  745.0   0.00835

  746.0   0.00829

  747.0   0.00820

  748.0   0.00809

  749.0   0.00798

  750.0   0.00795

  751.0   0.00787

  752.0   0.00777

  753.0   0.00769

  754.0   0.00756

  755.0   0.00754

  756.0   0.00746

  757.0   0.00742

  758.0   0.00732

  759.0   0.00724

  760.0   0.00720

  761.0   0.00707

  762.0   0.00702

  763.0   0.00692

  764.0   0.00690

  765.0   0.00680

  766.0   0.00665

  767.0   0.00655

  768.0   0.00650

  769.0   0.00648

  770.0   0.00641

  771.0   0.00637

  772.0   0.00627

  773.0   0.00620

  774.0   0.00610

  775.0   0.00606

  776.0   0.00596

  777.0   0.00594

  778.0   0.00587

  779.0   0.00582

  780.0   0.00581

  781.0   0.00571

  782.0   0.00574

  783.0   0.00564

  784.0   0.00571

  785.0   0.00569

  786.0   0.00576

  787.0   0.00577

  788.0   0.00576

  789.0   0.00571

  790.0   0.00575

  791.0   0.00574

  792.0   0.00575

  793.0   0.00568

  794.0   0.00563

  795.0   0.00550

  796.0   0.00554

  797.0   0.00561

  798.0   0.00564

  799.0   0.00565

  800.0   0.00551

 
