ser ID: DU600

Method ID: A:\DEFAULT

Date: 07/29/00

Time: 03:47

 200.0   3.22220

  201.0   3.29026

  202.0   3.33041

  203.0   3.36847

  204.0   3.40688

  205.0   3.44107

  206.0   3.47056

  207.0   3.49886

  208.0   3.52660

  209.0   3.55570

  210.0   3.58092

  211.0   3.60520

  212.0   3.62972

  213.0   3.35430

  214.0   3.67642

  215.0   3.69705

  216.0   3.71659

  217.0   3.73719

  218.0   3.75557

  219.0   3.77173

  220.0   3.78675

  221.0   3.80127

  222.0   3.81651

  223.0   3.82950

  224.0   3.84242

  225.0   3.85449

  226.0   3.86759

  227.0   3.88024

  228.0   3.89176

  229.0   3.90304

  230.0   3.91487

  231.0   3.92474

  232.0   3.93399

  233.0   3.64073

  234.0   3.34674

  235.0   3.95415

  236.0   3.95828

  237.0   3.96142

  238.0   3.96346

  239.0   3.96459

  240.0   3.96464

  241.0   3.96440

  242.0   3.96313

  243.0   3.96095

  244.0   3.95875

  245.0   3.95569

  246.0   3.95265

  247.0   3.94856

  248.0   3.46736

  249.0   3.93982

  250.0   3.45823

  251.0   3.62915

  252.0   3.32320

  253.0   3.91986

  254.0   3.91424

  255.0   3.90838

  256.0   3.90314

  257.0   3.89713

  258.0   3.89126

  259.0   3.88423

  260.0   3.87760

  261.0   3.87175

  262.0   3.86516

  263.0   3.85848

  264.0   3.85187

  265.0   3.84578

  266.0   3.83891

  267.0   3.53129

  268.0   3.52530

  269.0   3.82060

  270.0   3.81551

  271.0   3.81137

  272.0   3.80713

  273.0   3.80400

  274.0   3.80140

  275.0   3.79962

  276.0   3.32146

  277.0   3.79720

  278.0   3.79637

  279.0   3.79553

  280.0   2.89258

  281.0   2.68103

  282.0   2.51539

  283.0   2.41302

  284.0   2.30096

  285.0   2.22370

  286.0   2.12001

  287.0   2.02791

  288.0   1.93408

  289.0   1.83794

  290.0   1.79767

  291.0   1.72968

  292.0   1.64822

  293.0   1.59309

  294.0   1.53674

  295.0   1.47434

  296.0   1.42643

  297.0   1.37749

  298.0   1.33360

  299.0   1.28315

  300.0   1.24039

  301.0   1.19861

  302.0   1.16051

  303.0   1.12686

  304.0   1.09284

  305.0   1.06230

  306.0   1.03316

  307.0   1.01229

  308.0   0.98872

  309.0   0.96255

  310.0   0.93937

  311.0   0.92113

  312.0   0.89490

  313.0   0.87571

  314.0   0.85664

  315.0   0.83997

  316.0   0.82301

  317.0   0.81086

  318.0   0.79533

  319.0   0.78621

  320.0   0.78085

  321.0   0.77553

  322.0   0.76991

  323.0   0.76840

  324.0   0.76938

  325.0   0.77083

  326.0   0.77202

  327.0   0.77796

  328.0   0.78178

  329.0   0.78651

  330.0   0.79403

  331.0   0.79974

  332.0   0.80920

  333.0   0.81542

  334.0   0.82729

  335.0   0.83488

  336.0   0.84621

  337.0   0.85763

  338.0   0.86674

  339.0   0.87923

  340.0   0.89128

  341.0   0.90210

  342.0   0.91486

  343.0   0.92496

  344.0   0.93797

  345.0   0.94772

  346.0   0.95691

  347.0   0.96722

  348.0   0.97452

  349.0   0.97733

  350.0   0.98306

  351.0   0.98712

  352.0   0.99251

  353.0   0.98982

  354.0   0.98894

  355.0   0.99368

  356.0   0.99269

  357.0   0.98708

  358.0   0.97926

  359.0   0.97142

  360.0   0.96210

  361.0   0.95526

  362.0   0.94423

  363.0   0.93273

  364.0   0.92463

  365.0   0.91290

  366.0   0.89886

  367.0   0.88574

  368.0   0.87506

  369.0   0.86188

  370.0   0.84933

  371.0   0.83564

  372.0   0.82682

  373.0   0.81149

  374.0   0.80044

  375.0   0.78953

  376.0   0.77591

  377.0   0.76455

  378.0   0.75136

  379.0   0.73760

  380.0   0.72597

  381.0   0.71197

  382.0   0.69950

  383.0   0.68658

  384.0   0.67250

  385.0   0.65955

  386.0   0.64576

  387.0   0.63277

  388.0   0.62094

  389.0   0.60686

  390.0   0.59451

  391.0   0.58301

  392.0   0.56993

  393.0   0.55803

  394.0   0.54570

  395.0   0.53474

  396.0   0.52418

  397.0   0.51330

  398.0   0.50336

  399.0   0.49218

  400.0   0.48320

  401.0   0.47366

  402.0   0.46391

  403.0   0.45484

  404.0   0.44549

  405.0   0.43589

  406.0   0.42705

  407.0   0.41768

  408.0   0.40894

  409.0   0.39887

  410.0   0.38957

  411.0   0.38059

  412.0   0.37051

  413.0   0.36104

  414.0   0.35130

  415.0   0.34668

  416.0   0.33002

  417.0   0.31929

  418.0   0.30942

  419.0   0.29842

  420.0   0.28869

  421.0   0.27869

  422.0   0.26823

  423.0   0.25870

  424.0   0.24819

  425.0   0.23921

  426.0   0.22973

  427.0   0.22144

  428.0   0.21328

  429.0   0.20482

  430.0   0.19729

  431.0   0.18944

  432.0   0.18274

  433.0   0.17567

  434.0   0.16951

  435.0   0.16349

  436.0   0.15750

  437.0   0.15224

  438.0   0.14676

  439.0   0.14198

  440.0   0.13698

  441.0   0.13261

  442.0   0.12811

  443.0   0.12423

  444.0   0.12026

  445.0   0.11631

  446.0   0.11290

  447.0   0.10911

  448.0   0.10580

  449.0   0.10230

  450.0   0.09920

  451.0   0.09572

  452.0   0.09277

  453.0   0.08961

  454.0   0.08663

  455.0   0.08359

  456.0   0.08091

  457.0   0.07818

  458.0   0.07547

  459.0   0.07284

  460.0   0.07010

  461.0   0.06766

  462.0   0.06515

  463.0   0.06286

  464.0   0.06032

  465.0   0.05829

  466.0   0.05597

  467.0   0.05412

  468.0   0.05205

  469.0   0.05021

  470.0   0.04830

  471.0   0.04648

  472.0   0.04474

  473.0   0.04315

  474.0   0.04144

  475.0   0.03992

  476.0   0.03835

  477.0   0.03691

  478.0   0.03549

  479.0   0.03418

  480.0   0.03286

  481.0   0.03175

  482.0   0.03052

  483.0   0.02944

  484.0   0.02835

  485.0   0.02742

  486.0   0.02631

  487.0   0.02549

  488.0   0.02457

  489.0   0.02382

  490.0   0.02300

  491.0   0.02230

  492.0   0.02158

  493.0   0.02100

  494.0   0.02035

  495.0   0.01980

  496.0   0.01920

  497.0   0.01862

  498.0   0.01813

  499.0   0.01767

  500.0   0.01724

  501.0   0.01693

  502.0   0.01662

  503.0   0.01622

  504.0   0.01596

  505.0   0.01567

  506.0   0.01540

  507.0   0.01516

  508.0   0.01491

  509.0   0.01474

  510.0   0.01455

  511.0   0.01434

  512.0   0.01422

  513.0   0.01408

  514.0   0.01397

  515.0   0.01391

  516.0   0.01376

  517.0   0.01371

  518.0   0.01368

  519.0   0.01364

  520.0   0.01357

  521.0   0.01359

  522.0   0.01351

  523.0   0.01355

  524.0   0.01352

  525.0   0.01360

  526.0   0.01372

  527.0   0.01374

  528.0   0.01378

  529.0   0.01381

  530.0   0.01387

  531.0   0.01393

  532.0   0.01402

  533.0   0.01405

  534.0   0.01421

  535.0   0.01432

  536.0   0.01444

  537.0   0.01459

  538.0   0.01472

  539.0   0.01479

  540.0   0.01503

  541.0   0.01514

  542.0   0.01527

  543.0   0.01536

  544.0   0.01552

  545.0   0.01560

  546.0   0.01571

  547.0   0.01578

  548.0   0.01587

  549.0   0.01590

  550.0   0.01599

  551.0   0.01598

  552.0   0.01601

  553.0   0.01613

  554.0   0.01615

  555.0   0.01619

  556.0   0.01621

  557.0   0.01739

  558.0   0.01746

  559.0   0.01742

  560.0   0.01752

  561.0   0.01749

  562.0   0.01751

  563.0   0.01753

  564.0   0.01752

  565.0   0.01750

  566.0   0.01755

  567.0   0.01756

  568.0   0.01752

  569.0   0.01751

  570.0   0.01752

  571.0   0.01754

  572.0   0.01754

  573.0   0.01759

  574.0   0.01759

  575.0   0.01762

  576.0   0.01757

  577.0   0.01750

  578.0   0.01748

  579.0   0.01748

  580.0   0.01743

  581.0   0.01741

  582.0   0.01738

  583.0   0.01740

  584.0   0.01740

  585.0   0.01745

  586.0   0.01743

  587.0   0.01744

  588.0   0.01740

  589.0   0.01734

  590.0   0.01738

  591.0   0.01741

  592.0   0.01742

  593.0   0.01742

  594.0   0.01746

  595.0   0.01749

  596.0   0.01753

  597.0   0.01759

  598.0   0.01758

  599.0   0.01760

  600.0   0.01763

  601.0   0.01771

  602.0   0.01771

  603.0   0.01780

  604.0   0.01788

  605.0   0.01794

  606.0   0.01798

  607.0   0.01800

  608.0   0.01810

  609.0   0.01811

  610.0   0.01817

  611.0   0.01818

  612.0   0.01822

  613.0   0.01824

  614.0   0.01828

  615.0   0.01829

  616.0   0.01835

  617.0   0.01839

  618.0   0.01843

  619.0   0.01846

  620.0   0.01849

  621.0   0.01848

  622.0   0.01846

  623.0   0.01846

  624.0   0.01845

  625.0   0.01843

  626.0   0.01843

  627.0   0.01839

  628.0   0.01842

  629.0   0.01840

  630.0   0.01837

  631.0   0.01835

  632.0   0.01835

  633.0   0.01833

  634.0   0.01829

  635.0   0.01826

  636.0   0.01822

  637.0   0.01819

  638.0   0.01818

  639.0   0.01815

  640.0   0.01806

  641.0   0.01803

  642.0   0.01797

  643.0   0.01792

  644.0   0.01784

  645.0   0.01779

  646.0   0.01770

  647.0   0.01765

  648.0   0.01757

  649.0   0.01751

  650.0   0.01745

  651.0   0.01735

  652.0   0.01728

  653.0   0.01715

  654.0   0.01708

  655.0   0.01695

  656.0   0.01688

  657.0   0.01680

  658.0   0.01672

  659.0   0.01662

  660.0   0.01650

  661.0   0.01644

  662.0   0.01634

  663.0   0.01627

  664.0   0.01618

  665.0   0.01608

  666.0   0.01599

  667.0   0.01585

  668.0   0.01576

  669.0   0.01566

  670.0   0.01550

  671.0   0.01543

  672.0   0.01533

  673.0   0.01520

  674.0   0.01517

  675.0   0.01504

  676.0   0.01491

  677.0   0.01475

  678.0   0.01459

  679.0   0.01444

  680.0   0.01440

  681.0   0.01426

  682.0   0.01414

  683.0   0.01405

  684.0   0.01395

  685.0   0.01388

  686.0   0.01377

  687.0   0.01370

  688.0   0.01357

  689.0   0.01345

  690.0   0.01334

  691.0   0.01324

  692.0   0.01311

  693.0   0.01304

  694.0   0.01289

  695.0   0.01282

  696.0   0.01277

  697.0   0.01265

  698.0   0.01257

  699.0   0.01244

  700.0   0.01235

  701.0   0.01225

  702.0   0.01214

  703.0   0.01200

  704.0   0.01189

  705.0   0.01180

  706.0   0.01170

  707.0   0.01160

  708.0   0.01148

  709.0   0.01141

  710.0   0.01132

  711.0   0.01119

  712.0   0.01107

  713.0   0.01098

  714.0   0.01091

  715.0   0.01076

  716.0   0.01073

  717.0   0.01058

  718.0   0.01048

  719.0   0.01037

  720.0   0.01026

  721.0   0.01017

  722.0   0.01003

  723.0   0.00996

  724.0   0.00983

  725.0   0.00973

  726.0   0.00959

  727.0   0.00949

  728.0   0.00939

  729.0   0.00933

  730.0   0.00933

  731.0   0.00921

  732.0   0.00916

  733.0   0.00913

  734.0   0.00903

  735.0   0.00898

  736.0   0.00992

  737.0   0.00972

  738.0   0.00962

  739.0   0.00946

  740.0   0.00938

  741.0   0.00934

  742.0   0.00927

  743.0   0.00909

  744.0   0.00900

  745.0   0.00891

  746.0   0.00880

  747.0   0.00871

  748.0   0.00860

  749.0   0.00849

  750.0   0.00849

  751.0   0.00846

  752.0   0.00838

  753.0   0.00828

  754.0   0.00820

  755.0   0.00815

  756.0   0.00813

  757.0   0.00806

  758.0   0.00797

  759.0   0.00787

  760.0   0.00779

  761.0   0.00780

  762.0   0.00778

  763.0   0.00768

  764.0   0.00769

  765.0   0.00756

  766.0   0.00746

  767.0   0.00739

  768.0   0.00737

  769.0   0.00733

  770.0   0.00726

  771.0   0.00722

  772.0   0.00709

  773.0   0.00702

  774.0   0.00695

  775.0   0.00688

  776.0   0.00681

  777.0   0.00679

  778.0   0.00664

  779.0   0.00663

  780.0   0.00658

  781.0   0.00654

  782.0   0.00655

  783.0   0.00651

  784.0   0.00652

  785.0   0.00642

  786.0   0.00641

  787.0   0.00639

  788.0   0.00629

  789.0   0.00628

  790.0   0.00626

  791.0   0.00625

  792.0   0.00629

  793.0   0.00624

  794.0   0.00617

  795.0   0.00607

  796.0   0.00611

  797.0   0.00615

  798.0   0.00619

  799.0   0.00619

  800.0   0.00611

 
