ser ID: DU600

Method ID: A:\DEFAULT

Date: 07/29/00

Time: 03:34

 200.0   3.22220

  201.0   2.98923

  202.0   3.33041

  203.0   3.36847

  204.0   3.40688

  205.0   3.44107

  206.0   3.47056

  207.0   3.49886

  208.0   3.52660

  209.0   3.55570

  210.0   3.58092

  211.0   3.60520

  212.0   3.62972

  213.0   3.65533

  214.0   3.37539

  215.0   3.09499

  216.0   3.71659

  217.0   3.73719

  218.0   3.75557

  219.0   3.77173

  220.0   3.78675

  221.0   3.80127

  222.0   3.81651

  223.0   3.82950

  224.0   3.84242

  225.0   3.85449

  226.0   3.86759

  227.0   3.88024

  228.0   3.89176

  229.0   3.90304

  230.0   3.91487

  231.0   3.92474

  232.0   3.93399

  233.0   3.94176

  234.0   3.94880

  235.0   3.95415

  236.0   3.95828

  237.0   3.96142

  238.0   3.96346

  239.0   3.96459

  240.0   3.96464

  241.0   3.96440

  242.0   3.96313

  243.0   3.96095

  244.0   3.95875

  245.0   3.95569

  246.0   3.95265

  247.0   3.94856

  248.0   3.94448

  249.0   3.93982

  250.0   3.93536

  251.0   3.62915

  252.0   3.92526

  253.0   3.91986

  254.0   3.91424

  255.0   3.90838

  256.0   3.90314

  257.0   3.89713

  258.0   3.89126

  259.0   3.88423

  260.0   3.87760

  261.0   3.87175

  262.0   3.86516

  263.0   3.85848

  264.0   3.85187

  265.0   3.84578

  266.0   3.83891

  267.0   3.53129

  268.0   3.34921

  269.0   3.51957

  270.0   3.81551

  271.0   3.81137

  272.0   3.80713

  273.0   3.80400

  274.0   3.80140

  275.0   3.79962

  276.0   3.19652

  277.0   3.32008

  278.0   2.95127

  279.0   3.31841

  280.0   3.49464

  281.0   3.09601

  282.0   2.79414

  283.0   2.79323

  284.0   2.58820

  285.0   2.37693

  286.0   2.27360

  287.0   2.13813

  288.0   2.10121

  289.0   2.01403

  290.0   1.91824

  291.0   1.81187

  292.0   1.71517

  293.0   1.63915

  294.0   1.57693

  295.0   1.50445

  296.0   1.44744

  297.0   1.40330

  298.0   1.34588

  299.0   1.28859

  300.0   1.23672

  301.0   1.18644

  302.0   1.13540

  303.0   1.09440

  304.0   1.05349

  305.0   1.01984

  306.0   0.98724

  307.0   0.96046

  308.0   0.92799

  309.0   0.89831

  310.0   0.87406

  311.0   0.84643

  312.0   0.81530

  313.0   0.79010

  314.0   0.76939

  315.0   0.74757

  316.0   0.73017

  317.0   0.71551

  318.0   0.70248

  319.0   0.69028

  320.0   0.68536

  321.0   0.68209

  322.0   0.67709

  323.0   0.67726

  324.0   0.67827

  325.0   0.68409

  326.0   0.68569

  327.0   0.69273

  328.0   0.70203

  329.0   0.71084

  330.0   0.72121

  331.0   0.73485

  332.0   0.74636

  333.0   0.75997

  334.0   0.77183

  335.0   0.78557

  336.0   0.80052

  337.0   0.81890

  338.0   0.83422

  339.0   0.85441

  340.0   0.87059

  341.0   0.89002

  342.0   0.91191

  343.0   0.92875

  344.0   0.94341

  345.0   0.95727

  346.0   0.97240

  347.0   0.98989

  348.0   1.00908

  349.0   1.01931

  350.0   1.03306

  351.0   1.04633

  352.0   1.04964

  353.0   1.05763

  354.0   1.06079

  355.0   1.06456

  356.0   1.06373

  357.0   1.06912

  358.0   1.06641

  359.0   1.06300

  360.0   1.06139

  361.0   1.05275

  362.0   1.04114

  363.0   1.03349

  364.0   1.02087

  365.0   1.01156

  366.0   1.00827

  367.0   0.99157

  368.0   0.98188

  369.0   0.96714

  370.0   0.95500

  371.0   0.94223

  372.0   0.92948

  373.0   0.91701

  374.0   0.90748

  375.0   0.89527

  376.0   0.87976

  377.0   0.86760

  378.0   0.85459

  379.0   0.84267

  380.0   0.82964

  381.0   0.81366

  382.0   0.79836

  383.0   0.78395

  384.0   0.76748

  385.0   0.75499

  386.0   0.73751

  387.0   0.72286

  388.0   0.70782

  389.0   0.69180

  390.0   0.67809

  391.0   0.66178

  392.0   0.64643

  393.0   0.63216

  394.0   0.61776

  395.0   0.60470

  396.0   0.59251

  397.0   0.57902

  398.0   0.56706

  399.0   0.55448

  400.0   0.54342

  401.0   0.53198

  402.0   0.52100

  403.0   0.50993

  404.0   0.49882

  405.0   0.48855

  406.0   0.47913

  407.0   0.46841

  408.0   0.45851

  409.0   0.44709

  410.0   0.43705

  411.0   0.42653

  412.0   0.41504

  413.0   0.40502

  414.0   0.39448

  415.0   0.38914

  416.0   0.37169

  417.0   0.35981

  418.0   0.34886

  419.0   0.33727

  420.0   0.32649

  421.0   0.31591

  422.0   0.30427

  423.0   0.29448

  424.0   0.28336

  425.0   0.27358

  426.0   0.26319

  427.0   0.25404

  428.0   0.24530

  429.0   0.23604

  430.0   0.22798

  431.0   0.21939

  432.0   0.21211

  433.0   0.20419

  434.0   0.19741

  435.0   0.19079

  436.0   0.18416

  437.0   0.17832

  438.0   0.17194

  439.0   0.16662

  440.0   0.16098

  441.0   0.15609

  442.0   0.15097

  443.0   0.14646

  444.0   0.14201

  445.0   0.13740

  446.0   0.13318

  447.0   0.12892

  448.0   0.12492

  449.0   0.12086

  450.0   0.11714

  451.0   0.11316

  452.0   0.10970

  453.0   0.10589

  454.0   0.10236

  455.0   0.09874

  456.0   0.09556

  457.0   0.09230

  458.0   0.08888

  459.0   0.08590

  460.0   0.08256

  461.0   0.07977

  462.0   0.07663

  463.0   0.07393

  464.0   0.07091

  465.0   0.06833

  466.0   0.06552

  467.0   0.06315

  468.0   0.06062

  469.0   0.05838

  470.0   0.05595

  471.0   0.05390

  472.0   0.05163

  473.0   0.04972

  474.0   0.04770

  475.0   0.04577

  476.0   0.04377

  477.0   0.04210

  478.0   0.04030

  479.0   0.03873

  480.0   0.03707

  481.0   0.03568

  482.0   0.03417

  483.0   0.03284

  484.0   0.03148

  485.0   0.03029

  486.0   0.02906

  487.0   0.02798

  488.0   0.02686

  489.0   0.02586

  490.0   0.02480

  491.0   0.02393

  492.0   0.02298

  493.0   0.02221

  494.0   0.02141

  495.0   0.02068

  496.0   0.01985

  497.0   0.01921

  498.0   0.01846

  499.0   0.01783

  500.0   0.01722

  501.0   0.01670

  502.0   0.01624

  503.0   0.01572

  504.0   0.01541

  505.0   0.01495

  506.0   0.01451

  507.0   0.01411

  508.0   0.01372

  509.0   0.01337

  510.0   0.01312

  511.0   0.01278

  512.0   0.01250

  513.0   0.01226

  514.0   0.01200

  515.0   0.01185

  516.0   0.01163

  517.0   0.01146

  518.0   0.01127

  519.0   0.01115

  520.0   0.01100

  521.0   0.01085

  522.0   0.01074

  523.0   0.01064

  524.0   0.01052

  525.0   0.01048

  526.0   0.01044

  527.0   0.01040

  528.0   0.01031

  529.0   0.01020

  530.0   0.01021

  531.0   0.01020

  532.0   0.01018

  533.0   0.01013

  534.0   0.01019

  535.0   0.01016

  536.0   0.01019

  537.0   0.01020

  538.0   0.01026

  539.0   0.01022

  540.0   0.01027

  541.0   0.01028

  542.0   0.01036

  543.0   0.01039

  544.0   0.01045

  545.0   0.01047

  546.0   0.01056

  547.0   0.01056

  548.0   0.01060

  549.0   0.01056

  550.0   0.01057

  551.0   0.01059

  552.0   0.01056

  553.0   0.01059

  554.0   0.01058

  555.0   0.01057

  556.0   0.01058

  557.0   0.01117

  558.0   0.01121

  559.0   0.01116

  560.0   0.01123

  561.0   0.01121

  562.0   0.01122

  563.0   0.01130

  564.0   0.01128

  565.0   0.01126

  566.0   0.01132

  567.0   0.01128

  568.0   0.01126

  569.0   0.01122

  570.0   0.01123

  571.0   0.01125

  572.0   0.01125

  573.0   0.01128

  574.0   0.01132

  575.0   0.01133

  576.0   0.01131

  577.0   0.01122

  578.0   0.01123

  579.0   0.01122

  580.0   0.01117

  581.0   0.01114

  582.0   0.01109

  583.0   0.01111

  584.0   0.01109

  585.0   0.01110

  586.0   0.01110

  587.0   0.01109

  588.0   0.01107

  589.0   0.01101

  590.0   0.01101

  591.0   0.01103

  592.0   0.01103

  593.0   0.01103

  594.0   0.01106

  595.0   0.01104

  596.0   0.01110

  597.0   0.01116

  598.0   0.01115

  599.0   0.01121

  600.0   0.01125

  601.0   0.01128

  602.0   0.01125

  603.0   0.01131

  604.0   0.01131

  605.0   0.01137

  606.0   0.01138

  607.0   0.01139

  608.0   0.01144

  609.0   0.01144

  610.0   0.01146

  611.0   0.01147

  612.0   0.01151

  613.0   0.01156

  614.0   0.01160

  615.0   0.01159

  616.0   0.01162

  617.0   0.01164

  618.0   0.01169

  619.0   0.01170

  620.0   0.01171

  621.0   0.01172

  622.0   0.01173

  623.0   0.01171

  624.0   0.01167

  625.0   0.01169

  626.0   0.01170

  627.0   0.01170

  628.0   0.01174

  629.0   0.01174

  630.0   0.01172

  631.0   0.01174

  632.0   0.01173

  633.0   0.01172

  634.0   0.01172

  635.0   0.01166

  636.0   0.01167

  637.0   0.01165

  638.0   0.01164

  639.0   0.01159

  640.0   0.01152

  641.0   0.01147

  642.0   0.01147

  643.0   0.01143

  644.0   0.01138

  645.0   0.01135

  646.0   0.01129

  647.0   0.01127

  648.0   0.01124

  649.0   0.01121

  650.0   0.01117

  651.0   0.01111

  652.0   0.01108

  653.0   0.01101

  654.0   0.01094

  655.0   0.01083

  656.0   0.01078

  657.0   0.01071

  658.0   0.01060

  659.0   0.01056

  660.0   0.01054

  661.0   0.01053

  662.0   0.01052

  663.0   0.01047

  664.0   0.01040

  665.0   0.01039

  666.0   0.01030

  667.0   0.01027

  668.0   0.01020

  669.0   0.01021

  670.0   0.01014

  671.0   0.01011

  672.0   0.01006

  673.0   0.00999

  674.0   0.00996

  675.0   0.00991

  676.0   0.00982

  677.0   0.00974

  678.0   0.00967

  679.0   0.00956

  680.0   0.00953

  681.0   0.00946

  682.0   0.00945

  683.0   0.00939

  684.0   0.00930

  685.0   0.00928

  686.0   0.00928

  687.0   0.00926

  688.0   0.00919

  689.0   0.00912

  690.0   0.00903

  691.0   0.00900

  692.0   0.00890

  693.0   0.00884

  694.0   0.00879

  695.0   0.00872

  696.0   0.00873

  697.0   0.00868

  698.0   0.00867

  699.0   0.00862

  700.0   0.00859

  701.0   0.00852

  702.0   0.00847

  703.0   0.00842

  704.0   0.00835

  705.0   0.00830

  706.0   0.00827

  707.0   0.00824

  708.0   0.00817

  709.0   0.00811

  710.0   0.00804

  711.0   0.00797

  712.0   0.00790

  713.0   0.00785

  714.0   0.00783

  715.0   0.00776

  716.0   0.00775

  717.0   0.00768

  718.0   0.00761

  719.0   0.00758

  720.0   0.00753

  721.0   0.00744

  722.0   0.00737

  723.0   0.00743

  724.0   0.00730

  725.0   0.00727

  726.0   0.00720

  727.0   0.00715

  728.0   0.00709

  729.0   0.00706

  730.0   0.00705

  731.0   0.00701

  732.0   0.00696

  733.0   0.00699

  734.0   0.00692

  735.0   0.00691

  736.0   0.00753

  737.0   0.00746

  738.0   0.00738

  739.0   0.00731

  740.0   0.00721

  741.0   0.00723

  742.0   0.00716

  743.0   0.00704

  744.0   0.00704

  745.0   0.00695

  746.0   0.00692

  747.0   0.00686

  748.0   0.00680

  749.0   0.00677

  750.0   0.00675

  751.0   0.00677

  752.0   0.00669

  753.0   0.00656

  754.0   0.00651

  755.0   0.00644

  756.0   0.00631

  757.0   0.00626

  758.0   0.00616

  759.0   0.00606

  760.0   0.00598

  761.0   0.00594

  762.0   0.00594

  763.0   0.00584

  764.0   0.00582

  765.0   0.00572

  766.0   0.00562

  767.0   0.00560

  768.0   0.00555

  769.0   0.00556

  770.0   0.00549

  771.0   0.00544

  772.0   0.00534

  773.0   0.00524

  774.0   0.00520

  775.0   0.00515

  776.0   0.00505

  777.0   0.00503

  778.0   0.00493

  779.0   0.00491

  780.0   0.00492

  781.0   0.00482

  782.0   0.00486

  783.0   0.00481

  784.0   0.00485

  785.0   0.00474

  786.0   0.00475

  787.0   0.00474

  788.0   0.00472

  789.0   0.00470

  790.0   0.00465

  791.0   0.00466

  792.0   0.00464

  793.0   0.00451

  794.0   0.00447

  795.0   0.00442

  796.0   0.00440

  797.0   0.00440

  798.0   0.00441

  799.0   0.00444

  800.0   0.00436

 
