ser ID: DU600

Method ID: A:\DEFAULT

Date: 07/29/00

Time: 03:31

 200.0   3.22220

  201.0   2.98923

  202.0   2.72835

  203.0   3.36847

  204.0   3.40688

  205.0   3.44107

  206.0   3.47056

  207.0   3.49886

  208.0   3.52660

  209.0   3.55570

  210.0   3.58092

  211.0   3.60520

  212.0   3.32869

  213.0   3.65533

  214.0   3.67642

  215.0   3.69705

  216.0   3.71659

  217.0   3.73719

  218.0   3.75557

  219.0   3.29461

  220.0   3.78675

  221.0   3.80127

  222.0   3.81651

  223.0   3.82950

  224.0   3.84242

  225.0   3.85449

  226.0   3.86759

  227.0   3.88024

  228.0   3.89176

  229.0   3.90304

  230.0   3.91487

  231.0   3.92474

  232.0   3.93399

  233.0   3.94176

  234.0   3.94880

  235.0   3.95415

  236.0   3.95828

  237.0   3.96142

  238.0   3.96346

  239.0   3.96459

  240.0   3.96464

  241.0   3.96440

  242.0   3.66210

  243.0   3.96095

  244.0   3.95875

  245.0   3.95569

  246.0   3.95265

  247.0   3.94856

  248.0   3.94448

  249.0   3.93982

  250.0   3.93536

  251.0   3.93018

  252.0   3.92526

  253.0   3.91986

  254.0   3.91424

  255.0   3.90838

  256.0   3.60211

  257.0   3.42001

  258.0   3.89126

  259.0   3.88423

  260.0   3.87760

  261.0   3.87175

  262.0   3.86516

  263.0   3.85848

  264.0   3.24981

  265.0   3.84578

  266.0   3.83891

  267.0   3.83232

  268.0   3.82633

  269.0   3.82060

  270.0   3.81551

  271.0   3.81137

  272.0   3.80713

  273.0   3.80400

  274.0   3.80140

  275.0   3.79962

  276.0   3.79858

  277.0   3.79720

  278.0   3.09740

  279.0   3.01738

  280.0   3.01752

  281.0   3.19292

  282.0   2.79414

  283.0   2.71405

  284.0   2.67838

  285.0   2.53663

  286.0   2.34495

  287.0   2.14789

  288.0   2.09244

  289.0   2.01403

  290.0   1.93597

  291.0   1.85462

  292.0   1.74903

  293.0   1.66738

  294.0   1.59576

  295.0   1.50669

  296.0   1.45934

  297.0   1.40330

  298.0   1.34432

  299.0   1.28586

  300.0   1.23187

  301.0   1.16933

  302.0   1.12575

  303.0   1.08120

  304.0   1.05104

  305.0   1.00929

  306.0   0.97457

  307.0   0.94251

  308.0   0.90930

  309.0   0.87655

  310.0   0.84773

  311.0   0.82292

  312.0   0.79253

  313.0   0.76636

  314.0   0.74456

  315.0   0.72185

  316.0   0.70202

  317.0   0.68703

  318.0   0.67395

  319.0   0.66249

  320.0   0.65836

  321.0   0.65466

  322.0   0.64912

  323.0   0.64622

  324.0   0.64960

  325.0   0.65449

  326.0   0.66064

  327.0   0.66856

  328.0   0.68006

  329.0   0.68983

  330.0   0.70068

  331.0   0.70982

  332.0   0.72577

  333.0   0.74140

  334.0   0.75552

  335.0   0.77269

  336.0   0.79010

  337.0   0.80810

  338.0   0.82492

  339.0   0.84410

  340.0   0.86391

  341.0   0.88515

  342.0   0.90535

  343.0   0.92723

  344.0   0.94813

  345.0   0.96539

  346.0   0.97910

  347.0   0.99771

  348.0   1.01450

  349.0   1.03330

  350.0   1.04553

  351.0   1.05620

  352.0   1.06467

  353.0   1.07506

  354.0   1.08157

  355.0   1.08238

  356.0   1.08482

  357.0   1.09344

  358.0   1.09123

  359.0   1.08602

  360.0   1.08809

  361.0   1.07842

  362.0   1.06942

  363.0   1.05790

  364.0   1.05203

  365.0   1.04124

  366.0   1.02884

  367.0   1.01699

  368.0   1.00621

  369.0   0.99219

  370.0   0.97738

  371.0   0.96460

  372.0   0.95826

  373.0   0.94570

  374.0   0.93257

  375.0   0.92090

  376.0   0.90686

  377.0   0.89308

  378.0   0.88061

  379.0   0.86806

  380.0   0.85467

  381.0   0.83837

  382.0   0.82607

  383.0   0.81060

  384.0   0.79429

  385.0   0.77757

  386.0   0.76071

  387.0   0.74570

  388.0   0.73078

  389.0   0.71318

  390.0   0.69810

  391.0   0.68374

  392.0   0.66681

  393.0   0.65173

  394.0   0.63607

  395.0   0.62278

  396.0   0.60979

  397.0   0.59564

  398.0   0.58283

  399.0   0.56980

  400.0   0.55796

  401.0   0.54610

  402.0   0.53450

  403.0   0.52414

  404.0   0.51213

  405.0   0.50176

  406.0   0.49165

  407.0   0.48025

  408.0   0.46975

  409.0   0.45867

  410.0   0.44768

  411.0   0.43759

  412.0   0.42620

  413.0   0.41569

  414.0   0.40499

  415.0   0.39939

  416.0   0.38152

  417.0   0.36968

  418.0   0.35879

  419.0   0.34703

  420.0   0.33610

  421.0   0.32569

  422.0   0.31355

  423.0   0.30333

  424.0   0.29217

  425.0   0.28239

  426.0   0.27194

  427.0   0.26276

  428.0   0.25377

  429.0   0.24434

  430.0   0.23585

  431.0   0.22721

  432.0   0.21963

  433.0   0.21167

  434.0   0.20478

  435.0   0.19815

  436.0   0.19131

  437.0   0.18531

  438.0   0.17891

  439.0   0.17337

  440.0   0.16744

  441.0   0.16237

  442.0   0.15707

  443.0   0.15240

  444.0   0.14786

  445.0   0.14303

  446.0   0.13881

  447.0   0.13429

  448.0   0.13019

  449.0   0.12589

  450.0   0.12208

  451.0   0.11789

  452.0   0.11430

  453.0   0.11035

  454.0   0.10659

  455.0   0.10280

  456.0   0.09942

  457.0   0.09611

  458.0   0.09258

  459.0   0.08941

  460.0   0.08593

  461.0   0.08295

  462.0   0.07975

  463.0   0.07682

  464.0   0.07370

  465.0   0.07097

  466.0   0.06814

  467.0   0.06566

  468.0   0.06302

  469.0   0.06064

  470.0   0.05817

  471.0   0.05586

  472.0   0.05360

  473.0   0.05146

  474.0   0.04925

  475.0   0.04737

  476.0   0.04529

  477.0   0.04345

  478.0   0.04164

  479.0   0.04003

  480.0   0.03826

  481.0   0.03681

  482.0   0.03518

  483.0   0.03380

  484.0   0.03235

  485.0   0.03106

  486.0   0.02972

  487.0   0.02863

  488.0   0.02742

  489.0   0.02635

  490.0   0.02522

  491.0   0.02427

  492.0   0.02330

  493.0   0.02241

  494.0   0.02159

  495.0   0.02081

  496.0   0.02000

  497.0   0.01925

  498.0   0.01854

  499.0   0.01789

  500.0   0.01724

  501.0   0.01672

  502.0   0.01618

  503.0   0.01564

  504.0   0.01522

  505.0   0.01470

  506.0   0.01424

  507.0   0.01378

  508.0   0.01341

  509.0   0.01303

  510.0   0.01272

  511.0   0.01237

  512.0   0.01207

  513.0   0.01178

  514.0   0.01149

  515.0   0.01130

  516.0   0.01104

  517.0   0.01084

  518.0   0.01061

  519.0   0.01044

  520.0   0.01033

  521.0   0.01016

  522.0   0.00997

  523.0   0.00986

  524.0   0.00969

  525.0   0.00961

  526.0   0.00961

  527.0   0.00954

  528.0   0.00942

  529.0   0.00928

  530.0   0.00925

  531.0   0.00916

  532.0   0.00914

  533.0   0.00903

  534.0   0.00908

  535.0   0.00904

  536.0   0.00908

  537.0   0.00911

  538.0   0.00910

  539.0   0.00910

  540.0   0.00913

  541.0   0.00913

  542.0   0.00914

  543.0   0.00915

  544.0   0.00917

  545.0   0.00916

  546.0   0.00923

  547.0   0.00919

  548.0   0.00922

  549.0   0.00914

  550.0   0.00914

  551.0   0.00911

  552.0   0.00908

  553.0   0.00908

  554.0   0.00910

  555.0   0.00909

  556.0   0.00911

  557.0   0.00965

  558.0   0.00969

  559.0   0.00967

  560.0   0.00972

  561.0   0.00971

  562.0   0.00972

  563.0   0.00972

  564.0   0.00974

  565.0   0.00972

  566.0   0.00973

  567.0   0.00973

  568.0   0.00972

  569.0   0.00976

  570.0   0.00980

  571.0   0.00981

  572.0   0.00978

  573.0   0.00980

  574.0   0.00977

  575.0   0.00976

  576.0   0.00969

  577.0   0.00963

  578.0   0.00966

  579.0   0.00969

  580.0   0.00959

  581.0   0.00963

  582.0   0.00961

  583.0   0.00962

  584.0   0.00957

  585.0   0.00955

  586.0   0.00953

  587.0   0.00953

  588.0   0.00950

  589.0   0.00949

  590.0   0.00954

  591.0   0.00953

  592.0   0.00953

  593.0   0.00952

  594.0   0.00950

  595.0   0.00947

  596.0   0.00948

  597.0   0.00950

  598.0   0.00951

  599.0   0.00952

  600.0   0.00954

  601.0   0.00959

  602.0   0.00957

  603.0   0.00964

  604.0   0.00966

  605.0   0.00971

  606.0   0.00971

  607.0   0.00971

  608.0   0.00974

  609.0   0.00980

  610.0   0.00984

  611.0   0.00985

  612.0   0.00988

  613.0   0.00992

  614.0   0.01000

  615.0   0.00999

  616.0   0.01000

  617.0   0.00999

  618.0   0.01000

  619.0   0.01003

  620.0   0.00999

  621.0   0.01004

  622.0   0.01005

  623.0   0.01005

  624.0   0.01005

  625.0   0.01008

  626.0   0.01005

  627.0   0.01005

  628.0   0.01001

  629.0   0.00999

  630.0   0.00995

  631.0   0.00995

  632.0   0.00999

  633.0   0.01000

  634.0   0.00996

  635.0   0.00993

  636.0   0.00991

  637.0   0.00995

  638.0   0.00995

  639.0   0.00993

  640.0   0.00987

  641.0   0.00984

  642.0   0.00985

  643.0   0.00984

  644.0   0.00977

  645.0   0.00976

  646.0   0.00968

  647.0   0.00964

  648.0   0.00961

  649.0   0.00960

  650.0   0.00954

  651.0   0.00953

  652.0   0.00950

  653.0   0.00947

  654.0   0.00945

  655.0   0.00940

  656.0   0.00942

  657.0   0.00940

  658.0   0.00936

  659.0   0.00929

  660.0   0.00920

  661.0   0.00913

  662.0   0.00906

  663.0   0.00902

  664.0   0.00897

  665.0   0.00900

  666.0   0.00895

  667.0   0.00893

  668.0   0.00895

  669.0   0.00894

  670.0   0.00889

  671.0   0.00888

  672.0   0.00885

  673.0   0.00882

  674.0   0.00877

  675.0   0.00870

  676.0   0.00863

  677.0   0.00853

  678.0   0.00849

  679.0   0.00835

  680.0   0.00839

  681.0   0.00832

  682.0   0.00831

  683.0   0.00827

  684.0   0.00827

  685.0   0.00826

  686.0   0.00824

  687.0   0.00822

  688.0   0.00816

  689.0   0.00809

  690.0   0.00808

  691.0   0.00803

  692.0   0.00799

  693.0   0.00795

  694.0   0.00793

  695.0   0.00790

  696.0   0.00790

  697.0   0.00787

  698.0   0.00783

  699.0   0.00778

  700.0   0.00776

  701.0   0.00771

  702.0   0.00763

  703.0   0.00754

  704.0   0.00751

  705.0   0.00747

  706.0   0.00744

  707.0   0.00740

  708.0   0.00735

  709.0   0.00730

  710.0   0.00730

  711.0   0.00723

  712.0   0.00718

  713.0   0.00715

  714.0   0.00717

  715.0   0.00716

  716.0   0.00719

  717.0   0.00712

  718.0   0.00706

  719.0   0.00703

  720.0   0.00694

  721.0   0.00682

  722.0   0.00673

  723.0   0.00672

  724.0   0.00664

  725.0   0.00663

  726.0   0.00662

  727.0   0.00654

  728.0   0.00651

  729.0   0.00649

  730.0   0.00647

  731.0   0.00643

  732.0   0.00645

  733.0   0.00647

  734.0   0.00645

  735.0   0.00645

  736.0   0.00715

  737.0   0.00707

  738.0   0.00703

  739.0   0.00696

  740.0   0.00683

  741.0   0.00687

  742.0   0.00684

  743.0   0.00675

  744.0   0.00677

  745.0   0.00665

  746.0   0.00662

  747.0   0.00656

  748.0   0.00653

  749.0   0.00651

  750.0   0.00653

  751.0   0.00648

  752.0   0.00643

  753.0   0.00638

  754.0   0.00633

  755.0   0.00630

  756.0   0.00623

  757.0   0.00621

  758.0   0.00608

  759.0   0.00603

  760.0   0.00593

  761.0   0.00583

  762.0   0.00583

  763.0   0.00576

  764.0   0.00577

  765.0   0.00564

  766.0   0.00556

  767.0   0.00554

  768.0   0.00555

  769.0   0.00553

  770.0   0.00551

  771.0   0.00547

  772.0   0.00537

  773.0   0.00527

  774.0   0.00517

  775.0   0.00512

  776.0   0.00505

  777.0   0.00506

  778.0   0.00499

  779.0   0.00494

  780.0   0.00495

  781.0   0.00487

  782.0   0.00486

  783.0   0.00478

  784.0   0.00479

  785.0   0.00472

  786.0   0.00467

  787.0   0.00462

  788.0   0.00463

  789.0   0.00459

  790.0   0.00454

  791.0   0.00452

  792.0   0.00453

  793.0   0.00448

  794.0   0.00447

  795.0   0.00445

  796.0   0.00443

  797.0   0.00446

  798.0   0.00447

  799.0   0.00439

  800.0   0.00430

 
