ser ID: DU600

Method ID: A:\DEFAULT

Date: 07/29/00

Time: 04:13

 200.0   3.22220

  201.0   3.29026

  202.0   3.33041

  203.0   3.36847

  204.0   3.40688

  205.0   2.83901

  206.0   3.47056

  207.0   3.49886

  208.0   3.52660

  209.0   3.55570

  210.0   3.58092

  211.0   3.60520

  212.0   3.62972

  213.0   3.65533

  214.0   3.67642

  215.0   3.69705

  216.0   3.71659

  217.0   3.73719

  218.0   3.75557

  219.0   3.77173

  220.0   3.78675

  221.0   3.80127

  222.0   3.81651

  223.0   3.82950

  224.0   3.84242

  225.0   3.85449

  226.0   3.86759

  227.0   3.88024

  228.0   3.89176

  229.0   3.90304

  230.0   3.91487

  231.0   3.92474

  232.0   3.93399

  233.0   3.94176

  234.0   3.94880

  235.0   3.95415

  236.0   3.95828

  237.0   3.96142

  238.0   3.26449

  239.0   3.96459

  240.0   3.96464

  241.0   3.96440

  242.0   3.36107

  243.0   3.96095

  244.0   3.35669

  245.0   3.65466

  246.0   3.95265

  247.0   3.94856

  248.0   3.64345

  249.0   3.93982

  250.0   3.93536

  251.0   3.62915

  252.0   3.92526

  253.0   3.61883

  254.0   3.43712

  255.0   3.90838

  256.0   3.90314

  257.0   3.89713

  258.0   3.89126

  259.0   3.88423

  260.0   3.87760

  261.0   3.87175

  262.0   3.86516

  263.0   3.85848

  264.0   3.85187

  265.0   3.84578

  266.0   3.83891

  267.0   3.83232

  268.0   3.82633

  269.0   3.82060

  270.0   3.81551

  271.0   3.51034

  272.0   3.50610

  273.0   3.80400

  274.0   3.19934

  275.0   3.10065

  276.0   2.95348

  277.0   2.95210

  278.0   2.79637

  279.0   2.84129

  280.0   2.49464

  281.0   2.36361

  282.0   2.33174

  283.0   2.21345

  284.0   2.12956

  285.0   2.04371

  286.0   1.97257

  287.0   1.87753

  288.0   1.80018

  289.0   1.73528

  290.0   1.67603

  291.0   1.61230

  292.0   1.55380

  293.0   1.50669

  294.0   1.45003

  295.0   1.41067

  296.0   1.37219

  297.0   1.33458

  298.0   1.29594

  299.0   1.27114

  300.0   1.23672

  301.0   1.21345

  302.0   1.18607

  303.0   1.16825

  304.0   1.14010

  305.0   1.12078

  306.0   1.10650

  307.0   1.08630

  308.0   1.06981

  309.0   1.05322

  310.0   1.03344

  311.0   1.01951

  312.0   1.00431

  313.0   0.98790

  314.0   0.96900

  315.0   0.95599

  316.0   0.94199

  317.0   0.93028

  318.0   0.92082

  319.0   0.90880

  320.0   0.90345

  321.0   0.90047

  322.0   0.89174

  323.0   0.88750

  324.0   0.88627

  325.0   0.88657

  326.0   0.88350

  327.0   0.88556

  328.0   0.88537

  329.0   0.88840

  330.0   0.88814

  331.0   0.88909

  332.0   0.88923

  333.0   0.89349

  334.0   0.89456

  335.0   0.89781

  336.0   0.89582

  337.0   0.90162

  338.0   0.90263

  339.0   0.90629

  340.0   0.90783

  341.0   0.91304

  342.0   0.90898

  343.0   0.91233

  344.0   0.91101

  345.0   0.91661

  346.0   0.91566

  347.0   0.91056

  348.0   0.90983

  349.0   0.90813

  350.0   0.90458

  351.0   0.90090

  352.0   0.89474

  353.0   0.88761

  354.0   0.88065

  355.0   0.87599

  356.0   0.87082

  357.0   0.85794

  358.0   0.84962

  359.0   0.83689

  360.0   0.82063

  361.0   0.80848

  362.0   0.79811

  363.0   0.78175

  364.0   0.76933

  365.0   0.75496

  366.0   0.74222

  367.0   0.72767

  368.0   0.71336

  369.0   0.69996

  370.0   0.68697

  371.0   0.67234

  372.0   0.66051

  373.0   0.64917

  374.0   0.63604

  375.0   0.62437

  376.0   0.61359

  377.0   0.60178

  378.0   0.58980

  379.0   0.57910

  380.0   0.56785

  381.0   0.55702

  382.0   0.54653

  383.0   0.53634

  384.0   0.52490

  385.0   0.51438

  386.0   0.50450

  387.0   0.49483

  388.0   0.48505

  389.0   0.47531

  390.0   0.46609

  391.0   0.45726

  392.0   0.44848

  393.0   0.44000

  394.0   0.43141

  395.0   0.42303

  396.0   0.41541

  397.0   0.40768

  398.0   0.40024

  399.0   0.39260

  400.0   0.38558

  401.0   0.37846

  402.0   0.37154

  403.0   0.36472

  404.0   0.35736

  405.0   0.35044

  406.0   0.34349

  407.0   0.33622

  408.0   0.32926

  409.0   0.32135

  410.0   0.31335

  411.0   0.30607

  412.0   0.29750

  413.0   0.28985

  414.0   0.28173

  415.0   0.27747

  416.0   0.26379

  417.0   0.25464

  418.0   0.24588

  419.0   0.23659

  420.0   0.22808

  421.0   0.21959

  422.0   0.21066

  423.0   0.20240

  424.0   0.19371

  425.0   0.18611

  426.0   0.17793

  427.0   0.17098

  428.0   0.16393

  429.0   0.15686

  430.0   0.15041

  431.0   0.14400

  432.0   0.13859

  433.0   0.13273

  434.0   0.12782

  435.0   0.12278

  436.0   0.11789

  437.0   0.11372

  438.0   0.10940

  439.0   0.10556

  440.0   0.10163

  441.0   0.09818

  442.0   0.09473

  443.0   0.09179

  444.0   0.08878

  445.0   0.08574

  446.0   0.08316

  447.0   0.08044

  448.0   0.07778

  449.0   0.07539

  450.0   0.07301

  451.0   0.07050

  452.0   0.06843

  453.0   0.06610

  454.0   0.06386

  455.0   0.06171

  456.0   0.05976

  457.0   0.05778

  458.0   0.05581

  459.0   0.05408

  460.0   0.05206

  461.0   0.05036

  462.0   0.04862

  463.0   0.04708

  464.0   0.04530

  465.0   0.04383

  466.0   0.04226

  467.0   0.04096

  468.0   0.03952

  469.0   0.03832

  470.0   0.03700

  471.0   0.03583

  472.0   0.03460

  473.0   0.03351

  474.0   0.03237

  475.0   0.03136

  476.0   0.03023

  477.0   0.02927

  478.0   0.02829

  479.0   0.02741

  480.0   0.02650

  481.0   0.02579

  482.0   0.02498

  483.0   0.02431

  484.0   0.02355

  485.0   0.02294

  486.0   0.02226

  487.0   0.02178

  488.0   0.02120

  489.0   0.02070

  490.0   0.02018

  491.0   0.01981

  492.0   0.01934

  493.0   0.01903

  494.0   0.01868

  495.0   0.01837

  496.0   0.01801

  497.0   0.01774

  498.0   0.01747

  499.0   0.01721

  500.0   0.01702

  501.0   0.01689

  502.0   0.01676

  503.0   0.01663

  504.0   0.01658

  505.0   0.01651

  506.0   0.01641

  507.0   0.01634

  508.0   0.01631

  509.0   0.01628

  510.0   0.01635

  511.0   0.01636

  512.0   0.01634

  513.0   0.01646

  514.0   0.01653

  515.0   0.01664

  516.0   0.01671

  517.0   0.01681

  518.0   0.01687

  519.0   0.01698

  520.0   0.01714

  521.0   0.01729

  522.0   0.01743

  523.0   0.01762

  524.0   0.01774

  525.0   0.01796

  526.0   0.01821

  527.0   0.01841

  528.0   0.01862

  529.0   0.01880

  530.0   0.01906

  531.0   0.01927

  532.0   0.01954

  533.0   0.01978

  534.0   0.02004

  535.0   0.02030

  536.0   0.02058

  537.0   0.02092

  538.0   0.02118

  539.0   0.02143

  540.0   0.02174

  541.0   0.02199

  542.0   0.02223

  543.0   0.02253

  544.0   0.02279

  545.0   0.02302

  546.0   0.02328

  547.0   0.02350

  548.0   0.02372

  549.0   0.02383

  550.0   0.02403

  551.0   0.02416

  552.0   0.02430

  553.0   0.02445

  554.0   0.02454

  555.0   0.02460

  556.0   0.02467

  557.0   0.02647

  558.0   0.02654

  559.0   0.02650

  560.0   0.02655

  561.0   0.02656

  562.0   0.02657

  563.0   0.02665

  564.0   0.02664

  565.0   0.02660

  566.0   0.02667

  567.0   0.02667

  568.0   0.02662

  569.0   0.02666

  570.0   0.02666

  571.0   0.02665

  572.0   0.02663

  573.0   0.02666

  574.0   0.02662

  575.0   0.02661

  576.0   0.02654

  577.0   0.02645

  578.0   0.02642

  579.0   0.02647

  580.0   0.02642

  581.0   0.02646

  582.0   0.02644

  583.0   0.02647

  584.0   0.02646

  585.0   0.02654

  586.0   0.02652

  587.0   0.02658

  588.0   0.02657

  589.0   0.02658

  590.0   0.02659

  591.0   0.02662

  592.0   0.02666

  593.0   0.02669

  594.0   0.02672

  595.0   0.02676

  596.0   0.02686

  597.0   0.02694

  598.0   0.02702

  599.0   0.02709

  600.0   0.02720

  601.0   0.02726

  602.0   0.02731

  603.0   0.02742

  604.0   0.02747

  605.0   0.02755

  606.0   0.02757

  607.0   0.02762

  608.0   0.02765

  609.0   0.02769

  610.0   0.02772

  611.0   0.02777

  612.0   0.02782

  613.0   0.02787

  614.0   0.02792

  615.0   0.02795

  616.0   0.02795

  617.0   0.02799

  618.0   0.02804

  619.0   0.02808

  620.0   0.02809

  621.0   0.02812

  622.0   0.02819

  623.0   0.02817

  624.0   0.02817

  625.0   0.02817

  626.0   0.02814

  627.0   0.02810

  628.0   0.02810

  629.0   0.02807

  630.0   0.02801

  631.0   0.02803

  632.0   0.02800

  633.0   0.02797

  634.0   0.02792

  635.0   0.02782

  636.0   0.02777

  637.0   0.02774

  638.0   0.02770

  639.0   0.02760

  640.0   0.02751

  641.0   0.02740

  642.0   0.02729

  643.0   0.02720

  644.0   0.02709

  645.0   0.02699

  646.0   0.02684

  647.0   0.02676

  648.0   0.02663

  649.0   0.02653

  650.0   0.02644

  651.0   0.02632

  652.0   0.02621

  653.0   0.02603

  654.0   0.02589

  655.0   0.02571

  656.0   0.02562

  657.0   0.02552

  658.0   0.02536

  659.0   0.02526

  660.0   0.02507

  661.0   0.02488

  662.0   0.02470

  663.0   0.02453

  664.0   0.02437

  665.0   0.02423

  666.0   0.02407

  667.0   0.02385

  668.0   0.02371

  669.0   0.02356

  670.0   0.02333

  671.0   0.02315

  672.0   0.02296

  673.0   0.02274

  674.0   0.02257

  675.0   0.02233

  676.0   0.02210

  677.0   0.02187

  678.0   0.02157

  679.0   0.02135

  680.0   0.02120

  681.0   0.02102

  682.0   0.02085

  683.0   0.02064

  684.0   0.02047

  685.0   0.02033

  686.0   0.02013

  687.0   0.01999

  688.0   0.01978

  689.0   0.01955

  690.0   0.01934

  691.0   0.01915

  692.0   0.01892

  693.0   0.01875

  694.0   0.01856

  695.0   0.01841

  696.0   0.01825

  697.0   0.01808

  698.0   0.01790

  699.0   0.01769

  700.0   0.01755

  701.0   0.01738

  702.0   0.01712

  703.0   0.01695

  704.0   0.01677

  705.0   0.01661

  706.0   0.01645

  707.0   0.01630

  708.0   0.01609

  709.0   0.01594

  710.0   0.01578

  711.0   0.01558

  712.0   0.01542

  713.0   0.01523

  714.0   0.01507

  715.0   0.01486

  716.0   0.01469

  717.0   0.01448

  718.0   0.01435

  719.0   0.01420

  720.0   0.01405

  721.0   0.01388

  722.0   0.01369

  723.0   0.01358

  724.0   0.01339

  725.0   0.01326

  726.0   0.01310

  727.0   0.01294

  728.0   0.01281

  729.0   0.01269

  730.0   0.01258

  731.0   0.01244

  732.0   0.01236

  733.0   0.01223

  734.0   0.01211

  735.0   0.01204

  736.0   0.01378

  737.0   0.01349

  738.0   0.01326

  739.0   0.01304

  740.0   0.01282

  741.0   0.01268

  742.0   0.01253

  743.0   0.01235

  744.0   0.01222

  745.0   0.01202

  746.0   0.01193

  747.0   0.01176

  748.0   0.01165

  749.0   0.01148

  750.0   0.01146

  751.0   0.01132

  752.0   0.01119

  753.0   0.01106

  754.0   0.01090

  755.0   0.01080

  756.0   0.01067

  757.0   0.01057

  758.0   0.01040

  759.0   0.01030

  760.0   0.01020

  761.0   0.01013

  762.0   0.01006

  763.0   0.00993

  764.0   0.00989

  765.0   0.00971

  766.0   0.00964

  767.0   0.00952

  768.0   0.00948

  769.0   0.00943

  770.0   0.00937

  771.0   0.00933

  772.0   0.00923

  773.0   0.00911

  774.0   0.00902

  775.0   0.00895

  776.0   0.00885

  777.0   0.00890

  778.0   0.00878

  779.0   0.00876

  780.0   0.00872

  781.0   0.00863

  782.0   0.00870

  783.0   0.00869

  784.0   0.00871

  785.0   0.00867

  786.0   0.00868

  787.0   0.00865

  788.0   0.00861

  789.0   0.00852

  790.0   0.00850

  791.0   0.00852

  792.0   0.00857

  793.0   0.00850

  794.0   0.00849

  795.0   0.00842

  796.0   0.00849

  797.0   0.00854

  798.0   0.00855

  799.0   0.00856

  800.0   0.00845

 
