ser ID: DU600

Method ID: A:\DEFAULT

Date: 07/29/00

Time: 03:26

 200.0   3.22220

  201.0   3.29026

  202.0   3.33041

  203.0   3.36847

  204.0   3.40688

  205.0   3.44107

  206.0   3.47056

  207.0   3.49886

  208.0   3.52660

  209.0   3.55570

  210.0   3.58092

  211.0   3.60520

  212.0   3.32869

  213.0   3.65533

  214.0   3.67642

  215.0   3.69705

  216.0   3.71659

  217.0   3.73719

  218.0   3.27845

  219.0   3.77173

  220.0   3.78675

  221.0   3.80127

  222.0   3.81651

  223.0   3.82950

  224.0   3.84242

  225.0   3.85449

  226.0   3.86759

  227.0   3.88024

  228.0   3.89176

  229.0   3.90304

  230.0   3.61384

  231.0   3.92474

  232.0   3.93399

  233.0   3.94176

  234.0   3.94880

  235.0   3.95415

  236.0   3.95828

  237.0   3.96142

  238.0   3.96346

  239.0   3.96459

  240.0   3.96464

  241.0   3.96440

  242.0   3.96313

  243.0   3.96095

  244.0   3.95875

  245.0   3.95569

  246.0   3.65162

  247.0   3.64753

  248.0   3.94448

  249.0   3.93982

  250.0   3.93536

  251.0   3.93018

  252.0   3.92526

  253.0   3.91986

  254.0   3.91424

  255.0   3.90838

  256.0   3.90314

  257.0   3.89713

  258.0   3.89126

  259.0   3.88423

  260.0   3.87760

  261.0   3.87175

  262.0   3.86516

  263.0   3.85848

  264.0   3.85187

  265.0   3.84578

  266.0   3.83891

  267.0   3.83232

  268.0   3.82633

  269.0   3.82060

  270.0   3.81551

  271.0   3.33425

  272.0   3.80713

  273.0   3.80400

  274.0   3.80140

  275.0   3.79962

  276.0   3.79858

  277.0   3.19514

  278.0   3.79637

  279.0   3.79553

  280.0   3.79567

  281.0   3.79498

  282.0   2.89105

  283.0   2.64710

  284.0   2.71314

  285.0   2.56145

  286.0   2.43038

  287.0   2.28619

  288.0   2.13820

  289.0   2.03631

  290.0   1.94820

  291.0   1.86472

  292.0   1.78151

  293.0   1.70458

  294.0   1.61544

  295.0   1.53204

  296.0   1.47157

  297.0   1.40865

  298.0   1.34123

  299.0   1.28315

  300.0   1.21879

  301.0   1.16308

  302.0   1.11074

  303.0   1.06503

  304.0   1.02119

  305.0   0.98397

  306.0   0.94056

  307.0   0.90212

  308.0   0.87080

  309.0   0.83709

  310.0   0.80728

  311.0   0.77753

  312.0   0.74275

  313.0   0.71484

  314.0   0.68908

  315.0   0.66948

  316.0   0.64804

  317.0   0.63329

  318.0   0.61689

  319.0   0.60634

  320.0   0.60134

  321.0   0.59800

  322.0   0.59290

  323.0   0.59231

  324.0   0.59589

  325.0   0.60225

  326.0   0.61098

  327.0   0.62152

  328.0   0.63262

  329.0   0.64431

  330.0   0.65670

  331.0   0.67212

  332.0   0.68916

  333.0   0.70840

  334.0   0.72414

  335.0   0.74490

  336.0   0.76454

  337.0   0.78784

  338.0   0.80867

  339.0   0.83403

  340.0   0.85408

  341.0   0.87760

  342.0   0.89888

  343.0   0.92496

  344.0   0.95131

  345.0   0.97533

  346.0   0.99280

  347.0   1.01380

  348.0   1.03597

  349.0   1.05368

  350.0   1.07162

  351.0   1.08724

  352.0   1.10301

  353.0   1.10878

  354.0   1.11936

  355.0   1.12270

  356.0   1.13033

  357.0   1.13768

  358.0   1.12831

  359.0   1.12893

  360.0   1.12454

  361.0   1.12565

  362.0   1.11887

  363.0   1.11762

  364.0   1.10139

  365.0   1.09090

  366.0   1.08314

  367.0   1.07104

  368.0   1.05939

  369.0   1.05108

  370.0   1.03481

  371.0   1.02223

  372.0   1.00667

  373.0   0.99609

  374.0   0.98517

  375.0   0.97436

  376.0   0.96035

  377.0   0.94358

  378.0   0.92991

  379.0   0.91980

  380.0   0.90371

  381.0   0.88781

  382.0   0.87305

  383.0   0.85528

  384.0   0.83900

  385.0   0.82185

  386.0   0.80567

  387.0   0.78881

  388.0   0.77155

  389.0   0.75318

  390.0   0.73573

  391.0   0.72002

  392.0   0.70185

  393.0   0.68589

  394.0   0.66914

  395.0   0.65383

  396.0   0.63985

  397.0   0.62440

  398.0   0.61121

  399.0   0.59696

  400.0   0.58465

  401.0   0.57223

  402.0   0.55887

  403.0   0.54721

  404.0   0.53490

  405.0   0.52403

  406.0   0.51287

  407.0   0.50157

  408.0   0.49065

  409.0   0.47868

  410.0   0.46746

  411.0   0.45679

  412.0   0.44508

  413.0   0.43430

  414.0   0.42348

  415.0   0.41757

  416.0   0.39971

  417.0   0.38725

  418.0   0.37606

  419.0   0.36390

  420.0   0.35267

  421.0   0.34212

  422.0   0.33050

  423.0   0.31994

  424.0   0.30864

  425.0   0.29851

  426.0   0.28792

  427.0   0.27841

  428.0   0.26934

  429.0   0.25986

  430.0   0.25115

  431.0   0.24236

  432.0   0.23448

  433.0   0.22635

  434.0   0.21909

  435.0   0.21228

  436.0   0.20505

  437.0   0.19890

  438.0   0.19217

  439.0   0.18621

  440.0   0.18000

  441.0   0.17471

  442.0   0.16910

  443.0   0.16405

  444.0   0.15915

  445.0   0.15409

  446.0   0.14961

  447.0   0.14477

  448.0   0.14056

  449.0   0.13602

  450.0   0.13168

  451.0   0.12728

  452.0   0.12336

  453.0   0.11903

  454.0   0.11507

  455.0   0.11098

  456.0   0.10733

  457.0   0.10366

  458.0   0.09982

  459.0   0.09636

  460.0   0.09263

  461.0   0.08932

  462.0   0.08578

  463.0   0.08270

  464.0   0.07929

  465.0   0.07635

  466.0   0.07313

  467.0   0.07057

  468.0   0.06765

  469.0   0.06514

  470.0   0.06229

  471.0   0.05993

  472.0   0.05735

  473.0   0.05509

  474.0   0.05269

  475.0   0.05055

  476.0   0.04827

  477.0   0.04632

  478.0   0.04424

  479.0   0.04246

  480.0   0.04062

  481.0   0.03904

  482.0   0.03722

  483.0   0.03572

  484.0   0.03408

  485.0   0.03269

  486.0   0.03117

  487.0   0.02995

  488.0   0.02863

  489.0   0.02749

  490.0   0.02627

  491.0   0.02517

  492.0   0.02406

  493.0   0.02309

  494.0   0.02215

  495.0   0.02133

  496.0   0.02036

  497.0   0.01959

  498.0   0.01871

  499.0   0.01804

  500.0   0.01726

  501.0   0.01664

  502.0   0.01604

  503.0   0.01542

  504.0   0.01492

  505.0   0.01433

  506.0   0.01379

  507.0   0.01332

  508.0   0.01286

  509.0   0.01246

  510.0   0.01212

  511.0   0.01166

  512.0   0.01124

  513.0   0.01087

  514.0   0.01057

  515.0   0.01029

  516.0   0.00996

  517.0   0.00971

  518.0   0.00938

  519.0   0.00914

  520.0   0.00888

  521.0   0.00872

  522.0   0.00847

  523.0   0.00830

  524.0   0.00813

  525.0   0.00797

  526.0   0.00789

  527.0   0.00773

  528.0   0.00759

  529.0   0.00744

  530.0   0.00737

  531.0   0.00727

  532.0   0.00718

  533.0   0.00707

  534.0   0.00705

  535.0   0.00692

  536.0   0.00689

  537.0   0.00691

  538.0   0.00681

  539.0   0.00676

  540.0   0.00672

  541.0   0.00667

  542.0   0.00659

  543.0   0.00658

  544.0   0.00660

  545.0   0.00653

  546.0   0.00658

  547.0   0.00653

  548.0   0.00647

  549.0   0.00641

  550.0   0.00641

  551.0   0.00635

  552.0   0.00628

  553.0   0.00621

  554.0   0.00617

  555.0   0.00615

  556.0   0.00616

  557.0   0.00651

  558.0   0.00659

  559.0   0.00655

  560.0   0.00661

  561.0   0.00661

  562.0   0.00664

  563.0   0.00669

  564.0   0.00666

  565.0   0.00668

  566.0   0.00667

  567.0   0.00669

  568.0   0.00666

  569.0   0.00666

  570.0   0.00663

  571.0   0.00665

  572.0   0.00666

  573.0   0.00670

  574.0   0.00675

  575.0   0.00675

  576.0   0.00672

  577.0   0.00666

  578.0   0.00662

  579.0   0.00663

  580.0   0.00657

  581.0   0.00659

  582.0   0.00655

  583.0   0.00661

  584.0   0.00652

  585.0   0.00653

  586.0   0.00651

  587.0   0.00651

  588.0   0.00652

  589.0   0.00652

  590.0   0.00649

  591.0   0.00651

  592.0   0.00648

  593.0   0.00643

  594.0   0.00640

  595.0   0.00639

  596.0   0.00641

  597.0   0.00642

  598.0   0.00645

  599.0   0.00640

  600.0   0.00643

  601.0   0.00644

  602.0   0.00645

  603.0   0.00651

  604.0   0.00656

  605.0   0.00657

  606.0   0.00656

  607.0   0.00657

  608.0   0.00659

  609.0   0.00662

  610.0   0.00663

  611.0   0.00665

  612.0   0.00670

  613.0   0.00670

  614.0   0.00673

  615.0   0.00675

  616.0   0.00675

  617.0   0.00684

  618.0   0.00684

  619.0   0.00687

  620.0   0.00688

  621.0   0.00691

  622.0   0.00691

  623.0   0.00692

  624.0   0.00692

  625.0   0.00698

  626.0   0.00700

  627.0   0.00701

  628.0   0.00695

  629.0   0.00696

  630.0   0.00691

  631.0   0.00694

  632.0   0.00695

  633.0   0.00696

  634.0   0.00697

  635.0   0.00698

  636.0   0.00697

  637.0   0.00700

  638.0   0.00700

  639.0   0.00698

  640.0   0.00694

  641.0   0.00693

  642.0   0.00691

  643.0   0.00689

  644.0   0.00686

  645.0   0.00686

  646.0   0.00681

  647.0   0.00685

  648.0   0.00680

  649.0   0.00677

  650.0   0.00675

  651.0   0.00672

  652.0   0.00670

  653.0   0.00669

  654.0   0.00668

  655.0   0.00665

  656.0   0.00667

  657.0   0.00666

  658.0   0.00666

  659.0   0.00666

  660.0   0.00667

  661.0   0.00668

  662.0   0.00667

  663.0   0.00663

  664.0   0.00659

  665.0   0.00660

  666.0   0.00653

  667.0   0.00649

  668.0   0.00650

  669.0   0.00650

  670.0   0.00649

  671.0   0.00651

  672.0   0.00649

  673.0   0.00647

  674.0   0.00649

  675.0   0.00646

  676.0   0.00644

  677.0   0.00640

  678.0   0.00639

  679.0   0.00633

  680.0   0.00634

  681.0   0.00635

  682.0   0.00635

  683.0   0.00634

  684.0   0.00629

  685.0   0.00628

  686.0   0.00634

  687.0   0.00635

  688.0   0.00635

  689.0   0.00631

  690.0   0.00628

  691.0   0.00624

  692.0   0.00619

  693.0   0.00618

  694.0   0.00619

  695.0   0.00615

  696.0   0.00619

  697.0   0.00617

  698.0   0.00618

  699.0   0.00612

  700.0   0.00613

  701.0   0.00611

  702.0   0.00607

  703.0   0.00604

  704.0   0.00608

  705.0   0.00607

  706.0   0.00603

  707.0   0.00604

  708.0   0.00600

  709.0   0.00604

  710.0   0.00600

  711.0   0.00594

  712.0   0.00594

  713.0   0.00594

  714.0   0.00592

  715.0   0.00586

  716.0   0.00581

  717.0   0.00577

  718.0   0.00575

  719.0   0.00571

  720.0   0.00575

  721.0   0.00573

  722.0   0.00572

  723.0   0.00572

  724.0   0.00564

  725.0   0.00562

  726.0   0.00558

  727.0   0.00551

  728.0   0.00551

  729.0   0.00551

  730.0   0.00558

  731.0   0.00555

  732.0   0.00557

  733.0   0.00558

  734.0   0.00555

  735.0   0.00553

  736.0   0.00606

  737.0   0.00601

  738.0   0.00592

  739.0   0.00593

  740.0   0.00592

  741.0   0.00596

  742.0   0.00600

  743.0   0.00594

  744.0   0.00594

  745.0   0.00588

  746.0   0.00590

  747.0   0.00582

  748.0   0.00581

  749.0   0.00578

  750.0   0.00581

  751.0   0.00576

  752.0   0.00576

  753.0   0.00571

  754.0   0.00571

  755.0   0.00566

  756.0   0.00556

  757.0   0.00554

  758.0   0.00546

  759.0   0.00542

  760.0   0.00534

  761.0   0.00532

  762.0   0.00532

  763.0   0.00525

  764.0   0.00520

  765.0   0.00512

  766.0   0.00508

  767.0   0.00506

  768.0   0.00504

  769.0   0.00504

  770.0   0.00500

  771.0   0.00503

  772.0   0.00493

  773.0   0.00480

  774.0   0.00465

  775.0   0.00463

  776.0   0.00450

  777.0   0.00451

  778.0   0.00441

  779.0   0.00436

  780.0   0.00440

  781.0   0.00435

  782.0   0.00433

  783.0   0.00425

  784.0   0.00432

  785.0   0.00421

  786.0   0.00420

  787.0   0.00420

  788.0   0.00421

  789.0   0.00417

  790.0   0.00418

  791.0   0.00416

  792.0   0.00416

  793.0   0.00412

  794.0   0.00404

  795.0   0.00399

  796.0   0.00400

  797.0   0.00395

  798.0   0.00401

  799.0   0.00390

  800.0   0.00382

 
