ser ID: DU600

Method ID: A:\DEFAULT

Date: 07/29/00

Time: 03:39

 200.0   3.22220

  201.0   2.98923

  202.0   3.02938

  203.0   3.36847

  204.0   3.40688

  205.0   3.44107

  206.0   3.47056

  207.0   3.49886

  208.0   3.52660

  209.0   3.55570

  210.0   3.58092

  211.0   3.60520

  212.0   3.62972

  213.0   3.65533

  214.0   3.67642

  215.0   3.69705

  216.0   3.11453

  217.0   3.73719

  218.0   3.75557

  219.0   3.77173

  220.0   3.78675

  221.0   3.80127

  222.0   3.81651

  223.0   3.82950

  224.0   3.84242

  225.0   3.85449

  226.0   3.86759

  227.0   3.88024

  228.0   3.28970

  229.0   3.90304

  230.0   3.91487

  231.0   3.92474

  232.0   3.93399

  233.0   3.94176

  234.0   3.94880

  235.0   3.95415

  236.0   3.95828

  237.0   3.96142

  238.0   3.96346

  239.0   3.96459

  240.0   3.66361

  241.0   3.66337

  242.0   3.96313

  243.0   3.96095

  244.0   3.95875

  245.0   3.95569

  246.0   3.95265

  247.0   3.94856

  248.0   3.94448

  249.0   3.93982

  250.0   3.93536

  251.0   3.93018

  252.0   3.92526

  253.0   3.91986

  254.0   3.91424

  255.0   3.90838

  256.0   3.90314

  257.0   3.89713

  258.0   3.89126

  259.0   3.88423

  260.0   3.87760

  261.0   3.87175

  262.0   3.86516

  263.0   3.85848

  264.0   3.85187

  265.0   3.84578

  266.0   3.83891

  267.0   3.83232

  268.0   3.82633

  269.0   3.51957

  270.0   3.81551

  271.0   3.81137

  272.0   3.80713

  273.0   3.32688

  274.0   3.80140

  275.0   3.79962

  276.0   3.19652

  277.0   3.32008

  278.0   3.79637

  279.0   3.01738

  280.0   2.95057

  281.0   2.71579

  282.0   2.75275

  283.0   2.64710

  284.0   2.56187

  285.0   2.34474

  286.0   2.23581

  287.0   2.10114

  288.0   1.99902

  289.0   1.93485

  290.0   1.84882

  291.0   1.78130

  292.0   1.68714

  293.0   1.62423

  294.0   1.56653

  295.0   1.49563

  296.0   1.44940

  297.0   1.38763

  298.0   1.33511

  299.0   1.28045

  300.0   1.23307

  301.0   1.18644

  302.0   1.14031

  303.0   1.10618

  304.0   1.07443

  305.0   1.04579

  306.0   1.01299

  307.0   0.98273

  308.0   0.95696

  309.0   0.92957

  310.0   0.90518

  311.0   0.87714

  312.0   0.84821

  313.0   0.82536

  314.0   0.80503

  315.0   0.78697

  316.0   0.76812

  317.0   0.75467

  318.0   0.74255

  319.0   0.73367

  320.0   0.72544

  321.0   0.72270

  322.0   0.71711

  323.0   0.71262

  324.0   0.71431

  325.0   0.71733

  326.0   0.72168

  327.0   0.72738

  328.0   0.73539

  329.0   0.74491

  330.0   0.75339

  331.0   0.76525

  332.0   0.77467

  333.0   0.78451

  334.0   0.79282

  335.0   0.81013

  336.0   0.82092

  337.0   0.83247

  338.0   0.84758

  339.0   0.86098

  340.0   0.87944

  341.0   0.89496

  342.0   0.91118

  343.0   0.92572

  344.0   0.94341

  345.0   0.95808

  346.0   0.97075

  347.0   0.98390

  348.0   0.99232

  349.0   1.00486

  350.0   1.00913

  351.0   1.01800

  352.0   1.02569

  353.0   1.02753

  354.0   1.03805

  355.0   1.03769

  356.0   1.03487

  357.0   1.04002

  358.0   1.03213

  359.0   1.02589

  360.0   1.01783

  361.0   1.00988

  362.0   1.00358

  363.0   0.99162

  364.0   0.98406

  365.0   0.97271

  366.0   0.96282

  367.0   0.94807

  368.0   0.93570

  369.0   0.92395

  370.0   0.91175

  371.0   0.89800

  372.0   0.88658

  373.0   0.87178

  374.0   0.86038

  375.0   0.84731

  376.0   0.83488

  377.0   0.82520

  378.0   0.81102

  379.0   0.79828

  380.0   0.78541

  381.0   0.77192

  382.0   0.75930

  383.0   0.74497

  384.0   0.72975

  385.0   0.71537

  386.0   0.70182

  387.0   0.68537

  388.0   0.67142

  389.0   0.65613

  390.0   0.64218

  391.0   0.62989

  392.0   0.61575

  393.0   0.60258

  394.0   0.58911

  395.0   0.57701

  396.0   0.56469

  397.0   0.55302

  398.0   0.54110

  399.0   0.52932

  400.0   0.51841

  401.0   0.50821

  402.0   0.49788

  403.0   0.48811

  404.0   0.47744

  405.0   0.46744

  406.0   0.45859

  407.0   0.44805

  408.0   0.43836

  409.0   0.42830

  410.0   0.41780

  411.0   0.40799

  412.0   0.39733

  413.0   0.38722

  414.0   0.37711

  415.0   0.37174

  416.0   0.35481

  417.0   0.34329

  418.0   0.33314

  419.0   0.32171

  420.0   0.31104

  421.0   0.30088

  422.0   0.28972

  423.0   0.27990

  424.0   0.26923

  425.0   0.25958

  426.0   0.24949

  427.0   0.24070

  428.0   0.23219

  429.0   0.22309

  430.0   0.21534

  431.0   0.20701

  432.0   0.19992

  433.0   0.19233

  434.0   0.18590

  435.0   0.17962

  436.0   0.17317

  437.0   0.16747

  438.0   0.16147

  439.0   0.15618

  440.0   0.15094

  441.0   0.14626

  442.0   0.14137

  443.0   0.13710

  444.0   0.13288

  445.0   0.12856

  446.0   0.12466

  447.0   0.12071

  448.0   0.11695

  449.0   0.11316

  450.0   0.10960

  451.0   0.10581

  452.0   0.10259

  453.0   0.09896

  454.0   0.09568

  455.0   0.09227

  456.0   0.08943

  457.0   0.08635

  458.0   0.08320

  459.0   0.08048

  460.0   0.07736

  461.0   0.07473

  462.0   0.07185

  463.0   0.06927

  464.0   0.06652

  465.0   0.06416

  466.0   0.06157

  467.0   0.05939

  468.0   0.05696

  469.0   0.05499

  470.0   0.05274

  471.0   0.05082

  472.0   0.04876

  473.0   0.04701

  474.0   0.04505

  475.0   0.04336

  476.0   0.04153

  477.0   0.03994

  478.0   0.03829

  479.0   0.03686

  480.0   0.03533

  481.0   0.03406

  482.0   0.03264

  483.0   0.03145

  484.0   0.03014

  485.0   0.02902

  486.0   0.02784

  487.0   0.02690

  488.0   0.02591

  489.0   0.02495

  490.0   0.02403

  491.0   0.02323

  492.0   0.02241

  493.0   0.02168

  494.0   0.02091

  495.0   0.02028

  496.0   0.01951

  497.0   0.01889

  498.0   0.01836

  499.0   0.01783

  500.0   0.01728

  501.0   0.01685

  502.0   0.01644

  503.0   0.01604

  504.0   0.01571

  505.0   0.01530

  506.0   0.01494

  507.0   0.01463

  508.0   0.01429

  509.0   0.01404

  510.0   0.01379

  511.0   0.01353

  512.0   0.01321

  513.0   0.01302

  514.0   0.01282

  515.0   0.01268

  516.0   0.01251

  517.0   0.01240

  518.0   0.01223

  519.0   0.01217

  520.0   0.01210

  521.0   0.01203

  522.0   0.01197

  523.0   0.01195

  524.0   0.01183

  525.0   0.01181

  526.0   0.01184

  527.0   0.01182

  528.0   0.01175

  529.0   0.01169

  530.0   0.01172

  531.0   0.01175

  532.0   0.01179

  533.0   0.01181

  534.0   0.01189

  535.0   0.01196

  536.0   0.01205

  537.0   0.01218

  538.0   0.01222

  539.0   0.01225

  540.0   0.01233

  541.0   0.01238

  542.0   0.01244

  543.0   0.01250

  544.0   0.01258

  545.0   0.01264

  546.0   0.01273

  547.0   0.01278

  548.0   0.01282

  549.0   0.01280

  550.0   0.01286

  551.0   0.01284

  552.0   0.01284

  553.0   0.01288

  554.0   0.01290

  555.0   0.01292

  556.0   0.01294

  557.0   0.01372

  558.0   0.01380

  559.0   0.01372

  560.0   0.01381

  561.0   0.01384

  562.0   0.01388

  563.0   0.01392

  564.0   0.01396

  565.0   0.01392

  566.0   0.01397

  567.0   0.01394

  568.0   0.01397

  569.0   0.01399

  570.0   0.01403

  571.0   0.01401

  572.0   0.01399

  573.0   0.01400

  574.0   0.01398

  575.0   0.01397

  576.0   0.01391

  577.0   0.01382

  578.0   0.01382

  579.0   0.01383

  580.0   0.01374

  581.0   0.01378

  582.0   0.01374

  583.0   0.01374

  584.0   0.01371

  585.0   0.01374

  586.0   0.01374

  587.0   0.01380

  588.0   0.01375

  589.0   0.01371

  590.0   0.01371

  591.0   0.01378

  592.0   0.01377

  593.0   0.01379

  594.0   0.01378

  595.0   0.01383

  596.0   0.01385

  597.0   0.01389

  598.0   0.01388

  599.0   0.01388

  600.0   0.01389

  601.0   0.01393

  602.0   0.01398

  603.0   0.01403

  604.0   0.01403

  605.0   0.01405

  606.0   0.01403

  607.0   0.01409

  608.0   0.01413

  609.0   0.01417

  610.0   0.01424

  611.0   0.01429

  612.0   0.01434

  613.0   0.01437

  614.0   0.01438

  615.0   0.01440

  616.0   0.01438

  617.0   0.01440

  618.0   0.01443

  619.0   0.01444

  620.0   0.01446

  621.0   0.01449

  622.0   0.01452

  623.0   0.01451

  624.0   0.01446

  625.0   0.01451

  626.0   0.01455

  627.0   0.01455

  628.0   0.01456

  629.0   0.01449

  630.0   0.01451

  631.0   0.01452

  632.0   0.01448

  633.0   0.01446

  634.0   0.01441

  635.0   0.01438

  636.0   0.01433

  637.0   0.01434

  638.0   0.01431

  639.0   0.01425

  640.0   0.01418

  641.0   0.01411

  642.0   0.01406

  643.0   0.01404

  644.0   0.01393

  645.0   0.01390

  646.0   0.01380

  647.0   0.01375

  648.0   0.01367

  649.0   0.01364

  650.0   0.01357

  651.0   0.01352

  652.0   0.01345

  653.0   0.01338

  654.0   0.01327

  655.0   0.01322

  656.0   0.01317

  657.0   0.01312

  658.0   0.01306

  659.0   0.01298

  660.0   0.01291

  661.0   0.01283

  662.0   0.01278

  663.0   0.01273

  664.0   0.01267

  665.0   0.01262

  666.0   0.01254

  667.0   0.01246

  668.0   0.01246

  669.0   0.01243

  670.0   0.01237

  671.0   0.01231

  672.0   0.01224

  673.0   0.01215

  674.0   0.01209

  675.0   0.01199

  676.0   0.01186

  677.0   0.01175

  678.0   0.01161

  679.0   0.01149

  680.0   0.01142

  681.0   0.01136

  682.0   0.01130

  683.0   0.01123

  684.0   0.01114

  685.0   0.01111

  686.0   0.01105

  687.0   0.01100

  688.0   0.01090

  689.0   0.01080

  690.0   0.01070

  691.0   0.01062

  692.0   0.01053

  693.0   0.01046

  694.0   0.01040

  695.0   0.01034

  696.0   0.01031

  697.0   0.01023

  698.0   0.01014

  699.0   0.01002

  700.0   0.00999

  701.0   0.00991

  702.0   0.00980

  703.0   0.00966

  704.0   0.00958

  705.0   0.00948

  706.0   0.00940

  707.0   0.00937

  708.0   0.00931

  709.0   0.00931

  710.0   0.00933

  711.0   0.00927

  712.0   0.00923

  713.0   0.00915

  714.0   0.00909

  715.0   0.00897

  716.0   0.00893

  717.0   0.00878

  718.0   0.00874

  719.0   0.00870

  720.0   0.00864

  721.0   0.00853

  722.0   0.00841

  723.0   0.00839

  724.0   0.00829

  725.0   0.00827

  726.0   0.00816

  727.0   0.00807

  728.0   0.00802

  729.0   0.00797

  730.0   0.00797

  731.0   0.00791

  732.0   0.00787

  733.0   0.00781

  734.0   0.00775

  735.0   0.00774

  736.0   0.00865

  737.0   0.00855

  738.0   0.00844

  739.0   0.00834

  740.0   0.00824

  741.0   0.00823

  742.0   0.00818

  743.0   0.00807

  744.0   0.00800

  745.0   0.00792

  746.0   0.00788

  747.0   0.00774

  748.0   0.00769

  749.0   0.00760

  750.0   0.00755

  751.0   0.00744

  752.0   0.00739

  753.0   0.00731

  754.0   0.00724

  755.0   0.00719

  756.0   0.00709

  757.0   0.00709

  758.0   0.00694

  759.0   0.00684

  760.0   0.00674

  761.0   0.00669

  762.0   0.00664

  763.0   0.00649

  764.0   0.00644

  765.0   0.00631

  766.0   0.00621

  767.0   0.00617

  768.0   0.00610

  769.0   0.00610

  770.0   0.00609

  771.0   0.00607

  772.0   0.00594

  773.0   0.00590

  774.0   0.00583

  775.0   0.00573

  776.0   0.00563

  777.0   0.00566

  778.0   0.00556

  779.0   0.00552

  780.0   0.00553

  781.0   0.00546

  782.0   0.00544

  783.0   0.00537

  784.0   0.00538

  785.0   0.00536

  786.0   0.00534

  787.0   0.00538

  788.0   0.00539

  789.0   0.00535

  790.0   0.00536

  791.0   0.00534

  792.0   0.00535

  793.0   0.00534

  794.0   0.00526

  795.0   0.00519

  796.0   0.00523

  797.0   0.00526

  798.0   0.00530

  799.0   0.00522

  800.0   0.00519

 
