ser ID: DU600

Method ID: A:\DEFAULT

Date: 07/29/00

Time: 03:55

 200.0   3.22220

  201.0   3.29026

  202.0   3.33041

  203.0   3.36847

  204.0   3.40688

  205.0   3.44107

  206.0   3.47056

  207.0   3.49886

  208.0   3.52660

  209.0   3.55570

  210.0   3.58092

  211.0   3.60520

  212.0   3.62972

  213.0   3.65533

  214.0   3.67642

  215.0   3.21993

  216.0   3.41556

  217.0   3.73719

  218.0   3.75557

  219.0   3.77173

  220.0   3.78675

  221.0   3.50024

  222.0   3.51548

  223.0   3.82950

  224.0   3.84242

  225.0   3.85449

  226.0   3.86759

  227.0   3.88024

  228.0   3.89176

  229.0   3.90304

  230.0   3.91487

  231.0   3.92474

  232.0   3.93399

  233.0   3.94176

  234.0   3.94880

  235.0   3.95415

  236.0   3.95828

  237.0   3.96142

  238.0   3.96346

  239.0   3.96459

  240.0   3.96464

  241.0   3.96440

  242.0   3.66210

  243.0   3.96095

  244.0   3.95875

  245.0   3.65466

  246.0   3.95265

  247.0   3.94856

  248.0   3.46736

  249.0   3.63879

  250.0   3.93536

  251.0   3.32812

  252.0   3.62423

  253.0   3.91986

  254.0   3.91424

  255.0   3.90838

  256.0   3.90314

  257.0   3.89713

  258.0   3.89126

  259.0   3.88423

  260.0   3.87760

  261.0   3.87175

  262.0   3.86516

  263.0   3.85848

  264.0   3.85187

  265.0   3.84578

  266.0   3.83891

  267.0   3.83232

  268.0   3.82633

  269.0   3.82060

  270.0   3.81551

  271.0   3.81137

  272.0   3.80713

  273.0   3.80400

  274.0   3.80140

  275.0   3.79962

  276.0   3.32146

  277.0   2.95210

  278.0   2.84212

  279.0   2.84129

  280.0   2.59155

  281.0   2.49395

  282.0   2.43241

  283.0   2.36187

  284.0   2.23602

  285.0   2.11980

  286.0   2.07611

  287.0   1.95249

  288.0   1.87233

  289.0   1.80991

  290.0   1.75988

  291.0   1.67357

  292.0   1.60683

  293.0   1.55896

  294.0   1.50438

  295.0   1.44424

  296.0   1.40640

  297.0   1.35789

  298.0   1.31726

  299.0   1.27510

  300.0   1.24163

  301.0   1.20426

  302.0   1.16886

  303.0   1.14155

  304.0   1.11394

  305.0   1.09011

  306.0   1.06700

  307.0   1.04236

  308.0   1.02379

  309.0   0.99749

  310.0   0.97796

  311.0   0.95644

  312.0   0.93955

  313.0   0.91637

  314.0   0.89804

  315.0   0.88160

  316.0   0.86553

  317.0   0.85158

  318.0   0.83946

  319.0   0.82950

  320.0   0.82475

  321.0   0.82105

  322.0   0.81390

  323.0   0.81305

  324.0   0.81000

  325.0   0.81239

  326.0   0.81386

  327.0   0.81799

  328.0   0.82157

  329.0   0.82802

  330.0   0.83171

  331.0   0.83916

  332.0   0.84538

  333.0   0.84936

  334.0   0.85658

  335.0   0.86181

  336.0   0.86893

  337.0   0.87525

  338.0   0.88537

  339.0   0.88901

  340.0   0.89768

  341.0   0.90790

  342.0   0.91265

  343.0   0.92046

  344.0   0.92728

  345.0   0.93532

  346.0   0.94117

  347.0   0.94881

  348.0   0.95030

  349.0   0.95223

  350.0   0.95688

  351.0   0.95750

  352.0   0.95689

  353.0   0.95433

  354.0   0.95345

  355.0   0.95531

  356.0   0.94789

  357.0   0.94150

  358.0   0.93600

  359.0   0.92674

  360.0   0.91555

  361.0   0.90676

  362.0   0.89593

  363.0   0.88398

  364.0   0.87236

  365.0   0.85698

  366.0   0.84472

  367.0   0.82975

  368.0   0.81707

  369.0   0.80622

  370.0   0.79263

  371.0   0.77909

  372.0   0.76812

  373.0   0.75494

  374.0   0.74265

  375.0   0.73173

  376.0   0.71791

  377.0   0.70676

  378.0   0.69459

  379.0   0.68334

  380.0   0.67055

  381.0   0.65795

  382.0   0.64631

  383.0   0.63451

  384.0   0.62116

  385.0   0.60973

  386.0   0.59679

  387.0   0.58618

  388.0   0.57432

  389.0   0.56113

  390.0   0.55057

  391.0   0.53950

  392.0   0.52760

  393.0   0.51763

  394.0   0.50636

  395.0   0.49667

  396.0   0.48692

  397.0   0.47639

  398.0   0.46741

  399.0   0.45807

  400.0   0.45005

  401.0   0.44092

  402.0   0.43205

  403.0   0.42411

  404.0   0.41507

  405.0   0.40640

  406.0   0.39864

  407.0   0.39010

  408.0   0.38160

  409.0   0.37229

  410.0   0.36369

  411.0   0.35494

  412.0   0.34553

  413.0   0.33695

  414.0   0.32742

  415.0   0.32263

  416.0   0.30744

  417.0   0.29687

  418.0   0.28756

  419.0   0.27722

  420.0   0.26772

  421.0   0.25854

  422.0   0.24826

  423.0   0.23936

  424.0   0.22942

  425.0   0.22067

  426.0   0.21169

  427.0   0.20382

  428.0   0.19607

  429.0   0.18804

  430.0   0.18079

  431.0   0.17344

  432.0   0.16715

  433.0   0.16044

  434.0   0.15467

  435.0   0.14917

  436.0   0.14355

  437.0   0.13880

  438.0   0.13356

  439.0   0.12903

  440.0   0.12442

  441.0   0.12039

  442.0   0.11629

  443.0   0.11263

  444.0   0.10916

  445.0   0.10547

  446.0   0.10218

  447.0   0.09879

  448.0   0.09579

  449.0   0.09255

  450.0   0.08962

  451.0   0.08658

  452.0   0.08392

  453.0   0.08106

  454.0   0.07834

  455.0   0.07561

  456.0   0.07318

  457.0   0.07077

  458.0   0.06825

  459.0   0.06603

  460.0   0.06355

  461.0   0.06141

  462.0   0.05913

  463.0   0.05715

  464.0   0.05493

  465.0   0.05304

  466.0   0.05101

  467.0   0.04936

  468.0   0.04746

  469.0   0.04590

  470.0   0.04416

  471.0   0.04264

  472.0   0.04109

  473.0   0.03974

  474.0   0.03818

  475.0   0.03688

  476.0   0.03549

  477.0   0.03422

  478.0   0.03290

  479.0   0.03177

  480.0   0.03057

  481.0   0.02966

  482.0   0.02856

  483.0   0.02765

  484.0   0.02667

  485.0   0.02581

  486.0   0.02488

  487.0   0.02418

  488.0   0.02347

  489.0   0.02278

  490.0   0.02206

  491.0   0.02149

  492.0   0.02081

  493.0   0.02030

  494.0   0.01970

  495.0   0.01927

  496.0   0.01879

  497.0   0.01837

  498.0   0.01796

  499.0   0.01765

  500.0   0.01726

  501.0   0.01701

  502.0   0.01674

  503.0   0.01647

  504.0   0.01628

  505.0   0.01606

  506.0   0.01583

  507.0   0.01563

  508.0   0.01544

  509.0   0.01533

  510.0   0.01525

  511.0   0.01513

  512.0   0.01501

  513.0   0.01492

  514.0   0.01488

  515.0   0.01488

  516.0   0.01483

  517.0   0.01484

  518.0   0.01479

  519.0   0.01481

  520.0   0.01485

  521.0   0.01492

  522.0   0.01496

  523.0   0.01505

  524.0   0.01509

  525.0   0.01523

  526.0   0.01540

  527.0   0.01544

  528.0   0.01554

  529.0   0.01557

  530.0   0.01567

  531.0   0.01580

  532.0   0.01603

  533.0   0.01614

  534.0   0.01637

  535.0   0.01655

  536.0   0.01672

  537.0   0.01694

  538.0   0.01708

  539.0   0.01724

  540.0   0.01742

  541.0   0.01756

  542.0   0.01779

  543.0   0.01795

  544.0   0.01817

  545.0   0.01832

  546.0   0.01848

  547.0   0.01861

  548.0   0.01876

  549.0   0.01881

  550.0   0.01895

  551.0   0.01903

  552.0   0.01907

  553.0   0.01922

  554.0   0.01925

  555.0   0.01932

  556.0   0.01935

  557.0   0.02060

  558.0   0.02069

  559.0   0.02064

  560.0   0.02073

  561.0   0.02074

  562.0   0.02083

  563.0   0.02087

  564.0   0.02086

  565.0   0.02086

  566.0   0.02086

  567.0   0.02086

  568.0   0.02083

  569.0   0.02085

  570.0   0.02083

  571.0   0.02083

  572.0   0.02085

  573.0   0.02087

  574.0   0.02089

  575.0   0.02088

  576.0   0.02083

  577.0   0.02076

  578.0   0.02078

  579.0   0.02076

  580.0   0.02071

  581.0   0.02077

  582.0   0.02068

  583.0   0.02070

  584.0   0.02070

  585.0   0.02076

  586.0   0.02074

  587.0   0.02073

  588.0   0.02069

  589.0   0.02071

  590.0   0.02072

  591.0   0.02073

  592.0   0.02074

  593.0   0.02079

  594.0   0.02081

  595.0   0.02086

  596.0   0.02090

  597.0   0.02097

  598.0   0.02100

  599.0   0.02104

  600.0   0.02112

  601.0   0.02118

  602.0   0.02124

  603.0   0.02132

  604.0   0.02139

  605.0   0.02147

  606.0   0.02153

  607.0   0.02156

  608.0   0.02163

  609.0   0.02163

  610.0   0.02169

  611.0   0.02171

  612.0   0.02178

  613.0   0.02179

  614.0   0.02185

  615.0   0.02186

  616.0   0.02187

  617.0   0.02189

  618.0   0.02189

  619.0   0.02191

  620.0   0.02191

  621.0   0.02195

  622.0   0.02196

  623.0   0.02194

  624.0   0.02193

  625.0   0.02198

  626.0   0.02194

  627.0   0.02193

  628.0   0.02192

  629.0   0.02189

  630.0   0.02190

  631.0   0.02187

  632.0   0.02181

  633.0   0.02176

  634.0   0.02172

  635.0   0.02167

  636.0   0.02160

  637.0   0.02159

  638.0   0.02156

  639.0   0.02150

  640.0   0.02141

  641.0   0.02134

  642.0   0.02127

  643.0   0.02121

  644.0   0.02112

  645.0   0.02107

  646.0   0.02094

  647.0   0.02087

  648.0   0.02079

  649.0   0.02070

  650.0   0.02060

  651.0   0.02055

  652.0   0.02046

  653.0   0.02036

  654.0   0.02026

  655.0   0.02016

  656.0   0.02007

  657.0   0.01999

  658.0   0.01986

  659.0   0.01971

  660.0   0.01958

  661.0   0.01949

  662.0   0.01935

  663.0   0.01924

  664.0   0.01913

  665.0   0.01903

  666.0   0.01891

  667.0   0.01875

  668.0   0.01866

  669.0   0.01856

  670.0   0.01838

  671.0   0.01830

  672.0   0.01813

  673.0   0.01795

  674.0   0.01786

  675.0   0.01770

  676.0   0.01752

  677.0   0.01733

  678.0   0.01715

  679.0   0.01696

  680.0   0.01684

  681.0   0.01668

  682.0   0.01656

  683.0   0.01640

  684.0   0.01628

  685.0   0.01620

  686.0   0.01606

  687.0   0.01596

  688.0   0.01584

  689.0   0.01567

  690.0   0.01550

  691.0   0.01535

  692.0   0.01520

  693.0   0.01511

  694.0   0.01492

  695.0   0.01484

  696.0   0.01473

  697.0   0.01460

  698.0   0.01450

  699.0   0.01435

  700.0   0.01420

  701.0   0.01408

  702.0   0.01392

  703.0   0.01373

  704.0   0.01361

  705.0   0.01350

  706.0   0.01338

  707.0   0.01327

  708.0   0.01314

  709.0   0.01302

  710.0   0.01288

  711.0   0.01273

  712.0   0.01255

  713.0   0.01247

  714.0   0.01235

  715.0   0.01220

  716.0   0.01210

  717.0   0.01194

  718.0   0.01190

  719.0   0.01179

  720.0   0.01173

  721.0   0.01165

  722.0   0.01155

  723.0   0.01147

  724.0   0.01130

  725.0   0.01118

  726.0   0.01101

  727.0   0.01092

  728.0   0.01080

  729.0   0.01070

  730.0   0.01062

  731.0   0.01054

  732.0   0.01055

  733.0   0.01050

  734.0   0.01039

  735.0   0.01034

  736.0   0.01168

  737.0   0.01148

  738.0   0.01131

  739.0   0.01115

  740.0   0.01102

  741.0   0.01091

  742.0   0.01078

  743.0   0.01061

  744.0   0.01052

  745.0   0.01034

  746.0   0.01028

  747.0   0.01019

  748.0   0.01008

  749.0   0.01000

  750.0   0.00994

  751.0   0.00981

  752.0   0.00965

  753.0   0.00955

  754.0   0.00939

  755.0   0.00934

  756.0   0.00918

  757.0   0.00919

  758.0   0.00907

  759.0   0.00897

  760.0   0.00890

  761.0   0.00877

  762.0   0.00870

  763.0   0.00857

  764.0   0.00853

  765.0   0.00838

  766.0   0.00828

  767.0   0.00821

  768.0   0.00811

  769.0   0.00809

  770.0   0.00802

  771.0   0.00793

  772.0   0.00783

  773.0   0.00773

  774.0   0.00769

  775.0   0.00760

  776.0   0.00750

  777.0   0.00751

  778.0   0.00739

  779.0   0.00740

  780.0   0.00742

  781.0   0.00735

  782.0   0.00742

  783.0   0.00735

  784.0   0.00730

  785.0   0.00726

  786.0   0.00730

  787.0   0.00735

  788.0   0.00731

  789.0   0.00730

  790.0   0.00723

  791.0   0.00724

  792.0   0.00734

  793.0   0.00727

  794.0   0.00726

  795.0   0.00719

  796.0   0.00723

  797.0   0.00724

  798.0   0.00728

  799.0   0.00726

  800.0   0.00721

 
