ser ID: DU600

Method ID: A:\DEFAULT

Date: 07/29/00

Time: 03:51

 200.0   3.22220

  201.0   2.81314

  202.0   3.33041

  203.0   3.36847

  204.0   3.40688

  205.0   3.44107

  206.0   3.16953

  207.0   3.02174

  208.0   3.52660

  209.0   3.55570

  210.0   3.10380

  211.0   3.60520

  212.0   3.62972

  213.0   3.65533

  214.0   3.67642

  215.0   3.69705

  216.0   3.71659

  217.0   3.73719

  218.0   3.75557

  219.0   3.77173

  220.0   3.78675

  221.0   3.80127

  222.0   3.81651

  223.0   3.82950

  224.0   3.84242

  225.0   3.85449

  226.0   3.86759

  227.0   3.88024

  228.0   3.89176

  229.0   3.42591

  230.0   3.31281

  231.0   3.44762

  232.0   3.45687

  233.0   3.94176

  234.0   3.94880

  235.0   3.65312

  236.0   3.35622

  237.0   3.96142

  238.0   3.96346

  239.0   3.96459

  240.0   3.96464

  241.0   3.96440

  242.0   3.96313

  243.0   3.96095

  244.0   3.95875

  245.0   3.95569

  246.0   3.95265

  247.0   3.94856

  248.0   3.94448

  249.0   3.93982

  250.0   3.93536

  251.0   3.93018

  252.0   3.92526

  253.0   3.91986

  254.0   3.91424

  255.0   3.90838

  256.0   3.60211

  257.0   3.89713

  258.0   3.89126

  259.0   3.40711

  260.0   3.87760

  261.0   3.87175

  262.0   3.86516

  263.0   3.85848

  264.0   3.85187

  265.0   3.84578

  266.0   3.36179

  267.0   3.83232

  268.0   3.82633

  269.0   3.82060

  270.0   3.81551

  271.0   3.81137

  272.0   3.80713

  273.0   3.80400

  274.0   3.80140

  275.0   3.79962

  276.0   3.79858

  277.0   3.79720

  278.0   3.49534

  279.0   2.89244

  280.0   3.01752

  281.0   2.64885

  282.0   2.68020

  283.0   2.41302

  284.0   2.36096

  285.0   2.22370

  286.0   2.09314

  287.0   1.99895

  288.0   1.92809

  289.0   1.81446

  290.0   1.76800

  291.0   1.69034

  292.0   1.61826

  293.0   1.56149

  294.0   1.51338

  295.0   1.44618

  296.0   1.40640

  297.0   1.36271

  298.0   1.32461

  299.0   1.27378

  300.0   1.23307

  301.0   1.20313

  302.0   1.16676

  303.0   1.13365

  304.0   1.10464

  305.0   1.07947

  306.0   1.05182

  307.0   1.02944

  308.0   1.00514

  309.0   0.98259

  310.0   0.96353

  311.0   0.94320

  312.0   0.91863

  313.0   0.89747

  314.0   0.88275

  315.0   0.86483

  316.0   0.84730

  317.0   0.83249

  318.0   0.82000

  319.0   0.81132

  320.0   0.80367

  321.0   0.80169

  322.0   0.79135

  323.0   0.78928

  324.0   0.78864

  325.0   0.78849

  326.0   0.79332

  327.0   0.79781

  328.0   0.80303

  329.0   0.80738

  330.0   0.81339

  331.0   0.82057

  332.0   0.82723

  333.0   0.83366

  334.0   0.84267

  335.0   0.84978

  336.0   0.85743

  337.0   0.86770

  338.0   0.87561

  339.0   0.88479

  340.0   0.89697

  341.0   0.90571

  342.0   0.91708

  343.0   0.92196

  344.0   0.93260

  345.0   0.94381

  346.0   0.95212

  347.0   0.96073

  348.0   0.96305

  349.0   0.96989

  350.0   0.97471

  351.0   0.97702

  352.0   0.97144

  353.0   0.97295

  354.0   0.97207

  355.0   0.96992

  356.0   0.96641

  357.0   0.96201

  358.0   0.95668

  359.0   0.94577

  360.0   0.93820

  361.0   0.92997

  362.0   0.92010

  363.0   0.90833

  364.0   0.89551

  365.0   0.88285

  366.0   0.87208

  367.0   0.85871

  368.0   0.84459

  369.0   0.83244

  370.0   0.81914

  371.0   0.80710

  372.0   0.79545

  373.0   0.78325

  374.0   0.77004

  375.0   0.75967

  376.0   0.74626

  377.0   0.73500

  378.0   0.72148

  379.0   0.70827

  380.0   0.69738

  381.0   0.68364

  382.0   0.67198

  383.0   0.66074

  384.0   0.64637

  385.0   0.63374

  386.0   0.62041

  387.0   0.60851

  388.0   0.59594

  389.0   0.58300

  390.0   0.57081

  391.0   0.56001

  392.0   0.54765

  393.0   0.53653

  394.0   0.52473

  395.0   0.51434

  396.0   0.50424

  397.0   0.49391

  398.0   0.48433

  399.0   0.47397

  400.0   0.46492

  401.0   0.45626

  402.0   0.44690

  403.0   0.43831

  404.0   0.42908

  405.0   0.42032

  406.0   0.41246

  407.0   0.40293

  408.0   0.39459

  409.0   0.38524

  410.0   0.37586

  411.0   0.36761

  412.0   0.35766

  413.0   0.34865

  414.0   0.33909

  415.0   0.33414

  416.0   0.31859

  417.0   0.30794

  418.0   0.29811

  419.0   0.28769

  420.0   0.27786

  421.0   0.26808

  422.0   0.25773

  423.0   0.24867

  424.0   0.23864

  425.0   0.22973

  426.0   0.22034

  427.0   0.21243

  428.0   0.20423

  429.0   0.19596

  430.0   0.18849

  431.0   0.18100

  432.0   0.17453

  433.0   0.16761

  434.0   0.16166

  435.0   0.15592

  436.0   0.15013

  437.0   0.14511

  438.0   0.13965

  439.0   0.13515

  440.0   0.13036

  441.0   0.12623

  442.0   0.12197

  443.0   0.11806

  444.0   0.11446

  445.0   0.11065

  446.0   0.10725

  447.0   0.10375

  448.0   0.10055

  449.0   0.09721

  450.0   0.09420

  451.0   0.09087

  452.0   0.08815

  453.0   0.08522

  454.0   0.08229

  455.0   0.07937

  456.0   0.07684

  457.0   0.07434

  458.0   0.07159

  459.0   0.06924

  460.0   0.06668

  461.0   0.06446

  462.0   0.06200

  463.0   0.05988

  464.0   0.05757

  465.0   0.05555

  466.0   0.05338

  467.0   0.05167

  468.0   0.04971

  469.0   0.04801

  470.0   0.04621

  471.0   0.04455

  472.0   0.04291

  473.0   0.04141

  474.0   0.03979

  475.0   0.03841

  476.0   0.03689

  477.0   0.03561

  478.0   0.03419

  479.0   0.03297

  480.0   0.03171

  481.0   0.03073

  482.0   0.02955

  483.0   0.02854

  484.0   0.02747

  485.0   0.02658

  486.0   0.02559

  487.0   0.02482

  488.0   0.02401

  489.0   0.02329

  490.0   0.02256

  491.0   0.02192

  492.0   0.02125

  493.0   0.02061

  494.0   0.02003

  495.0   0.01952

  496.0   0.01894

  497.0   0.01847

  498.0   0.01805

  499.0   0.01760

  500.0   0.01722

  501.0   0.01689

  502.0   0.01656

  503.0   0.01624

  504.0   0.01598

  505.0   0.01575

  506.0   0.01550

  507.0   0.01534

  508.0   0.01514

  509.0   0.01501

  510.0   0.01493

  511.0   0.01476

  512.0   0.01458

  513.0   0.01447

  514.0   0.01436

  515.0   0.01436

  516.0   0.01427

  517.0   0.01425

  518.0   0.01419

  519.0   0.01421

  520.0   0.01416

  521.0   0.01422

  522.0   0.01424

  523.0   0.01431

  524.0   0.01433

  525.0   0.01443

  526.0   0.01453

  527.0   0.01459

  528.0   0.01459

  529.0   0.01464

  530.0   0.01475

  531.0   0.01487

  532.0   0.01499

  533.0   0.01513

  534.0   0.01533

  535.0   0.01546

  536.0   0.01561

  537.0   0.01579

  538.0   0.01594

  539.0   0.01604

  540.0   0.01622

  541.0   0.01636

  542.0   0.01653

  543.0   0.01670

  544.0   0.01686

  545.0   0.01700

  546.0   0.01720

  547.0   0.01730

  548.0   0.01738

  549.0   0.01746

  550.0   0.01758

  551.0   0.01764

  552.0   0.01764

  553.0   0.01770

  554.0   0.01771

  555.0   0.01775

  556.0   0.01775

  557.0   0.01914

  558.0   0.01919

  559.0   0.01919

  560.0   0.01926

  561.0   0.01932

  562.0   0.01935

  563.0   0.01935

  564.0   0.01935

  565.0   0.01927

  566.0   0.01931

  567.0   0.01931

  568.0   0.01932

  569.0   0.01933

  570.0   0.01935

  571.0   0.01935

  572.0   0.01932

  573.0   0.01931

  574.0   0.01934

  575.0   0.01932

  576.0   0.01928

  577.0   0.01924

  578.0   0.01923

  579.0   0.01922

  580.0   0.01912

  581.0   0.01915

  582.0   0.01913

  583.0   0.01914

  584.0   0.01912

  585.0   0.01919

  586.0   0.01916

  587.0   0.01922

  588.0   0.01920

  589.0   0.01920

  590.0   0.01923

  591.0   0.01921

  592.0   0.01923

  593.0   0.01924

  594.0   0.01925

  595.0   0.01929

  596.0   0.01934

  597.0   0.01939

  598.0   0.01943

  599.0   0.01946

  600.0   0.01954

  601.0   0.01960

  602.0   0.01964

  603.0   0.01971

  604.0   0.01976

  605.0   0.01981

  606.0   0.01983

  607.0   0.01983

  608.0   0.01987

  609.0   0.01988

  610.0   0.01993

  611.0   0.01999

  612.0   0.02012

  613.0   0.02017

  614.0   0.02019

  615.0   0.02020

  616.0   0.02024

  617.0   0.02025

  618.0   0.02026

  619.0   0.02027

  620.0   0.02027

  621.0   0.02027

  622.0   0.02033

  623.0   0.02032

  624.0   0.02031

  625.0   0.02035

  626.0   0.02035

  627.0   0.02034

  628.0   0.02035

  629.0   0.02031

  630.0   0.02025

  631.0   0.02029

  632.0   0.02009

  633.0   0.02003

  634.0   0.01998

  635.0   0.01988

  636.0   0.01985

  637.0   0.01984

  638.0   0.01978

  639.0   0.01970

  640.0   0.01962

  641.0   0.01959

  642.0   0.01955

  643.0   0.01950

  644.0   0.01947

  645.0   0.01947

  646.0   0.01941

  647.0   0.01937

  648.0   0.01928

  649.0   0.01923

  650.0   0.01917

  651.0   0.01908

  652.0   0.01899

  653.0   0.01891

  654.0   0.01881

  655.0   0.01868

  656.0   0.01865

  657.0   0.01853

  658.0   0.01842

  659.0   0.01834

  660.0   0.01823

  661.0   0.01812

  662.0   0.01804

  663.0   0.01791

  664.0   0.01779

  665.0   0.01771

  666.0   0.01757

  667.0   0.01745

  668.0   0.01736

  669.0   0.01727

  670.0   0.01713

  671.0   0.01703

  672.0   0.01689

  673.0   0.01676

  674.0   0.01670

  675.0   0.01651

  676.0   0.01633

  677.0   0.01613

  678.0   0.01595

  679.0   0.01582

  680.0   0.01575

  681.0   0.01564

  682.0   0.01553

  683.0   0.01539

  684.0   0.01527

  685.0   0.01514

  686.0   0.01504

  687.0   0.01488

  688.0   0.01478

  689.0   0.01464

  690.0   0.01447

  691.0   0.01435

  692.0   0.01419

  693.0   0.01408

  694.0   0.01394

  695.0   0.01386

  696.0   0.01376

  697.0   0.01361

  698.0   0.01350

  699.0   0.01337

  700.0   0.01328

  701.0   0.01320

  702.0   0.01306

  703.0   0.01294

  704.0   0.01280

  705.0   0.01268

  706.0   0.01258

  707.0   0.01249

  708.0   0.01231

  709.0   0.01223

  710.0   0.01210

  711.0   0.01194

  712.0   0.01186

  713.0   0.01177

  714.0   0.01165

  715.0   0.01150

  716.0   0.01144

  717.0   0.01125

  718.0   0.01116

  719.0   0.01107

  720.0   0.01096

  721.0   0.01081

  722.0   0.01075

  723.0   0.01068

  724.0   0.01062

  725.0   0.01058

  726.0   0.01045

  727.0   0.01037

  728.0   0.01025

  729.0   0.01018

  730.0   0.01009

  731.0   0.01005

  732.0   0.01001

  733.0   0.00996

  734.0   0.00984

  735.0   0.00979

  736.0   0.01113

  737.0   0.01096

  738.0   0.01076

  739.0   0.01063

  740.0   0.01050

  741.0   0.01042

  742.0   0.01030

  743.0   0.01015

  744.0   0.01008

  745.0   0.00997

  746.0   0.00985

  747.0   0.00974

  748.0   0.00968

  749.0   0.00959

  750.0   0.00954

  751.0   0.00949

  752.0   0.00941

  753.0   0.00928

  754.0   0.00917

  755.0   0.00910

  756.0   0.00900

  757.0   0.00892

  758.0   0.00880

  759.0   0.00876

  760.0   0.00863

  761.0   0.00858

  762.0   0.00856

  763.0   0.00844

  764.0   0.00836

  765.0   0.00819

  766.0   0.00809

  767.0   0.00799

  768.0   0.00792

  769.0   0.00796

  770.0   0.00783

  771.0   0.00782

  772.0   0.00769

  773.0   0.00762

  774.0   0.00756

  775.0   0.00751

  776.0   0.00742

  777.0   0.00740

  778.0   0.00733

  779.0   0.00726

  780.0   0.00722

  781.0   0.00712

  782.0   0.00714

  783.0   0.00704

  784.0   0.00708

  785.0   0.00698

  786.0   0.00702

  787.0   0.00704

  788.0   0.00700

  789.0   0.00690

  790.0   0.00686

  791.0   0.00687

  792.0   0.00689

  793.0   0.00681

  794.0   0.00677

  795.0   0.00667

  796.0   0.00674

  797.0   0.00675

  798.0   0.00685

  799.0   0.00674

  800.0   0.00660

 
