ser ID: DU600

Method ID: A:\DEFAULT

Date: 07/29/00

Time: 03:24

 200.0   3.22220

  201.0   3.29026

  202.0   3.33041

  203.0   3.36847

  204.0   3.40688

  205.0   3.44107

  206.0   2.86850

  207.0   3.49886

  208.0   3.52660

  209.0   3.55570

  210.0   3.58092

  211.0   3.60520

  212.0   3.32869

  213.0   3.65533

  214.0   3.67642

  215.0   3.69705

  216.0   3.71659

  217.0   3.73719

  218.0   3.75557

  219.0   3.77173

  220.0   3.78675

  221.0   3.10230

  222.0   3.81651

  223.0   3.82950

  224.0   3.84242

  225.0   3.55346

  226.0   3.56656

  227.0   3.88024

  228.0   3.89176

  229.0   3.90304

  230.0   3.91487

  231.0   3.92474

  232.0   3.63296

  233.0   3.94176

  234.0   3.94880

  235.0   3.95415

  236.0   3.95828

  237.0   3.96142

  238.0   3.96346

  239.0   3.96459

  240.0   3.96464

  241.0   3.66337

  242.0   3.66210

  243.0   3.96095

  244.0   3.95875

  245.0   3.95569

  246.0   3.95265

  247.0   3.34650

  248.0   3.94448

  249.0   3.93982

  250.0   3.93536

  251.0   3.93018

  252.0   3.92526

  253.0   3.61883

  254.0   3.91424

  255.0   3.90838

  256.0   3.90314

  257.0   3.29507

  258.0   3.59023

  259.0   3.88423

  260.0   3.87760

  261.0   3.87175

  262.0   3.86516

  263.0   3.85848

  264.0   3.85187

  265.0   3.84578

  266.0   3.83891

  267.0   3.83232

  268.0   3.82633

  269.0   3.82060

  270.0   3.33839

  271.0   3.81137

  272.0   3.80713

  273.0   3.20194

  274.0   3.50037

  275.0   3.79962

  276.0   3.79858

  277.0   3.79720

  278.0   3.19431

  279.0   3.01738

  280.0   3.19361

  281.0   3.19292

  282.0   3.79414

  283.0   2.75184

  284.0   2.53705

  285.0   2.43017

  286.0   2.44969

  287.0   2.34418

  288.0   2.22321

  289.0   2.04399

  290.0   1.96723

  291.0   1.88033

  292.0   1.79871

  293.0   1.70813

  294.0   1.61257

  295.0   1.54164

  296.0   1.47573

  297.0   1.40865

  298.0   1.34432

  299.0   1.27246

  300.0   1.21068

  301.0   1.15896

  302.0   1.09981

  303.0   1.04945

  304.0   1.00847

  305.0   0.96137

  306.0   0.91928

  307.0   0.88184

  308.0   0.84743

  309.0   0.80969

  310.0   0.77530

  311.0   0.74635

  312.0   0.70975

  313.0   0.68374

  314.0   0.65816

  315.0   0.63621

  316.0   0.61441

  317.0   0.59550

  318.0   0.58285

  319.0   0.57092

  320.0   0.56622

  321.0   0.56385

  322.0   0.55876

  323.0   0.56180

  324.0   0.56471

  325.0   0.56979

  326.0   0.58066

  327.0   0.59079

  328.0   0.60378

  329.0   0.61550

  330.0   0.62994

  331.0   0.64700

  332.0   0.66709

  333.0   0.68543

  334.0   0.70615

  335.0   0.72815

  336.0   0.74865

  337.0   0.77393

  338.0   0.79931

  339.0   0.82540

  340.0   0.84573

  341.0   0.87353

  342.0   0.89746

  343.0   0.92270

  344.0   0.95051

  345.0   0.97283

  346.0   0.99630

  347.0   1.02115

  348.0   1.04078

  349.0   1.06171

  350.0   1.08421

  351.0   1.09700

  352.0   1.10749

  353.0   1.12257

  354.0   1.13472

  355.0   1.15058

  356.0   1.14497

  357.0   1.15306

  358.0   1.15578

  359.0   1.14958

  360.0   1.15433

  361.0   1.15134

  362.0   1.14938

  363.0   1.13393

  364.0   1.12621

  365.0   1.11651

  366.0   1.10867

  367.0   1.09710

  368.0   1.08776

  369.0   1.06984

  370.0   1.05787

  371.0   1.05078

  372.0   1.03911

  373.0   1.02668

  374.0   1.01091

  375.0   0.99809

  376.0   0.98641

  377.0   0.97463

  378.0   0.96053

  379.0   0.94607

  380.0   0.92698

  381.0   0.91277

  382.0   0.89803

  383.0   0.88360

  384.0   0.86472

  385.0   0.84612

  386.0   0.82741

  387.0   0.81085

  388.0   0.79436

  389.0   0.77573

  390.0   0.75731

  391.0   0.73884

  392.0   0.71970

  393.0   0.70376

  394.0   0.68641

  395.0   0.67039

  396.0   0.65513

  397.0   0.63892

  398.0   0.62547

  399.0   0.61050

  400.0   0.59809

  401.0   0.58436

  402.0   0.57042

  403.0   0.55905

  404.0   0.54602

  405.0   0.53454

  406.0   0.52378

  407.0   0.51110

  408.0   0.49968

  409.0   0.48806

  410.0   0.47701

  411.0   0.46610

  412.0   0.45403

  413.0   0.44289

  414.0   0.43173

  415.0   0.42612

  416.0   0.40821

  417.0   0.39590

  418.0   0.38447

  419.0   0.37241

  420.0   0.36128

  421.0   0.35066

  422.0   0.33891

  423.0   0.32841

  424.0   0.31683

  425.0   0.30701

  426.0   0.29626

  427.0   0.28701

  428.0   0.27781

  429.0   0.26795

  430.0   0.25912

  431.0   0.25040

  432.0   0.24250

  433.0   0.23423

  434.0   0.22704

  435.0   0.21984

  436.0   0.21264

  437.0   0.20615

  438.0   0.19947

  439.0   0.19359

  440.0   0.18721

  441.0   0.18163

  442.0   0.17581

  443.0   0.17078

  444.0   0.16578

  445.0   0.16047

  446.0   0.15585

  447.0   0.15090

  448.0   0.14644

  449.0   0.14165

  450.0   0.13719

  451.0   0.13256

  452.0   0.12838

  453.0   0.12405

  454.0   0.11991

  455.0   0.11569

  456.0   0.11186

  457.0   0.10797

  458.0   0.10397

  459.0   0.10050

  460.0   0.09651

  461.0   0.09319

  462.0   0.08945

  463.0   0.08621

  464.0   0.08263

  465.0   0.07962

  466.0   0.07627

  467.0   0.07346

  468.0   0.07030

  469.0   0.06759

  470.0   0.06470

  471.0   0.06211

  472.0   0.05945

  473.0   0.05709

  474.0   0.05452

  475.0   0.05232

  476.0   0.04995

  477.0   0.04786

  478.0   0.04575

  479.0   0.04395

  480.0   0.04193

  481.0   0.04024

  482.0   0.03834

  483.0   0.03674

  484.0   0.03504

  485.0   0.03361

  486.0   0.03203

  487.0   0.03070

  488.0   0.02934

  489.0   0.02810

  490.0   0.02685

  491.0   0.02581

  492.0   0.02457

  493.0   0.02360

  494.0   0.02257

  495.0   0.02167

  496.0   0.02066

  497.0   0.01980

  498.0   0.01890

  499.0   0.01818

  500.0   0.01741

  501.0   0.01676

  502.0   0.01612

  503.0   0.01544

  504.0   0.01488

  505.0   0.01425

  506.0   0.01372

  507.0   0.01317

  508.0   0.01269

  509.0   0.01224

  510.0   0.01178

  511.0   0.01136

  512.0   0.01092

  513.0   0.01054

  514.0   0.01018

  515.0   0.00989

  516.0   0.00950

  517.0   0.00922

  518.0   0.00894

  519.0   0.00869

  520.0   0.00845

  521.0   0.00822

  522.0   0.00794

  523.0   0.00775

  524.0   0.00754

  525.0   0.00740

  526.0   0.00732

  527.0   0.00709

  528.0   0.00691

  529.0   0.00672

  530.0   0.00659

  531.0   0.00647

  532.0   0.00636

  533.0   0.00617

  534.0   0.00608

  535.0   0.00595

  536.0   0.00595

  537.0   0.00591

  538.0   0.00581

  539.0   0.00575

  540.0   0.00570

  541.0   0.00560

  542.0   0.00558

  543.0   0.00550

  544.0   0.00548

  545.0   0.00537

  546.0   0.00539

  547.0   0.00529

  548.0   0.00528

  549.0   0.00519

  550.0   0.00519

  551.0   0.00505

  552.0   0.00500

  553.0   0.00498

  554.0   0.00496

  555.0   0.00494

  556.0   0.00494

  557.0   0.00501

  558.0   0.00504

  559.0   0.00501

  560.0   0.00503

  561.0   0.00499

  562.0   0.00499

  563.0   0.00502

  564.0   0.00501

  565.0   0.00499

  566.0   0.00498

  567.0   0.00499

  568.0   0.00495

  569.0   0.00498

  570.0   0.00501

  571.0   0.00501

  572.0   0.00502

  573.0   0.00502

  574.0   0.00499

  575.0   0.00498

  576.0   0.00496

  577.0   0.00493

  578.0   0.00490

  579.0   0.00491

  580.0   0.00482

  581.0   0.00483

  582.0   0.00480

  583.0   0.00481

  584.0   0.00481

  585.0   0.00478

  586.0   0.00476

  587.0   0.00475

  588.0   0.00475

  589.0   0.00474

  590.0   0.00475

  591.0   0.00475

  592.0   0.00474

  593.0   0.00474

  594.0   0.00473

  595.0   0.00473

  596.0   0.00476

  597.0   0.00476

  598.0   0.00474

  599.0   0.00470

  600.0   0.00472

  601.0   0.00473

  602.0   0.00471

  603.0   0.00473

  604.0   0.00475

  605.0   0.00477

  606.0   0.00475

  607.0   0.00475

  608.0   0.00477

  609.0   0.00480

  610.0   0.00482

  611.0   0.00485

  612.0   0.00485

  613.0   0.00487

  614.0   0.00493

  615.0   0.00492

  616.0   0.00495

  617.0   0.00494

  618.0   0.00498

  619.0   0.00500

  620.0   0.00503

  621.0   0.00505

  622.0   0.00506

  623.0   0.00505

  624.0   0.00502

  625.0   0.00508

  626.0   0.00505

  627.0   0.00508

  628.0   0.00511

  629.0   0.00508

  630.0   0.00509

  631.0   0.00510

  632.0   0.00513

  633.0   0.00514

  634.0   0.00512

  635.0   0.00510

  636.0   0.00510

  637.0   0.00511

  638.0   0.00512

  639.0   0.00517

  640.0   0.00514

  641.0   0.00517

  642.0   0.00518

  643.0   0.00518

  644.0   0.00512

  645.0   0.00509

  646.0   0.00501

  647.0   0.00502

  648.0   0.00501

  649.0   0.00499

  650.0   0.00504

  651.0   0.00500

  652.0   0.00502

  653.0   0.00502

  654.0   0.00499

  655.0   0.00493

  656.0   0.00496

  657.0   0.00496

  658.0   0.00495

  659.0   0.00497

  660.0   0.00493

  661.0   0.00492

  662.0   0.00491

  663.0   0.00488

  664.0   0.00487

  665.0   0.00493

  666.0   0.00492

  667.0   0.00493

  668.0   0.00494

  669.0   0.00498

  670.0   0.00494

  671.0   0.00498

  672.0   0.00501

  673.0   0.00501

  674.0   0.00500

  675.0   0.00498

  676.0   0.00497

  677.0   0.00495

  678.0   0.00488

  679.0   0.00485

  680.0   0.00487

  681.0   0.00487

  682.0   0.00487

  683.0   0.00485

  684.0   0.00482

  685.0   0.00485

  686.0   0.00487

  687.0   0.00489

  688.0   0.00487

  689.0   0.00482

  690.0   0.00482

  691.0   0.00482

  692.0   0.00477

  693.0   0.00478

  694.0   0.00478

  695.0   0.00478

  696.0   0.00484

  697.0   0.00487

  698.0   0.00487

  699.0   0.00480

  700.0   0.00481

  701.0   0.00476

  702.0   0.00475

  703.0   0.00470

  704.0   0.00473

  705.0   0.00477

  706.0   0.00476

  707.0   0.00481

  708.0   0.00478

  709.0   0.00481

  710.0   0.00482

  711.0   0.00477

  712.0   0.00474

  713.0   0.00475

  714.0   0.00474

  715.0   0.00467

  716.0   0.00473

  717.0   0.00466

  718.0   0.00469

  719.0   0.00466

  720.0   0.00470

  721.0   0.00467

  722.0   0.00469

  723.0   0.00470

  724.0   0.00468

  725.0   0.00467

  726.0   0.00465

  727.0   0.00466

  728.0   0.00461

  729.0   0.00463

  730.0   0.00466

  731.0   0.00467

  732.0   0.00466

  733.0   0.00467

  734.0   0.00466

  735.0   0.00468

  736.0   0.00522

  737.0   0.00517

  738.0   0.00516

  739.0   0.00515

  740.0   0.00516

  741.0   0.00521

  742.0   0.00512

  743.0   0.00508

  744.0   0.00508

  745.0   0.00505

  746.0   0.00507

  747.0   0.00501

  748.0   0.00501

  749.0   0.00504

  750.0   0.00506

  751.0   0.00501

  752.0   0.00496

  753.0   0.00491

  754.0   0.00488

  755.0   0.00486

  756.0   0.00484

  757.0   0.00484

  758.0   0.00471

  759.0   0.00466

  760.0   0.00461

  761.0   0.00459

  762.0   0.00462

  763.0   0.00455

  764.0   0.00450

  765.0   0.00440

  766.0   0.00435

  767.0   0.00430

  768.0   0.00425

  769.0   0.00431

  770.0   0.00421

  771.0   0.00422

  772.0   0.00417

  773.0   0.00409

  774.0   0.00402

  775.0   0.00395

  776.0   0.00393

  777.0   0.00393

  778.0   0.00388

  779.0   0.00386

  780.0   0.00379

  781.0   0.00377

  782.0   0.00372

  783.0   0.00364

  784.0   0.00362

  785.0   0.00357

  786.0   0.00364

  787.0   0.00362

  788.0   0.00360

  789.0   0.00352

  790.0   0.00347

  791.0   0.00348

  792.0   0.00346

  793.0   0.00341

  794.0   0.00342

  795.0   0.00331

  796.0   0.00332

  797.0   0.00335

  798.0   0.00332

  799.0   0.00330

  800.0   0.00319

 
