ser ID: DU600

Method ID: A:\DEFAULT

Date: 07/29/00

Time: 07:02

 200.0   3.22220

  201.0   3.29026

  202.0   3.33041

  203.0   3.36847

  204.0   3.40688

  205.0   3.44107

  206.0   3.47056

  207.0   3.49886

  208.0   3.52660

  209.0   3.55570

  210.0   3.58092

  211.0   3.60520

  212.0   3.62972

  213.0   3.65533

  214.0   3.07436

  215.0   3.69705

  216.0   3.71659

  217.0   3.73719

  218.0   3.75557

  219.0   3.77173

  220.0   3.48572

  221.0   3.80127

  222.0   3.81651

  223.0   3.82950

  224.0   3.84242

  225.0   3.85449

  226.0   3.86759

  227.0   3.88024

  228.0   3.89176

  229.0   3.90304

  230.0   3.91487

  231.0   3.92474

  232.0   3.93399

  233.0   3.46464

  234.0   3.94880

  235.0   3.65312

  236.0   3.95828

  237.0   3.96142

  238.0   3.66243

  239.0   3.96459

  240.0   3.96464

  241.0   3.96440

  242.0   3.96313

  243.0   3.96095

  244.0   3.95875

  245.0   3.95569

  246.0   3.95265

  247.0   3.94856

  248.0   3.94448

  249.0   3.63879

  250.0   3.93536

  251.0   3.93018

  252.0   3.92526

  253.0   3.44274

  254.0   3.06914

  255.0   3.90838

  256.0   3.42602

  257.0   3.59610

  258.0   3.41414

  259.0   3.88423

  260.0   3.87760

  261.0   3.87175

  262.0   3.86516

  263.0   3.85848

  264.0   3.85187

  265.0   3.84578

  266.0   3.83891

  267.0   3.05417

  268.0   3.12736

  269.0   2.91751

  270.0   2.91242

  271.0   2.73219

  272.0   2.50610

  273.0   2.38903

  274.0   2.31004

  275.0   2.25555

  276.0   2.10839

  277.0   2.05684

  278.0   1.99019

  279.0   1.93820

  280.0   1.85119

  281.0   1.77379

  282.0   1.71859

  283.0   1.66613

  284.0   1.61623

  285.0   1.56401

  286.0   1.52260

  287.0   1.47328

  288.0   1.43348

  289.0   1.39424

  290.0   1.36679

  291.0   1.33626

  292.0   1.30580

  293.0   1.29070

  294.0   1.27197

  295.0   1.25793

  296.0   1.24725

  297.0   1.23737

  298.0   1.23397

  299.0   1.22855

  300.0   1.22114

  301.0   1.21695

  302.0   1.21439

  303.0   1.21284

  304.0   1.20804

  305.0   1.20793

  306.0   1.20412

  307.0   1.19609

  308.0   1.19593

  309.0   1.18627

  310.0   1.18918

  311.0   1.17994

  312.0   1.17284

  313.0   1.16125

  314.0   1.15945

  315.0   1.14621

  316.0   1.13775

  317.0   1.13352

  318.0   1.11930

  319.0   1.10664

  320.0   1.10129

  321.0   1.09873

  322.0   1.08265

  323.0   1.07721

  324.0   1.07264

  325.0   1.05975

  326.0   1.04636

  327.0   1.04762

  328.0   1.03694

  329.0   1.02882

  330.0   1.01529

  331.0   1.01232

  332.0   1.00427

  333.0   0.98875

  334.0   0.97772

  335.0   0.96710

  336.0   0.95350

  337.0   0.94081

  338.0   0.92290

  339.0   0.90850

  340.0   0.89340

  341.0   0.87624

  342.0   0.85742

  343.0   0.84215

  344.0   0.82142

  345.0   0.80205

  346.0   0.77762

  347.0   0.75984

  348.0   0.74023

  349.0   0.72289

  350.0   0.70143

  351.0   0.67975

  352.0   0.65825

  353.0   0.63621

  354.0   0.61595

  355.0   0.59853

  356.0   0.58627

  357.0   0.55559

  358.0   0.53635

  359.0   0.51545

  360.0   0.49676

  361.0   0.47840

  362.0   0.46035

  363.0   0.44346

  364.0   0.42746

  365.0   0.41010

  366.0   0.39609

  367.0   0.38141

  368.0   0.36832

  369.0   0.35564

  370.0   0.34324

  371.0   0.33214

  372.0   0.32066

  373.0   0.30974

  374.0   0.30060

  375.0   0.29111

  376.0   0.28188

  377.0   0.27387

  378.0   0.26515

  379.0   0.25874

  380.0   0.25141

  381.0   0.24499

  382.0   0.23939

  383.0   0.23402

  384.0   0.22950

  385.0   0.22544

  386.0   0.22117

  387.0   0.21802

  388.0   0.21462

  389.0   0.21098

  390.0   0.20862

  391.0   0.20618

  392.0   0.20389

  393.0   0.20197

  394.0   0.19938

  395.0   0.19734

  396.0   0.19541

  397.0   0.19370

  398.0   0.19141

  399.0   0.18902

  400.0   0.18702

  401.0   0.18495

  402.0   0.18245

  403.0   0.17984

  404.0   0.17679

  405.0   0.17367

  406.0   0.17075

  407.0   0.16730

  408.0   0.16386

  409.0   0.15984

  410.0   0.15600

  411.0   0.15185

  412.0   0.14727

  413.0   0.14306

  414.0   0.13857

  415.0   0.13609

  416.0   0.12747

  417.0   0.12211

  418.0   0.11698

  419.0   0.11165

  420.0   0.10638

  421.0   0.10146

  422.0   0.09592

  423.0   0.09102

  424.0   0.08580

  425.0   0.08122

  426.0   0.07653

  427.0   0.07269

  428.0   0.06876

  429.0   0.06485

  430.0   0.06129

  431.0   0.05793

  432.0   0.05506

  433.0   0.05217

  434.0   0.04970

  435.0   0.04735

  436.0   0.04510

  437.0   0.04316

  438.0   0.04120

  439.0   0.03957

  440.0   0.03786

  441.0   0.03656

  442.0   0.03531

  443.0   0.03405

  444.0   0.03303

  445.0   0.03197

  446.0   0.03102

  447.0   0.03023

  448.0   0.02930

  449.0   0.02847

  450.0   0.02770

  451.0   0.02685

  452.0   0.02620

  453.0   0.02555

  454.0   0.02483

  455.0   0.02425

  456.0   0.02371

  457.0   0.02323

  458.0   0.02274

  459.0   0.02236

  460.0   0.02167

  461.0   0.02127

  462.0   0.02074

  463.0   0.02033

  464.0   0.01986

  465.0   0.01945

  466.0   0.01904

  467.0   0.01888

  468.0   0.01860

  469.0   0.01840

  470.0   0.01809

  471.0   0.01781

  472.0   0.01767

  473.0   0.01744

  474.0   0.01723

  475.0   0.01699

  476.0   0.01669

  477.0   0.01651

  478.0   0.01631

  479.0   0.01619

  480.0   0.01605

  481.0   0.01600

  482.0   0.01590

  483.0   0.01580

  484.0   0.01571

  485.0   0.01571

  486.0   0.01562

  487.0   0.01571

  488.0   0.01567

  489.0   0.01572

  490.0   0.01569

  491.0   0.01575

  492.0   0.01582

  493.0   0.01591

  494.0   0.01606

  495.0   0.01617

  496.0   0.01626

  497.0   0.01645

  498.0   0.01662

  499.0   0.01672

  500.0   0.01696

  501.0   0.01717

  502.0   0.01746

  503.0   0.01765

  504.0   0.01792

  505.0   0.01822

  506.0   0.01848

  507.0   0.01880

  508.0   0.01910

  509.0   0.01948

  510.0   0.01992

  511.0   0.02029

  512.0   0.02062

  513.0   0.02105

  514.0   0.02145

  515.0   0.02182

  516.0   0.02225

  517.0   0.02267

  518.0   0.02307

  519.0   0.02349

  520.0   0.02393

  521.0   0.02441

  522.0   0.02486

  523.0   0.02534

  524.0   0.02575

  525.0   0.02629

  526.0   0.02680

  527.0   0.02732

  528.0   0.02776

  529.0   0.02831

  530.0   0.02888

  531.0   0.02939

  532.0   0.02997

  533.0   0.03048

  534.0   0.03112

  535.0   0.03172

  536.0   0.03233

  537.0   0.03294

  538.0   0.03350

  539.0   0.03412

  540.0   0.03474

  541.0   0.03524

  542.0   0.03582

  543.0   0.03631

  544.0   0.03685

  545.0   0.03739

  546.0   0.03782

  547.0   0.03823

  548.0   0.03865

  549.0   0.03897

  550.0   0.03940

  551.0   0.03966

  552.0   0.03990

  553.0   0.04019

  554.0   0.04037

  555.0   0.04055

  556.0   0.04063

  557.0   0.04335

  558.0   0.04341

  559.0   0.04345

  560.0   0.04356

  561.0   0.04358

  562.0   0.04362

  563.0   0.04370

  564.0   0.04371

  565.0   0.04366

  566.0   0.04372

  567.0   0.04369

  568.0   0.04368

  569.0   0.04368

  570.0   0.04370

  571.0   0.04368

  572.0   0.04368

  573.0   0.04371

  574.0   0.04370

  575.0   0.04369

  576.0   0.04367

  577.0   0.04360

  578.0   0.04361

  579.0   0.04366

  580.0   0.04362

  581.0   0.04361

  582.0   0.04357

  583.0   0.04359

  584.0   0.04366

  585.0   0.04378

  586.0   0.04390

  587.0   0.04400

  588.0   0.04406

  589.0   0.04408

  590.0   0.04415

  591.0   0.04427

  592.0   0.04436

  593.0   0.04447

  594.0   0.04452

  595.0   0.04461

  596.0   0.04471

  597.0   0.04485

  598.0   0.04496

  599.0   0.04505

  600.0   0.04522

  601.0   0.04537

  602.0   0.04547

  603.0   0.04562

  604.0   0.04574

  605.0   0.04585

  606.0   0.04591

  607.0   0.04597

  608.0   0.04606

  609.0   0.04612

  610.0   0.04619

  611.0   0.04624

  612.0   0.04630

  613.0   0.04639

  614.0   0.04647

  615.0   0.04648

  616.0   0.04657

  617.0   0.04663

  618.0   0.04668

  619.0   0.04672

  620.0   0.04678

  621.0   0.04683

  622.0   0.04684

  623.0   0.04686

  624.0   0.04685

  625.0   0.04692

  626.0   0.04691

  627.0   0.04687

  628.0   0.04684

  629.0   0.04678

  630.0   0.04670

  631.0   0.04668

  632.0   0.04661

  633.0   0.04656

  634.0   0.04649

  635.0   0.04637

  636.0   0.04630

  637.0   0.04624

  638.0   0.04616

  639.0   0.04599

  640.0   0.04588

  641.0   0.04577

  642.0   0.04566

  643.0   0.04555

  644.0   0.04536

  645.0   0.04525

  646.0   0.04503

  647.0   0.04491

  648.0   0.04467

  649.0   0.04447

  650.0   0.04431

  651.0   0.04412

  652.0   0.04395

  653.0   0.04372

  654.0   0.04350

  655.0   0.04322

  656.0   0.04298

  657.0   0.04270

  658.0   0.04237

  659.0   0.04209

  660.0   0.04178

  661.0   0.04147

  662.0   0.04116

  663.0   0.04082

  664.0   0.04047

  665.0   0.04019

  666.0   0.03984

  667.0   0.03948

  668.0   0.03918

  669.0   0.03891

  670.0   0.03852

  671.0   0.03820

  672.0   0.03787

  673.0   0.03748

  674.0   0.03712

  675.0   0.03675

  676.0   0.03640

  677.0   0.03601

  678.0   0.03557

  679.0   0.03518

  680.0   0.03481

  681.0   0.03444

  682.0   0.03409

  683.0   0.03371

  684.0   0.03336

  685.0   0.03306

  686.0   0.03268

  687.0   0.03236

  688.0   0.03197

  689.0   0.03158

  690.0   0.03120

  691.0   0.03081

  692.0   0.03045

  693.0   0.03014

  694.0   0.02977

  695.0   0.02945

  696.0   0.02909

  697.0   0.02874

  698.0   0.02841

  699.0   0.02800

  700.0   0.02761

  701.0   0.02727

  702.0   0.02688

  703.0   0.02648

  704.0   0.02617

  705.0   0.02580

  706.0   0.02543

  707.0   0.02512

  708.0   0.02475

  709.0   0.02448

  710.0   0.02416

  711.0   0.02382

  712.0   0.02354

  713.0   0.02322

  714.0   0.02288

  715.0   0.02255

  716.0   0.02226

  717.0   0.02193

  718.0   0.02166

  719.0   0.02132

  720.0   0.02102

  721.0   0.02068

  722.0   0.02039

  723.0   0.02011

  724.0   0.01986

  725.0   0.01957

  726.0   0.01934

  727.0   0.01910

  728.0   0.01880

  729.0   0.01858

  730.0   0.01837

  731.0   0.01815

  732.0   0.01797

  733.0   0.01783

  734.0   0.01762

  735.0   0.01749

  736.0   0.01984

  737.0   0.01945

  738.0   0.01909

  739.0   0.01876

  740.0   0.01850

  741.0   0.01824

  742.0   0.01799

  743.0   0.01769

  744.0   0.01745

  745.0   0.01719

  746.0   0.01698

  747.0   0.01672

  748.0   0.01653

  749.0   0.01638

  750.0   0.01622

  751.0   0.01603

  752.0   0.01584

  753.0   0.01563

  754.0   0.01544

  755.0   0.01526

  756.0   0.01516

  757.0   0.01504

  758.0   0.01485

  759.0   0.01469

  760.0   0.01451

  761.0   0.01439

  762.0   0.01430

  763.0   0.01415

  764.0   0.01405

  765.0   0.01382

  766.0   0.01370

  767.0   0.01361

  768.0   0.01352

  769.0   0.01348

  770.0   0.01339

  771.0   0.01339

  772.0   0.01324

  773.0   0.01315

  774.0   0.01307

  775.0   0.01301

  776.0   0.01286

  777.0   0.01283

  778.0   0.01271

  779.0   0.01274

  780.0   0.01267

  781.0   0.01261

  782.0   0.01261

  783.0   0.01255

  784.0   0.01260

  785.0   0.01260

  786.0   0.01259

  787.0   0.01262

  788.0   0.01256

  789.0   0.01248

  790.0   0.01248

  791.0   0.01247

  792.0   0.01250

  793.0   0.01247

  794.0   0.01238

  795.0   0.01235

  796.0   0.01234

  797.0   0.01233

  798.0   0.01249

  799.0   0.01245

  800.0   0.01237

 
