ser ID: DU600

Method ID: A:\DEFAULT

Date: 07/29/00

Time: 03:46

 200.0   3.22220

  201.0   3.29026

  202.0   3.33041

  203.0   3.36847

  204.0   3.40688

  205.0   3.44107

  206.0   3.47056

  207.0   3.49886

  208.0   3.52660

  209.0   3.55570

  210.0   3.58092

  211.0   3.60520

  212.0   3.32869

  213.0   3.35430

  214.0   3.67642

  215.0   3.39602

  216.0   3.71659

  217.0   3.73719

  218.0   3.75557

  219.0   3.77173

  220.0   3.78675

  221.0   3.80127

  222.0   3.81651

  223.0   3.82950

  224.0   3.84242

  225.0   3.85449

  226.0   3.86759

  227.0   3.88024

  228.0   3.89176

  229.0   3.90304

  230.0   3.91487

  231.0   3.92474

  232.0   3.93399

  233.0   3.94176

  234.0   3.94880

  235.0   3.95415

  236.0   3.95828

  237.0   3.96142

  238.0   3.96346

  239.0   3.96459

  240.0   3.96464

  241.0   3.96440

  242.0   3.96313

  243.0   3.96095

  244.0   3.95875

  245.0   3.47857

  246.0   3.35059

  247.0   3.94856

  248.0   3.94448

  249.0   3.46270

  250.0   3.93536

  251.0   3.93018

  252.0   3.92526

  253.0   3.91986

  254.0   3.91424

  255.0   3.90838

  256.0   3.90314

  257.0   3.89713

  258.0   3.89126

  259.0   3.88423

  260.0   3.87760

  261.0   3.87175

  262.0   3.86516

  263.0   3.85848

  264.0   3.55084

  265.0   3.36866

  266.0   3.36179

  267.0   3.53129

  268.0   3.12736

  269.0   3.82060

  270.0   3.81551

  271.0   3.81137

  272.0   3.80713

  273.0   3.80400

  274.0   3.80140

  275.0   3.79962

  276.0   3.09961

  277.0   3.49617

  278.0   3.31924

  279.0   2.89244

  280.0   2.71649

  281.0   2.59086

  282.0   2.53887

  283.0   2.43150

  284.0   2.36096

  285.0   2.24783

  286.0   2.16886

  287.0   2.06706

  288.0   1.96534

  289.0   1.86790

  290.0   1.80208

  291.0   1.73723

  292.0   1.66724

  293.0   1.59859

  294.0   1.53435

  295.0   1.47642

  296.0   1.43018

  297.0   1.36758

  298.0   1.32610

  299.0   1.27246

  300.0   1.23187

  301.0   1.19974

  302.0   1.15333

  303.0   1.12590

  304.0   1.09374

  305.0   1.06399

  306.0   1.03555

  307.0   1.01459

  308.0   0.98872

  309.0   0.96046

  310.0   0.94004

  311.0   0.91853

  312.0   0.89241

  313.0   0.86968

  314.0   0.85079

  315.0   0.83256

  316.0   0.81576

  317.0   0.79827

  318.0   0.78617

  319.0   0.77550

  320.0   0.77280

  321.0   0.77016

  322.0   0.76227

  323.0   0.76021

  324.0   0.76007

  325.0   0.76309

  326.0   0.76811

  327.0   0.77229

  328.0   0.77834

  329.0   0.78419

  330.0   0.79226

  331.0   0.79735

  332.0   0.80375

  333.0   0.81174

  334.0   0.82291

  335.0   0.83234

  336.0   0.84232

  337.0   0.85169

  338.0   0.86271

  339.0   0.87785

  340.0   0.88846

  341.0   0.90066

  342.0   0.91338

  343.0   0.92421

  344.0   0.93412

  345.0   0.94694

  346.0   0.95771

  347.0   0.96478

  348.0   0.97369

  349.0   0.98490

  350.0   0.99158

  351.0   0.99659

  352.0   0.99685

  353.0   0.99763

  354.0   0.99938

  355.0   0.99368

  356.0   0.99356

  357.0   0.99156

  358.0   0.98705

  359.0   0.97976

  360.0   0.96929

  361.0   0.96299

  362.0   0.95234

  363.0   0.93905

  364.0   0.93069

  365.0   0.91673

  366.0   0.90797

  367.0   0.89379

  368.0   0.88109

  369.0   0.86917

  370.0   0.85573

  371.0   0.84355

  372.0   0.83302

  373.0   0.81895

  374.0   0.80750

  375.0   0.79733

  376.0   0.78285

  377.0   0.77044

  378.0   0.75536

  379.0   0.74606

  380.0   0.73176

  381.0   0.71844

  382.0   0.70562

  383.0   0.69306

  384.0   0.67923

  385.0   0.66630

  386.0   0.65209

  387.0   0.63988

  388.0   0.62685

  389.0   0.61328

  390.0   0.60029

  391.0   0.58836

  392.0   0.57459

  393.0   0.56358

  394.0   0.55049

  395.0   0.53946

  396.0   0.52931

  397.0   0.51789

  398.0   0.50724

  399.0   0.49658

  400.0   0.48747

  401.0   0.47739

  402.0   0.46769

  403.0   0.45865

  404.0   0.44851

  405.0   0.43964

  406.0   0.43080

  407.0   0.42101

  408.0   0.41218

  409.0   0.40243

  410.0   0.39337

  411.0   0.38409

  412.0   0.37361

  413.0   0.36450

  414.0   0.35452

  415.0   0.34946

  416.0   0.33335

  417.0   0.32209

  418.0   0.31225

  419.0   0.30143

  420.0   0.29140

  421.0   0.28128

  422.0   0.27082

  423.0   0.26118

  424.0   0.25079

  425.0   0.24171

  426.0   0.23211

  427.0   0.22383

  428.0   0.21547

  429.0   0.20701

  430.0   0.19940

  431.0   0.19164

  432.0   0.18469

  433.0   0.17745

  434.0   0.17123

  435.0   0.16531

  436.0   0.15925

  437.0   0.15393

  438.0   0.14832

  439.0   0.14356

  440.0   0.13845

  441.0   0.13417

  442.0   0.12969

  443.0   0.12571

  444.0   0.12176

  445.0   0.11766

  446.0   0.11405

  447.0   0.11034

  448.0   0.10701

  449.0   0.10343

  450.0   0.10021

  451.0   0.09676

  452.0   0.09390

  453.0   0.09062

  454.0   0.08767

  455.0   0.08447

  456.0   0.08178

  457.0   0.07899

  458.0   0.07622

  459.0   0.07368

  460.0   0.07084

  461.0   0.06843

  462.0   0.06591

  463.0   0.06356

  464.0   0.06110

  465.0   0.05892

  466.0   0.05659

  467.0   0.05473

  468.0   0.05256

  469.0   0.05074

  470.0   0.04878

  471.0   0.04698

  472.0   0.04519

  473.0   0.04361

  474.0   0.04190

  475.0   0.04036

  476.0   0.03871

  477.0   0.03724

  478.0   0.03581

  479.0   0.03452

  480.0   0.03319

  481.0   0.03210

  482.0   0.03078

  483.0   0.02967

  484.0   0.02856

  485.0   0.02761

  486.0   0.02653

  487.0   0.02563

  488.0   0.02478

  489.0   0.02398

  490.0   0.02318

  491.0   0.02246

  492.0   0.02172

  493.0   0.02111

  494.0   0.02044

  495.0   0.01987

  496.0   0.01924

  497.0   0.01873

  498.0   0.01819

  499.0   0.01777

  500.0   0.01731

  501.0   0.01701

  502.0   0.01658

  503.0   0.01620

  504.0   0.01594

  505.0   0.01563

  506.0   0.01532

  507.0   0.01507

  508.0   0.01483

  509.0   0.01459

  510.0   0.01444

  511.0   0.01427

  512.0   0.01405

  513.0   0.01390

  514.0   0.01374

  515.0   0.01371

  516.0   0.01357

  517.0   0.01346

  518.0   0.01336

  519.0   0.01330

  520.0   0.01330

  521.0   0.01326

  522.0   0.01326

  523.0   0.01327

  524.0   0.01328

  525.0   0.01332

  526.0   0.01341

  527.0   0.01343

  528.0   0.01342

  529.0   0.01344

  530.0   0.01355

  531.0   0.01358

  532.0   0.01373

  533.0   0.01378

  534.0   0.01392

  535.0   0.01401

  536.0   0.01412

  537.0   0.01424

  538.0   0.01435

  539.0   0.01448

  540.0   0.01462

  541.0   0.01471

  542.0   0.01489

  543.0   0.01501

  544.0   0.01515

  545.0   0.01526

  546.0   0.01537

  547.0   0.01546

  548.0   0.01551

  549.0   0.01554

  550.0   0.01565

  551.0   0.01568

  552.0   0.01572

  553.0   0.01578

  554.0   0.01584

  555.0   0.01587

  556.0   0.01593

  557.0   0.01695

  558.0   0.01702

  559.0   0.01696

  560.0   0.01699

  561.0   0.01699

  562.0   0.01701

  563.0   0.01706

  564.0   0.01705

  565.0   0.01705

  566.0   0.01706

  567.0   0.01708

  568.0   0.01710

  569.0   0.01713

  570.0   0.01712

  571.0   0.01716

  572.0   0.01716

  573.0   0.01717

  574.0   0.01717

  575.0   0.01714

  576.0   0.01712

  577.0   0.01701

  578.0   0.01699

  579.0   0.01706

  580.0   0.01699

  581.0   0.01705

  582.0   0.01701

  583.0   0.01705

  584.0   0.01700

  585.0   0.01702

  586.0   0.01702

  587.0   0.01702

  588.0   0.01697

  589.0   0.01698

  590.0   0.01698

  591.0   0.01700

  592.0   0.01700

  593.0   0.01699

  594.0   0.01697

  595.0   0.01700

  596.0   0.01703

  597.0   0.01709

  598.0   0.01711

  599.0   0.01711

  600.0   0.01714

  601.0   0.01720

  602.0   0.01724

  603.0   0.01730

  604.0   0.01733

  605.0   0.01737

  606.0   0.01741

  607.0   0.01742

  608.0   0.01745

  609.0   0.01750

  610.0   0.01755

  611.0   0.01755

  612.0   0.01759

  613.0   0.01761

  614.0   0.01767

  615.0   0.01768

  616.0   0.01769

  617.0   0.01770

  618.0   0.01776

  619.0   0.01775

  620.0   0.01778

  621.0   0.01780

  622.0   0.01783

  623.0   0.01787

  624.0   0.01783

  625.0   0.01787

  626.0   0.01787

  627.0   0.01787

  628.0   0.01784

  629.0   0.01785

  630.0   0.01783

  631.0   0.01785

  632.0   0.01779

  633.0   0.01777

  634.0   0.01772

  635.0   0.01766

  636.0   0.01763

  637.0   0.01764

  638.0   0.01758

  639.0   0.01752

  640.0   0.01745

  641.0   0.01739

  642.0   0.01736

  643.0   0.01730

  644.0   0.01726

  645.0   0.01721

  646.0   0.01711

  647.0   0.01708

  648.0   0.01703

  649.0   0.01694

  650.0   0.01686

  651.0   0.01682

  652.0   0.01673

  653.0   0.01663

  654.0   0.01656

  655.0   0.01645

  656.0   0.01638

  657.0   0.01633

  658.0   0.01621

  659.0   0.01613

  660.0   0.01605

  661.0   0.01599

  662.0   0.01589

  663.0   0.01580

  664.0   0.01570

  665.0   0.01564

  666.0   0.01550

  667.0   0.01539

  668.0   0.01533

  669.0   0.01527

  670.0   0.01516

  671.0   0.01509

  672.0   0.01504

  673.0   0.01496

  674.0   0.01491

  675.0   0.01480

  676.0   0.01467

  677.0   0.01445

  678.0   0.01431

  679.0   0.01411

  680.0   0.01403

  681.0   0.01390

  682.0   0.01382

  683.0   0.01371

  684.0   0.01362

  685.0   0.01352

  686.0   0.01343

  687.0   0.01332

  688.0   0.01321

  689.0   0.01302

  690.0   0.01291

  691.0   0.01284

  692.0   0.01271

  693.0   0.01267

  694.0   0.01256

  695.0   0.01247

  696.0   0.01244

  697.0   0.01230

  698.0   0.01221

  699.0   0.01208

  700.0   0.01200

  701.0   0.01194

  702.0   0.01180

  703.0   0.01169

  704.0   0.01158

  705.0   0.01147

  706.0   0.01140

  707.0   0.01131

  708.0   0.01116

  709.0   0.01107

  710.0   0.01096

  711.0   0.01083

  712.0   0.01074

  713.0   0.01065

  714.0   0.01056

  715.0   0.01045

  716.0   0.01038

  717.0   0.01024

  718.0   0.01015

  719.0   0.01007

  720.0   0.00998

  721.0   0.00986

  722.0   0.00975

  723.0   0.00972

  724.0   0.00956

  725.0   0.00953

  726.0   0.00941

  727.0   0.00931

  728.0   0.00920

  729.0   0.00914

  730.0   0.00914

  731.0   0.00910

  732.0   0.00904

  733.0   0.00899

  734.0   0.00891

  735.0   0.00886

  736.0   0.00992

  737.0   0.00975

  738.0   0.00967

  739.0   0.00951

  740.0   0.00944

  741.0   0.00936

  742.0   0.00924

  743.0   0.00909

  744.0   0.00897

  745.0   0.00889

  746.0   0.00882

  747.0   0.00869

  748.0   0.00863

  749.0   0.00854

  750.0   0.00849

  751.0   0.00841

  752.0   0.00830

  753.0   0.00823

  754.0   0.00812

  755.0   0.00810

  756.0   0.00800

  757.0   0.00798

  758.0   0.00791

  759.0   0.00778

  760.0   0.00771

  761.0   0.00764

  762.0   0.00759

  763.0   0.00744

  764.0   0.00739

  765.0   0.00721

  766.0   0.00711

  767.0   0.00704

  768.0   0.00699

  769.0   0.00700

  770.0   0.00696

  771.0   0.00694

  772.0   0.00682

  773.0   0.00675

  774.0   0.00662

  775.0   0.00661

  776.0   0.00648

  777.0   0.00649

  778.0   0.00634

  779.0   0.00632

  780.0   0.00628

  781.0   0.00621

  782.0   0.00622

  783.0   0.00612

  784.0   0.00610

  785.0   0.00606

  786.0   0.00607

  787.0   0.00611

  788.0   0.00607

  789.0   0.00611

  790.0   0.00618

  791.0   0.00630

  792.0   0.00629

  793.0   0.00622

  794.0   0.00617

  795.0   0.00610

  796.0   0.00614

  797.0   0.00618

  798.0   0.00621

  799.0   0.00622

  800.0   0.00611

 
