ser ID: DU600

Method ID: A:\DEFAULT

Date: 07/29/00

Time: 05:37

 200.0   3.22220

  201.0   2.68820

  202.0   3.33041

  203.0   3.36847

  204.0   3.40688

  205.0   3.44107

  206.0   3.47056

  207.0   3.49886

  208.0   2.92454

  209.0   3.07858

  210.0   3.10380

  211.0   3.60520

  212.0   2.85156

  213.0   3.65533

  214.0   3.07436

  215.0   3.39602

  216.0   3.71659

  217.0   3.73719

  218.0   3.75557

  219.0   3.77173

  220.0   3.78675

  221.0   3.80127

  222.0   3.81651

  223.0   3.82950

  224.0   3.84242

  225.0   3.85449

  226.0   3.86759

  227.0   3.88024

  228.0   3.59073

  229.0   3.30098

  230.0   3.43775

  231.0   3.44762

  232.0   3.45687

  233.0   3.64073

  234.0   3.94880

  235.0   3.35209

  236.0   3.95828

  237.0   3.66039

  238.0   3.96346

  239.0   3.96459

  240.0   3.96464

  241.0   3.96440

  242.0   3.96313

  243.0   3.96095

  244.0   3.95875

  245.0   3.95569

  246.0   3.65162

  247.0   3.17041

  248.0   3.64345

  249.0   3.63879

  250.0   3.63433

  251.0   3.62915

  252.0   3.62423

  253.0   3.61883

  254.0   3.91424

  255.0   3.90838

  256.0   3.90314

  257.0   3.89713

  258.0   3.89126

  259.0   3.88423

  260.0   3.87760

  261.0   3.87175

  262.0   3.38804

  263.0   3.08033

  264.0   3.85187

  265.0   3.54475

  266.0   3.13994

  267.0   2.83232

  268.0   2.87209

  269.0   2.97550

  270.0   3.11654

  271.0   2.76998

  272.0   2.80713

  273.0   2.72482

  274.0   2.54613

  275.0   2.52086

  276.0   2.41837

  277.0   2.29205

  278.0   2.17312

  279.0   2.08796

  280.0   1.99633

  281.0   1.90849

  282.0   1.82566

  283.0   1.79323

  284.0   1.71314

  285.0   1.66157

  286.0   1.61313

  287.0   1.56345

  288.0   1.51957

  289.0   1.48255

  290.0   1.44695

  291.0   1.41756

  292.0   1.38105

  293.0   1.35201

  294.0   1.32020

  295.0   1.29756

  296.0   1.28459

  297.0   1.26742

  298.0   1.25240

  299.0   1.23820

  300.0   1.22469

  301.0   1.21812

  302.0   1.20742

  303.0   1.20011

  304.0   1.19200

  305.0   1.18724

  306.0   1.18456

  307.0   1.18118

  308.0   1.16849

  309.0   1.16570

  310.0   1.15699

  311.0   1.14363

  312.0   1.13763

  313.0   1.12748

  314.0   1.11881

  315.0   1.10833

  316.0   1.09784

  317.0   1.08393

  318.0   1.07148

  319.0   1.06145

  320.0   1.05712

  321.0   1.05138

  322.0   1.03860

  323.0   1.03961

  324.0   1.03023

  325.0   1.02633

  326.0   1.01774

  327.0   1.01294

  328.0   1.00788

  329.0   1.00219

  330.0   1.00171

  331.0   0.99509

  332.0   0.98651

  333.0   0.97786

  334.0   0.96979

  335.0   0.96024

  336.0   0.94606

  337.0   0.94001

  338.0   0.92599

  339.0   0.91595

  340.0   0.90273

  341.0   0.89143

  342.0   0.87596

  343.0   0.86256

  344.0   0.85138

  345.0   0.83841

  346.0   0.82521

  347.0   0.80979

  348.0   0.79266

  349.0   0.77771

  350.0   0.75886

  351.0   0.74287

  352.0   0.72513

  353.0   0.70500

  354.0   0.68834

  355.0   0.67304

  356.0   0.66251

  357.0   0.63609

  358.0   0.61820

  359.0   0.60074

  360.0   0.58327

  361.0   0.56552

  362.0   0.54820

  363.0   0.53242

  364.0   0.51572

  365.0   0.49925

  366.0   0.48431

  367.0   0.46941

  368.0   0.45547

  369.0   0.44307

  370.0   0.42939

  371.0   0.41700

  372.0   0.40577

  373.0   0.39387

  374.0   0.38416

  375.0   0.37470

  376.0   0.36426

  377.0   0.35550

  378.0   0.34529

  379.0   0.33741

  380.0   0.32940

  381.0   0.32144

  382.0   0.31488

  383.0   0.30789

  384.0   0.30103

  385.0   0.29542

  386.0   0.29001

  387.0   0.28507

  388.0   0.28033

  389.0   0.27560

  390.0   0.27154

  391.0   0.26768

  392.0   0.26361

  393.0   0.26037

  394.0   0.25615

  395.0   0.25278

  396.0   0.24956

  397.0   0.24604

  398.0   0.24260

  399.0   0.23877

  400.0   0.23571

  401.0   0.23228

  402.0   0.22885

  403.0   0.22523

  404.0   0.22144

  405.0   0.21748

  406.0   0.21367

  407.0   0.20893

  408.0   0.20466

  409.0   0.19982

  410.0   0.19493

  411.0   0.18992

  412.0   0.18439

  413.0   0.17891

  414.0   0.17354

  415.0   0.17050

  416.0   0.16104

  417.0   0.15450

  418.0   0.14848

  419.0   0.14198

  420.0   0.13589

  421.0   0.13020

  422.0   0.12362

  423.0   0.11792

  424.0   0.11168

  425.0   0.10630

  426.0   0.10077

  427.0   0.09582

  428.0   0.09132

  429.0   0.08649

  430.0   0.08219

  431.0   0.07801

  432.0   0.07441

  433.0   0.07079

  434.0   0.06767

  435.0   0.06468

  436.0   0.06187

  437.0   0.05938

  438.0   0.05677

  439.0   0.05462

  440.0   0.05227

  441.0   0.05052

  442.0   0.04866

  443.0   0.04704

  444.0   0.04540

  445.0   0.04392

  446.0   0.04259

  447.0   0.04133

  448.0   0.04000

  449.0   0.03878

  450.0   0.03747

  451.0   0.03631

  452.0   0.03541

  453.0   0.03431

  454.0   0.03325

  455.0   0.03224

  456.0   0.03142

  457.0   0.03059

  458.0   0.02975

  459.0   0.02902

  460.0   0.02815

  461.0   0.02749

  462.0   0.02670

  463.0   0.02598

  464.0   0.02515

  465.0   0.02454

  466.0   0.02391

  467.0   0.02347

  468.0   0.02286

  469.0   0.02245

  470.0   0.02199

  471.0   0.02150

  472.0   0.02116

  473.0   0.02080

  474.0   0.02040

  475.0   0.02004

  476.0   0.01957

  477.0   0.01920

  478.0   0.01885

  479.0   0.01857

  480.0   0.01822

  481.0   0.01799

  482.0   0.01773

  483.0   0.01749

  484.0   0.01728

  485.0   0.01716

  486.0   0.01698

  487.0   0.01693

  488.0   0.01675

  489.0   0.01667

  490.0   0.01657

  491.0   0.01655

  492.0   0.01646

  493.0   0.01644

  494.0   0.01642

  495.0   0.01649

  496.0   0.01649

  497.0   0.01653

  498.0   0.01664

  499.0   0.01676

  500.0   0.01686

  501.0   0.01705

  502.0   0.01720

  503.0   0.01739

  504.0   0.01756

  505.0   0.01775

  506.0   0.01791

  507.0   0.01818

  508.0   0.01839

  509.0   0.01866

  510.0   0.01894

  511.0   0.01930

  512.0   0.01952

  513.0   0.01986

  514.0   0.02017

  515.0   0.02055

  516.0   0.02089

  517.0   0.02121

  518.0   0.02156

  519.0   0.02192

  520.0   0.02235

  521.0   0.02272

  522.0   0.02311

  523.0   0.02356

  524.0   0.02394

  525.0   0.02439

  526.0   0.02484

  527.0   0.02524

  528.0   0.02567

  529.0   0.02610

  530.0   0.02662

  531.0   0.02704

  532.0   0.02758

  533.0   0.02797

  534.0   0.02856

  535.0   0.02909

  536.0   0.02959

  537.0   0.03013

  538.0   0.03057

  539.0   0.03107

  540.0   0.03158

  541.0   0.03207

  542.0   0.03255

  543.0   0.03305

  544.0   0.03356

  545.0   0.03400

  546.0   0.03443

  547.0   0.03477

  548.0   0.03513

  549.0   0.03544

  550.0   0.03576

  551.0   0.03606

  552.0   0.03625

  553.0   0.03650

  554.0   0.03668

  555.0   0.03680

  556.0   0.03689

  557.0   0.03948

  558.0   0.03953

  559.0   0.03953

  560.0   0.03960

  561.0   0.03961

  562.0   0.03967

  563.0   0.03973

  564.0   0.03970

  565.0   0.03968

  566.0   0.03974

  567.0   0.03974

  568.0   0.03970

  569.0   0.03972

  570.0   0.03973

  571.0   0.03974

  572.0   0.03973

  573.0   0.03970

  574.0   0.03972

  575.0   0.03971

  576.0   0.03965

  577.0   0.03960

  578.0   0.03960

  579.0   0.03965

  580.0   0.03956

  581.0   0.03959

  582.0   0.03955

  583.0   0.03960

  584.0   0.03962

  585.0   0.03974

  586.0   0.03982

  587.0   0.03990

  588.0   0.03990

  589.0   0.03992

  590.0   0.03997

  591.0   0.04009

  592.0   0.04016

  593.0   0.04028

  594.0   0.04032

  595.0   0.04045

  596.0   0.04060

  597.0   0.04072

  598.0   0.04082

  599.0   0.04089

  600.0   0.04097

  601.0   0.04109

  602.0   0.04113

  603.0   0.04126

  604.0   0.04140

  605.0   0.04148

  606.0   0.04157

  607.0   0.04162

  608.0   0.04168

  609.0   0.04171

  610.0   0.04177

  611.0   0.04186

  612.0   0.04191

  613.0   0.04197

  614.0   0.04206

  615.0   0.04212

  616.0   0.04217

  617.0   0.04223

  618.0   0.04229

  619.0   0.04230

  620.0   0.04232

  621.0   0.04235

  622.0   0.04239

  623.0   0.04237

  624.0   0.04236

  625.0   0.04241

  626.0   0.04239

  627.0   0.04237

  628.0   0.04238

  629.0   0.04235

  630.0   0.04233

  631.0   0.04231

  632.0   0.04223

  633.0   0.04220

  634.0   0.04210

  635.0   0.04204

  636.0   0.04194

  637.0   0.04190

  638.0   0.04180

  639.0   0.04169

  640.0   0.04157

  641.0   0.04140

  642.0   0.04131

  643.0   0.04113

  644.0   0.04096

  645.0   0.04086

  646.0   0.04067

  647.0   0.04057

  648.0   0.04042

  649.0   0.04029

  650.0   0.04009

  651.0   0.03990

  652.0   0.03972

  653.0   0.03950

  654.0   0.03930

  655.0   0.03905

  656.0   0.03886

  657.0   0.03865

  658.0   0.03838

  659.0   0.03811

  660.0   0.03784

  661.0   0.03753

  662.0   0.03732

  663.0   0.03700

  664.0   0.03674

  665.0   0.03645

  666.0   0.03614

  667.0   0.03583

  668.0   0.03555

  669.0   0.03529

  670.0   0.03498

  671.0   0.03473

  672.0   0.03442

  673.0   0.03409

  674.0   0.03380

  675.0   0.03345

  676.0   0.03307

  677.0   0.03269

  678.0   0.03230

  679.0   0.03194

  680.0   0.03165

  681.0   0.03133

  682.0   0.03108

  683.0   0.03073

  684.0   0.03043

  685.0   0.03017

  686.0   0.02988

  687.0   0.02960

  688.0   0.02926

  689.0   0.02888

  690.0   0.02853

  691.0   0.02818

  692.0   0.02782

  693.0   0.02752

  694.0   0.02721

  695.0   0.02692

  696.0   0.02664

  697.0   0.02630

  698.0   0.02599

  699.0   0.02564

  700.0   0.02534

  701.0   0.02507

  702.0   0.02467

  703.0   0.02440

  704.0   0.02410

  705.0   0.02378

  706.0   0.02350

  707.0   0.02320

  708.0   0.02288

  709.0   0.02264

  710.0   0.02231

  711.0   0.02201

  712.0   0.02172

  713.0   0.02140

  714.0   0.02113

  715.0   0.02082

  716.0   0.02056

  717.0   0.02028

  718.0   0.02002

  719.0   0.01976

  720.0   0.01949

  721.0   0.01925

  722.0   0.01899

  723.0   0.01877

  724.0   0.01846

  725.0   0.01821

  726.0   0.01801

  727.0   0.01774

  728.0   0.01750

  729.0   0.01731

  730.0   0.01716

  731.0   0.01694

  732.0   0.01675

  733.0   0.01661

  734.0   0.01641

  735.0   0.01630

  736.0   0.01861

  737.0   0.01827

  738.0   0.01794

  739.0   0.01762

  740.0   0.01731

  741.0   0.01711

  742.0   0.01686

  743.0   0.01664

  744.0   0.01640

  745.0   0.01614

  746.0   0.01599

  747.0   0.01577

  748.0   0.01551

  749.0   0.01540

  750.0   0.01521

  751.0   0.01502

  752.0   0.01486

  753.0   0.01467

  754.0   0.01449

  755.0   0.01436

  756.0   0.01421

  757.0   0.01408

  758.0   0.01391

  759.0   0.01379

  760.0   0.01364

  761.0   0.01354

  762.0   0.01342

  763.0   0.01327

  764.0   0.01317

  765.0   0.01302

  766.0   0.01290

  767.0   0.01276

  768.0   0.01266

  769.0   0.01260

  770.0   0.01251

  771.0   0.01247

  772.0   0.01238

  773.0   0.01235

  774.0   0.01223

  775.0   0.01214

  776.0   0.01202

  777.0   0.01199

  778.0   0.01190

  779.0   0.01187

  780.0   0.01189

  781.0   0.01174

  782.0   0.01176

  783.0   0.01173

  784.0   0.01172

  785.0   0.01169

  786.0   0.01171

  787.0   0.01174

  788.0   0.01174

  789.0   0.01168

  790.0   0.01162

  791.0   0.01164

  792.0   0.01163

  793.0   0.01160

  794.0   0.01160

  795.0   0.01154

  796.0   0.01161

  797.0   0.01160

  798.0   0.01165

  799.0   0.01166

  800.0   0.01161

 
