ser ID: DU600

Method ID: A:\DEFAULT

Date: 07/29/00

Time: 03:50

 200.0   2.92117

  201.0   2.81314

  202.0   3.33041

  203.0   3.36847

  204.0   2.92976

  205.0   3.44107

  206.0   3.47056

  207.0   3.49886

  208.0   3.52660

  209.0   3.25467

  210.0   3.58092

  211.0   3.60520

  212.0   3.62972

  213.0   3.65533

  214.0   3.37539

  215.0   3.69705

  216.0   3.71659

  217.0   3.73719

  218.0   3.75557

  219.0   3.77173

  220.0   3.78675

  221.0   3.80127

  222.0   3.81651

  223.0   3.82950

  224.0   3.84242

  225.0   3.85449

  226.0   3.86759

  227.0   3.88024

  228.0   3.89176

  229.0   3.42591

  230.0   3.31281

  231.0   3.92474

  232.0   3.93399

  233.0   3.94176

  234.0   3.94880

  235.0   3.95415

  236.0   3.95828

  237.0   3.96142

  238.0   3.96346

  239.0   3.96459

  240.0   3.96464

  241.0   3.96440

  242.0   3.96313

  243.0   3.96095

  244.0   3.95875

  245.0   3.95569

  246.0   3.95265

  247.0   3.94856

  248.0   3.94448

  249.0   3.93982

  250.0   3.93536

  251.0   3.93018

  252.0   3.62423

  253.0   3.91986

  254.0   3.91424

  255.0   3.60735

  256.0   3.90314

  257.0   3.89713

  258.0   3.89126

  259.0   3.88423

  260.0   3.87760

  261.0   3.87175

  262.0   3.86516

  263.0   3.85848

  264.0   3.85187

  265.0   3.84578

  266.0   3.83891

  267.0   3.83232

  268.0   3.82633

  269.0   3.34347

  270.0   3.33839

  271.0   3.03322

  272.0   2.96203

  273.0   3.80400

  274.0   3.32428

  275.0   3.02146

  276.0   3.49755

  277.0   3.49617

  278.0   3.31924

  279.0   3.19347

  280.0   2.79567

  281.0   2.68103

  282.0   2.53887

  283.0   2.51448

  284.0   2.44990

  285.0   2.30054

  286.0   2.12935

  287.0   2.05098

  288.0   1.96534

  289.0   1.85266

  290.0   1.77627

  291.0   1.69377

  292.0   1.61826

  293.0   1.57438

  294.0   1.52258

  295.0   1.45603

  296.0   1.40462

  297.0   1.36595

  298.0   1.32313

  299.0   1.27777

  300.0   1.23672

  301.0   1.20199

  302.0   1.16571

  303.0   1.13463

  304.0   1.10372

  305.0   1.07773

  306.0   1.04769

  307.0   1.02786

  308.0   1.00211

  309.0   0.97967

  310.0   0.95509

  311.0   0.93437

  312.0   0.91208

  313.0   0.89114

  314.0   0.87285

  315.0   0.85519

  316.0   0.83789

  317.0   0.82440

  318.0   0.81200

  319.0   0.80392

  320.0   0.79800

  321.0   0.79486

  322.0   0.79019

  323.0   0.78468

  324.0   0.78691

  325.0   0.78675

  326.0   0.79097

  327.0   0.79483

  328.0   0.79643

  329.0   0.80132

  330.0   0.80908

  331.0   0.81310

  332.0   0.82344

  333.0   0.82792

  334.0   0.83427

  335.0   0.84259

  336.0   0.85410

  337.0   0.86499

  338.0   0.87286

  339.0   0.88200

  340.0   0.89482

  341.0   0.90571

  342.0   0.91486

  343.0   0.92496

  344.0   0.93412

  345.0   0.94303

  346.0   0.95133

  347.0   0.96073

  348.0   0.96467

  349.0   0.97318

  350.0   0.97637

  351.0   0.97869

  352.0   0.97808

  353.0   0.97962

  354.0   0.97874

  355.0   0.97657

  356.0   0.97639

  357.0   0.97394

  358.0   0.96077

  359.0   0.95363

  360.0   0.94576

  361.0   0.93799

  362.0   0.92426

  363.0   0.91230

  364.0   0.90118

  365.0   0.88822

  366.0   0.87719

  367.0   0.86301

  368.0   0.85175

  369.0   0.83778

  370.0   0.82511

  371.0   0.81318

  372.0   0.80371

  373.0   0.78868

  374.0   0.77588

  375.0   0.76590

  376.0   0.75275

  377.0   0.74143

  378.0   0.72752

  379.0   0.71590

  380.0   0.70435

  381.0   0.69092

  382.0   0.67841

  383.0   0.66640

  384.0   0.65312

  385.0   0.64087

  386.0   0.62729

  387.0   0.61384

  388.0   0.60185

  389.0   0.58861

  390.0   0.57613

  391.0   0.56452

  392.0   0.55301

  393.0   0.54155

  394.0   0.52904

  395.0   0.51897

  396.0   0.50880

  397.0   0.49840

  398.0   0.48836

  399.0   0.47829

  400.0   0.46962

  401.0   0.46013

  402.0   0.45062

  403.0   0.44270

  404.0   0.43319

  405.0   0.42443

  406.0   0.41616

  407.0   0.40704

  408.0   0.39837

  409.0   0.38876

  410.0   0.37947

  411.0   0.37063

  412.0   0.36067

  413.0   0.35162

  414.0   0.34216

  415.0   0.33721

  416.0   0.32146

  417.0   0.31083

  418.0   0.30070

  419.0   0.29016

  420.0   0.28036

  421.0   0.27089

  422.0   0.26053

  423.0   0.25096

  424.0   0.24070

  425.0   0.23193

  426.0   0.22256

  427.0   0.21445

  428.0   0.20638

  429.0   0.19791

  430.0   0.19047

  431.0   0.18289

  432.0   0.17653

  433.0   0.16953

  434.0   0.16359

  435.0   0.15778

  436.0   0.15200

  437.0   0.14684

  438.0   0.14147

  439.0   0.13685

  440.0   0.13194

  441.0   0.12777

  442.0   0.12341

  443.0   0.11958

  444.0   0.11589

  445.0   0.11205

  446.0   0.10867

  447.0   0.10508

  448.0   0.10186

  449.0   0.09854

  450.0   0.09541

  451.0   0.09210

  452.0   0.08926

  453.0   0.08631

  454.0   0.08342

  455.0   0.08043

  456.0   0.07784

  457.0   0.07533

  458.0   0.07266

  459.0   0.07030

  460.0   0.06759

  461.0   0.06527

  462.0   0.06284

  463.0   0.06058

  464.0   0.05835

  465.0   0.05631

  466.0   0.05408

  467.0   0.05231

  468.0   0.05029

  469.0   0.04858

  470.0   0.04665

  471.0   0.04502

  472.0   0.04329

  473.0   0.04181

  474.0   0.04012

  475.0   0.03866

  476.0   0.03716

  477.0   0.03579

  478.0   0.03442

  479.0   0.03325

  480.0   0.03199

  481.0   0.03092

  482.0   0.02976

  483.0   0.02877

  484.0   0.02770

  485.0   0.02680

  486.0   0.02578

  487.0   0.02506

  488.0   0.02422

  489.0   0.02349

  490.0   0.02272

  491.0   0.02203

  492.0   0.02132

  493.0   0.02067

  494.0   0.02011

  495.0   0.01961

  496.0   0.01900

  497.0   0.01856

  498.0   0.01811

  499.0   0.01773

  500.0   0.01733

  501.0   0.01703

  502.0   0.01670

  503.0   0.01633

  504.0   0.01614

  505.0   0.01585

  506.0   0.01559

  507.0   0.01538

  508.0   0.01514

  509.0   0.01497

  510.0   0.01483

  511.0   0.01468

  512.0   0.01452

  513.0   0.01440

  514.0   0.01432

  515.0   0.01430

  516.0   0.01422

  517.0   0.01421

  518.0   0.01417

  519.0   0.01415

  520.0   0.01416

  521.0   0.01419

  522.0   0.01418

  523.0   0.01423

  524.0   0.01424

  525.0   0.01432

  526.0   0.01439

  527.0   0.01444

  528.0   0.01443

  529.0   0.01442

  530.0   0.01453

  531.0   0.01462

  532.0   0.01475

  533.0   0.01484

  534.0   0.01503

  535.0   0.01517

  536.0   0.01532

  537.0   0.01552

  538.0   0.01568

  539.0   0.01580

  540.0   0.01598

  541.0   0.01613

  542.0   0.01634

  543.0   0.01644

  544.0   0.01662

  545.0   0.01673

  546.0   0.01686

  547.0   0.01696

  548.0   0.01712

  549.0   0.01720

  550.0   0.01730

  551.0   0.01733

  552.0   0.01735

  553.0   0.01741

  554.0   0.01745

  555.0   0.01745

  556.0   0.01745

  557.0   0.01875

  558.0   0.01879

  559.0   0.01877

  560.0   0.01887

  561.0   0.01886

  562.0   0.01892

  563.0   0.01899

  564.0   0.01897

  565.0   0.01898

  566.0   0.01898

  567.0   0.01899

  568.0   0.01895

  569.0   0.01900

  570.0   0.01898

  571.0   0.01903

  572.0   0.01902

  573.0   0.01900

  574.0   0.01894

  575.0   0.01894

  576.0   0.01889

  577.0   0.01881

  578.0   0.01878

  579.0   0.01882

  580.0   0.01874

  581.0   0.01875

  582.0   0.01869

  583.0   0.01872

  584.0   0.01873

  585.0   0.01878

  586.0   0.01877

  587.0   0.01880

  588.0   0.01876

  589.0   0.01877

  590.0   0.01879

  591.0   0.01883

  592.0   0.01883

  593.0   0.01890

  594.0   0.01888

  595.0   0.01888

  596.0   0.01896

  597.0   0.01899

  598.0   0.01901

  599.0   0.01904

  600.0   0.01907

  601.0   0.01912

  602.0   0.01915

  603.0   0.01922

  604.0   0.01928

  605.0   0.01935

  606.0   0.01940

  607.0   0.01942

  608.0   0.01948

  609.0   0.01954

  610.0   0.01965

  611.0   0.01970

  612.0   0.01976

  613.0   0.01979

  614.0   0.01981

  615.0   0.01983

  616.0   0.01982

  617.0   0.01984

  618.0   0.01984

  619.0   0.01989

  620.0   0.01989

  621.0   0.01994

  622.0   0.01997

  623.0   0.02000

  624.0   0.01995

  625.0   0.01998

  626.0   0.01995

  627.0   0.01994

  628.0   0.01993

  629.0   0.01992

  630.0   0.01991

  631.0   0.01992

  632.0   0.01988

  633.0   0.01986

  634.0   0.01984

  635.0   0.01976

  636.0   0.01971

  637.0   0.01969

  638.0   0.01961

  639.0   0.01951

  640.0   0.01942

  641.0   0.01933

  642.0   0.01930

  643.0   0.01926

  644.0   0.01920

  645.0   0.01913

  646.0   0.01905

  647.0   0.01902

  648.0   0.01891

  649.0   0.01886

  650.0   0.01879

  651.0   0.01871

  652.0   0.01861

  653.0   0.01850

  654.0   0.01841

  655.0   0.01829

  656.0   0.01826

  657.0   0.01820

  658.0   0.01808

  659.0   0.01800

  660.0   0.01791

  661.0   0.01781

  662.0   0.01772

  663.0   0.01759

  664.0   0.01748

  665.0   0.01737

  666.0   0.01723

  667.0   0.01713

  668.0   0.01702

  669.0   0.01694

  670.0   0.01680

  671.0   0.01672

  672.0   0.01660

  673.0   0.01649

  674.0   0.01637

  675.0   0.01625

  676.0   0.01612

  677.0   0.01593

  678.0   0.01574

  679.0   0.01558

  680.0   0.01543

  681.0   0.01527

  682.0   0.01513

  683.0   0.01500

  684.0   0.01489

  685.0   0.01480

  686.0   0.01473

  687.0   0.01468

  688.0   0.01460

  689.0   0.01448

  690.0   0.01434

  691.0   0.01422

  692.0   0.01408

  693.0   0.01397

  694.0   0.01385

  695.0   0.01371

  696.0   0.01363

  697.0   0.01353

  698.0   0.01347

  699.0   0.01329

  700.0   0.01315

  701.0   0.01305

  702.0   0.01289

  703.0   0.01279

  704.0   0.01272

  705.0   0.01264

  706.0   0.01248

  707.0   0.01241

  708.0   0.01225

  709.0   0.01215

  710.0   0.01204

  711.0   0.01188

  712.0   0.01180

  713.0   0.01167

  714.0   0.01159

  715.0   0.01142

  716.0   0.01135

  717.0   0.01120

  718.0   0.01112

  719.0   0.01103

  720.0   0.01090

  721.0   0.01077

  722.0   0.01066

  723.0   0.01060

  724.0   0.01046

  725.0   0.01038

  726.0   0.01027

  727.0   0.01015

  728.0   0.01002

  729.0   0.00999

  730.0   0.00995

  731.0   0.00986

  732.0   0.00979

  733.0   0.00975

  734.0   0.00967

  735.0   0.00962

  736.0   0.01083

  737.0   0.01063

  738.0   0.01052

  739.0   0.01033

  740.0   0.01020

  741.0   0.01020

  742.0   0.01008

  743.0   0.00993

  744.0   0.00989

  745.0   0.00975

  746.0   0.00966

  747.0   0.00957

  748.0   0.00944

  749.0   0.00935

  750.0   0.00930

  751.0   0.00924

  752.0   0.00914

  753.0   0.00903

  754.0   0.00896

  755.0   0.00888

  756.0   0.00881

  757.0   0.00874

  758.0   0.00861

  759.0   0.00854

  760.0   0.00844

  761.0   0.00837

  762.0   0.00835

  763.0   0.00825

  764.0   0.00820

  765.0   0.00802

  766.0   0.00798

  767.0   0.00791

  768.0   0.00781

  769.0   0.00782

  770.0   0.00772

  771.0   0.00768

  772.0   0.00758

  773.0   0.00749

  774.0   0.00739

  775.0   0.00732

  776.0   0.00725

  777.0   0.00721

  778.0   0.00708

  779.0   0.00701

  780.0   0.00703

  781.0   0.00696

  782.0   0.00700

  783.0   0.00687

  784.0   0.00688

  785.0   0.00679

  786.0   0.00686

  787.0   0.00690

  788.0   0.00691

  789.0   0.00690

  790.0   0.00686

  791.0   0.00687

  792.0   0.00686

  793.0   0.00681

  794.0   0.00677

  795.0   0.00667

  796.0   0.00668

  797.0   0.00672

  798.0   0.00673

  799.0   0.00671

  800.0   0.00669

 
