ser ID: DU600

Method ID: A:\DEFAULT

Date: 07/29/00

Time: 06:13

 200.0   3.22220

  201.0   3.29026

  202.0   3.33041

  203.0   3.36847

  204.0   2.62873

  205.0   2.96395

  206.0   3.47056

  207.0   3.49886

  208.0   3.52660

  209.0   3.55570

  210.0   3.58092

  211.0   3.60520

  212.0   3.62972

  213.0   3.65533

  214.0   3.67642

  215.0   3.39602

  216.0   3.71659

  217.0   3.73719

  218.0   3.75557

  219.0   3.16967

  220.0   3.48572

  221.0   3.32415

  222.0   3.81651

  223.0   3.52847

  224.0   3.84242

  225.0   3.85449

  226.0   3.86759

  227.0   3.88024

  228.0   3.89176

  229.0   3.90304

  230.0   3.91487

  231.0   3.92474

  232.0   3.93399

  233.0   3.94176

  234.0   3.47168

  235.0   3.47702

  236.0   3.65725

  237.0   3.48430

  238.0   3.66243

  239.0   3.48747

  240.0   3.66361

  241.0   3.96440

  242.0   3.66210

  243.0   3.96095

  244.0   3.95875

  245.0   3.95569

  246.0   3.95265

  247.0   3.94856

  248.0   3.94448

  249.0   3.93982

  250.0   3.93536

  251.0   3.32812

  252.0   3.44814

  253.0   3.31780

  254.0   3.43712

  255.0   3.60735

  256.0   3.90314

  257.0   3.89713

  258.0   3.89126

  259.0   3.88423

  260.0   3.87760

  261.0   3.87175

  262.0   3.86516

  263.0   3.38136

  264.0   3.24981

  265.0   3.54475

  266.0   3.53788

  267.0   2.98722

  268.0   2.82633

  269.0   2.86635

  270.0   2.86127

  271.0   2.66525

  272.0   2.57668

  273.0   2.52525

  274.0   2.43968

  275.0   2.43789

  276.0   2.28007

  277.0   2.13444

  278.0   2.04818

  279.0   1.98262

  280.0   1.92644

  281.0   1.83593

  282.0   1.75275

  283.0   1.70333

  284.0   1.64931

  285.0   1.61006

  286.0   1.56680

  287.0   1.51718

  288.0   1.47544

  289.0   1.43807

  290.0   1.40770

  291.0   1.38252

  292.0   1.34719

  293.0   1.32027

  294.0   1.30026

  295.0   1.27861

  296.0   1.26231

  297.0   1.24469

  298.0   1.23277

  299.0   1.22262

  300.0   1.21997

  301.0   1.21114

  302.0   1.21322

  303.0   1.20933

  304.0   1.20571

  305.0   1.20558

  306.0   1.19827

  307.0   1.19029

  308.0   1.19123

  309.0   1.18046

  310.0   1.17049

  311.0   1.16711

  312.0   1.15659

  313.0   1.14179

  314.0   1.13640

  315.0   1.12797

  316.0   1.11293

  317.0   1.10967

  318.0   1.09582

  319.0   1.09215

  320.0   1.08570

  321.0   1.08200

  322.0   1.06710

  323.0   1.06070

  324.0   1.05947

  325.0   1.04797

  326.0   1.04215

  327.0   1.03506

  328.0   1.02569

  329.0   1.02276

  330.0   1.01137

  331.0   1.00362

  332.0   0.99019

  333.0   0.97966

  334.0   0.97066

  335.0   0.96623

  336.0   0.95101

  337.0   0.93921

  338.0   0.92522

  339.0   0.91520

  340.0   0.89984

  341.0   0.88515

  342.0   0.86792

  343.0   0.85351

  344.0   0.83645

  345.0   0.81809

  346.0   0.80048

  347.0   0.78223

  348.0   0.76309

  349.0   0.74526

  350.0   0.72639

  351.0   0.70972

  352.0   0.68804

  353.0   0.66863

  354.0   0.64965

  355.0   0.63286

  356.0   0.62123

  357.0   0.59164

  358.0   0.57248

  359.0   0.55442

  360.0   0.53563

  361.0   0.51823

  362.0   0.50074

  363.0   0.48319

  364.0   0.46736

  365.0   0.45063

  366.0   0.43599

  367.0   0.42113

  368.0   0.40711

  369.0   0.39434

  370.0   0.38093

  371.0   0.36926

  372.0   0.35963

  373.0   0.34758

  374.0   0.33795

  375.0   0.32866

  376.0   0.31853

  377.0   0.31047

  378.0   0.30119

  379.0   0.29379

  380.0   0.28617

  381.0   0.27878

  382.0   0.27263

  383.0   0.26697

  384.0   0.26132

  385.0   0.25640

  386.0   0.25169

  387.0   0.24797

  388.0   0.24398

  389.0   0.23970

  390.0   0.23642

  391.0   0.23349

  392.0   0.23047

  393.0   0.22764

  394.0   0.22443

  395.0   0.22213

  396.0   0.21925

  397.0   0.21674

  398.0   0.21426

  399.0   0.21156

  400.0   0.20886

  401.0   0.20620

  402.0   0.20320

  403.0   0.20032

  404.0   0.19664

  405.0   0.19311

  406.0   0.18982

  407.0   0.18576

  408.0   0.18212

  409.0   0.17765

  410.0   0.17335

  411.0   0.16891

  412.0   0.16405

  413.0   0.15935

  414.0   0.15413

  415.0   0.15145

  416.0   0.14250

  417.0   0.13651

  418.0   0.13095

  419.0   0.12518

  420.0   0.11951

  421.0   0.11402

  422.0   0.10837

  423.0   0.10312

  424.0   0.09736

  425.0   0.09256

  426.0   0.08746

  427.0   0.08296

  428.0   0.07879

  429.0   0.07454

  430.0   0.07054

  431.0   0.06696

  432.0   0.06369

  433.0   0.06053

  434.0   0.05771

  435.0   0.05488

  436.0   0.05242

  437.0   0.05035

  438.0   0.04815

  439.0   0.04620

  440.0   0.04428

  441.0   0.04269

  442.0   0.04111

  443.0   0.03974

  444.0   0.03838

  445.0   0.03717

  446.0   0.03604

  447.0   0.03504

  448.0   0.03404

  449.0   0.03295

  450.0   0.03190

  451.0   0.03099

  452.0   0.03025

  453.0   0.02934

  454.0   0.02846

  455.0   0.02767

  456.0   0.02697

  457.0   0.02630

  458.0   0.02575

  459.0   0.02514

  460.0   0.02442

  461.0   0.02388

  462.0   0.02329

  463.0   0.02268

  464.0   0.02218

  465.0   0.02169

  466.0   0.02120

  467.0   0.02085

  468.0   0.02042

  469.0   0.02010

  470.0   0.01978

  471.0   0.01945

  472.0   0.01910

  473.0   0.01883

  474.0   0.01852

  475.0   0.01824

  476.0   0.01788

  477.0   0.01761

  478.0   0.01733

  479.0   0.01710

  480.0   0.01695

  481.0   0.01685

  482.0   0.01666

  483.0   0.01652

  484.0   0.01635

  485.0   0.01629

  486.0   0.01615

  487.0   0.01611

  488.0   0.01608

  489.0   0.01599

  490.0   0.01598

  491.0   0.01602

  492.0   0.01602

  493.0   0.01609

  494.0   0.01616

  495.0   0.01624

  496.0   0.01630

  497.0   0.01640

  498.0   0.01657

  499.0   0.01668

  500.0   0.01682

  501.0   0.01705

  502.0   0.01728

  503.0   0.01749

  504.0   0.01776

  505.0   0.01802

  506.0   0.01826

  507.0   0.01853

  508.0   0.01875

  509.0   0.01908

  510.0   0.01942

  511.0   0.01979

  512.0   0.02007

  513.0   0.02048

  514.0   0.02090

  515.0   0.02130

  516.0   0.02169

  517.0   0.02209

  518.0   0.02246

  519.0   0.02283

  520.0   0.02326

  521.0   0.02363

  522.0   0.02406

  523.0   0.02456

  524.0   0.02493

  525.0   0.02545

  526.0   0.02600

  527.0   0.02645

  528.0   0.02687

  529.0   0.02736

  530.0   0.02787

  531.0   0.02834

  532.0   0.02889

  533.0   0.02940

  534.0   0.02996

  535.0   0.03054

  536.0   0.03112

  537.0   0.03171

  538.0   0.03220

  539.0   0.03274

  540.0   0.03329

  541.0   0.03379

  542.0   0.03435

  543.0   0.03483

  544.0   0.03539

  545.0   0.03589

  546.0   0.03636

  547.0   0.03680

  548.0   0.03716

  549.0   0.03746

  550.0   0.03783

  551.0   0.03808

  552.0   0.03833

  553.0   0.03849

  554.0   0.03871

  555.0   0.03888

  556.0   0.03895

  557.0   0.04169

  558.0   0.04173

  559.0   0.04170

  560.0   0.04182

  561.0   0.04182

  562.0   0.04187

  563.0   0.04189

  564.0   0.04191

  565.0   0.04183

  566.0   0.04185

  567.0   0.04186

  568.0   0.04186

  569.0   0.04185

  570.0   0.04190

  571.0   0.04185

  572.0   0.04187

  573.0   0.04183

  574.0   0.04182

  575.0   0.04187

  576.0   0.04182

  577.0   0.04180

  578.0   0.04183

  579.0   0.04186

  580.0   0.04178

  581.0   0.04184

  582.0   0.04179

  583.0   0.04184

  584.0   0.04190

  585.0   0.04204

  586.0   0.04209

  587.0   0.04218

  588.0   0.04221

  589.0   0.04226

  590.0   0.04229

  591.0   0.04241

  592.0   0.04248

  593.0   0.04260

  594.0   0.04270

  595.0   0.04280

  596.0   0.04295

  597.0   0.04305

  598.0   0.04317

  599.0   0.04326

  600.0   0.04337

  601.0   0.04347

  602.0   0.04357

  603.0   0.04368

  604.0   0.04384

  605.0   0.04392

  606.0   0.04400

  607.0   0.04402

  608.0   0.04409

  609.0   0.04413

  610.0   0.04423

  611.0   0.04427

  612.0   0.04435

  613.0   0.04443

  614.0   0.04455

  615.0   0.04458

  616.0   0.04461

  617.0   0.04468

  618.0   0.04475

  619.0   0.04474

  620.0   0.04475

  621.0   0.04478

  622.0   0.04485

  623.0   0.04486

  624.0   0.04485

  625.0   0.04491

  626.0   0.04487

  627.0   0.04481

  628.0   0.04478

  629.0   0.04476

  630.0   0.04469

  631.0   0.04469

  632.0   0.04464

  633.0   0.04455

  634.0   0.04452

  635.0   0.04440

  636.0   0.04434

  637.0   0.04428

  638.0   0.04422

  639.0   0.04410

  640.0   0.04396

  641.0   0.04383

  642.0   0.04368

  643.0   0.04355

  644.0   0.04338

  645.0   0.04324

  646.0   0.04304

  647.0   0.04292

  648.0   0.04275

  649.0   0.04261

  650.0   0.04241

  651.0   0.04224

  652.0   0.04201

  653.0   0.04175

  654.0   0.04153

  655.0   0.04124

  656.0   0.04102

  657.0   0.04083

  658.0   0.04054

  659.0   0.04030

  660.0   0.04004

  661.0   0.03974

  662.0   0.03949

  663.0   0.03916

  664.0   0.03886

  665.0   0.03855

  666.0   0.03819

  667.0   0.03785

  668.0   0.03753

  669.0   0.03724

  670.0   0.03688

  671.0   0.03656

  672.0   0.03627

  673.0   0.03591

  674.0   0.03564

  675.0   0.03525

  676.0   0.03488

  677.0   0.03445

  678.0   0.03400

  679.0   0.03366

  680.0   0.03335

  681.0   0.03303

  682.0   0.03273

  683.0   0.03233

  684.0   0.03201

  685.0   0.03172

  686.0   0.03140

  687.0   0.03109

  688.0   0.03075

  689.0   0.03039

  690.0   0.03001

  691.0   0.02963

  692.0   0.02928

  693.0   0.02892

  694.0   0.02858

  695.0   0.02822

  696.0   0.02791

  697.0   0.02752

  698.0   0.02721

  699.0   0.02683

  700.0   0.02650

  701.0   0.02616

  702.0   0.02582

  703.0   0.02549

  704.0   0.02517

  705.0   0.02482

  706.0   0.02454

  707.0   0.02423

  708.0   0.02388

  709.0   0.02364

  710.0   0.02332

  711.0   0.02293

  712.0   0.02265

  713.0   0.02232

  714.0   0.02204

  715.0   0.02168

  716.0   0.02139

  717.0   0.02107

  718.0   0.02086

  719.0   0.02056

  720.0   0.02026

  721.0   0.01996

  722.0   0.01968

  723.0   0.01944

  724.0   0.01916

  725.0   0.01889

  726.0   0.01863

  727.0   0.01837

  728.0   0.01810

  729.0   0.01792

  730.0   0.01778

  731.0   0.01758

  732.0   0.01742

  733.0   0.01726

  734.0   0.01707

  735.0   0.01695

  736.0   0.01931

  737.0   0.01891

  738.0   0.01861

  739.0   0.01829

  740.0   0.01803

  741.0   0.01774

  742.0   0.01749

  743.0   0.01722

  744.0   0.01704

  745.0   0.01680

  746.0   0.01657

  747.0   0.01631

  748.0   0.01614

  749.0   0.01586

  750.0   0.01578

  751.0   0.01562

  752.0   0.01543

  753.0   0.01524

  754.0   0.01503

  755.0   0.01488

  756.0   0.01470

  757.0   0.01463

  758.0   0.01441

  759.0   0.01426

  760.0   0.01410

  761.0   0.01393

  762.0   0.01380

  763.0   0.01371

  764.0   0.01361

  765.0   0.01346

  766.0   0.01334

  767.0   0.01322

  768.0   0.01316

  769.0   0.01318

  770.0   0.01312

  771.0   0.01305

  772.0   0.01291

  773.0   0.01282

  774.0   0.01268

  775.0   0.01261

  776.0   0.01255

  777.0   0.01255

  778.0   0.01238

  779.0   0.01237

  780.0   0.01231

  781.0   0.01225

  782.0   0.01227

  783.0   0.01224

  784.0   0.01223

  785.0   0.01220

  786.0   0.01220

  787.0   0.01216

  788.0   0.01216

  789.0   0.01211

  790.0   0.01210

  791.0   0.01213

  792.0   0.01212

  793.0   0.01206

  794.0   0.01206

  795.0   0.01203

  796.0   0.01208

  797.0   0.01210

  798.0   0.01217

  799.0   0.01213

  800.0   0.01205

 
