ser ID: DU600

Method ID: A:\DEFAULT

Date: 07/29/00

Time: 03:33

 200.0   3.22220

  201.0   3.29026

  202.0   3.33041

  203.0   3.36847

  204.0   3.40688

  205.0   3.44107

  206.0   3.16953

  207.0   3.49886

  208.0   3.52660

  209.0   3.55570

  210.0   3.58092

  211.0   3.60520

  212.0   3.62972

  213.0   3.35430

  214.0   2.89827

  215.0   3.69705

  216.0   3.71659

  217.0   3.73719

  218.0   3.75557

  219.0   3.77173

  220.0   3.78675

  221.0   3.80127

  222.0   3.81651

  223.0   3.82950

  224.0   3.84242

  225.0   3.85449

  226.0   3.86759

  227.0   3.88024

  228.0   3.89176

  229.0   3.90304

  230.0   3.91487

  231.0   3.92474

  232.0   3.93399

  233.0   3.94176

  234.0   3.94880

  235.0   3.95415

  236.0   3.95828

  237.0   3.96142

  238.0   3.96346

  239.0   3.96459

  240.0   3.96464

  241.0   3.96440

  242.0   3.96313

  243.0   3.96095

  244.0   3.95875

  245.0   3.95569

  246.0   3.95265

  247.0   3.94856

  248.0   3.94448

  249.0   3.63879

  250.0   3.93536

  251.0   3.93018

  252.0   3.92526

  253.0   3.91986

  254.0   3.91424

  255.0   3.90838

  256.0   3.60211

  257.0   3.29507

  258.0   3.89126

  259.0   3.88423

  260.0   3.87760

  261.0   3.87175

  262.0   3.86516

  263.0   3.85848

  264.0   3.85187

  265.0   3.36866

  266.0   3.83891

  267.0   3.83232

  268.0   3.82633

  269.0   3.82060

  270.0   3.81551

  271.0   3.81137

  272.0   3.80713

  273.0   3.80400

  274.0   3.19934

  275.0   3.79962

  276.0   3.79858

  277.0   3.79720

  278.0   3.79637

  279.0   3.79553

  280.0   3.31855

  281.0   3.01682

  282.0   2.79414

  283.0   2.53796

  284.0   2.64619

  285.0   2.44948

  286.0   2.32971

  287.0   2.20027

  288.0   2.11931

  289.0   1.98600

  290.0   1.88482

  291.0   1.79414

  292.0   1.72616

  293.0   1.64527

  294.0   1.59030

  295.0   1.52498

  296.0   1.45934

  297.0   1.40507

  298.0   1.33816

  299.0   1.27911

  300.0   1.22469

  301.0   1.18102

  302.0   1.13248

  303.0   1.09351

  304.0   1.05677

  305.0   1.01984

  306.0   0.98439

  307.0   0.95106

  308.0   0.92293

  309.0   0.89173

  310.0   0.86379

  311.0   0.83666

  312.0   0.80911

  313.0   0.78319

  314.0   0.76222

  315.0   0.74111

  316.0   0.72251

  317.0   0.70493

  318.0   0.69076

  319.0   0.67954

  320.0   0.67759

  321.0   0.67134

  322.0   0.66655

  323.0   0.66797

  324.0   0.66850

  325.0   0.67059

  326.0   0.67703

  327.0   0.68345

  328.0   0.69537

  329.0   0.70549

  330.0   0.71673

  331.0   0.72871

  332.0   0.74216

  333.0   0.75566

  334.0   0.76578

  335.0   0.77992

  336.0   0.79702

  337.0   0.81708

  338.0   0.83172

  339.0   0.85245

  340.0   0.87059

  341.0   0.89143

  342.0   0.90462

  343.0   0.92346

  344.0   0.94185

  345.0   0.95969

  346.0   0.97994

  347.0   0.99596

  348.0   1.01269

  349.0   1.02485

  350.0   1.03877

  351.0   1.04439

  352.0   1.05459

  353.0   1.06065

  354.0   1.07105

  355.0   1.07181

  356.0   1.07099

  357.0   1.07781

  358.0   1.07810

  359.0   1.07227

  360.0   1.06741

  361.0   1.05951

  362.0   1.05317

  363.0   1.03969

  364.0   1.03101

  365.0   1.02532

  366.0   1.01528

  367.0   1.00037

  368.0   0.98748

  369.0   0.97645

  370.0   0.96128

  371.0   0.94936

  372.0   0.93792

  373.0   0.92441

  374.0   0.91450

  375.0   0.90333

  376.0   0.88995

  377.0   0.87888

  378.0   0.86362

  379.0   0.85047

  380.0   0.83523

  381.0   0.82020

  382.0   0.80481

  383.0   0.79295

  384.0   0.77641

  385.0   0.76290

  386.0   0.74607

  387.0   0.73163

  388.0   0.71570

  389.0   0.69840

  390.0   0.68377

  391.0   0.66892

  392.0   0.65317

  393.0   0.63923

  394.0   0.62403

  395.0   0.61084

  396.0   0.59824

  397.0   0.58529

  398.0   0.57221

  399.0   0.55957

  400.0   0.54785

  401.0   0.53718

  402.0   0.52575

  403.0   0.51490

  404.0   0.50365

  405.0   0.49355

  406.0   0.48345

  407.0   0.47206

  408.0   0.46198

  409.0   0.45091

  410.0   0.44009

  411.0   0.43000

  412.0   0.41875

  413.0   0.40859

  414.0   0.39798

  415.0   0.39263

  416.0   0.37474

  417.0   0.36327

  418.0   0.35214

  419.0   0.34038

  420.0   0.32962

  421.0   0.31904

  422.0   0.30769

  423.0   0.29717

  424.0   0.28633

  425.0   0.27654

  426.0   0.26625

  427.0   0.25708

  428.0   0.24822

  429.0   0.23893

  430.0   0.23066

  431.0   0.22195

  432.0   0.21448

  433.0   0.20673

  434.0   0.20003

  435.0   0.19332

  436.0   0.18658

  437.0   0.18066

  438.0   0.17435

  439.0   0.16895

  440.0   0.16317

  441.0   0.15815

  442.0   0.15291

  443.0   0.14821

  444.0   0.14385

  445.0   0.13912

  446.0   0.13505

  447.0   0.13062

  448.0   0.12671

  449.0   0.12249

  450.0   0.11864

  451.0   0.11467

  452.0   0.11125

  453.0   0.10741

  454.0   0.10375

  455.0   0.10005

  456.0   0.09676

  457.0   0.09363

  458.0   0.09014

  459.0   0.08705

  460.0   0.08365

  461.0   0.08070

  462.0   0.07750

  463.0   0.07478

  464.0   0.07184

  465.0   0.06919

  466.0   0.06636

  467.0   0.06401

  468.0   0.06149

  469.0   0.05916

  470.0   0.05670

  471.0   0.05455

  472.0   0.05229

  473.0   0.05033

  474.0   0.04816

  475.0   0.04632

  476.0   0.04424

  477.0   0.04252

  478.0   0.04076

  479.0   0.03915

  480.0   0.03746

  481.0   0.03600

  482.0   0.03446

  483.0   0.03313

  484.0   0.03171

  485.0   0.03052

  486.0   0.02919

  487.0   0.02812

  488.0   0.02697

  489.0   0.02595

  490.0   0.02487

  491.0   0.02402

  492.0   0.02305

  493.0   0.02225

  494.0   0.02146

  495.0   0.02077

  496.0   0.01994

  497.0   0.01923

  498.0   0.01852

  499.0   0.01795

  500.0   0.01724

  501.0   0.01678

  502.0   0.01622

  503.0   0.01570

  504.0   0.01533

  505.0   0.01487

  506.0   0.01445

  507.0   0.01405

  508.0   0.01366

  509.0   0.01332

  510.0   0.01300

  511.0   0.01273

  512.0   0.01235

  513.0   0.01211

  514.0   0.01186

  515.0   0.01165

  516.0   0.01142

  517.0   0.01126

  518.0   0.01107

  519.0   0.01095

  520.0   0.01078

  521.0   0.01063

  522.0   0.01045

  523.0   0.01035

  524.0   0.01023

  525.0   0.01013

  526.0   0.01013

  527.0   0.01009

  528.0   0.00999

  529.0   0.00986

  530.0   0.00985

  531.0   0.00984

  532.0   0.00982

  533.0   0.00979

  534.0   0.00983

  535.0   0.00980

  536.0   0.00984

  537.0   0.00989

  538.0   0.00991

  539.0   0.00987

  540.0   0.00992

  541.0   0.00997

  542.0   0.00995

  543.0   0.00998

  544.0   0.01003

  545.0   0.01005

  546.0   0.01012

  547.0   0.01009

  548.0   0.01013

  549.0   0.01013

  550.0   0.01014

  551.0   0.01012

  552.0   0.01006

  553.0   0.01006

  554.0   0.01001

  555.0   0.01003

  556.0   0.01002

  557.0   0.01073

  558.0   0.01078

  559.0   0.01073

  560.0   0.01080

  561.0   0.01076

  562.0   0.01079

  563.0   0.01083

  564.0   0.01082

  565.0   0.01078

  566.0   0.01079

  567.0   0.01079

  568.0   0.01077

  569.0   0.01082

  570.0   0.01085

  571.0   0.01090

  572.0   0.01090

  573.0   0.01093

  574.0   0.01091

  575.0   0.01094

  576.0   0.01089

  577.0   0.01080

  578.0   0.01073

  579.0   0.01074

  580.0   0.01069

  581.0   0.01073

  582.0   0.01065

  583.0   0.01068

  584.0   0.01063

  585.0   0.01064

  586.0   0.01062

  587.0   0.01061

  588.0   0.01056

  589.0   0.01054

  590.0   0.01054

  591.0   0.01059

  592.0   0.01059

  593.0   0.01057

  594.0   0.01056

  595.0   0.01059

  596.0   0.01059

  597.0   0.01060

  598.0   0.01061

  599.0   0.01062

  600.0   0.01063

  601.0   0.01067

  602.0   0.01068

  603.0   0.01073

  604.0   0.01078

  605.0   0.01081

  606.0   0.01086

  607.0   0.01085

  608.0   0.01089

  609.0   0.01090

  610.0   0.01096

  611.0   0.01094

  612.0   0.01097

  613.0   0.01103

  614.0   0.01109

  615.0   0.01106

  616.0   0.01111

  617.0   0.01115

  618.0   0.01119

  619.0   0.01120

  620.0   0.01119

  621.0   0.01120

  622.0   0.01123

  623.0   0.01119

  624.0   0.01119

  625.0   0.01123

  626.0   0.01122

  627.0   0.01125

  628.0   0.01127

  629.0   0.01124

  630.0   0.01123

  631.0   0.01125

  632.0   0.01123

  633.0   0.01120

  634.0   0.01118

  635.0   0.01114

  636.0   0.01111

  637.0   0.01106

  638.0   0.01103

  639.0   0.01101

  640.0   0.01098

  641.0   0.01092

  642.0   0.01094

  643.0   0.01092

  644.0   0.01086

  645.0   0.01083

  646.0   0.01076

  647.0   0.01071

  648.0   0.01068

  649.0   0.01062

  650.0   0.01061

  651.0   0.01058

  652.0   0.01057

  653.0   0.01051

  654.0   0.01046

  655.0   0.01039

  656.0   0.01036

  657.0   0.01033

  658.0   0.01027

  659.0   0.01020

  660.0   0.01015

  661.0   0.01011

  662.0   0.01006

  663.0   0.01002

  664.0   0.00995

  665.0   0.00994

  666.0   0.00989

  667.0   0.00982

  668.0   0.00983

  669.0   0.00978

  670.0   0.00973

  671.0   0.00970

  672.0   0.00966

  673.0   0.00960

  674.0   0.00957

  675.0   0.00953

  676.0   0.00948

  677.0   0.00940

  678.0   0.00931

  679.0   0.00923

  680.0   0.00918

  681.0   0.00915

  682.0   0.00911

  683.0   0.00908

  684.0   0.00900

  685.0   0.00896

  686.0   0.00893

  687.0   0.00885

  688.0   0.00882

  689.0   0.00875

  690.0   0.00869

  691.0   0.00864

  692.0   0.00857

  693.0   0.00851

  694.0   0.00846

  695.0   0.00841

  696.0   0.00839

  697.0   0.00833

  698.0   0.00829

  699.0   0.00824

  700.0   0.00819

  701.0   0.00814

  702.0   0.00809

  703.0   0.00802

  704.0   0.00801

  705.0   0.00798

  706.0   0.00794

  707.0   0.00793

  708.0   0.00786

  709.0   0.00781

  710.0   0.00778

  711.0   0.00773

  712.0   0.00768

  713.0   0.00761

  714.0   0.00756

  715.0   0.00749

  716.0   0.00746

  717.0   0.00739

  718.0   0.00734

  719.0   0.00726

  720.0   0.00726

  721.0   0.00714

  722.0   0.00707

  723.0   0.00704

  724.0   0.00695

  725.0   0.00688

  726.0   0.00674

  727.0   0.00663

  728.0   0.00655

  729.0   0.00654

  730.0   0.00654

  731.0   0.00654

  732.0   0.00652

  733.0   0.00654

  734.0   0.00647

  735.0   0.00638

  736.0   0.00726

  737.0   0.00718

  738.0   0.00714

  739.0   0.00709

  740.0   0.00705

  741.0   0.00704

  742.0   0.00700

  743.0   0.00691

  744.0   0.00687

  745.0   0.00673

  746.0   0.00670

  747.0   0.00667

  748.0   0.00659

  749.0   0.00659

  750.0   0.00661

  751.0   0.00656

  752.0   0.00651

  753.0   0.00643

  754.0   0.00638

  755.0   0.00630

  756.0   0.00623

  757.0   0.00623

  758.0   0.00614

  759.0   0.00603

  760.0   0.00596

  761.0   0.00594

  762.0   0.00592

  763.0   0.00581

  764.0   0.00579

  765.0   0.00566

  766.0   0.00559

  767.0   0.00557

  768.0   0.00553

  769.0   0.00551

  770.0   0.00549

  771.0   0.00541

  772.0   0.00531

  773.0   0.00530

  774.0   0.00522

  775.0   0.00512

  776.0   0.00505

  777.0   0.00506

  778.0   0.00493

  779.0   0.00491

  780.0   0.00486

  781.0   0.00479

  782.0   0.00477

  783.0   0.00473

  784.0   0.00471

  785.0   0.00458

  786.0   0.00459

  787.0   0.00457

  788.0   0.00455

  789.0   0.00450

  790.0   0.00449

  791.0   0.00449

  792.0   0.00447

  793.0   0.00440

  794.0   0.00438

  795.0   0.00433

  796.0   0.00440

  797.0   0.00440

  798.0   0.00450

  799.0   0.00447

  800.0   0.00450

 
