ser ID: DU600

Method ID: A:\DEFAULT

Date: 07/29/00

Time: 07:38

 200.0   2.44404

  201.0   2.68820

  202.0   2.42732

  203.0   3.36847

  204.0   3.40688

  205.0   3.44107

  206.0   3.47056

  207.0   3.49886

  208.0   3.52660

  209.0   3.55570

  210.0   3.58092

  211.0   3.60520

  212.0   3.62972

  213.0   3.65533

  214.0   3.67642

  215.0   3.69705

  216.0   3.71659

  217.0   3.73719

  218.0   3.75557

  219.0   3.77173

  220.0   3.78675

  221.0   3.80127

  222.0   3.81651

  223.0   3.82950

  224.0   3.84242

  225.0   3.85449

  226.0   3.56656

  227.0   3.88024

  228.0   3.89176

  229.0   3.90304

  230.0   3.91487

  231.0   3.92474

  232.0   3.93399

  233.0   3.94176

  234.0   3.94880

  235.0   3.95415

  236.0   3.95828

  237.0   3.96142

  238.0   3.96346

  239.0   3.96459

  240.0   3.96464

  241.0   3.96440

  242.0   3.96313

  243.0   3.96095

  244.0   3.95875

  245.0   3.95569

  246.0   3.95265

  247.0   3.94856

  248.0   3.94448

  249.0   3.63879

  250.0   3.93536

  251.0   3.93018

  252.0   3.92526

  253.0   3.91986

  254.0   3.91424

  255.0   3.90838

  256.0   3.90314

  257.0   3.89713

  258.0   3.89126

  259.0   3.88423

  260.0   3.87760

  261.0   3.87175

  262.0   3.86516

  263.0   3.85848

  264.0   3.85187

  265.0   3.36866

  266.0   3.53788

  267.0   2.98722

  268.0   3.12736

  269.0   3.12163

  270.0   2.91242

  271.0   2.66525

  272.0   2.63104

  273.0   2.48178

  274.0   2.32428

  275.0   2.24331

  276.0   2.15513

  277.0   2.04901

  278.0   1.96386

  279.0   1.87645

  280.0   1.79567

  281.0   1.74965

  282.0   1.68693

  283.0   1.63186

  284.0   1.58820

  285.0   1.53905

  286.0   1.49765

  287.0   1.46093

  288.0   1.41666

  289.0   1.38056

  290.0   1.35555

  291.0   1.33324

  292.0   1.30863

  293.0   1.28663

  294.0   1.26937

  295.0   1.25291

  296.0   1.24725

  297.0   1.23737

  298.0   1.22800

  299.0   1.22145

  300.0   1.21879

  301.0   1.21695

  302.0   1.21556

  303.0   1.21166

  304.0   1.20921

  305.0   1.21029

  306.0   1.20530

  307.0   1.20673

  308.0   1.20548

  309.0   1.19814

  310.0   1.18798

  311.0   1.18590

  312.0   1.18121

  313.0   1.17071

  314.0   1.16063

  315.0   1.15444

  316.0   1.14360

  317.0   1.13704

  318.0   1.12276

  319.0   1.11465

  320.0   1.10585

  321.0   1.10445

  322.0   1.08720

  323.0   1.07609

  324.0   1.06820

  325.0   1.06412

  326.0   1.05923

  327.0   1.04869

  328.0   1.04426

  329.0   1.03704

  330.0   1.02727

  331.0   1.01525

  332.0   1.00523

  333.0   0.98875

  334.0   0.97683

  335.0   0.96970

  336.0   0.95184

  337.0   0.93761

  338.0   0.92060

  339.0   0.90409

  340.0   0.88846

  341.0   0.87017

  342.0   0.85484

  343.0   0.83413

  344.0   0.81381

  345.0   0.79535

  346.0   0.77445

  347.0   0.75230

  348.0   0.73160

  349.0   0.71099

  350.0   0.68712

  351.0   0.66450

  352.0   0.64409

  353.0   0.62086

  354.0   0.60091

  355.0   0.58234

  356.0   0.56913

  357.0   0.53752

  358.0   0.51579

  359.0   0.49678

  360.0   0.47842

  361.0   0.45916

  362.0   0.44091

  363.0   0.42424

  364.0   0.40849

  365.0   0.39289

  366.0   0.37852

  367.0   0.36275

  368.0   0.35007

  369.0   0.33813

  370.0   0.32431

  371.0   0.31373

  372.0   0.30346

  373.0   0.29199

  374.0   0.28324

  375.0   0.27415

  376.0   0.26519

  377.0   0.25747

  378.0   0.24963

  379.0   0.24310

  380.0   0.23635

  381.0   0.23042

  382.0   0.22490

  383.0   0.21945

  384.0   0.21491

  385.0   0.21118

  386.0   0.20707

  387.0   0.20405

  388.0   0.20134

  389.0   0.19823

  390.0   0.19598

  391.0   0.19402

  392.0   0.19186

  393.0   0.19005

  394.0   0.18805

  395.0   0.18640

  396.0   0.18475

  397.0   0.18286

  398.0   0.18129

  399.0   0.17918

  400.0   0.17722

  401.0   0.17505

  402.0   0.17287

  403.0   0.17046

  404.0   0.16750

  405.0   0.16500

  406.0   0.16216

  407.0   0.15894

  408.0   0.15576

  409.0   0.15177

  410.0   0.14794

  411.0   0.14414

  412.0   0.13979

  413.0   0.13570

  414.0   0.13118

  415.0   0.12879

  416.0   0.12072

  417.0   0.11541

  418.0   0.11052

  419.0   0.10525

  420.0   0.10030

  421.0   0.09559

  422.0   0.09028

  423.0   0.08548

  424.0   0.08047

  425.0   0.07615

  426.0   0.07163

  427.0   0.06787

  428.0   0.06402

  429.0   0.06048

  430.0   0.05705

  431.0   0.05376

  432.0   0.05107

  433.0   0.04830

  434.0   0.04606

  435.0   0.04386

  436.0   0.04172

  437.0   0.04003

  438.0   0.03815

  439.0   0.03670

  440.0   0.03505

  441.0   0.03381

  442.0   0.03257

  443.0   0.03150

  444.0   0.03048

  445.0   0.02947

  446.0   0.02869

  447.0   0.02790

  448.0   0.02710

  449.0   0.02638

  450.0   0.02560

  451.0   0.02491

  452.0   0.02440

  453.0   0.02382

  454.0   0.02312

  455.0   0.02255

  456.0   0.02211

  457.0   0.02164

  458.0   0.02121

  459.0   0.02079

  460.0   0.02028

  461.0   0.01989

  462.0   0.01950

  463.0   0.01918

  464.0   0.01876

  465.0   0.01844

  466.0   0.01809

  467.0   0.01788

  468.0   0.01766

  469.0   0.01748

  470.0   0.01730

  471.0   0.01708

  472.0   0.01692

  473.0   0.01675

  474.0   0.01656

  475.0   0.01636

  476.0   0.01611

  477.0   0.01597

  478.0   0.01575

  479.0   0.01562

  480.0   0.01550

  481.0   0.01546

  482.0   0.01532

  483.0   0.01530

  484.0   0.01520

  485.0   0.01521

  486.0   0.01515

  487.0   0.01522

  488.0   0.01527

  489.0   0.01535

  490.0   0.01540

  491.0   0.01546

  492.0   0.01556

  493.0   0.01565

  494.0   0.01576

  495.0   0.01592

  496.0   0.01605

  497.0   0.01617

  498.0   0.01641

  499.0   0.01660

  500.0   0.01682

  501.0   0.01707

  502.0   0.01732

  503.0   0.01757

  504.0   0.01792

  505.0   0.01822

  506.0   0.01844

  507.0   0.01880

  508.0   0.01910

  509.0   0.01956

  510.0   0.01988

  511.0   0.02035

  512.0   0.02066

  513.0   0.02111

  514.0   0.02153

  515.0   0.02201

  516.0   0.02240

  517.0   0.02284

  518.0   0.02328

  519.0   0.02369

  520.0   0.02420

  521.0   0.02462

  522.0   0.02510

  523.0   0.02560

  524.0   0.02605

  525.0   0.02662

  526.0   0.02715

  527.0   0.02766

  528.0   0.02816

  529.0   0.02867

  530.0   0.02924

  531.0   0.02975

  532.0   0.03034

  533.0   0.03086

  534.0   0.03154

  535.0   0.03212

  536.0   0.03273

  537.0   0.03344

  538.0   0.03398

  539.0   0.03456

  540.0   0.03518

  541.0   0.03571

  542.0   0.03634

  543.0   0.03684

  544.0   0.03738

  545.0   0.03788

  546.0   0.03838

  547.0   0.03876

  548.0   0.03920

  549.0   0.03956

  550.0   0.03996

  551.0   0.04022

  552.0   0.04051

  553.0   0.04074

  554.0   0.04096

  555.0   0.04112

  556.0   0.04123

  557.0   0.04394

  558.0   0.04402

  559.0   0.04404

  560.0   0.04414

  561.0   0.04418

  562.0   0.04423

  563.0   0.04425

  564.0   0.04428

  565.0   0.04423

  566.0   0.04426

  567.0   0.04427

  568.0   0.04423

  569.0   0.04423

  570.0   0.04427

  571.0   0.04429

  572.0   0.04429

  573.0   0.04432

  574.0   0.04430

  575.0   0.04433

  576.0   0.04428

  577.0   0.04422

  578.0   0.04419

  579.0   0.04423

  580.0   0.04424

  581.0   0.04427

  582.0   0.04425

  583.0   0.04428

  584.0   0.04435

  585.0   0.04446

  586.0   0.04460

  587.0   0.04466

  588.0   0.04468

  589.0   0.04477

  590.0   0.04483

  591.0   0.04496

  592.0   0.04506

  593.0   0.04512

  594.0   0.04525

  595.0   0.04535

  596.0   0.04546

  597.0   0.04556

  598.0   0.04566

  599.0   0.04573

  600.0   0.04584

  601.0   0.04597

  602.0   0.04603

  603.0   0.04618

  604.0   0.04630

  605.0   0.04644

  606.0   0.04651

  607.0   0.04658

  608.0   0.04666

  609.0   0.04672

  610.0   0.04685

  611.0   0.04688

  612.0   0.04699

  613.0   0.04710

  614.0   0.04720

  615.0   0.04724

  616.0   0.04727

  617.0   0.04731

  618.0   0.04741

  619.0   0.04747

  620.0   0.04749

  621.0   0.04756

  622.0   0.04758

  623.0   0.04757

  624.0   0.04754

  625.0   0.04756

  626.0   0.04755

  627.0   0.04750

  628.0   0.04753

  629.0   0.04748

  630.0   0.04746

  631.0   0.04747

  632.0   0.04736

  633.0   0.04729

  634.0   0.04721

  635.0   0.04712

  636.0   0.04702

  637.0   0.04696

  638.0   0.04689

  639.0   0.04680

  640.0   0.04665

  641.0   0.04652

  642.0   0.04642

  643.0   0.04629

  644.0   0.04612

  645.0   0.04598

  646.0   0.04574

  647.0   0.04557

  648.0   0.04537

  649.0   0.04519

  650.0   0.04497

  651.0   0.04476

  652.0   0.04454

  653.0   0.04427

  654.0   0.04406

  655.0   0.04379

  656.0   0.04356

  657.0   0.04332

  658.0   0.04307

  659.0   0.04280

  660.0   0.04246

  661.0   0.04218

  662.0   0.04188

  663.0   0.04153

  664.0   0.04119

  665.0   0.04088

  666.0   0.04050

  667.0   0.04014

  668.0   0.03981

  669.0   0.03947

  670.0   0.03906

  671.0   0.03871

  672.0   0.03834

  673.0   0.03797

  674.0   0.03763

  675.0   0.03730

  676.0   0.03689

  677.0   0.03651

  678.0   0.03608

  679.0   0.03569

  680.0   0.03533

  681.0   0.03494

  682.0   0.03461

  683.0   0.03423

  684.0   0.03385

  685.0   0.03345

  686.0   0.03309

  687.0   0.03277

  688.0   0.03234

  689.0   0.03195

  690.0   0.03160

  691.0   0.03122

  692.0   0.03083

  693.0   0.03054

  694.0   0.03013

  695.0   0.02977

  696.0   0.02945

  697.0   0.02905

  698.0   0.02873

  699.0   0.02833

  700.0   0.02797

  701.0   0.02762

  702.0   0.02720

  703.0   0.02688

  704.0   0.02657

  705.0   0.02622

  706.0   0.02589

  707.0   0.02559

  708.0   0.02522

  709.0   0.02493

  710.0   0.02459

  711.0   0.02422

  712.0   0.02390

  713.0   0.02354

  714.0   0.02319

  715.0   0.02283

  716.0   0.02254

  717.0   0.02219

  718.0   0.02192

  719.0   0.02160

  720.0   0.02131

  721.0   0.02099

  722.0   0.02068

  723.0   0.02042

  724.0   0.02010

  725.0   0.01982

  726.0   0.01957

  727.0   0.01933

  728.0   0.01905

  729.0   0.01881

  730.0   0.01863

  731.0   0.01841

  732.0   0.01823

  733.0   0.01805

  734.0   0.01787

  735.0   0.01773

  736.0   0.02001

  737.0   0.01961

  738.0   0.01931

  739.0   0.01896

  740.0   0.01861

  741.0   0.01838

  742.0   0.01807

  743.0   0.01777

  744.0   0.01753

  745.0   0.01727

  746.0   0.01706

  747.0   0.01683

  748.0   0.01663

  749.0   0.01644

  750.0   0.01627

  751.0   0.01608

  752.0   0.01589

  753.0   0.01568

  754.0   0.01547

  755.0   0.01534

  756.0   0.01516

  757.0   0.01507

  758.0   0.01485

  759.0   0.01469

  760.0   0.01457

  761.0   0.01445

  762.0   0.01438

  763.0   0.01423

  764.0   0.01411

  765.0   0.01396

  766.0   0.01389

  767.0   0.01378

  768.0   0.01371

  769.0   0.01368

  770.0   0.01356

  771.0   0.01350

  772.0   0.01335

  773.0   0.01324

  774.0   0.01309

  775.0   0.01303

  776.0   0.01295

  777.0   0.01288

  778.0   0.01277

  779.0   0.01276

  780.0   0.01276

  781.0   0.01273

  782.0   0.01272

  783.0   0.01266

  784.0   0.01269

  785.0   0.01263

  786.0   0.01259

  787.0   0.01259

  788.0   0.01259

  789.0   0.01254

  790.0   0.01256

  791.0   0.01256

  792.0   0.01253

  793.0   0.01249

  794.0   0.01244

  795.0   0.01241

  796.0   0.01246

  797.0   0.01248

  798.0   0.01252

  799.0   0.01251

  800.0   0.01243

 
