ser ID: DU600

Method ID: A:\DEFAULT

Date: 07/29/00

Time: 05:01

 200.0   3.22220

  201.0   3.29026

  202.0   3.33041

  203.0   2.89135

  204.0   3.40688

  205.0   3.44107

  206.0   3.47056

  207.0   3.49886

  208.0   3.52660

  209.0   3.07858

  210.0   3.58092

  211.0   3.60520

  212.0   3.62972

  213.0   3.65533

  214.0   3.67642

  215.0   3.69705

  216.0   3.71659

  217.0   3.03822

  218.0   2.97742

  219.0   2.99358

  220.0   3.78675

  221.0   3.50024

  222.0   3.81651

  223.0   3.52847

  224.0   3.36530

  225.0   3.85449

  226.0   3.86759

  227.0   3.88024

  228.0   3.89176

  229.0   3.90304

  230.0   3.91487

  231.0   3.92474

  232.0   3.63296

  233.0   3.94176

  234.0   3.94880

  235.0   3.95415

  236.0   3.95828

  237.0   3.66039

  238.0   3.96346

  239.0   3.36253

  240.0   3.48752

  241.0   3.48728

  242.0   3.11803

  243.0   3.96095

  244.0   3.95875

  245.0   3.95569

  246.0   3.95265

  247.0   3.94856

  248.0   3.94448

  249.0   3.93982

  250.0   3.93536

  251.0   3.93018

  252.0   3.62423

  253.0   3.91986

  254.0   3.91424

  255.0   3.90838

  256.0   3.90314

  257.0   3.89713

  258.0   3.89126

  259.0   3.88423

  260.0   3.40048

  261.0   3.26969

  262.0   3.16619

  263.0   3.55745

  264.0   3.55084

  265.0   3.84578

  266.0   3.23685

  267.0   3.13335

  268.0   3.82633

  269.0   3.82060

  270.0   3.33839

  271.0   3.51034

  272.0   3.10816

  273.0   3.02585

  274.0   2.84716

  275.0   2.65349

  276.0   2.51983

  277.0   2.47498

  278.0   2.30500

  279.0   2.22733

  280.0   2.13291

  281.0   2.02412

  282.0   1.98123

  283.0   1.87415

  284.0   1.84293

  285.0   1.77487

  286.0   1.72393

  287.0   1.65462

  288.0   1.60957

  289.0   1.55919

  290.0   1.52379

  291.0   1.47817

  292.0   1.43074

  293.0   1.39309

  294.0   1.36305

  295.0   1.33060

  296.0   1.31235

  297.0   1.28731

  298.0   1.26644

  299.0   1.24188

  300.0   1.22946

  301.0   1.21462

  302.0   1.20398

  303.0   1.18664

  304.0   1.18199

  305.0   1.17073

  306.0   1.16477

  307.0   1.15918

  308.0   1.14373

  309.0   1.13865

  310.0   1.12599

  311.0   1.11316

  312.0   1.10102

  313.0   1.09014

  314.0   1.07967

  315.0   1.07152

  316.0   1.05838

  317.0   1.04415

  318.0   1.03498

  319.0   1.02239

  320.0   1.01703

  321.0   1.01709

  322.0   1.00423

  323.0   1.00028

  324.0   0.99625

  325.0   0.99064

  326.0   0.98626

  327.0   0.98540

  328.0   0.97882

  329.0   0.97172

  330.0   0.96864

  331.0   0.96871

  332.0   0.96158

  333.0   0.95860

  334.0   0.95265

  335.0   0.94685

  336.0   0.93875

  337.0   0.93761

  338.0   0.92754

  339.0   0.92124

  340.0   0.91300

  341.0   0.90426

  342.0   0.89604

  343.0   0.88673

  344.0   0.87546

  345.0   0.86489

  346.0   0.85585

  347.0   0.84106

  348.0   0.83089

  349.0   0.81968

  350.0   0.80725

  351.0   0.79215

  352.0   0.77815

  353.0   0.76369

  354.0   0.75122

  355.0   0.73957

  356.0   0.72905

  357.0   0.70609

  358.0   0.68909

  359.0   0.67246

  360.0   0.65438

  361.0   0.64029

  362.0   0.62358

  363.0   0.60763

  364.0   0.59199

  365.0   0.57564

  366.0   0.56100

  367.0   0.54555

  368.0   0.53205

  369.0   0.51881

  370.0   0.50532

  371.0   0.49247

  372.0   0.48173

  373.0   0.46877

  374.0   0.45862

  375.0   0.44828

  376.0   0.43758

  377.0   0.42778

  378.0   0.41675

  379.0   0.40778

  380.0   0.39956

  381.0   0.39026

  382.0   0.38261

  383.0   0.37490

  384.0   0.36644

  385.0   0.35944

  386.0   0.35232

  387.0   0.34570

  388.0   0.33979

  389.0   0.33341

  390.0   0.32768

  391.0   0.32257

  392.0   0.31723

  393.0   0.31218

  394.0   0.30704

  395.0   0.30273

  396.0   0.29806

  397.0   0.29303

  398.0   0.28855

  399.0   0.28359

  400.0   0.27957

  401.0   0.27506

  402.0   0.27050

  403.0   0.26574

  404.0   0.26073

  405.0   0.25606

  406.0   0.25123

  407.0   0.24608

  408.0   0.24094

  409.0   0.23532

  410.0   0.22958

  411.0   0.22389

  412.0   0.21762

  413.0   0.21161

  414.0   0.20510

  415.0   0.20200

  416.0   0.19084

  417.0   0.18346

  418.0   0.17678

  419.0   0.16941

  420.0   0.16270

  421.0   0.15609

  422.0   0.14863

  423.0   0.14230

  424.0   0.13526

  425.0   0.12922

  426.0   0.12290

  427.0   0.11744

  428.0   0.11213

  429.0   0.10671

  430.0   0.10168

  431.0   0.09684

  432.0   0.09266

  433.0   0.08823

  434.0   0.08465

  435.0   0.08111

  436.0   0.07754

  437.0   0.07470

  438.0   0.07142

  439.0   0.06880

  440.0   0.06610

  441.0   0.06372

  442.0   0.06145

  443.0   0.05943

  444.0   0.05746

  445.0   0.05554

  446.0   0.05372

  447.0   0.05202

  448.0   0.05039

  449.0   0.04872

  450.0   0.04727

  451.0   0.04574

  452.0   0.04437

  453.0   0.04297

  454.0   0.04160

  455.0   0.04021

  456.0   0.03910

  457.0   0.03794

  458.0   0.03683

  459.0   0.03579

  460.0   0.03457

  461.0   0.03356

  462.0   0.03249

  463.0   0.03166

  464.0   0.03062

  465.0   0.02973

  466.0   0.02884

  467.0   0.02815

  468.0   0.02742

  469.0   0.02675

  470.0   0.02603

  471.0   0.02540

  472.0   0.02480

  473.0   0.02425

  474.0   0.02362

  475.0   0.02305

  476.0   0.02246

  477.0   0.02191

  478.0   0.02143

  479.0   0.02096

  480.0   0.02045

  481.0   0.02010

  482.0   0.01969

  483.0   0.01935

  484.0   0.01900

  485.0   0.01868

  486.0   0.01838

  487.0   0.01817

  488.0   0.01793

  489.0   0.01770

  490.0   0.01753

  491.0   0.01740

  492.0   0.01725

  493.0   0.01713

  494.0   0.01702

  495.0   0.01696

  496.0   0.01687

  497.0   0.01682

  498.0   0.01682

  499.0   0.01682

  500.0   0.01686

  501.0   0.01695

  502.0   0.01702

  503.0   0.01709

  504.0   0.01723

  505.0   0.01734

  506.0   0.01744

  507.0   0.01762

  508.0   0.01779

  509.0   0.01797

  510.0   0.01822

  511.0   0.01846

  512.0   0.01859

  513.0   0.01884

  514.0   0.01908

  515.0   0.01938

  516.0   0.01961

  517.0   0.01989

  518.0   0.02017

  519.0   0.02049

  520.0   0.02081

  521.0   0.02114

  522.0   0.02148

  523.0   0.02187

  524.0   0.02215

  525.0   0.02258

  526.0   0.02297

  527.0   0.02333

  528.0   0.02367

  529.0   0.02408

  530.0   0.02451

  531.0   0.02488

  532.0   0.02531

  533.0   0.02566

  534.0   0.02613

  535.0   0.02660

  536.0   0.02705

  537.0   0.02756

  538.0   0.02794

  539.0   0.02838

  540.0   0.02889

  541.0   0.02928

  542.0   0.02973

  543.0   0.03008

  544.0   0.03049

  545.0   0.03089

  546.0   0.03124

  547.0   0.03156

  548.0   0.03190

  549.0   0.03212

  550.0   0.03243

  551.0   0.03267

  552.0   0.03289

  553.0   0.03305

  554.0   0.03323

  555.0   0.03335

  556.0   0.03343

  557.0   0.03589

  558.0   0.03589

  559.0   0.03587

  560.0   0.03596

  561.0   0.03598

  562.0   0.03599

  563.0   0.03603

  564.0   0.03602

  565.0   0.03600

  566.0   0.03600

  567.0   0.03602

  568.0   0.03599

  569.0   0.03601

  570.0   0.03603

  571.0   0.03605

  572.0   0.03604

  573.0   0.03605

  574.0   0.03603

  575.0   0.03602

  576.0   0.03593

  577.0   0.03591

  578.0   0.03590

  579.0   0.03595

  580.0   0.03593

  581.0   0.03596

  582.0   0.03592

  583.0   0.03594

  584.0   0.03597

  585.0   0.03604

  586.0   0.03609

  587.0   0.03614

  588.0   0.03616

  589.0   0.03614

  590.0   0.03618

  591.0   0.03626

  592.0   0.03633

  593.0   0.03643

  594.0   0.03648

  595.0   0.03658

  596.0   0.03671

  597.0   0.03682

  598.0   0.03690

  599.0   0.03699

  600.0   0.03707

  601.0   0.03721

  602.0   0.03727

  603.0   0.03736

  604.0   0.03743

  605.0   0.03758

  606.0   0.03765

  607.0   0.03771

  608.0   0.03780

  609.0   0.03784

  610.0   0.03790

  611.0   0.03794

  612.0   0.03798

  613.0   0.03804

  614.0   0.03810

  615.0   0.03812

  616.0   0.03815

  617.0   0.03822

  618.0   0.03827

  619.0   0.03827

  620.0   0.03830

  621.0   0.03836

  622.0   0.03837

  623.0   0.03839

  624.0   0.03837

  625.0   0.03840

  626.0   0.03839

  627.0   0.03834

  628.0   0.03834

  629.0   0.03829

  630.0   0.03826

  631.0   0.03824

  632.0   0.03816

  633.0   0.03811

  634.0   0.03802

  635.0   0.03791

  636.0   0.03783

  637.0   0.03785

  638.0   0.03777

  639.0   0.03766

  640.0   0.03756

  641.0   0.03739

  642.0   0.03729

  643.0   0.03725

  644.0   0.03708

  645.0   0.03699

  646.0   0.03681

  647.0   0.03669

  648.0   0.03652

  649.0   0.03638

  650.0   0.03620

  651.0   0.03602

  652.0   0.03587

  653.0   0.03564

  654.0   0.03545

  655.0   0.03523

  656.0   0.03506

  657.0   0.03492

  658.0   0.03471

  659.0   0.03448

  660.0   0.03420

  661.0   0.03394

  662.0   0.03372

  663.0   0.03343

  664.0   0.03319

  665.0   0.03296

  666.0   0.03267

  667.0   0.03239

  668.0   0.03212

  669.0   0.03189

  670.0   0.03158

  671.0   0.03133

  672.0   0.03108

  673.0   0.03080

  674.0   0.03058

  675.0   0.03027

  676.0   0.02997

  677.0   0.02964

  678.0   0.02927

  679.0   0.02895

  680.0   0.02869

  681.0   0.02840

  682.0   0.02817

  683.0   0.02787

  684.0   0.02766

  685.0   0.02739

  686.0   0.02714

  687.0   0.02688

  688.0   0.02658

  689.0   0.02625

  690.0   0.02597

  691.0   0.02563

  692.0   0.02530

  693.0   0.02510

  694.0   0.02480

  695.0   0.02456

  696.0   0.02431

  697.0   0.02402

  698.0   0.02375

  699.0   0.02343

  700.0   0.02317

  701.0   0.02292

  702.0   0.02261

  703.0   0.02237

  704.0   0.02210

  705.0   0.02177

  706.0   0.02152

  707.0   0.02129

  708.0   0.02100

  709.0   0.02075

  710.0   0.02049

  711.0   0.02022

  712.0   0.01996

  713.0   0.01966

  714.0   0.01942

  715.0   0.01915

  716.0   0.01895

  717.0   0.01866

  718.0   0.01847

  719.0   0.01824

  720.0   0.01804

  721.0   0.01774

  722.0   0.01749

  723.0   0.01728

  724.0   0.01698

  725.0   0.01677

  726.0   0.01653

  727.0   0.01634

  728.0   0.01613

  729.0   0.01598

  730.0   0.01585

  731.0   0.01564

  732.0   0.01549

  733.0   0.01531

  734.0   0.01518

  735.0   0.01511

  736.0   0.01723

  737.0   0.01690

  738.0   0.01664

  739.0   0.01635

  740.0   0.01609

  741.0   0.01589

  742.0   0.01562

  743.0   0.01535

  744.0   0.01514

  745.0   0.01491

  746.0   0.01474

  747.0   0.01451

  748.0   0.01439

  749.0   0.01425

  750.0   0.01417

  751.0   0.01398

  752.0   0.01382

  753.0   0.01364

  754.0   0.01351

  755.0   0.01335

  756.0   0.01320

  757.0   0.01310

  758.0   0.01290

  759.0   0.01278

  760.0   0.01263

  761.0   0.01247

  762.0   0.01238

  763.0   0.01225

  764.0   0.01216

  765.0   0.01201

  766.0   0.01191

  767.0   0.01187

  768.0   0.01181

  769.0   0.01177

  770.0   0.01171

  771.0   0.01161

  772.0   0.01152

  773.0   0.01138

  774.0   0.01129

  775.0   0.01125

  776.0   0.01116

  777.0   0.01112

  778.0   0.01106

  779.0   0.01102

  780.0   0.01099

  781.0   0.01090

  782.0   0.01095

  783.0   0.01085

  784.0   0.01085

  785.0   0.01076

  786.0   0.01072

  787.0   0.01071

  788.0   0.01068

  789.0   0.01065

  790.0   0.01064

  791.0   0.01069

  792.0   0.01069

  793.0   0.01065

  794.0   0.01059

  795.0   0.01055

  796.0   0.01063

  797.0   0.01065

  798.0   0.01072

  799.0   0.01070

  800.0   0.01062

 
