ser ID: DU600

Method ID: A:\DEFAULT

Date: 07/29/00

Time: 03:37

 200.0   3.22220

  201.0   3.29026

  202.0   3.02938

  203.0   3.36847

  204.0   3.40688

  205.0   3.44107

  206.0   2.99344

  207.0   3.49886

  208.0   3.52660

  209.0   3.55570

  210.0   3.58092

  211.0   3.60520

  212.0   3.62972

  213.0   3.65533

  214.0   3.67642

  215.0   3.39602

  216.0   3.71659

  217.0   3.73719

  218.0   3.75557

  219.0   3.77173

  220.0   3.78675

  221.0   3.80127

  222.0   3.81651

  223.0   3.82950

  224.0   3.84242

  225.0   3.85449

  226.0   3.56656

  227.0   3.88024

  228.0   3.89176

  229.0   3.90304

  230.0   3.91487

  231.0   3.92474

  232.0   3.93399

  233.0   3.94176

  234.0   3.34674

  235.0   3.65312

  236.0   3.95828

  237.0   3.96142

  238.0   3.96346

  239.0   3.96459

  240.0   3.96464

  241.0   3.96440

  242.0   3.96313

  243.0   3.96095

  244.0   3.95875

  245.0   3.95569

  246.0   3.65162

  247.0   3.34650

  248.0   3.46736

  249.0   3.93982

  250.0   3.93536

  251.0   3.93018

  252.0   3.92526

  253.0   3.91986

  254.0   3.91424

  255.0   3.90838

  256.0   3.60211

  257.0   3.59610

  258.0   3.89126

  259.0   3.88423

  260.0   3.87760

  261.0   3.87175

  262.0   3.86516

  263.0   3.85848

  264.0   3.85187

  265.0   3.84578

  266.0   3.83891

  267.0   3.83232

  268.0   3.82633

  269.0   3.82060

  270.0   3.81551

  271.0   3.81137

  272.0   3.50610

  273.0   3.80400

  274.0   3.80140

  275.0   3.79962

  276.0   3.09961

  277.0   3.49617

  278.0   3.01821

  279.0   3.19347

  280.0   2.89258

  281.0   3.19292

  282.0   2.71496

  283.0   2.67929

  284.0   2.58820

  285.0   2.39396

  286.0   2.26063

  287.0   2.12858

  288.0   2.02056

  289.0   1.94092

  290.0   1.87422

  291.0   1.77711

  292.0   1.71517

  293.0   1.64527

  294.0   1.58223

  295.0   1.50893

  296.0   1.44354

  297.0   1.38592

  298.0   1.33209

  299.0   1.27378

  300.0   1.22350

  301.0   1.18535

  302.0   1.14229

  303.0   1.10526

  304.0   1.06932

  305.0   1.03856

  306.0   1.00399

  307.0   0.97285

  308.0   0.94355

  309.0   0.91241

  310.0   0.88934

  311.0   0.86436

  312.0   0.83714

  313.0   0.81312

  314.0   0.79215

  315.0   0.77740

  316.0   0.75687

  317.0   0.73886

  318.0   0.72552

  319.0   0.71349

  320.0   0.70814

  321.0   0.70720

  322.0   0.70037

  323.0   0.70114

  324.0   0.70039

  325.0   0.70421

  326.0   0.70741

  327.0   0.71437

  328.0   0.72164

  329.0   0.72881

  330.0   0.74013

  331.0   0.75112

  332.0   0.76301

  333.0   0.77543

  334.0   0.78877

  335.0   0.80238

  336.0   0.81421

  337.0   0.82811

  338.0   0.84308

  339.0   0.85702

  340.0   0.87670

  341.0   0.89143

  342.0   0.90971

  343.0   0.92647

  344.0   0.94341

  345.0   0.95969

  346.0   0.96909

  347.0   0.98645

  348.0   0.99405

  349.0   1.00753

  350.0   1.01817

  351.0   1.02538

  352.0   1.03894

  353.0   1.03990

  354.0   1.04779

  355.0   1.05042

  356.0   1.05155

  357.0   1.05019

  358.0   1.04994

  359.0   1.04210

  360.0   1.03812

  361.0   1.02942

  362.0   1.02065

  363.0   1.00788

  364.0   0.99809

  365.0   0.98528

  366.0   0.97625

  367.0   0.96345

  368.0   0.95424

  369.0   0.94034

  370.0   0.92725

  371.0   0.91760

  372.0   0.90302

  373.0   0.89010

  374.0   0.87815

  375.0   0.86842

  376.0   0.85302

  377.0   0.84042

  378.0   0.82749

  379.0   0.81418

  380.0   0.80237

  381.0   0.78875

  382.0   0.77347

  383.0   0.75884

  384.0   0.74323

  385.0   0.72921

  386.0   0.71458

  387.0   0.70074

  388.0   0.68582

  389.0   0.67046

  390.0   0.65626

  391.0   0.64240

  392.0   0.62793

  393.0   0.61482

  394.0   0.59961

  395.0   0.58707

  396.0   0.57550

  397.0   0.56224

  398.0   0.55122

  399.0   0.53861

  400.0   0.52808

  401.0   0.51754

  402.0   0.50672

  403.0   0.49689

  404.0   0.48571

  405.0   0.47554

  406.0   0.46598

  407.0   0.45537

  408.0   0.44596

  409.0   0.43528

  410.0   0.42501

  411.0   0.41541

  412.0   0.40449

  413.0   0.39435

  414.0   0.38428

  415.0   0.37847

  416.0   0.36149

  417.0   0.34941

  418.0   0.33914

  419.0   0.32774

  420.0   0.31709

  421.0   0.30680

  422.0   0.29592

  423.0   0.28567

  424.0   0.27459

  425.0   0.26495

  426.0   0.25473

  427.0   0.24571

  428.0   0.23721

  429.0   0.22820

  430.0   0.22005

  431.0   0.21171

  432.0   0.20454

  433.0   0.19684

  434.0   0.19024

  435.0   0.18389

  436.0   0.17736

  437.0   0.17175

  438.0   0.16560

  439.0   0.16047

  440.0   0.15489

  441.0   0.15003

  442.0   0.14516

  443.0   0.14067

  444.0   0.13636

  445.0   0.13189

  446.0   0.12792

  447.0   0.12383

  448.0   0.11995

  449.0   0.11604

  450.0   0.11232

  451.0   0.10853

  452.0   0.10532

  453.0   0.10164

  454.0   0.09827

  455.0   0.09486

  456.0   0.09179

  457.0   0.08878

  458.0   0.08545

  459.0   0.08261

  460.0   0.07937

  461.0   0.07657

  462.0   0.07366

  463.0   0.07101

  464.0   0.06823

  465.0   0.06570

  466.0   0.06304

  467.0   0.06081

  468.0   0.05839

  469.0   0.05622

  470.0   0.05401

  471.0   0.05190

  472.0   0.04981

  473.0   0.04803

  474.0   0.04600

  475.0   0.04428

  476.0   0.04242

  477.0   0.04069

  478.0   0.03902

  479.0   0.03751

  480.0   0.03597

  481.0   0.03470

  482.0   0.03328

  483.0   0.03196

  484.0   0.03067

  485.0   0.02950

  486.0   0.02823

  487.0   0.02731

  488.0   0.02620

  489.0   0.02533

  490.0   0.02437

  491.0   0.02352

  492.0   0.02263

  493.0   0.02192

  494.0   0.02113

  495.0   0.02045

  496.0   0.01968

  497.0   0.01904

  498.0   0.01840

  499.0   0.01785

  500.0   0.01728

  501.0   0.01683

  502.0   0.01634

  503.0   0.01588

  504.0   0.01555

  505.0   0.01511

  506.0   0.01472

  507.0   0.01438

  508.0   0.01403

  509.0   0.01370

  510.0   0.01349

  511.0   0.01323

  512.0   0.01299

  513.0   0.01278

  514.0   0.01256

  515.0   0.01242

  516.0   0.01223

  517.0   0.01207

  518.0   0.01194

  519.0   0.01178

  520.0   0.01165

  521.0   0.01154

  522.0   0.01141

  523.0   0.01136

  524.0   0.01129

  525.0   0.01129

  526.0   0.01132

  527.0   0.01125

  528.0   0.01120

  529.0   0.01119

  530.0   0.01116

  531.0   0.01117

  532.0   0.01118

  533.0   0.01116

  534.0   0.01120

  535.0   0.01122

  536.0   0.01123

  537.0   0.01130

  538.0   0.01134

  539.0   0.01138

  540.0   0.01146

  541.0   0.01154

  542.0   0.01162

  543.0   0.01166

  544.0   0.01178

  545.0   0.01180

  546.0   0.01189

  547.0   0.01192

  548.0   0.01194

  549.0   0.01196

  550.0   0.01200

  551.0   0.01199

  552.0   0.01196

  553.0   0.01199

  554.0   0.01202

  555.0   0.01199

  556.0   0.01202

  557.0   0.01280

  558.0   0.01286

  559.0   0.01286

  560.0   0.01290

  561.0   0.01292

  562.0   0.01296

  563.0   0.01298

  564.0   0.01298

  565.0   0.01300

  566.0   0.01299

  567.0   0.01299

  568.0   0.01298

  569.0   0.01303

  570.0   0.01305

  571.0   0.01306

  572.0   0.01307

  573.0   0.01308

  574.0   0.01309

  575.0   0.01309

  576.0   0.01306

  577.0   0.01299

  578.0   0.01298

  579.0   0.01299

  580.0   0.01289

  581.0   0.01289

  582.0   0.01285

  583.0   0.01288

  584.0   0.01284

  585.0   0.01285

  586.0   0.01278

  587.0   0.01280

  588.0   0.01276

  589.0   0.01277

  590.0   0.01279

  591.0   0.01283

  592.0   0.01282

  593.0   0.01283

  594.0   0.01282

  595.0   0.01282

  596.0   0.01289

  597.0   0.01290

  598.0   0.01290

  599.0   0.01295

  600.0   0.01301

  601.0   0.01305

  602.0   0.01307

  603.0   0.01309

  604.0   0.01313

  605.0   0.01317

  606.0   0.01317

  607.0   0.01321

  608.0   0.01324

  609.0   0.01325

  610.0   0.01333

  611.0   0.01335

  612.0   0.01339

  613.0   0.01342

  614.0   0.01345

  615.0   0.01348

  616.0   0.01348

  617.0   0.01349

  618.0   0.01355

  619.0   0.01355

  620.0   0.01357

  621.0   0.01358

  622.0   0.01360

  623.0   0.01361

  624.0   0.01361

  625.0   0.01361

  626.0   0.01361

  627.0   0.01364

  628.0   0.01366

  629.0   0.01366

  630.0   0.01364

  631.0   0.01364

  632.0   0.01361

  633.0   0.01359

  634.0   0.01353

  635.0   0.01349

  636.0   0.01346

  637.0   0.01347

  638.0   0.01343

  639.0   0.01339

  640.0   0.01334

  641.0   0.01328

  642.0   0.01322

  643.0   0.01320

  644.0   0.01313

  645.0   0.01310

  646.0   0.01305

  647.0   0.01301

  648.0   0.01293

  649.0   0.01285

  650.0   0.01277

  651.0   0.01269

  652.0   0.01264

  653.0   0.01258

  654.0   0.01251

  655.0   0.01244

  656.0   0.01245

  657.0   0.01248

  658.0   0.01245

  659.0   0.01238

  660.0   0.01229

  661.0   0.01219

  662.0   0.01211

  663.0   0.01201

  664.0   0.01198

  665.0   0.01191

  666.0   0.01183

  667.0   0.01175

  668.0   0.01172

  669.0   0.01169

  670.0   0.01163

  671.0   0.01162

  672.0   0.01156

  673.0   0.01150

  674.0   0.01149

  675.0   0.01143

  676.0   0.01135

  677.0   0.01125

  678.0   0.01115

  679.0   0.01101

  680.0   0.01098

  681.0   0.01089

  682.0   0.01089

  683.0   0.01084

  684.0   0.01076

  685.0   0.01074

  686.0   0.01071

  687.0   0.01063

  688.0   0.01054

  689.0   0.01048

  690.0   0.01038

  691.0   0.01030

  692.0   0.01016

  693.0   0.01006

  694.0   0.00994

  695.0   0.00984

  696.0   0.00978

  697.0   0.00970

  698.0   0.00967

  699.0   0.00957

  700.0   0.00958

  701.0   0.00952

  702.0   0.00947

  703.0   0.00941

  704.0   0.00939

  705.0   0.00938

  706.0   0.00934

  707.0   0.00929

  708.0   0.00925

  709.0   0.00927

  710.0   0.00923

  711.0   0.00911

  712.0   0.00907

  713.0   0.00903

  714.0   0.00899

  715.0   0.00891

  716.0   0.00886

  717.0   0.00876

  718.0   0.00872

  719.0   0.00859

  720.0   0.00849

  721.0   0.00830

  722.0   0.00821

  723.0   0.00815

  724.0   0.00807

  725.0   0.00800

  726.0   0.00792

  727.0   0.00787

  728.0   0.00775

  729.0   0.00772

  730.0   0.00771

  731.0   0.00763

  732.0   0.00762

  733.0   0.00760

  734.0   0.00754

  735.0   0.00752

  736.0   0.00827

  737.0   0.00814

  738.0   0.00809

  739.0   0.00804

  740.0   0.00803

  741.0   0.00801

  742.0   0.00791

  743.0   0.00785

  744.0   0.00779

  745.0   0.00770

  746.0   0.00767

  747.0   0.00758

  748.0   0.00758

  749.0   0.00752

  750.0   0.00750

  751.0   0.00739

  752.0   0.00726

  753.0   0.00718

  754.0   0.00708

  755.0   0.00705

  756.0   0.00698

  757.0   0.00696

  758.0   0.00683

  759.0   0.00679

  760.0   0.00671

  761.0   0.00666

  762.0   0.00662

  763.0   0.00649

  764.0   0.00649

  765.0   0.00637

  766.0   0.00630

  767.0   0.00620

  768.0   0.00618

  769.0   0.00613

  770.0   0.00606

  771.0   0.00601

  772.0   0.00594

  773.0   0.00579

  774.0   0.00580

  775.0   0.00573

  776.0   0.00563

  777.0   0.00561

  778.0   0.00554

  779.0   0.00549

  780.0   0.00547

  781.0   0.00537

  782.0   0.00538

  783.0   0.00528

  784.0   0.00532

  785.0   0.00525

  786.0   0.00523

  787.0   0.00524

  788.0   0.00517

  789.0   0.00512

  790.0   0.00516

  791.0   0.00512

  792.0   0.00513

  793.0   0.00511

  794.0   0.00506

  795.0   0.00499

  796.0   0.00503

  797.0   0.00506

  798.0   0.00504

  799.0   0.00505

  800.0   0.00491

 
