ser ID: DU600

Method ID: A:\DEFAULT

Date: 07/29/00

Time: 03:54

 200.0   3.22220

  201.0   3.29026

  202.0   3.33041

  203.0   3.36847

  204.0   3.40688

  205.0   3.44107

  206.0   3.47056

  207.0   3.49886

  208.0   3.52660

  209.0   3.55570

  210.0   3.58092

  211.0   3.60520

  212.0   3.62972

  213.0   3.65533

  214.0   3.67642

  215.0   3.69705

  216.0   3.71659

  217.0   3.73719

  218.0   3.75557

  219.0   3.77173

  220.0   3.78675

  221.0   3.80127

  222.0   3.81651

  223.0   3.82950

  224.0   3.84242

  225.0   3.55346

  226.0   3.86759

  227.0   3.88024

  228.0   3.59073

  229.0   3.90304

  230.0   3.91487

  231.0   3.92474

  232.0   3.93399

  233.0   3.64073

  234.0   3.64777

  235.0   3.95415

  236.0   3.95828

  237.0   3.96142

  238.0   3.96346

  239.0   3.96459

  240.0   3.96464

  241.0   3.96440

  242.0   3.96313

  243.0   3.96095

  244.0   3.95875

  245.0   3.95569

  246.0   3.95265

  247.0   3.94856

  248.0   3.94448

  249.0   3.93982

  250.0   3.93536

  251.0   3.93018

  252.0   3.92526

  253.0   3.91986

  254.0   3.91424

  255.0   3.90838

  256.0   3.90314

  257.0   3.89713

  258.0   3.89126

  259.0   3.88423

  260.0   3.87760

  261.0   3.87175

  262.0   3.86516

  263.0   3.85848

  264.0   3.85187

  265.0   3.84578

  266.0   3.83891

  267.0   3.83232

  268.0   3.22427

  269.0   3.82060

  270.0   3.81551

  271.0   3.51034

  272.0   3.33001

  273.0   3.20194

  274.0   3.02325

  275.0   3.02146

  276.0   2.95348

  277.0   2.75581

  278.0   2.84212

  279.0   2.79553

  280.0   2.75428

  281.0   2.59086

  282.0   2.47192

  283.0   2.39529

  284.0   2.32992

  285.0   2.17912

  286.0   2.09314

  287.0   2.00601

  288.0   1.89378

  289.0   1.83794

  290.0   1.75587

  291.0   1.69034

  292.0   1.62703

  293.0   1.56404

  294.0   1.51338

  295.0   1.45404

  296.0   1.40998

  297.0   1.36595

  298.0   1.32610

  299.0   1.27510

  300.0   1.23917

  301.0   1.20883

  302.0   1.17417

  303.0   1.13956

  304.0   1.11394

  305.0   1.08387

  306.0   1.05682

  307.0   1.04154

  308.0   1.01281

  309.0   0.99297

  310.0   0.97213

  311.0   0.95082

  312.0   0.93201

  313.0   0.91239

  314.0   0.89288

  315.0   0.87656

  316.0   0.85876

  317.0   0.84673

  318.0   0.83466

  319.0   0.82415

  320.0   0.81879

  321.0   0.81214

  322.0   0.80545

  323.0   0.80339

  324.0   0.80217

  325.0   0.80448

  326.0   0.80772

  327.0   0.81301

  328.0   0.81717

  329.0   0.82356

  330.0   0.82722

  331.0   0.83266

  332.0   0.83816

  333.0   0.84275

  334.0   0.85057

  335.0   0.85776

  336.0   0.86688

  337.0   0.87318

  338.0   0.87907

  339.0   0.88971

  340.0   0.89840

  341.0   0.90644

  342.0   0.91486

  343.0   0.92270

  344.0   0.92955

  345.0   0.94225

  346.0   0.94505

  347.0   0.95117

  348.0   0.95504

  349.0   0.96017

  350.0   0.96247

  351.0   0.96472

  352.0   0.96572

  353.0   0.96476

  354.0   0.96388

  355.0   0.95851

  356.0   0.95826

  357.0   0.94796

  358.0   0.93833

  359.0   0.93349

  360.0   0.92273

  361.0   0.91506

  362.0   0.89987

  363.0   0.89026

  364.0   0.88075

  365.0   0.86486

  366.0   0.85329

  367.0   0.83834

  368.0   0.82524

  369.0   0.81355

  370.0   0.79867

  371.0   0.78685

  372.0   0.77547

  373.0   0.76221

  374.0   0.75055

  375.0   0.73887

  376.0   0.72613

  377.0   0.71568

  378.0   0.70164

  379.0   0.69002

  380.0   0.67857

  381.0   0.66458

  382.0   0.65346

  383.0   0.64067

  384.0   0.62791

  385.0   0.61501

  386.0   0.60228

  387.0   0.59108

  388.0   0.57900

  389.0   0.56691

  390.0   0.55565

  391.0   0.54393

  392.0   0.53233

  393.0   0.52181

  394.0   0.51026

  395.0   0.50042

  396.0   0.49053

  397.0   0.48070

  398.0   0.47140

  399.0   0.46154

  400.0   0.45275

  401.0   0.44456

  402.0   0.43565

  403.0   0.42740

  404.0   0.41822

  405.0   0.41029

  406.0   0.40184

  407.0   0.39292

  408.0   0.38457

  409.0   0.37545

  410.0   0.36651

  411.0   0.35824

  412.0   0.34834

  413.0   0.33966

  414.0   0.33020

  415.0   0.32583

  416.0   0.31042

  417.0   0.30003

  418.0   0.29025

  419.0   0.27993

  420.0   0.27030

  421.0   0.26087

  422.0   0.25061

  423.0   0.24161

  424.0   0.23167

  425.0   0.22306

  426.0   0.21398

  427.0   0.20591

  428.0   0.19827

  429.0   0.19015

  430.0   0.18282

  431.0   0.17547

  432.0   0.16911

  433.0   0.16233

  434.0   0.15648

  435.0   0.15100

  436.0   0.14539

  437.0   0.14030

  438.0   0.13514

  439.0   0.13063

  440.0   0.12585

  441.0   0.12178

  442.0   0.11764

  443.0   0.11401

  444.0   0.11039

  445.0   0.10662

  446.0   0.10347

  447.0   0.10011

  448.0   0.09697

  449.0   0.09376

  450.0   0.09081

  451.0   0.08775

  452.0   0.08512

  453.0   0.08219

  454.0   0.07941

  455.0   0.07657

  456.0   0.07412

  457.0   0.07166

  458.0   0.06917

  459.0   0.06694

  460.0   0.06432

  461.0   0.06217

  462.0   0.05988

  463.0   0.05784

  464.0   0.05561

  465.0   0.05367

  466.0   0.05162

  467.0   0.04992

  468.0   0.04808

  469.0   0.04642

  470.0   0.04471

  471.0   0.04317

  472.0   0.04154

  473.0   0.04011

  474.0   0.03860

  475.0   0.03725

  476.0   0.03576

  477.0   0.03452

  478.0   0.03322

  479.0   0.03211

  480.0   0.03089

  481.0   0.02993

  482.0   0.02880

  483.0   0.02785

  484.0   0.02687

  485.0   0.02601

  486.0   0.02510

  487.0   0.02444

  488.0   0.02363

  489.0   0.02292

  490.0   0.02220

  491.0   0.02156

  492.0   0.02087

  493.0   0.02036

  494.0   0.01981

  495.0   0.01931

  496.0   0.01877

  497.0   0.01839

  498.0   0.01796

  499.0   0.01763

  500.0   0.01728

  501.0   0.01701

  502.0   0.01672

  503.0   0.01637

  504.0   0.01624

  505.0   0.01597

  506.0   0.01573

  507.0   0.01557

  508.0   0.01537

  509.0   0.01525

  510.0   0.01516

  511.0   0.01506

  512.0   0.01486

  513.0   0.01479

  514.0   0.01469

  515.0   0.01471

  516.0   0.01464

  517.0   0.01462

  518.0   0.01459

  519.0   0.01457

  520.0   0.01458

  521.0   0.01468

  522.0   0.01471

  523.0   0.01482

  524.0   0.01488

  525.0   0.01499

  526.0   0.01508

  527.0   0.01519

  528.0   0.01521

  529.0   0.01530

  530.0   0.01546

  531.0   0.01557

  532.0   0.01576

  533.0   0.01584

  534.0   0.01604

  535.0   0.01622

  536.0   0.01639

  537.0   0.01655

  538.0   0.01670

  539.0   0.01688

  540.0   0.01705

  541.0   0.01720

  542.0   0.01737

  543.0   0.01755

  544.0   0.01775

  545.0   0.01787

  546.0   0.01807

  547.0   0.01821

  548.0   0.01833

  549.0   0.01843

  550.0   0.01855

  551.0   0.01863

  552.0   0.01866

  553.0   0.01873

  554.0   0.01880

  555.0   0.01883

  556.0   0.01886

  557.0   0.02028

  558.0   0.02030

  559.0   0.02029

  560.0   0.02045

  561.0   0.02044

  562.0   0.02044

  563.0   0.02049

  564.0   0.02043

  565.0   0.02041

  566.0   0.02044

  567.0   0.02044

  568.0   0.02044

  569.0   0.02050

  570.0   0.02051

  571.0   0.02051

  572.0   0.02053

  573.0   0.02052

  574.0   0.02058

  575.0   0.02055

  576.0   0.02052

  577.0   0.02043

  578.0   0.02041

  579.0   0.02044

  580.0   0.02037

  581.0   0.02037

  582.0   0.02036

  583.0   0.02035

  584.0   0.02036

  585.0   0.02039

  586.0   0.02035

  587.0   0.02037

  588.0   0.02032

  589.0   0.02031

  590.0   0.02034

  591.0   0.02035

  592.0   0.02036

  593.0   0.02041

  594.0   0.02041

  595.0   0.02044

  596.0   0.02048

  597.0   0.02058

  598.0   0.02059

  599.0   0.02058

  600.0   0.02066

  601.0   0.02072

  602.0   0.02077

  603.0   0.02088

  604.0   0.02093

  605.0   0.02100

  606.0   0.02106

  607.0   0.02109

  608.0   0.02118

  609.0   0.02119

  610.0   0.02123

  611.0   0.02125

  612.0   0.02128

  613.0   0.02130

  614.0   0.02135

  615.0   0.02133

  616.0   0.02139

  617.0   0.02142

  618.0   0.02149

  619.0   0.02153

  620.0   0.02151

  621.0   0.02154

  622.0   0.02158

  623.0   0.02156

  624.0   0.02154

  625.0   0.02157

  626.0   0.02157

  627.0   0.02154

  628.0   0.02154

  629.0   0.02153

  630.0   0.02151

  631.0   0.02146

  632.0   0.02144

  633.0   0.02140

  634.0   0.02133

  635.0   0.02121

  636.0   0.02118

  637.0   0.02114

  638.0   0.02112

  639.0   0.02106

  640.0   0.02097

  641.0   0.02088

  642.0   0.02081

  643.0   0.02076

  644.0   0.02066

  645.0   0.02061

  646.0   0.02055

  647.0   0.02048

  648.0   0.02040

  649.0   0.02034

  650.0   0.02027

  651.0   0.02019

  652.0   0.02007

  653.0   0.01999

  654.0   0.01987

  655.0   0.01973

  656.0   0.01966

  657.0   0.01958

  658.0   0.01948

  659.0   0.01939

  660.0   0.01929

  661.0   0.01915

  662.0   0.01902

  663.0   0.01890

  664.0   0.01874

  665.0   0.01862

  666.0   0.01848

  667.0   0.01836

  668.0   0.01827

  669.0   0.01814

  670.0   0.01801

  671.0   0.01790

  672.0   0.01772

  673.0   0.01756

  674.0   0.01748

  675.0   0.01732

  676.0   0.01712

  677.0   0.01697

  678.0   0.01678

  679.0   0.01659

  680.0   0.01649

  681.0   0.01632

  682.0   0.01622

  683.0   0.01609

  684.0   0.01594

  685.0   0.01586

  686.0   0.01576

  687.0   0.01565

  688.0   0.01552

  689.0   0.01538

  690.0   0.01523

  691.0   0.01508

  692.0   0.01492

  693.0   0.01482

  694.0   0.01466

  695.0   0.01455

  696.0   0.01447

  697.0   0.01441

  698.0   0.01429

  699.0   0.01407

  700.0   0.01393

  701.0   0.01375

  702.0   0.01358

  703.0   0.01350

  704.0   0.01340

  705.0   0.01328

  706.0   0.01318

  707.0   0.01310

  708.0   0.01290

  709.0   0.01282

  710.0   0.01270

  711.0   0.01256

  712.0   0.01246

  713.0   0.01232

  714.0   0.01220

  715.0   0.01204

  716.0   0.01193

  717.0   0.01183

  718.0   0.01173

  719.0   0.01162

  720.0   0.01148

  721.0   0.01135

  722.0   0.01122

  723.0   0.01114

  724.0   0.01102

  725.0   0.01093

  726.0   0.01083

  727.0   0.01071

  728.0   0.01055

  729.0   0.01047

  730.0   0.01044

  731.0   0.01031

  732.0   0.01026

  733.0   0.01015

  734.0   0.01005

  735.0   0.00996

  736.0   0.01146

  737.0   0.01126

  738.0   0.01112

  739.0   0.01093

  740.0   0.01080

  741.0   0.01075

  742.0   0.01057

  743.0   0.01036

  744.0   0.01033

  745.0   0.01013

  746.0   0.01009

  747.0   0.00992

  748.0   0.00981

  749.0   0.00965

  750.0   0.00959

  751.0   0.00946

  752.0   0.00938

  753.0   0.00928

  754.0   0.00917

  755.0   0.00907

  756.0   0.00897

  757.0   0.00895

  758.0   0.00883

  759.0   0.00870

  760.0   0.00857

  761.0   0.00847

  762.0   0.00846

  763.0   0.00833

  764.0   0.00831

  765.0   0.00816

  766.0   0.00803

  767.0   0.00796

  768.0   0.00789

  769.0   0.00788

  770.0   0.00781

  771.0   0.00768

  772.0   0.00758

  773.0   0.00751

  774.0   0.00739

  775.0   0.00735

  776.0   0.00725

  777.0   0.00724

  778.0   0.00717

  779.0   0.00724

  780.0   0.00722

  781.0   0.00715

  782.0   0.00719

  783.0   0.00718

  784.0   0.00716

  785.0   0.00712

  786.0   0.00714

  787.0   0.00718

  788.0   0.00717

  789.0   0.00715

  790.0   0.00711

  791.0   0.00716

  792.0   0.00714

  793.0   0.00710

  794.0   0.00700

  795.0   0.00693

  796.0   0.00697

  797.0   0.00695

  798.0   0.00702

  799.0   0.00694

  800.0   0.00689

 
