ser ID: DU600

Method ID: A:\DEFAULT

Date: 07/30/00

Time: 06:17

 200.0   2.60674

  201.0   2.37230

  202.0   2.88536

  203.0   2.52323

  204.0   2.55967

  205.0   2.69417

  206.0   2.72591

  207.0   2.66389

  208.0   2.79761

  209.0   2.74068

  210.0   2.77539

  211.0   3.50947

  212.0   3.54851

  213.0   3.28870

  214.0   3.62418

  215.0   3.35315

  216.0   3.68628

  217.0   3.72206

  218.0   3.45079

  219.0   3.77576

  220.0   3.79546

  221.0   3.21012

  222.0   3.04993

  223.0   3.06390

  224.0   2.90018

  225.0   3.08890

  226.0   2.97687

  227.0   2.68792

  228.0   3.00038

  229.0   2.76859

  230.0   2.81245

  231.0   2.76002

  232.0   2.86614

  233.0   2.77636

  234.0   2.65892

  235.0   2.73456

  236.0   2.66811

  237.0   2.62946

  238.0   2.54246

  239.0   2.51230

  240.0   2.40649

  241.0   2.33032

  242.0   2.24830

  243.0   2.17133

  244.0   2.08181

  245.0   2.03084

  246.0   2.00257

  247.0   1.91190

  248.0   1.84573

  249.0   1.79039

  250.0   1.73413

  251.0   1.66613

  252.0   1.61268

  253.0   1.56733

  254.0   1.52770

  255.0   1.47971

  256.0   1.44043

  257.0   1.39497

  258.0   1.35790

  259.0   1.31574

  260.0   1.27273

  261.0   1.23298

  262.0   1.19001

  263.0   1.15466

  264.0   1.12259

  265.0   1.08665

  266.0   1.05222

  267.0   1.02792

  268.0   0.99369

  269.0   0.96097

  270.0   0.92390

  271.0   0.89183

  272.0   0.86227

  273.0   0.83012

  274.0   0.79792

  275.0   0.76491

  276.0   0.73444

  277.0   0.70346

  278.0   0.67122

  279.0   0.64263

  280.0   0.61565

  281.0   0.58617

  282.0   0.56113

  283.0   0.53720

  284.0   0.51490

  285.0   0.49180

  286.0   0.46951

  287.0   0.44965

  288.0   0.42798

  289.0   0.41150

  290.0   0.39528

  291.0   0.38121

  292.0   0.36641

  293.0   0.35372

  294.0   0.34227

  295.0   0.33063

  296.0   0.31965

  297.0   0.30960

  298.0   0.30076

  299.0   0.29115

  300.0   0.28381

  301.0   0.27679

  302.0   0.26878

  303.0   0.26330

  304.0   0.25742

  305.0   0.25345

  306.0   0.24720

  307.0   0.24335

  308.0   0.23838

  309.0   0.23322

  310.0   0.23043

  311.0   0.22505

  312.0   0.22146

  313.0   0.21706

  314.0   0.21368

  315.0   0.21042

  316.0   0.20766

  317.0   0.20476

  318.0   0.20279

  319.0   0.20096

  320.0   0.19960

  321.0   0.20020

  322.0   0.19766

  323.0   0.19756

  324.0   0.19843

  325.0   0.19970

  326.0   0.19981

  327.0   0.20179

  328.0   0.20296

  329.0   0.20461

  330.0   0.20678

  331.0   0.20920

  332.0   0.21060

  333.0   0.21265

  334.0   0.21409

  335.0   0.21635

  336.0   0.21882

  337.0   0.22146

  338.0   0.22418

  339.0   0.22616

  340.0   0.22882

  341.0   0.23280

  342.0   0.23516

  343.0   0.23909

  344.0   0.24124

  345.0   0.24472

  346.0   0.24659

  347.0   0.24877

  348.0   0.25118

  349.0   0.25184

  350.0   0.25361

  351.0   0.25475

  352.0   0.25591

  353.0   0.25557

  354.0   0.25586

  355.0   0.25512

  356.0   0.25482

  357.0   0.25419

  358.0   0.25226

  359.0   0.24997

  360.0   0.24688

  361.0   0.24453

  362.0   0.24136

  363.0   0.23706

  364.0   0.23395

  365.0   0.22931

  366.0   0.22559

  367.0   0.22117

  368.0   0.21749

  369.0   0.21315

  370.0   0.20880

  371.0   0.20537

  372.0   0.20087

  373.0   0.19732

  374.0   0.19313

  375.0   0.18989

  376.0   0.18551

  377.0   0.18193

  378.0   0.17787

  379.0   0.17431

  380.0   0.17100

  381.0   0.16705

  382.0   0.16383

  383.0   0.16031

  384.0   0.15733

  385.0   0.15370

  386.0   0.15091

  387.0   0.14778

  388.0   0.14454

  389.0   0.14174

  390.0   0.13932

  391.0   0.13711

  392.0   0.13425

  393.0   0.13210

  394.0   0.12964

  395.0   0.12764

  396.0   0.12537

  397.0   0.12350

  398.0   0.12125

  399.0   0.11899

  400.0   0.11696

  401.0   0.11515

  402.0   0.11336

  403.0   0.11144

  404.0   0.10958

  405.0   0.10740

  406.0   0.10569

  407.0   0.10362

  408.0   0.10172

  409.0   0.09967

  410.0   0.09775

  411.0   0.09587

  412.0   0.09344

  413.0   0.09127

  414.0   0.08894

  415.0   0.08796

  416.0   0.08328

  417.0   0.08090

  418.0   0.07850

  419.0   0.07631

  420.0   0.07399

  421.0   0.07171

  422.0   0.06940

  423.0   0.06722

  424.0   0.06488

  425.0   0.06272

  426.0   0.06066

  427.0   0.05867

  428.0   0.05676

  429.0   0.05473

  430.0   0.05296

  431.0   0.05114

  432.0   0.04963

  433.0   0.04798

  434.0   0.04667

  435.0   0.04535

  436.0   0.04393

  437.0   0.04287

  438.0   0.04168

  439.0   0.04071

  440.0   0.03970

  441.0   0.03874

  442.0   0.03775

  443.0   0.03690

  444.0   0.03613

  445.0   0.03522

  446.0   0.03451

  447.0   0.03386

  448.0   0.03320

  449.0   0.03254

  450.0   0.03195

  451.0   0.03122

  452.0   0.03066

  453.0   0.03004

  454.0   0.02954

  455.0   0.02904

  456.0   0.02851

  457.0   0.02804

  458.0   0.02768

  459.0   0.02703

  460.0   0.02659

  461.0   0.02603

  462.0   0.02566

  463.0   0.02519

  464.0   0.02462

  465.0   0.02421

  466.0   0.02371

  467.0   0.02339

  468.0   0.02300

  469.0   0.02276

  470.0   0.02240

  471.0   0.02220

  472.0   0.02193

  473.0   0.02180

  474.0   0.02149

  475.0   0.02134

  476.0   0.02106

  477.0   0.02088

  478.0   0.02076

  479.0   0.02065

  480.0   0.02051

  481.0   0.02040

  482.0   0.02021

  483.0   0.01996

  484.0   0.01982

  485.0   0.01970

  486.0   0.01960

  487.0   0.01949

  488.0   0.01930

  489.0   0.01919

  490.0   0.01907

  491.0   0.01896

  492.0   0.01883

  493.0   0.01870

  494.0   0.01855

  495.0   0.01852

  496.0   0.01837

  497.0   0.01822

  498.0   0.01815

  499.0   0.01805

  500.0   0.01803

  501.0   0.01793

  502.0   0.01788

  503.0   0.01792

  504.0   0.01785

  505.0   0.01786

  506.0   0.01784

  507.0   0.01782

  508.0   0.01779

  509.0   0.01784

  510.0   0.01780

  511.0   0.01784

  512.0   0.01772

  513.0   0.01773

  514.0   0.01768

  515.0   0.01765

  516.0   0.01768

  517.0   0.01764

  518.0   0.01768

  519.0   0.01766

  520.0   0.01765

  521.0   0.01762

  522.0   0.01756

  523.0   0.01750

  524.0   0.01745

  525.0   0.01740

  526.0   0.01740

  527.0   0.01745

  528.0   0.01746

  529.0   0.01749

  530.0   0.01752

  531.0   0.01749

  532.0   0.01752

  533.0   0.01751

  534.0   0.01748

  535.0   0.01747

  536.0   0.01749

  537.0   0.01751

  538.0   0.01755

  539.0   0.01754

  540.0   0.01751

  541.0   0.01753

  542.0   0.01753

  543.0   0.01750

  544.0   0.01750

  545.0   0.01753

  546.0   0.01753

  547.0   0.01761

  548.0   0.01765

  549.0   0.01773

  550.0   0.01785

  551.0   0.01795

  552.0   0.01801

  553.0   0.01807

  554.0   0.01815

  555.0   0.01812

  556.0   0.01816

  557.0   0.01971

  558.0   0.01969

  559.0   0.01962

  560.0   0.01960

  561.0   0.01957

  562.0   0.01953

  563.0   0.01951

  564.0   0.01951

  565.0   0.01947

  566.0   0.01945

  567.0   0.01949

  568.0   0.01952

  569.0   0.01952

  570.0   0.01952

  571.0   0.01952

  572.0   0.01955

  573.0   0.01954

  574.0   0.01953

  575.0   0.01948

  576.0   0.01946

  577.0   0.01944

  578.0   0.01942

  579.0   0.01938

  580.0   0.01933

  581.0   0.01928

  582.0   0.01926

  583.0   0.01924

  584.0   0.01925

  585.0   0.01932

  586.0   0.01936

  587.0   0.01937

  588.0   0.01940

  589.0   0.01936

  590.0   0.01935

  591.0   0.01938

  592.0   0.01939

  593.0   0.01939

  594.0   0.01943

  595.0   0.01950

  596.0   0.01957

  597.0   0.01962

  598.0   0.01968

  599.0   0.01974

  600.0   0.01979

  601.0   0.01982

  602.0   0.01985

  603.0   0.01988

  604.0   0.01993

  605.0   0.02003

  606.0   0.02007

  607.0   0.02017

  608.0   0.02017

  609.0   0.02020

  610.0   0.02025

  611.0   0.02025

  612.0   0.02032

  613.0   0.02028

  614.0   0.02034

  615.0   0.02033

  616.0   0.02036

  617.0   0.02035

  618.0   0.02038

  619.0   0.02039

  620.0   0.02038

  621.0   0.02041

  622.0   0.02044

  623.0   0.02048

  624.0   0.02055

  625.0   0.02051

  626.0   0.02053

  627.0   0.02054

  628.0   0.02053

  629.0   0.02050

  630.0   0.02052

  631.0   0.02052

  632.0   0.02048

  633.0   0.02051

  634.0   0.02050

  635.0   0.02047

  636.0   0.02041

  637.0   0.02042

  638.0   0.02039

  639.0   0.02032

  640.0   0.02029

  641.0   0.02027

  642.0   0.02020

  643.0   0.02017

  644.0   0.02019

  645.0   0.02017

  646.0   0.02016

  647.0   0.02013

  648.0   0.02020

  649.0   0.02021

  650.0   0.02020

  651.0   0.02017

  652.0   0.02020

  653.0   0.02020

  654.0   0.02016

  655.0   0.02016

  656.0   0.02017

  657.0   0.02014

  658.0   0.02013

  659.0   0.02009

  660.0   0.02008

  661.0   0.02009

  662.0   0.02010

  663.0   0.02008

  664.0   0.02009

  665.0   0.02009

  666.0   0.02008

  667.0   0.02008

  668.0   0.02008

  669.0   0.02009

  670.0   0.02006

  671.0   0.02007

  672.0   0.02001

  673.0   0.02001

  674.0   0.02001

  675.0   0.02000

  676.0   0.01994

  677.0   0.01990

  678.0   0.01989

  679.0   0.01984

  680.0   0.01985

  681.0   0.01985

  682.0   0.01981

  683.0   0.01985

  684.0   0.01984

  685.0   0.01985

  686.0   0.01981

  687.0   0.01980

  688.0   0.01976

  689.0   0.01976

  690.0   0.01970

  691.0   0.01969

  692.0   0.01974

  693.0   0.01971

  694.0   0.01973

  695.0   0.01979

  696.0   0.01973

  697.0   0.01968

  698.0   0.01967

  699.0   0.01964

  700.0   0.01964

  701.0   0.01965

  702.0   0.01957

  703.0   0.01960

  704.0   0.01957

  705.0   0.01961

  706.0   0.01964

  707.0   0.01961

  708.0   0.01958

  709.0   0.01948

  710.0   0.01948

  711.0   0.01938

  712.0   0.01931

  713.0   0.01926

  714.0   0.01922

  715.0   0.01917

  716.0   0.01911

  717.0   0.01906

  718.0   0.01899

  719.0   0.01900

  720.0   0.01897

  721.0   0.01893

  722.0   0.01893

  723.0   0.01882

  724.0   0.01874

  725.0   0.01868

  726.0   0.01868

  727.0   0.01858

  728.0   0.01860

  729.0   0.01854

  730.0   0.01852

  731.0   0.01848

  732.0   0.01847

  733.0   0.01843

  734.0   0.01832

  735.0   0.01836

  736.0   0.01992

  737.0   0.01975

  738.0   0.01970

  739.0   0.01954

  740.0   0.01944

  741.0   0.01932

  742.0   0.01924

  743.0   0.01910

  744.0   0.01905

  745.0   0.01896

  746.0   0.01894

  747.0   0.01879

  748.0   0.01875

  749.0   0.01870

  750.0   0.01861

  751.0   0.01851

  752.0   0.01848

  753.0   0.01844

  754.0   0.01831

  755.0   0.01832

  756.0   0.01822

  757.0   0.01819

  758.0   0.01810

  759.0   0.01804

  760.0   0.01800

  761.0   0.01790

  762.0   0.01787

  763.0   0.01777

  764.0   0.01776

  765.0   0.01767

  766.0   0.01756

  767.0   0.01744

  768.0   0.01741

  769.0   0.01733

  770.0   0.01733

  771.0   0.01725

  772.0   0.01722

  773.0   0.01714

  774.0   0.01705

  775.0   0.01697

  776.0   0.01692

  777.0   0.01681

  778.0   0.01673

  779.0   0.01667

  780.0   0.01662

  781.0   0.01657

  782.0   0.01654

  783.0   0.01651

  784.0   0.01646

  785.0   0.01644

  786.0   0.01642

  787.0   0.01639

  788.0   0.01634

  789.0   0.01624

  790.0   0.01616

  791.0   0.01608

  792.0   0.01596

  793.0   0.01602

  794.0   0.01586

  795.0   0.01586

  796.0   0.01584

  797.0   0.01583

  798.0   0.01588

  799.0   0.01587

  800.0   0.01586

 
