ser ID: DU600

Method ID: A:\DEFAULT

Date: 07/30/00

Time: 10:00

 200.0   2.18077

  201.0   2.67333

  202.0   2.70927

  203.0   2.31911

  204.0   2.48049

  205.0   2.45113

  206.0   2.72591

  207.0   3.06183

  208.0   3.39967

  209.0   2.96253

  210.0   3.47436

  211.0   2.81050

  212.0   2.77036

  213.0   3.58973

  214.0   2.92521

  215.0   2.80908

  216.0   2.98731

  217.0   2.76782

  218.0   2.90672

  219.0   2.77576

  220.0   2.95036

  221.0   2.77079

  222.0   3.04993

  223.0   2.76287

  224.0   2.77525

  225.0   2.61178

  226.0   2.51823

  227.0   2.42964

  228.0   2.35940

  229.0   2.28124

  230.0   2.17821

  231.0   2.07279

  232.0   2.03684

  233.0   1.98397

  234.0   1.91462

  235.0   1.86121

  236.0   1.82301

  237.0   1.78436

  238.0   1.75371

  239.0   1.71224

  240.0   1.68023

  241.0   1.65363

  242.0   1.61274

  243.0   1.57974

  244.0   1.53373

  245.0   1.49848

  246.0   1.45241

  247.0   1.39612

  248.0   1.34871

  249.0   1.30530

  250.0   1.26150

  251.0   1.22448

  252.0   1.19326

  253.0   1.16449

  254.0   1.14764

  255.0   1.12418

  256.0   1.11022

  257.0   1.09664

  258.0   1.08133

  259.0   1.06485

  260.0   1.05067

  261.0   1.03083

  262.0   1.00351

  263.0   0.97604

  264.0   0.94995

  265.0   0.92360

  266.0   0.89586

  267.0   0.86704

  268.0   0.83486

  269.0   0.80163

  270.0   0.76090

  271.0   0.72783

  272.0   0.69151

  273.0   0.65719

  274.0   0.61904

  275.0   0.58622

  276.0   0.55410

  277.0   0.52408

  278.0   0.49355

  279.0   0.46972

  280.0   0.44796

  281.0   0.42719

  282.0   0.41014

  283.0   0.39542

  284.0   0.38160

  285.0   0.36878

  286.0   0.35765

  287.0   0.34824

  288.0   0.33807

  289.0   0.33055

  290.0   0.32332

  291.0   0.31794

  292.0   0.31186

  293.0   0.30693

  294.0   0.30390

  295.0   0.30117

  296.0   0.29838

  297.0   0.29613

  298.0   0.29436

  299.0   0.29318

  300.0   0.29199

  301.0   0.29175

  302.0   0.29006

  303.0   0.28973

  304.0   0.28902

  305.0   0.28978

  306.0   0.28784

  307.0   0.28751

  308.0   0.28650

  309.0   0.28444

  310.0   0.28329

  311.0   0.28156

  312.0   0.27927

  313.0   0.27753

  314.0   0.27492

  315.0   0.27191

  316.0   0.26937

  317.0   0.26615

  318.0   0.26314

  319.0   0.25944

  320.0   0.25656

  321.0   0.25593

  322.0   0.24981

  323.0   0.24683

  324.0   0.24410

  325.0   0.24135

  326.0   0.23858

  327.0   0.23517

  328.0   0.23278

  329.0   0.22975

  330.0   0.22755

  331.0   0.22331

  332.0   0.22052

  333.0   0.21599

  334.0   0.21424

  335.0   0.20857

  336.0   0.20544

  337.0   0.20166

  338.0   0.19730

  339.0   0.19338

  340.0   0.18972

  341.0   0.18685

  342.0   0.18328

  343.0   0.17999

  344.0   0.17732

  345.0   0.17470

  346.0   0.17119

  347.0   0.16851

  348.0   0.16593

  349.0   0.16274

  350.0   0.15991

  351.0   0.15728

  352.0   0.15484

  353.0   0.15149

  354.0   0.14857

  355.0   0.14644

  356.0   0.14455

  357.0   0.14288

  358.0   0.13978

  359.0   0.13773

  360.0   0.13451

  361.0   0.13253

  362.0   0.13075

  363.0   0.12801

  364.0   0.12652

  365.0   0.12356

  366.0   0.12155

  367.0   0.11969

  368.0   0.11761

  369.0   0.11549

  370.0   0.11315

  371.0   0.11186

  372.0   0.10919

  373.0   0.10815

  374.0   0.10616

  375.0   0.10485

  376.0   0.10341

  377.0   0.10157

  378.0   0.09984

  379.0   0.09847

  380.0   0.09715

  381.0   0.09554

  382.0   0.09406

  383.0   0.09273

  384.0   0.09204

  385.0   0.09103

  386.0   0.09004

  387.0   0.08943

  388.0   0.08833

  389.0   0.08787

  390.0   0.08765

  391.0   0.08710

  392.0   0.08628

  393.0   0.08623

  394.0   0.08558

  395.0   0.08503

  396.0   0.08451

  397.0   0.08371

  398.0   0.08312

  399.0   0.08247

  400.0   0.08148

  401.0   0.08069

  402.0   0.08033

  403.0   0.07934

  404.0   0.07822

  405.0   0.07700

  406.0   0.07624

  407.0   0.07472

  408.0   0.07370

  409.0   0.07210

  410.0   0.07081

  411.0   0.06970

  412.0   0.06799

  413.0   0.06635

  414.0   0.06457

  415.0   0.06381

  416.0   0.05936

  417.0   0.05751

  418.0   0.05543

  419.0   0.05352

  420.0   0.05143

  421.0   0.04963

  422.0   0.04767

  423.0   0.04593

  424.0   0.04408

  425.0   0.04234

  426.0   0.04072

  427.0   0.03911

  428.0   0.03792

  429.0   0.03636

  430.0   0.03499

  431.0   0.03380

  432.0   0.03272

  433.0   0.03159

  434.0   0.03069

  435.0   0.02993

  436.0   0.02920

  437.0   0.02858

  438.0   0.02795

  439.0   0.02741

  440.0   0.02695

  441.0   0.02653

  442.0   0.02609

  443.0   0.02563

  444.0   0.02529

  445.0   0.02494

  446.0   0.02474

  447.0   0.02443

  448.0   0.02426

  449.0   0.02404

  450.0   0.02386

  451.0   0.02371

  452.0   0.02340

  453.0   0.02326

  454.0   0.02303

  455.0   0.02292

  456.0   0.02269

  457.0   0.02251

  458.0   0.02244

  459.0   0.02215

  460.0   0.02203

  461.0   0.02176

  462.0   0.02159

  463.0   0.02137

  464.0   0.02112

  465.0   0.02088

  466.0   0.02071

  467.0   0.02056

  468.0   0.02046

  469.0   0.02032

  470.0   0.02020

  471.0   0.02019

  472.0   0.02024

  473.0   0.02019

  474.0   0.02017

  475.0   0.02017

  476.0   0.02007

  477.0   0.02006

  478.0   0.02007

  479.0   0.02011

  480.0   0.02012

  481.0   0.02008

  482.0   0.02003

  483.0   0.02001

  484.0   0.01999

  485.0   0.01994

  486.0   0.01988

  487.0   0.01988

  488.0   0.01978

  489.0   0.01985

  490.0   0.01976

  491.0   0.01973

  492.0   0.01973

  493.0   0.01970

  494.0   0.01967

  495.0   0.01969

  496.0   0.01965

  497.0   0.01958

  498.0   0.01961

  499.0   0.01961

  500.0   0.01966

  501.0   0.01965

  502.0   0.01970

  503.0   0.01982

  504.0   0.01978

  505.0   0.01987

  506.0   0.01990

  507.0   0.01993

  508.0   0.01991

  509.0   0.01994

  510.0   0.01997

  511.0   0.02001

  512.0   0.01998

  513.0   0.02004

  514.0   0.02010

  515.0   0.02014

  516.0   0.02021

  517.0   0.02025

  518.0   0.02033

  519.0   0.02032

  520.0   0.02037

  521.0   0.02038

  522.0   0.02039

  523.0   0.02040

  524.0   0.02042

  525.0   0.02044

  526.0   0.02051

  527.0   0.02064

  528.0   0.02070

  529.0   0.02079

  530.0   0.02088

  531.0   0.02096

  532.0   0.02107

  533.0   0.02107

  534.0   0.02114

  535.0   0.02126

  536.0   0.02132

  537.0   0.02139

  538.0   0.02146

  539.0   0.02151

  540.0   0.02160

  541.0   0.02161

  542.0   0.02166

  543.0   0.02165

  544.0   0.02175

  545.0   0.02188

  546.0   0.02197

  547.0   0.02209

  548.0   0.02222

  549.0   0.02235

  550.0   0.02252

  551.0   0.02268

  552.0   0.02279

  553.0   0.02287

  554.0   0.02295

  555.0   0.02304

  556.0   0.02305

  557.0   0.02583

  558.0   0.02573

  559.0   0.02562

  560.0   0.02553

  561.0   0.02550

  562.0   0.02548

  563.0   0.02546

  564.0   0.02542

  565.0   0.02532

  566.0   0.02527

  567.0   0.02530

  568.0   0.02526

  569.0   0.02522

  570.0   0.02522

  571.0   0.02521

  572.0   0.02521

  573.0   0.02517

  574.0   0.02518

  575.0   0.02516

  576.0   0.02514

  577.0   0.02510

  578.0   0.02514

  579.0   0.02511

  580.0   0.02511

  581.0   0.02507

  582.0   0.02504

  583.0   0.02502

  584.0   0.02509

  585.0   0.02517

  586.0   0.02528

  587.0   0.02532

  588.0   0.02535

  589.0   0.02537

  590.0   0.02541

  591.0   0.02544

  592.0   0.02556

  593.0   0.02566

  594.0   0.02577

  595.0   0.02587

  596.0   0.02599

  597.0   0.02607

  598.0   0.02610

  599.0   0.02617

  600.0   0.02622

  601.0   0.02627

  602.0   0.02635

  603.0   0.02642

  604.0   0.02646

  605.0   0.02656

  606.0   0.02659

  607.0   0.02661

  608.0   0.02663

  609.0   0.02663

  610.0   0.02667

  611.0   0.02669

  612.0   0.02679

  613.0   0.02674

  614.0   0.02682

  615.0   0.02679

  616.0   0.02681

  617.0   0.02680

  618.0   0.02684

  619.0   0.02685

  620.0   0.02686

  621.0   0.02689

  622.0   0.02691

  623.0   0.02696

  624.0   0.02695

  625.0   0.02697

  626.0   0.02692

  627.0   0.02694

  628.0   0.02695

  629.0   0.02695

  630.0   0.02692

  631.0   0.02692

  632.0   0.02691

  633.0   0.02690

  634.0   0.02692

  635.0   0.02687

  636.0   0.02682

  637.0   0.02681

  638.0   0.02684

  639.0   0.02680

  640.0   0.02679

  641.0   0.02678

  642.0   0.02675

  643.0   0.02672

  644.0   0.02670

  645.0   0.02672

  646.0   0.02669

  647.0   0.02669

  648.0   0.02668

  649.0   0.02664

  650.0   0.02662

  651.0   0.02656

  652.0   0.02658

  653.0   0.02655

  654.0   0.02654

  655.0   0.02651

  656.0   0.02648

  657.0   0.02648

  658.0   0.02642

  659.0   0.02637

  660.0   0.02635

  661.0   0.02636

  662.0   0.02632

  663.0   0.02626

  664.0   0.02623

  665.0   0.02622

  666.0   0.02618

  667.0   0.02612

  668.0   0.02605

  669.0   0.02604

  670.0   0.02597

  671.0   0.02599

  672.0   0.02591

  673.0   0.02587

  674.0   0.02585

  675.0   0.02579

  676.0   0.02571

  677.0   0.02564

  678.0   0.02555

  679.0   0.02552

  680.0   0.02548

  681.0   0.02546

  682.0   0.02547

  683.0   0.02542

  684.0   0.02539

  685.0   0.02536

  686.0   0.02530

  687.0   0.02523

  688.0   0.02519

  689.0   0.02518

  690.0   0.02516

  691.0   0.02508

  692.0   0.02504

  693.0   0.02498

  694.0   0.02493

  695.0   0.02495

  696.0   0.02488

  697.0   0.02484

  698.0   0.02485

  699.0   0.02475

  700.0   0.02470

  701.0   0.02466

  702.0   0.02452

  703.0   0.02450

  704.0   0.02440

  705.0   0.02435

  706.0   0.02431

  707.0   0.02424

  708.0   0.02415

  709.0   0.02403

  710.0   0.02401

  711.0   0.02386

  712.0   0.02377

  713.0   0.02365

  714.0   0.02358

  715.0   0.02355

  716.0   0.02340

  717.0   0.02334

  718.0   0.02325

  719.0   0.02316

  720.0   0.02310

  721.0   0.02302

  722.0   0.02294

  723.0   0.02287

  724.0   0.02275

  725.0   0.02266

  726.0   0.02263

  727.0   0.02251

  728.0   0.02244

  729.0   0.02237

  730.0   0.02231

  731.0   0.02227

  732.0   0.02224

  733.0   0.02220

  734.0   0.02212

  735.0   0.02210

  736.0   0.02481

  737.0   0.02453

  738.0   0.02433

  739.0   0.02413

  740.0   0.02391

  741.0   0.02372

  742.0   0.02358

  743.0   0.02343

  744.0   0.02330

  745.0   0.02308

  746.0   0.02298

  747.0   0.02277

  748.0   0.02273

  749.0   0.02262

  750.0   0.02248

  751.0   0.02234

  752.0   0.02224

  753.0   0.02213

  754.0   0.02198

  755.0   0.02199

  756.0   0.02190

  757.0   0.02178

  758.0   0.02168

  759.0   0.02153

  760.0   0.02144

  761.0   0.02140

  762.0   0.02140

  763.0   0.02133

  764.0   0.02122

  765.0   0.02113

  766.0   0.02105

  767.0   0.02093

  768.0   0.02085

  769.0   0.02077

  770.0   0.02075

  771.0   0.02064

  772.0   0.02057

  773.0   0.02046

  774.0   0.02036

  775.0   0.02033

  776.0   0.02031

  777.0   0.02018

  778.0   0.02010

  779.0   0.02003

  780.0   0.01992

  781.0   0.01985

  782.0   0.01986

  783.0   0.01986

  784.0   0.01976

  785.0   0.01966

  786.0   0.01964

  787.0   0.01957

  788.0   0.01958

  789.0   0.01951

  790.0   0.01947

  791.0   0.01939

  792.0   0.01938

  793.0   0.01938

  794.0   0.01923

  795.0   0.01924

  796.0   0.01910

  797.0   0.01910

  798.0   0.01904

  799.0   0.01903

  800.0   0.01893

 
