ser ID: DU600

Method ID: A:\DEFAULT

Date: 07/30/00

Time: 05:53

 200.0   2.60674

  201.0   2.67333

  202.0   2.34129

  203.0   2.62014

  204.0   3.25864

  205.0   3.29623

  206.0   2.62900

  207.0   3.36286

  208.0   3.39967

  209.0   3.43965

  210.0   2.87230

  211.0   2.90741

  212.0   3.54851

  213.0   3.58973

  214.0   3.14706

  215.0   3.35315

  216.0   3.20916

  217.0   3.12000

  218.0   3.45079

  219.0   2.99760

  220.0   3.49443

  221.0   3.81218

  222.0   3.82808

  223.0   3.54102

  224.0   3.15546

  225.0   3.08890

  226.0   3.03486

  227.0   3.28998

  228.0   3.12532

  229.0   3.01162

  230.0   3.14824

  231.0   3.03302

  232.0   2.86614

  233.0   2.95245

  234.0   2.91855

  235.0   2.85107

  236.0   2.92774

  237.0   2.79579

  238.0   2.76970

  239.0   2.67367

  240.0   2.57676

  241.0   2.55880

  242.0   2.49545

  243.0   2.42660

  244.0   2.30554

  245.0   2.19449

  246.0   2.12276

  247.0   2.04341

  248.0   1.97981

  249.0   1.91533

  250.0   1.85728

  251.0   1.78875

  252.0   1.70752

  253.0   1.64386

  254.0   1.60409

  255.0   1.53566

  256.0   1.48865

  257.0   1.44478

  258.0   1.39444

  259.0   1.33704

  260.0   1.29006

  261.0   1.24393

  262.0   1.20098

  263.0   1.15466

  264.0   1.12101

  265.0   1.08665

  266.0   1.05713

  267.0   1.02592

  268.0   0.99181

  269.0   0.96451

  270.0   0.93215

  271.0   0.90480

  272.0   0.88145

  273.0   0.85370

  274.0   0.82389

  275.0   0.79697

  276.0   0.77266

  277.0   0.74577

  278.0   0.71392

  279.0   0.68515

  280.0   0.65865

  281.0   0.62972

  282.0   0.60301

  283.0   0.57526

  284.0   0.55082

  285.0   0.52349

  286.0   0.49986

  287.0   0.47589

  288.0   0.45060

  289.0   0.42915

  290.0   0.41084

  291.0   0.39353

  292.0   0.37505

  293.0   0.35929

  294.0   0.34543

  295.0   0.33005

  296.0   0.31610

  297.0   0.30281

  298.0   0.29113

  299.0   0.27906

  300.0   0.26826

  301.0   0.25928

  302.0   0.24948

  303.0   0.24083

  304.0   0.23204

  305.0   0.22588

  306.0   0.21805

  307.0   0.21300

  308.0   0.20685

  309.0   0.20057

  310.0   0.19534

  311.0   0.18998

  312.0   0.18497

  313.0   0.18101

  314.0   0.17713

  315.0   0.17382

  316.0   0.17046

  317.0   0.16933

  318.0   0.16714

  319.0   0.16550

  320.0   0.16518

  321.0   0.16627

  322.0   0.16697

  323.0   0.16852

  324.0   0.16990

  325.0   0.17179

  326.0   0.17386

  327.0   0.17806

  328.0   0.18169

  329.0   0.18598

  330.0   0.19099

  331.0   0.19320

  332.0   0.19796

  333.0   0.20161

  334.0   0.20736

  335.0   0.21244

  336.0   0.21806

  337.0   0.22327

  338.0   0.22798

  339.0   0.23348

  340.0   0.23941

  341.0   0.24638

  342.0   0.25145

  343.0   0.25640

  344.0   0.26273

  345.0   0.26725

  346.0   0.27031

  347.0   0.27530

  348.0   0.27946

  349.0   0.28195

  350.0   0.28548

  351.0   0.28840

  352.0   0.29034

  353.0   0.29090

  354.0   0.29114

  355.0   0.29203

  356.0   0.29252

  357.0   0.29135

  358.0   0.28996

  359.0   0.28866

  360.0   0.28474

  361.0   0.28110

  362.0   0.27793

  363.0   0.27388

  364.0   0.27065

  365.0   0.26524

  366.0   0.26161

  367.0   0.25568

  368.0   0.25110

  369.0   0.24618

  370.0   0.24023

  371.0   0.23582

  372.0   0.23009

  373.0   0.22603

  374.0   0.22063

  375.0   0.21644

  376.0   0.21181

  377.0   0.20656

  378.0   0.20177

  379.0   0.19746

  380.0   0.19355

  381.0   0.18877

  382.0   0.18481

  383.0   0.18035

  384.0   0.17652

  385.0   0.17190

  386.0   0.16805

  387.0   0.16423

  388.0   0.16068

  389.0   0.15695

  390.0   0.15363

  391.0   0.15059

  392.0   0.14668

  393.0   0.14401

  394.0   0.14065

  395.0   0.13759

  396.0   0.13497

  397.0   0.13234

  398.0   0.12961

  399.0   0.12706

  400.0   0.12443

  401.0   0.12206

  402.0   0.11986

  403.0   0.11740

  404.0   0.11533

  405.0   0.11329

  406.0   0.11126

  407.0   0.10874

  408.0   0.10682

  409.0   0.10445

  410.0   0.10235

  411.0   0.10076

  412.0   0.09840

  413.0   0.09626

  414.0   0.09392

  415.0   0.09287

  416.0   0.08839

  417.0   0.08593

  418.0   0.08368

  419.0   0.08141

  420.0   0.07921

  421.0   0.07697

  422.0   0.07475

  423.0   0.07275

  424.0   0.07048

  425.0   0.06849

  426.0   0.06617

  427.0   0.06411

  428.0   0.06242

  429.0   0.06037

  430.0   0.05873

  431.0   0.05681

  432.0   0.05528

  433.0   0.05354

  434.0   0.05191

  435.0   0.05051

  436.0   0.04901

  437.0   0.04772

  438.0   0.04653

  439.0   0.04518

  440.0   0.04417

  441.0   0.04308

  442.0   0.04185

  443.0   0.04087

  444.0   0.03994

  445.0   0.03896

  446.0   0.03810

  447.0   0.03716

  448.0   0.03632

  449.0   0.03538

  450.0   0.03462

  451.0   0.03385

  452.0   0.03313

  453.0   0.03236

  454.0   0.03166

  455.0   0.03110

  456.0   0.03051

  457.0   0.02990

  458.0   0.02932

  459.0   0.02857

  460.0   0.02803

  461.0   0.02730

  462.0   0.02692

  463.0   0.02636

  464.0   0.02564

  465.0   0.02514

  466.0   0.02451

  467.0   0.02406

  468.0   0.02358

  469.0   0.02319

  470.0   0.02274

  471.0   0.02250

  472.0   0.02212

  473.0   0.02186

  474.0   0.02155

  475.0   0.02131

  476.0   0.02097

  477.0   0.02068

  478.0   0.02059

  479.0   0.02038

  480.0   0.02022

  481.0   0.01995

  482.0   0.01983

  483.0   0.01966

  484.0   0.01943

  485.0   0.01929

  486.0   0.01907

  487.0   0.01895

  488.0   0.01870

  489.0   0.01859

  490.0   0.01837

  491.0   0.01827

  492.0   0.01811

  493.0   0.01802

  494.0   0.01784

  495.0   0.01769

  496.0   0.01750

  497.0   0.01730

  498.0   0.01720

  499.0   0.01711

  500.0   0.01702

  501.0   0.01685

  502.0   0.01677

  503.0   0.01677

  504.0   0.01666

  505.0   0.01659

  506.0   0.01654

  507.0   0.01645

  508.0   0.01638

  509.0   0.01637

  510.0   0.01631

  511.0   0.01632

  512.0   0.01622

  513.0   0.01622

  514.0   0.01619

  515.0   0.01617

  516.0   0.01618

  517.0   0.01610

  518.0   0.01609

  519.0   0.01598

  520.0   0.01601

  521.0   0.01598

  522.0   0.01594

  523.0   0.01588

  524.0   0.01591

  525.0   0.01588

  526.0   0.01584

  527.0   0.01584

  528.0   0.01579

  529.0   0.01574

  530.0   0.01578

  531.0   0.01571

  532.0   0.01571

  533.0   0.01571

  534.0   0.01569

  535.0   0.01568

  536.0   0.01565

  537.0   0.01565

  538.0   0.01566

  539.0   0.01561

  540.0   0.01561

  541.0   0.01559

  542.0   0.01555

  543.0   0.01552

  544.0   0.01549

  545.0   0.01555

  546.0   0.01550

  547.0   0.01557

  548.0   0.01559

  549.0   0.01559

  550.0   0.01567

  551.0   0.01575

  552.0   0.01576

  553.0   0.01580

  554.0   0.01586

  555.0   0.01583

  556.0   0.01581

  557.0   0.01646

  558.0   0.01640

  559.0   0.01633

  560.0   0.01630

  561.0   0.01633

  562.0   0.01635

  563.0   0.01633

  564.0   0.01633

  565.0   0.01632

  566.0   0.01627

  567.0   0.01627

  568.0   0.01629

  569.0   0.01630

  570.0   0.01634

  571.0   0.01633

  572.0   0.01637

  573.0   0.01641

  574.0   0.01640

  575.0   0.01641

  576.0   0.01637

  577.0   0.01633

  578.0   0.01633

  579.0   0.01631

  580.0   0.01630

  581.0   0.01623

  582.0   0.01623

  583.0   0.01624

  584.0   0.01625

  585.0   0.01625

  586.0   0.01628

  587.0   0.01630

  588.0   0.01631

  589.0   0.01626

  590.0   0.01623

  591.0   0.01621

  592.0   0.01617

  593.0   0.01618

  594.0   0.01618

  595.0   0.01621

  596.0   0.01627

  597.0   0.01627

  598.0   0.01629

  599.0   0.01633

  600.0   0.01635

  601.0   0.01634

  602.0   0.01633

  603.0   0.01635

  604.0   0.01637

  605.0   0.01641

  606.0   0.01639

  607.0   0.01645

  608.0   0.01648

  609.0   0.01655

  610.0   0.01661

  611.0   0.01663

  612.0   0.01674

  613.0   0.01669

  614.0   0.01675

  615.0   0.01675

  616.0   0.01683

  617.0   0.01679

  618.0   0.01680

  619.0   0.01683

  620.0   0.01683

  621.0   0.01680

  622.0   0.01683

  623.0   0.01687

  624.0   0.01689

  625.0   0.01689

  626.0   0.01688

  627.0   0.01693

  628.0   0.01695

  629.0   0.01698

  630.0   0.01699

  631.0   0.01701

  632.0   0.01707

  633.0   0.01712

  634.0   0.01722

  635.0   0.01724

  636.0   0.01720

  637.0   0.01723

  638.0   0.01720

  639.0   0.01714

  640.0   0.01712

  641.0   0.01712

  642.0   0.01703

  643.0   0.01697

  644.0   0.01692

  645.0   0.01689

  646.0   0.01685

  647.0   0.01687

  648.0   0.01688

  649.0   0.01688

  650.0   0.01686

  651.0   0.01683

  652.0   0.01681

  653.0   0.01679

  654.0   0.01677

  655.0   0.01676

  656.0   0.01679

  657.0   0.01685

  658.0   0.01690

  659.0   0.01689

  660.0   0.01687

  661.0   0.01685

  662.0   0.01685

  663.0   0.01689

  664.0   0.01690

  665.0   0.01691

  666.0   0.01689

  667.0   0.01694

  668.0   0.01692

  669.0   0.01695

  670.0   0.01686

  671.0   0.01690

  672.0   0.01685

  673.0   0.01686

  674.0   0.01688

  675.0   0.01684

  676.0   0.01680

  677.0   0.01677

  678.0   0.01675

  679.0   0.01679

  680.0   0.01678

  681.0   0.01677

  682.0   0.01673

  683.0   0.01675

  684.0   0.01676

  685.0   0.01675

  686.0   0.01672

  687.0   0.01674

  688.0   0.01673

  689.0   0.01675

  690.0   0.01669

  691.0   0.01671

  692.0   0.01674

  693.0   0.01672

  694.0   0.01669

  695.0   0.01676

  696.0   0.01671

  697.0   0.01671

  698.0   0.01673

  699.0   0.01676

  700.0   0.01676

  701.0   0.01673

  702.0   0.01673

  703.0   0.01674

  704.0   0.01674

  705.0   0.01670

  706.0   0.01674

  707.0   0.01671

  708.0   0.01672

  709.0   0.01668

  710.0   0.01673

  711.0   0.01663

  712.0   0.01664

  713.0   0.01663

  714.0   0.01658

  715.0   0.01659

  716.0   0.01654

  717.0   0.01656

  718.0   0.01653

  719.0   0.01650

  720.0   0.01648

  721.0   0.01646

  722.0   0.01650

  723.0   0.01640

  724.0   0.01634

  725.0   0.01633

  726.0   0.01633

  727.0   0.01627

  728.0   0.01624

  729.0   0.01621

  730.0   0.01622

  731.0   0.01623

  732.0   0.01622

  733.0   0.01622

  734.0   0.01620

  735.0   0.01622

  736.0   0.01693

  737.0   0.01685

  738.0   0.01683

  739.0   0.01677

  740.0   0.01673

  741.0   0.01670

  742.0   0.01662

  743.0   0.01657

  744.0   0.01652

  745.0   0.01648

  746.0   0.01649

  747.0   0.01643

  748.0   0.01642

  749.0   0.01637

  750.0   0.01634

  751.0   0.01629

  752.0   0.01626

  753.0   0.01621

  754.0   0.01617

  755.0   0.01615

  756.0   0.01611

  757.0   0.01610

  758.0   0.01601

  759.0   0.01595

  760.0   0.01587

  761.0   0.01586

  762.0   0.01582

  763.0   0.01581

  764.0   0.01577

  765.0   0.01574

  766.0   0.01567

  767.0   0.01561

  768.0   0.01552

  769.0   0.01546

  770.0   0.01538

  771.0   0.01535

  772.0   0.01521

  773.0   0.01512

  774.0   0.01509

  775.0   0.01506

  776.0   0.01503

  777.0   0.01489

  778.0   0.01484

  779.0   0.01478

  780.0   0.01478

  781.0   0.01475

  782.0   0.01475

  783.0   0.01486

  784.0   0.01489

  785.0   0.01490

  786.0   0.01484

  787.0   0.01476

  788.0   0.01482

  789.0   0.01471

  790.0   0.01468

  791.0   0.01466

  792.0   0.01460

  793.0   0.01466

  794.0   0.01455

  795.0   0.01449

  796.0   0.01446

  797.0   0.01443

  798.0   0.01445

  799.0   0.01441

  800.0   0.01433

 
