ser ID: DU600

Method ID: A:\DEFAULT

Date: 07/30/00

Time: 06:12

 200.0   3.08386

  201.0   3.15045

  202.0   3.18639

  203.0   3.22220

  204.0   2.95761

  205.0   3.29623

  206.0   3.32797

  207.0   3.36286

  208.0   3.39967

  209.0   3.43965

  210.0   3.47436

  211.0   3.20844

  212.0   3.54851

  213.0   3.11261

  214.0   2.92521

  215.0   2.95521

  216.0   3.20916

  217.0   2.94391

  218.0   3.45079

  219.0   3.77576

  220.0   3.79546

  221.0   3.51115

  222.0   3.52705

  223.0   3.23999

  224.0   3.55340

  225.0   3.08890

  226.0   3.40283

  227.0   3.19307

  228.0   3.30141

  229.0   2.80077

  230.0   2.97215

  231.0   2.76002

  232.0   2.76923

  233.0   2.67370

  234.0   2.75583

  235.0   2.68626

  236.0   2.69038

  237.0   2.67085

  238.0   2.65160

  239.0   2.57676

  240.0   2.45618

  241.0   2.42971

  242.0   2.33910

  243.0   2.23828

  244.0   2.17590

  245.0   2.11408

  246.0   2.03733

  247.0   1.95290

  248.0   1.86303

  249.0   1.80263

  250.0   1.73146

  251.0   1.68029

  252.0   1.62748

  253.0   1.58081

  254.0   1.53655

  255.0   1.48291

  256.0   1.44043

  257.0   1.40863

  258.0   1.36931

  259.0   1.32390

  260.0   1.28348

  261.0   1.24900

  262.0   1.19821

  263.0   1.16403

  264.0   1.12738

  265.0   1.09262

  266.0   1.05996

  267.0   1.02859

  268.0   0.99810

  269.0   0.96097

  270.0   0.92390

  271.0   0.89388

  272.0   0.86517

  273.0   0.83555

  274.0   0.80087

  275.0   0.77320

  276.0   0.74293

  277.0   0.71278

  278.0   0.68054

  279.0   0.65166

  280.0   0.62587

  281.0   0.59545

  282.0   0.57065

  283.0   0.54598

  284.0   0.52167

  285.0   0.49757

  286.0   0.47398

  287.0   0.45391

  288.0   0.43241

  289.0   0.41433

  290.0   0.39750

  291.0   0.38285

  292.0   0.36768

  293.0   0.35541

  294.0   0.34377

  295.0   0.33093

  296.0   0.32008

  297.0   0.30974

  298.0   0.30021

  299.0   0.29034

  300.0   0.28314

  301.0   0.27508

  302.0   0.26735

  303.0   0.26137

  304.0   0.25486

  305.0   0.24951

  306.0   0.24315

  307.0   0.23879

  308.0   0.23395

  309.0   0.22853

  310.0   0.22483

  311.0   0.22045

  312.0   0.21606

  313.0   0.21253

  314.0   0.20911

  315.0   0.20582

  316.0   0.20288

  317.0   0.20020

  318.0   0.19913

  319.0   0.19766

  320.0   0.19572

  321.0   0.19628

  322.0   0.19435

  323.0   0.19467

  324.0   0.19537

  325.0   0.19663

  326.0   0.19657

  327.0   0.19765

  328.0   0.20028

  329.0   0.20192

  330.0   0.20498

  331.0   0.20604

  332.0   0.20849

  333.0   0.21160

  334.0   0.21424

  335.0   0.21605

  336.0   0.22003

  337.0   0.22282

  338.0   0.22524

  339.0   0.22904

  340.0   0.23248

  341.0   0.23616

  342.0   0.23944

  343.0   0.24324

  344.0   0.24632

  345.0   0.24966

  346.0   0.25045

  347.0   0.25388

  348.0   0.25647

  349.0   0.25729

  350.0   0.25908

  351.0   0.25929

  352.0   0.26110

  353.0   0.26123

  354.0   0.26155

  355.0   0.26145

  356.0   0.26085

  357.0   0.26025

  358.0   0.25754

  359.0   0.25543

  360.0   0.25312

  361.0   0.25032

  362.0   0.24712

  363.0   0.24392

  364.0   0.24061

  365.0   0.23560

  366.0   0.23207

  367.0   0.22768

  368.0   0.22370

  369.0   0.21905

  370.0   0.21515

  371.0   0.21097

  372.0   0.20669

  373.0   0.20269

  374.0   0.19811

  375.0   0.19422

  376.0   0.19001

  377.0   0.18591

  378.0   0.18194

  379.0   0.17824

  380.0   0.17487

  381.0   0.17069

  382.0   0.16700

  383.0   0.16371

  384.0   0.16041

  385.0   0.15729

  386.0   0.15401

  387.0   0.15108

  388.0   0.14781

  389.0   0.14492

  390.0   0.14229

  391.0   0.13985

  392.0   0.13707

  393.0   0.13471

  394.0   0.13204

  395.0   0.13000

  396.0   0.12782

  397.0   0.12548

  398.0   0.12326

  399.0   0.12102

  400.0   0.11874

  401.0   0.11668

  402.0   0.11490

  403.0   0.11299

  404.0   0.11096

  405.0   0.10871

  406.0   0.10700

  407.0   0.10477

  408.0   0.10280

  409.0   0.10078

  410.0   0.09879

  411.0   0.09701

  412.0   0.09468

  413.0   0.09277

  414.0   0.09023

  415.0   0.08927

  416.0   0.08442

  417.0   0.08220

  418.0   0.07947

  419.0   0.07744

  420.0   0.07499

  421.0   0.07269

  422.0   0.07060

  423.0   0.06822

  424.0   0.06585

  425.0   0.06382

  426.0   0.06157

  427.0   0.05956

  428.0   0.05777

  429.0   0.05564

  430.0   0.05405

  431.0   0.05233

  432.0   0.05073

  433.0   0.04918

  434.0   0.04778

  435.0   0.04642

  436.0   0.04498

  437.0   0.04389

  438.0   0.04268

  439.0   0.04152

  440.0   0.04060

  441.0   0.03952

  442.0   0.03857

  443.0   0.03780

  444.0   0.03687

  445.0   0.03604

  446.0   0.03522

  447.0   0.03447

  448.0   0.03371

  449.0   0.03305

  450.0   0.03236

  451.0   0.03175

  452.0   0.03110

  453.0   0.03052

  454.0   0.02989

  455.0   0.02943

  456.0   0.02893

  457.0   0.02842

  458.0   0.02798

  459.0   0.02740

  460.0   0.02692

  461.0   0.02632

  462.0   0.02590

  463.0   0.02544

  464.0   0.02489

  465.0   0.02444

  466.0   0.02401

  467.0   0.02354

  468.0   0.02322

  469.0   0.02280

  470.0   0.02250

  471.0   0.02230

  472.0   0.02203

  473.0   0.02177

  474.0   0.02152

  475.0   0.02134

  476.0   0.02106

  477.0   0.02088

  478.0   0.02076

  479.0   0.02059

  480.0   0.02051

  481.0   0.02029

  482.0   0.02011

  483.0   0.01998

  484.0   0.01982

  485.0   0.01970

  486.0   0.01960

  487.0   0.01946

  488.0   0.01930

  489.0   0.01921

  490.0   0.01907

  491.0   0.01889

  492.0   0.01879

  493.0   0.01874

  494.0   0.01859

  495.0   0.01852

  496.0   0.01837

  497.0   0.01822

  498.0   0.01815

  499.0   0.01799

  500.0   0.01799

  501.0   0.01787

  502.0   0.01782

  503.0   0.01782

  504.0   0.01774

  505.0   0.01776

  506.0   0.01774

  507.0   0.01768

  508.0   0.01768

  509.0   0.01765

  510.0   0.01762

  511.0   0.01763

  512.0   0.01752

  513.0   0.01753

  514.0   0.01751

  515.0   0.01748

  516.0   0.01755

  517.0   0.01751

  518.0   0.01757

  519.0   0.01748

  520.0   0.01749

  521.0   0.01748

  522.0   0.01741

  523.0   0.01735

  524.0   0.01730

  525.0   0.01724

  526.0   0.01723

  527.0   0.01723

  528.0   0.01722

  529.0   0.01723

  530.0   0.01725

  531.0   0.01721

  532.0   0.01728

  533.0   0.01726

  534.0   0.01728

  535.0   0.01729

  536.0   0.01732

  537.0   0.01734

  538.0   0.01737

  539.0   0.01736

  540.0   0.01736

  541.0   0.01738

  542.0   0.01736

  543.0   0.01733

  544.0   0.01731

  545.0   0.01736

  546.0   0.01734

  547.0   0.01743

  548.0   0.01745

  549.0   0.01755

  550.0   0.01761

  551.0   0.01764

  552.0   0.01769

  553.0   0.01773

  554.0   0.01778

  555.0   0.01780

  556.0   0.01780

  557.0   0.01914

  558.0   0.01912

  559.0   0.01905

  560.0   0.01903

  561.0   0.01898

  562.0   0.01897

  563.0   0.01900

  564.0   0.01891

  565.0   0.01885

  566.0   0.01885

  567.0   0.01890

  568.0   0.01893

  569.0   0.01896

  570.0   0.01898

  571.0   0.01899

  572.0   0.01902

  573.0   0.01906

  574.0   0.01905

  575.0   0.01899

  576.0   0.01901

  577.0   0.01891

  578.0   0.01894

  579.0   0.01885

  580.0   0.01881

  581.0   0.01876

  582.0   0.01875

  583.0   0.01872

  584.0   0.01877

  585.0   0.01879

  586.0   0.01886

  587.0   0.01881

  588.0   0.01885

  589.0   0.01879

  590.0   0.01878

  591.0   0.01877

  592.0   0.01877

  593.0   0.01879

  594.0   0.01880

  595.0   0.01883

  596.0   0.01889

  597.0   0.01894

  598.0   0.01895

  599.0   0.01903

  600.0   0.01910

  601.0   0.01913

  602.0   0.01916

  603.0   0.01921

  604.0   0.01922

  605.0   0.01929

  606.0   0.01927

  607.0   0.01937

  608.0   0.01936

  609.0   0.01941

  610.0   0.01949

  611.0   0.01954

  612.0   0.01957

  613.0   0.01957

  614.0   0.01961

  615.0   0.01962

  616.0   0.01964

  617.0   0.01962

  618.0   0.01964

  619.0   0.01967

  620.0   0.01966

  621.0   0.01969

  622.0   0.01972

  623.0   0.01975

  624.0   0.01975

  625.0   0.01973

  626.0   0.01972

  627.0   0.01967

  628.0   0.01968

  629.0   0.01969

  630.0   0.01970

  631.0   0.01969

  632.0   0.01969

  633.0   0.01972

  634.0   0.01971

  635.0   0.01968

  636.0   0.01959

  637.0   0.01960

  638.0   0.01955

  639.0   0.01951

  640.0   0.01950

  641.0   0.01952

  642.0   0.01948

  643.0   0.01945

  644.0   0.01949

  645.0   0.01949

  646.0   0.01949

  647.0   0.01944

  648.0   0.01946

  649.0   0.01945

  650.0   0.01943

  651.0   0.01940

  652.0   0.01938

  653.0   0.01938

  654.0   0.01940

  655.0   0.01937

  656.0   0.01934

  657.0   0.01933

  658.0   0.01937

  659.0   0.01931

  660.0   0.01932

  661.0   0.01931

  662.0   0.01932

  663.0   0.01928

  664.0   0.01933

  665.0   0.01931

  666.0   0.01929

  667.0   0.01927

  668.0   0.01927

  669.0   0.01924

  670.0   0.01921

  671.0   0.01921

  672.0   0.01919

  673.0   0.01920

  674.0   0.01918

  675.0   0.01918

  676.0   0.01916

  677.0   0.01908

  678.0   0.01909

  679.0   0.01907

  680.0   0.01904

  681.0   0.01900

  682.0   0.01894

  683.0   0.01894

  684.0   0.01893

  685.0   0.01895

  686.0   0.01891

  687.0   0.01892

  688.0   0.01890

  689.0   0.01891

  690.0   0.01891

  691.0   0.01889

  692.0   0.01891

  693.0   0.01890

  694.0   0.01889

  695.0   0.01893

  696.0   0.01894

  697.0   0.01891

  698.0   0.01891

  699.0   0.01891

  700.0   0.01890

  701.0   0.01888

  702.0   0.01881

  703.0   0.01884

  704.0   0.01879

  705.0   0.01876

  706.0   0.01879

  707.0   0.01877

  708.0   0.01875

  709.0   0.01871

  710.0   0.01879

  711.0   0.01869

  712.0   0.01863

  713.0   0.01857

  714.0   0.01856

  715.0   0.01854

  716.0   0.01844

  717.0   0.01840

  718.0   0.01837

  719.0   0.01837

  720.0   0.01832

  721.0   0.01827

  722.0   0.01824

  723.0   0.01820

  724.0   0.01811

  725.0   0.01809

  726.0   0.01806

  727.0   0.01799

  728.0   0.01797

  729.0   0.01791

  730.0   0.01791

  731.0   0.01788

  732.0   0.01789

  733.0   0.01785

  734.0   0.01777

  735.0   0.01778

  736.0   0.01911

  737.0   0.01897

  738.0   0.01889

  739.0   0.01879

  740.0   0.01872

  741.0   0.01858

  742.0   0.01849

  743.0   0.01836

  744.0   0.01834

  745.0   0.01824

  746.0   0.01817

  747.0   0.01805

  748.0   0.01804

  749.0   0.01801

  750.0   0.01790

  751.0   0.01785

  752.0   0.01777

  753.0   0.01775

  754.0   0.01765

  755.0   0.01766

  756.0   0.01753

  757.0   0.01753

  758.0   0.01747

  759.0   0.01740

  760.0   0.01733

  761.0   0.01730

  762.0   0.01726

  763.0   0.01719

  764.0   0.01718

  765.0   0.01712

  766.0   0.01703

  767.0   0.01700

  768.0   0.01691

  769.0   0.01680

  770.0   0.01677

  771.0   0.01666

  772.0   0.01660

  773.0   0.01655

  774.0   0.01652

  775.0   0.01641

  776.0   0.01638

  777.0   0.01621

  778.0   0.01613

  779.0   0.01608

  780.0   0.01602

  781.0   0.01597

  782.0   0.01600

  783.0   0.01594

  784.0   0.01583

  785.0   0.01575

  786.0   0.01573

  787.0   0.01570

  788.0   0.01571

  789.0   0.01566

  790.0   0.01567

  791.0   0.01558

  792.0   0.01553

  793.0   0.01562

  794.0   0.01542

  795.0   0.01543

  796.0   0.01537

  797.0   0.01539

  798.0   0.01535

  799.0   0.01534

  800.0   0.01527

 
