ser ID: DU600

Method ID: A:\DEFAULT

Date: 07/30/00

Time: 08:22

 200.0   3.08386

  201.0   2.30535

  202.0   2.58433

  203.0   3.22220

  204.0   3.25864

  205.0   3.29623

  206.0   3.02694

  207.0   3.36286

  208.0   2.92255

  209.0   2.83759

  210.0   2.69621

  211.0   2.81050

  212.0   2.77036

  213.0   2.89076

  214.0   2.72109

  215.0   2.95521

  216.0   3.68628

  217.0   3.72206

  218.0   3.75182

  219.0   3.77576

  220.0   3.01731

  221.0   3.21012

  222.0   3.04993

  223.0   2.84205

  224.0   2.81303

  225.0   2.72093

  226.0   2.55774

  227.0   2.47707

  228.0   2.41211

  229.0   2.35841

  230.0   2.31361

  231.0   2.22011

  232.0   2.18945

  233.0   2.13954

  234.0   2.09072

  235.0   2.05653

  236.0   2.01489

  237.0   1.94657

  238.0   1.90563

  239.0   1.86411

  240.0   1.82241

  241.0   1.78344

  242.0   1.73958

  243.0   1.68737

  244.0   1.64815

  245.0   1.60551

  246.0   1.55849

  247.0   1.50852

  248.0   1.45463

  249.0   1.41346

  250.0   1.36961

  251.0   1.32097

  252.0   1.28447

  253.0   1.25414

  254.0   1.23196

  255.0   1.20322

  256.0   1.18190

  257.0   1.16066

  258.0   1.14312

  259.0   1.12155

  260.0   1.10703

  261.0   1.08462

  262.0   1.05924

  263.0   1.02951

  264.0   1.00024

  265.0   0.97316

  266.0   0.94037

  267.0   0.91331

  268.0   0.87729

  269.0   0.84388

  270.0   0.80417

  271.0   0.76933

  272.0   0.73303

  273.0   0.69738

  274.0   0.66077

  275.0   0.62582

  276.0   0.59457

  277.0   0.56407

  278.0   0.53307

  279.0   0.50862

  280.0   0.48535

  281.0   0.46182

  282.0   0.44325

  283.0   0.42563

  284.0   0.41018

  285.0   0.39497

  286.0   0.38027

  287.0   0.36905

  288.0   0.35668

  289.0   0.34698

  290.0   0.33914

  291.0   0.33177

  292.0   0.32447

  293.0   0.31785

  294.0   0.31444

  295.0   0.30956

  296.0   0.30480

  297.0   0.30199

  298.0   0.29843

  299.0   0.29521

  300.0   0.29349

  301.0   0.29135

  302.0   0.28802

  303.0   0.28740

  304.0   0.28518

  305.0   0.28454

  306.0   0.28312

  307.0   0.28205

  308.0   0.28071

  309.0   0.27916

  310.0   0.27739

  311.0   0.27458

  312.0   0.27193

  313.0   0.26983

  314.0   0.26640

  315.0   0.26377

  316.0   0.26144

  317.0   0.25724

  318.0   0.25524

  319.0   0.25163

  320.0   0.24915

  321.0   0.24817

  322.0   0.24366

  323.0   0.24054

  324.0   0.23926

  325.0   0.23652

  326.0   0.23424

  327.0   0.23276

  328.0   0.23022

  329.0   0.22753

  330.0   0.22582

  331.0   0.22331

  332.0   0.22098

  333.0   0.21736

  334.0   0.21530

  335.0   0.21169

  336.0   0.21000

  337.0   0.20806

  338.0   0.20477

  339.0   0.20216

  340.0   0.19953

  341.0   0.19750

  342.0   0.19533

  343.0   0.19354

  344.0   0.19060

  345.0   0.18877

  346.0   0.18633

  347.0   0.18483

  348.0   0.18357

  349.0   0.18115

  350.0   0.17948

  351.0   0.17700

  352.0   0.17523

  353.0   0.17268

  354.0   0.17069

  355.0   0.16778

  356.0   0.16651

  357.0   0.16602

  358.0   0.16273

  359.0   0.16056

  360.0   0.15689

  361.0   0.15472

  362.0   0.15260

  363.0   0.14996

  364.0   0.14766

  365.0   0.14532

  366.0   0.14291

  367.0   0.13996

  368.0   0.13774

  369.0   0.13537

  370.0   0.13286

  371.0   0.13080

  372.0   0.12813

  373.0   0.12624

  374.0   0.12372

  375.0   0.12207

  376.0   0.11960

  377.0   0.11777

  378.0   0.11584

  379.0   0.11440

  380.0   0.11259

  381.0   0.11038

  382.0   0.10876

  383.0   0.10723

  384.0   0.10606

  385.0   0.10461

  386.0   0.10332

  387.0   0.10171

  388.0   0.10020

  389.0   0.09906

  390.0   0.09857

  391.0   0.09769

  392.0   0.09697

  393.0   0.09619

  394.0   0.09524

  395.0   0.09462

  396.0   0.09363

  397.0   0.09293

  398.0   0.09174

  399.0   0.09064

  400.0   0.08977

  401.0   0.08858

  402.0   0.08771

  403.0   0.08657

  404.0   0.08545

  405.0   0.08421

  406.0   0.08326

  407.0   0.08173

  408.0   0.08039

  409.0   0.07870

  410.0   0.07725

  411.0   0.07589

  412.0   0.07382

  413.0   0.07224

  414.0   0.07015

  415.0   0.06937

  416.0   0.06480

  417.0   0.06276

  418.0   0.06052

  419.0   0.05854

  420.0   0.05665

  421.0   0.05462

  422.0   0.05259

  423.0   0.05072

  424.0   0.04856

  425.0   0.04693

  426.0   0.04496

  427.0   0.04324

  428.0   0.04180

  429.0   0.04014

  430.0   0.03874

  431.0   0.03731

  432.0   0.03615

  433.0   0.03499

  434.0   0.03401

  435.0   0.03305

  436.0   0.03218

  437.0   0.03144

  438.0   0.03064

  439.0   0.03005

  440.0   0.02953

  441.0   0.02886

  442.0   0.02833

  443.0   0.02788

  444.0   0.02745

  445.0   0.02697

  446.0   0.02661

  447.0   0.02632

  448.0   0.02595

  449.0   0.02566

  450.0   0.02537

  451.0   0.02507

  452.0   0.02479

  453.0   0.02455

  454.0   0.02435

  455.0   0.02415

  456.0   0.02391

  457.0   0.02363

  458.0   0.02348

  459.0   0.02306

  460.0   0.02285

  461.0   0.02253

  462.0   0.02235

  463.0   0.02216

  464.0   0.02182

  465.0   0.02158

  466.0   0.02136

  467.0   0.02115

  468.0   0.02097

  469.0   0.02085

  470.0   0.02071

  471.0   0.02076

  472.0   0.02063

  473.0   0.02063

  474.0   0.02057

  475.0   0.02050

  476.0   0.02039

  477.0   0.02031

  478.0   0.02032

  479.0   0.02024

  480.0   0.02025

  481.0   0.02014

  482.0   0.02008

  483.0   0.02001

  484.0   0.02001

  485.0   0.01997

  486.0   0.02000

  487.0   0.01998

  488.0   0.01987

  489.0   0.01982

  490.0   0.01972

  491.0   0.01969

  492.0   0.01967

  493.0   0.01970

  494.0   0.01958

  495.0   0.01960

  496.0   0.01952

  497.0   0.01945

  498.0   0.01947

  499.0   0.01949

  500.0   0.01954

  501.0   0.01951

  502.0   0.01952

  503.0   0.01958

  504.0   0.01953

  505.0   0.01952

  506.0   0.01955

  507.0   0.01958

  508.0   0.01960

  509.0   0.01969

  510.0   0.01970

  511.0   0.01977

  512.0   0.01970

  513.0   0.01977

  514.0   0.01976

  515.0   0.01973

  516.0   0.01981

  517.0   0.01980

  518.0   0.01989

  519.0   0.01988

  520.0   0.01994

  521.0   0.02000

  522.0   0.02002

  523.0   0.02000

  524.0   0.02003

  525.0   0.02002

  526.0   0.02007

  527.0   0.02016

  528.0   0.02019

  529.0   0.02024

  530.0   0.02035

  531.0   0.02039

  532.0   0.02046

  533.0   0.02050

  534.0   0.02053

  535.0   0.02061

  536.0   0.02068

  537.0   0.02075

  538.0   0.02081

  539.0   0.02087

  540.0   0.02092

  541.0   0.02093

  542.0   0.02100

  543.0   0.02105

  544.0   0.02112

  545.0   0.02123

  546.0   0.02132

  547.0   0.02148

  548.0   0.02152

  549.0   0.02163

  550.0   0.02178

  551.0   0.02192

  552.0   0.02209

  553.0   0.02214

  554.0   0.02230

  555.0   0.02229

  556.0   0.02233

  557.0   0.02506

  558.0   0.02491

  559.0   0.02478

  560.0   0.02470

  561.0   0.02467

  562.0   0.02465

  563.0   0.02464

  564.0   0.02456

  565.0   0.02446

  566.0   0.02445

  567.0   0.02441

  568.0   0.02436

  569.0   0.02437

  570.0   0.02436

  571.0   0.02433

  572.0   0.02432

  573.0   0.02434

  574.0   0.02430

  575.0   0.02424

  576.0   0.02423

  577.0   0.02419

  578.0   0.02421

  579.0   0.02416

  580.0   0.02416

  581.0   0.02412

  582.0   0.02409

  583.0   0.02404

  584.0   0.02414

  585.0   0.02426

  586.0   0.02437

  587.0   0.02447

  588.0   0.02450

  589.0   0.02450

  590.0   0.02453

  591.0   0.02456

  592.0   0.02459

  593.0   0.02469

  594.0   0.02475

  595.0   0.02485

  596.0   0.02496

  597.0   0.02502

  598.0   0.02506

  599.0   0.02515

  600.0   0.02527

  601.0   0.02530

  602.0   0.02536

  603.0   0.02542

  604.0   0.02548

  605.0   0.02556

  606.0   0.02556

  607.0   0.02562

  608.0   0.02563

  609.0   0.02565

  610.0   0.02572

  611.0   0.02575

  612.0   0.02582

  613.0   0.02581

  614.0   0.02586

  615.0   0.02586

  616.0   0.02585

  617.0   0.02585

  618.0   0.02586

  619.0   0.02587

  620.0   0.02587

  621.0   0.02590

  622.0   0.02594

  623.0   0.02594

  624.0   0.02598

  625.0   0.02597

  626.0   0.02594

  627.0   0.02594

  628.0   0.02596

  629.0   0.02593

  630.0   0.02593

  631.0   0.02591

  632.0   0.02590

  633.0   0.02591

  634.0   0.02588

  635.0   0.02584

  636.0   0.02580

  637.0   0.02577

  638.0   0.02574

  639.0   0.02569

  640.0   0.02565

  641.0   0.02568

  642.0   0.02563

  643.0   0.02563

  644.0   0.02568

  645.0   0.02568

  646.0   0.02567

  647.0   0.02566

  648.0   0.02566

  649.0   0.02564

  650.0   0.02561

  651.0   0.02558

  652.0   0.02559

  653.0   0.02553

  654.0   0.02552

  655.0   0.02547

  656.0   0.02551

  657.0   0.02545

  658.0   0.02543

  659.0   0.02538

  660.0   0.02536

  661.0   0.02532

  662.0   0.02536

  663.0   0.02534

  664.0   0.02535

  665.0   0.02534

  666.0   0.02530

  667.0   0.02526

  668.0   0.02518

  669.0   0.02519

  670.0   0.02510

  671.0   0.02505

  672.0   0.02498

  673.0   0.02494

  674.0   0.02495

  675.0   0.02489

  676.0   0.02483

  677.0   0.02470

  678.0   0.02463

  679.0   0.02459

  680.0   0.02461

  681.0   0.02460

  682.0   0.02455

  683.0   0.02451

  684.0   0.02447

  685.0   0.02442

  686.0   0.02437

  687.0   0.02433

  688.0   0.02425

  689.0   0.02424

  690.0   0.02421

  691.0   0.02421

  692.0   0.02428

  693.0   0.02428

  694.0   0.02423

  695.0   0.02421

  696.0   0.02414

  697.0   0.02407

  698.0   0.02404

  699.0   0.02395

  700.0   0.02395

  701.0   0.02388

  702.0   0.02378

  703.0   0.02379

  704.0   0.02373

  705.0   0.02369

  706.0   0.02367

  707.0   0.02360

  708.0   0.02353

  709.0   0.02347

  710.0   0.02348

  711.0   0.02333

  712.0   0.02325

  713.0   0.02317

  714.0   0.02307

  715.0   0.02302

  716.0   0.02289

  717.0   0.02282

  718.0   0.02269

  719.0   0.02262

  720.0   0.02255

  721.0   0.02251

  722.0   0.02247

  723.0   0.02240

  724.0   0.02230

  725.0   0.02220

  726.0   0.02219

  727.0   0.02210

  728.0   0.02209

  729.0   0.02204

  730.0   0.02200

  731.0   0.02193

  732.0   0.02187

  733.0   0.02184

  734.0   0.02176

  735.0   0.02176

  736.0   0.02441

  737.0   0.02414

  738.0   0.02396

  739.0   0.02374

  740.0   0.02352

  741.0   0.02330

  742.0   0.02318

  743.0   0.02302

  744.0   0.02288

  745.0   0.02269

  746.0   0.02264

  747.0   0.02244

  748.0   0.02237

  749.0   0.02226

  750.0   0.02217

  751.0   0.02207

  752.0   0.02193

  753.0   0.02180

  754.0   0.02165

  755.0   0.02160

  756.0   0.02151

  757.0   0.02142

  758.0   0.02132

  759.0   0.02117

  760.0   0.02110

  761.0   0.02099

  762.0   0.02092

  763.0   0.02086

  764.0   0.02080

  765.0   0.02068

  766.0   0.02063

  767.0   0.02051

  768.0   0.02040

  769.0   0.02032

  770.0   0.02030

  771.0   0.02022

  772.0   0.02014

  773.0   0.01998

  774.0   0.01993

  775.0   0.01985

  776.0   0.01980

  777.0   0.01970

  778.0   0.01965

  779.0   0.01957

  780.0   0.01949

  781.0   0.01945

  782.0   0.01940

  783.0   0.01941

  784.0   0.01930

  785.0   0.01923

  786.0   0.01918

  787.0   0.01911

  788.0   0.01915

  789.0   0.01908

  790.0   0.01906

  791.0   0.01904

  792.0   0.01897

  793.0   0.01897

  794.0   0.01881

  795.0   0.01879

  796.0   0.01872

  797.0   0.01871

  798.0   0.01868

  799.0   0.01864

  800.0   0.01857

 
