ser ID: DU600

Method ID: A:\DEFAULT

Date: 07/30/00

Time: 08:10

 200.0   3.08386

  201.0   2.30535

  202.0   2.23215

  203.0   2.62014

  204.0   3.25864

  205.0   2.81910

  206.0   3.02694

  207.0   2.76080

  208.0   3.39967

  209.0   2.74068

  210.0   2.77539

  211.0   2.46808

  212.0   2.54851

  213.0   2.81157

  214.0   2.92521

  215.0   2.95521

  216.0   3.38525

  217.0   3.42103

  218.0   3.75182

  219.0   3.07679

  220.0   3.09649

  221.0   3.11321

  222.0   2.87384

  223.0   2.84205

  224.0   2.81303

  225.0   2.63661

  226.0   2.64951

  227.0   2.44488

  228.0   2.39832

  229.0   2.37065

  230.0   2.31361

  231.0   2.26401

  232.0   2.21293

  233.0   2.18903

  234.0   2.10261

  235.0   2.07292

  236.0   2.02962

  237.0   1.97188

  238.0   1.94851

  239.0   1.91024

  240.0   1.84436

  241.0   1.81241

  242.0   1.77118

  243.0   1.71060

  244.0   1.66510

  245.0   1.62490

  246.0   1.57244

  247.0   1.52266

  248.0   1.47437

  249.0   1.42113

  250.0   1.37427

  251.0   1.34247

  252.0   1.30546

  253.0   1.27203

  254.0   1.24364

  255.0   1.21517

  256.0   1.19092

  257.0   1.17663

  258.0   1.15866

  259.0   1.13658

  260.0   1.11656

  261.0   1.09379

  262.0   1.06260

  263.0   1.03459

  264.0   1.00627

  265.0   0.97833

  266.0   0.94908

  267.0   0.92005

  268.0   0.88748

  269.0   0.85066

  270.0   0.80958

  271.0   0.77593

  272.0   0.74205

  273.0   0.70676

  274.0   0.66912

  275.0   0.63414

  276.0   0.60314

  277.0   0.57107

  278.0   0.54029

  279.0   0.51501

  280.0   0.49015

  281.0   0.46717

  282.0   0.44992

  283.0   0.43167

  284.0   0.41532

  285.0   0.39976

  286.0   0.38557

  287.0   0.37389

  288.0   0.36106

  289.0   0.35157

  290.0   0.34244

  291.0   0.33457

  292.0   0.32664

  293.0   0.32069

  294.0   0.31542

  295.0   0.31081

  296.0   0.30590

  297.0   0.30226

  298.0   0.29829

  299.0   0.29603

  300.0   0.29362

  301.0   0.29148

  302.0   0.28829

  303.0   0.28727

  304.0   0.28491

  305.0   0.28399

  306.0   0.28160

  307.0   0.28066

  308.0   0.27903

  309.0   0.27648

  310.0   0.27454

  311.0   0.27171

  312.0   0.26990

  313.0   0.26763

  314.0   0.26434

  315.0   0.26213

  316.0   0.25873

  317.0   0.25573

  318.0   0.25355

  319.0   0.25023

  320.0   0.24791

  321.0   0.24691

  322.0   0.24125

  323.0   0.23894

  324.0   0.23734

  325.0   0.23556

  326.0   0.23360

  327.0   0.23213

  328.0   0.22975

  329.0   0.22753

  330.0   0.22629

  331.0   0.22347

  332.0   0.22067

  333.0   0.21813

  334.0   0.21545

  335.0   0.21229

  336.0   0.21029

  337.0   0.20762

  338.0   0.20477

  339.0   0.20346

  340.0   0.20137

  341.0   0.20017

  342.0   0.19770

  343.0   0.19589

  344.0   0.19361

  345.0   0.19257

  346.0   0.19023

  347.0   0.18870

  348.0   0.18649

  349.0   0.18432

  350.0   0.18210

  351.0   0.18001

  352.0   0.17900

  353.0   0.17696

  354.0   0.17457

  355.0   0.17192

  356.0   0.17155

  357.0   0.16975

  358.0   0.16663

  359.0   0.16474

  360.0   0.16207

  361.0   0.15942

  362.0   0.15729

  363.0   0.15453

  364.0   0.15266

  365.0   0.14941

  366.0   0.14710

  367.0   0.14423

  368.0   0.14190

  369.0   0.13952

  370.0   0.13621

  371.0   0.13487

  372.0   0.13163

  373.0   0.13003

  374.0   0.12730

  375.0   0.12569

  376.0   0.12368

  377.0   0.12157

  378.0   0.11929

  379.0   0.11741

  380.0   0.11570

  381.0   0.11306

  382.0   0.11149

  383.0   0.10970

  384.0   0.10844

  385.0   0.10680

  386.0   0.10549

  387.0   0.10414

  388.0   0.10259

  389.0   0.10164

  390.0   0.10098

  391.0   0.10000

  392.0   0.09894

  393.0   0.09817

  394.0   0.09706

  395.0   0.09627

  396.0   0.09538

  397.0   0.09448

  398.0   0.09332

  399.0   0.09216

  400.0   0.09107

  401.0   0.09006

  402.0   0.08940

  403.0   0.08838

  404.0   0.08687

  405.0   0.08556

  406.0   0.08450

  407.0   0.08296

  408.0   0.08162

  409.0   0.07996

  410.0   0.07853

  411.0   0.07727

  412.0   0.07507

  413.0   0.07338

  414.0   0.07132

  415.0   0.07045

  416.0   0.06599

  417.0   0.06391

  418.0   0.06164

  419.0   0.05963

  420.0   0.05762

  421.0   0.05555

  422.0   0.05333

  423.0   0.05128

  424.0   0.04934

  425.0   0.04761

  426.0   0.04576

  427.0   0.04410

  428.0   0.04264

  429.0   0.04108

  430.0   0.03966

  431.0   0.03821

  432.0   0.03696

  433.0   0.03578

  434.0   0.03478

  435.0   0.03375

  436.0   0.03275

  437.0   0.03211

  438.0   0.03140

  439.0   0.03074

  440.0   0.03026

  441.0   0.02958

  442.0   0.02908

  443.0   0.02857

  444.0   0.02808

  445.0   0.02759

  446.0   0.02708

  447.0   0.02674

  448.0   0.02636

  449.0   0.02597

  450.0   0.02572

  451.0   0.02551

  452.0   0.02518

  453.0   0.02489

  454.0   0.02461

  455.0   0.02444

  456.0   0.02416

  457.0   0.02397

  458.0   0.02377

  459.0   0.02339

  460.0   0.02314

  461.0   0.02281

  462.0   0.02263

  463.0   0.02236

  464.0   0.02210

  465.0   0.02185

  466.0   0.02158

  467.0   0.02141

  468.0   0.02122

  469.0   0.02103

  470.0   0.02085

  471.0   0.02089

  472.0   0.02072

  473.0   0.02076

  474.0   0.02060

  475.0   0.02059

  476.0   0.02051

  477.0   0.02043

  478.0   0.02045

  479.0   0.02046

  480.0   0.02043

  481.0   0.02037

  482.0   0.02028

  483.0   0.02021

  484.0   0.02014

  485.0   0.02004

  486.0   0.02002

  487.0   0.02003

  488.0   0.01990

  489.0   0.01987

  490.0   0.01979

  491.0   0.01976

  492.0   0.01971

  493.0   0.01970

  494.0   0.01958

  495.0   0.01960

  496.0   0.01952

  497.0   0.01947

  498.0   0.01949

  499.0   0.01949

  500.0   0.01950

  501.0   0.01949

  502.0   0.01948

  503.0   0.01958

  504.0   0.01955

  505.0   0.01958

  506.0   0.01961

  507.0   0.01960

  508.0   0.01960

  509.0   0.01967

  510.0   0.01967

  511.0   0.01977

  512.0   0.01972

  513.0   0.01981

  514.0   0.01980

  515.0   0.01981

  516.0   0.01986

  517.0   0.01982

  518.0   0.01989

  519.0   0.01983

  520.0   0.01993

  521.0   0.01994

  522.0   0.01995

  523.0   0.01992

  524.0   0.01996

  525.0   0.01993

  526.0   0.01998

  527.0   0.02005

  528.0   0.02008

  529.0   0.02020

  530.0   0.02033

  531.0   0.02036

  532.0   0.02043

  533.0   0.02047

  534.0   0.02053

  535.0   0.02057

  536.0   0.02061

  537.0   0.02066

  538.0   0.02070

  539.0   0.02077

  540.0   0.02080

  541.0   0.02084

  542.0   0.02086

  543.0   0.02088

  544.0   0.02095

  545.0   0.02108

  546.0   0.02113

  547.0   0.02129

  548.0   0.02141

  549.0   0.02151

  550.0   0.02166

  551.0   0.02178

  552.0   0.02192

  553.0   0.02200

  554.0   0.02212

  555.0   0.02215

  556.0   0.02217

  557.0   0.02481

  558.0   0.02470

  559.0   0.02460

  560.0   0.02454

  561.0   0.02449

  562.0   0.02447

  563.0   0.02444

  564.0   0.02438

  565.0   0.02433

  566.0   0.02427

  567.0   0.02428

  568.0   0.02423

  569.0   0.02424

  570.0   0.02423

  571.0   0.02413

  572.0   0.02417

  573.0   0.02411

  574.0   0.02406

  575.0   0.02407

  576.0   0.02402

  577.0   0.02401

  578.0   0.02403

  579.0   0.02405

  580.0   0.02404

  581.0   0.02398

  582.0   0.02395

  583.0   0.02392

  584.0   0.02402

  585.0   0.02412

  586.0   0.02422

  587.0   0.02427

  588.0   0.02434

  589.0   0.02429

  590.0   0.02431

  591.0   0.02435

  592.0   0.02440

  593.0   0.02448

  594.0   0.02454

  595.0   0.02465

  596.0   0.02475

  597.0   0.02480

  598.0   0.02487

  599.0   0.02495

  600.0   0.02505

  601.0   0.02510

  602.0   0.02520

  603.0   0.02526

  604.0   0.02530

  605.0   0.02540

  606.0   0.02541

  607.0   0.02550

  608.0   0.02550

  609.0   0.02549

  610.0   0.02553

  611.0   0.02557

  612.0   0.02566

  613.0   0.02561

  614.0   0.02567

  615.0   0.02563

  616.0   0.02567

  617.0   0.02563

  618.0   0.02565

  619.0   0.02566

  620.0   0.02566

  621.0   0.02569

  622.0   0.02569

  623.0   0.02577

  624.0   0.02577

  625.0   0.02578

  626.0   0.02572

  627.0   0.02570

  628.0   0.02575

  629.0   0.02575

  630.0   0.02574

  631.0   0.02571

  632.0   0.02568

  633.0   0.02565

  634.0   0.02564

  635.0   0.02562

  636.0   0.02554

  637.0   0.02555

  638.0   0.02555

  639.0   0.02547

  640.0   0.02548

  641.0   0.02544

  642.0   0.02539

  643.0   0.02539

  644.0   0.02541

  645.0   0.02546

  646.0   0.02541

  647.0   0.02539

  648.0   0.02539

  649.0   0.02537

  650.0   0.02532

  651.0   0.02530

  652.0   0.02534

  653.0   0.02531

  654.0   0.02532

  655.0   0.02526

  656.0   0.02522

  657.0   0.02520

  658.0   0.02517

  659.0   0.02516

  660.0   0.02512

  661.0   0.02510

  662.0   0.02510

  663.0   0.02505

  664.0   0.02507

  665.0   0.02503

  666.0   0.02495

  667.0   0.02496

  668.0   0.02487

  669.0   0.02486

  670.0   0.02477

  671.0   0.02477

  672.0   0.02470

  673.0   0.02468

  674.0   0.02465

  675.0   0.02461

  676.0   0.02456

  677.0   0.02453

  678.0   0.02443

  679.0   0.02438

  680.0   0.02438

  681.0   0.02432

  682.0   0.02432

  683.0   0.02428

  684.0   0.02424

  685.0   0.02420

  686.0   0.02418

  687.0   0.02417

  688.0   0.02410

  689.0   0.02411

  690.0   0.02407

  691.0   0.02402

  692.0   0.02405

  693.0   0.02400

  694.0   0.02397

  695.0   0.02400

  696.0   0.02401

  697.0   0.02392

  698.0   0.02391

  699.0   0.02384

  700.0   0.02379

  701.0   0.02376

  702.0   0.02368

  703.0   0.02367

  704.0   0.02355

  705.0   0.02351

  706.0   0.02351

  707.0   0.02344

  708.0   0.02336

  709.0   0.02331

  710.0   0.02331

  711.0   0.02320

  712.0   0.02313

  713.0   0.02302

  714.0   0.02299

  715.0   0.02298

  716.0   0.02283

  717.0   0.02278

  718.0   0.02271

  719.0   0.02264

  720.0   0.02258

  721.0   0.02249

  722.0   0.02250

  723.0   0.02242

  724.0   0.02230

  725.0   0.02222

  726.0   0.02219

  727.0   0.02205

  728.0   0.02195

  729.0   0.02192

  730.0   0.02193

  731.0   0.02188

  732.0   0.02190

  733.0   0.02186

  734.0   0.02173

  735.0   0.02176

  736.0   0.02432

  737.0   0.02405

  738.0   0.02390

  739.0   0.02368

  740.0   0.02349

  741.0   0.02328

  742.0   0.02307

  743.0   0.02288

  744.0   0.02274

  745.0   0.02258

  746.0   0.02253

  747.0   0.02236

  748.0   0.02229

  749.0   0.02215

  750.0   0.02201

  751.0   0.02190

  752.0   0.02179

  753.0   0.02161

  754.0   0.02148

  755.0   0.02141

  756.0   0.02129

  757.0   0.02126

  758.0   0.02112

  759.0   0.02100

  760.0   0.02093

  761.0   0.02085

  762.0   0.02076

  763.0   0.02072

  764.0   0.02063

  765.0   0.02054

  766.0   0.02051

  767.0   0.02043

  768.0   0.02032

  769.0   0.02024

  770.0   0.02016

  771.0   0.02008

  772.0   0.01997

  773.0   0.01992

  774.0   0.01985

  775.0   0.01982

  776.0   0.01977

  777.0   0.01967

  778.0   0.01959

  779.0   0.01954

  780.0   0.01947

  781.0   0.01942

  782.0   0.01934

  783.0   0.01929

  784.0   0.01922

  785.0   0.01917

  786.0   0.01912

  787.0   0.01905

  788.0   0.01906

  789.0   0.01893

  790.0   0.01894

  791.0   0.01884

  792.0   0.01882

  793.0   0.01886

  794.0   0.01870

  795.0   0.01871

  796.0   0.01860

  797.0   0.01857

  798.0   0.01847

  799.0   0.01847

  800.0   0.01842

 
