ser ID: DU600

Method ID: A:\DEFAULT

Date: 07/30/00

Time: 05:48

 200.0   2.78283

  201.0   2.84942

  202.0   3.18639

  203.0   3.22220

  204.0   3.25864

  205.0   2.99520

  206.0   2.54982

  207.0   2.66389

  208.0   3.39967

  209.0   3.43965

  210.0   3.47436

  211.0   2.60638

  212.0   3.54851

  213.0   3.58973

  214.0   3.32315

  215.0   3.65418

  216.0   2.90813

  217.0   3.42103

  218.0   3.75182

  219.0   3.77576

  220.0   3.19340

  221.0   3.51115

  222.0   3.52705

  223.0   3.36493

  224.0   3.37731

  225.0   3.38993

  226.0   3.87996

  227.0   2.98895

  228.0   3.00038

  229.0   3.31265

  230.0   3.14824

  231.0   3.09101

  232.0   2.83138

  233.0   2.91106

  234.0   2.91855

  235.0   3.06192

  236.0   2.92774

  237.0   2.97188

  238.0   2.79773

  239.0   2.71942

  240.0   2.63227

  241.0   2.65155

  242.0   2.51018

  243.0   2.46552

  244.0   2.34505

  245.0   2.20947

  246.0   2.16227

  247.0   2.07641

  248.0   2.00846

  249.0   1.94015

  250.0   1.85728

  251.0   1.79184

  252.0   1.72331

  253.0   1.67674

  254.0   1.61466

  255.0   1.55226

  256.0   1.48865

  257.0   1.44028

  258.0   1.39308

  259.0   1.34192

  260.0   1.29339

  261.0   1.23594

  262.0   1.18821

  263.0   1.15213

  264.0   1.11239

  265.0   1.08149

  266.0   1.04530

  267.0   1.01800

  268.0   0.99306

  269.0   0.96510

  270.0   0.93215

  271.0   0.90427

  272.0   0.88095

  273.0   0.85848

  274.0   0.83335

  275.0   0.80807

  276.0   0.78154

  277.0   0.75529

  278.0   0.72421

  279.0   0.69782

  280.0   0.67185

  281.0   0.64177

  282.0   0.61492

  283.0   0.58670

  284.0   0.55868

  285.0   0.53110

  286.0   0.50641

  287.0   0.48208

  288.0   0.45546

  289.0   0.43414

  290.0   0.41207

  291.0   0.39454

  292.0   0.37473

  293.0   0.35945

  294.0   0.34317

  295.0   0.32642

  296.0   0.31216

  297.0   0.29871

  298.0   0.28540

  299.0   0.27230

  300.0   0.26076

  301.0   0.25004

  302.0   0.23881

  303.0   0.23020

  304.0   0.22190

  305.0   0.21453

  306.0   0.20608

  307.0   0.19957

  308.0   0.19333

  309.0   0.18684

  310.0   0.18205

  311.0   0.17517

  312.0   0.17011

  313.0   0.16595

  314.0   0.16268

  315.0   0.15913

  316.0   0.15660

  317.0   0.15409

  318.0   0.15247

  319.0   0.15138

  320.0   0.15174

  321.0   0.15245

  322.0   0.15397

  323.0   0.15502

  324.0   0.15697

  325.0   0.16076

  326.0   0.16368

  327.0   0.16762

  328.0   0.17158

  329.0   0.17548

  330.0   0.18069

  331.0   0.18570

  332.0   0.19127

  333.0   0.19663

  334.0   0.20248

  335.0   0.20723

  336.0   0.21401

  337.0   0.22070

  338.0   0.22615

  339.0   0.23302

  340.0   0.23910

  341.0   0.24623

  342.0   0.25192

  343.0   0.25864

  344.0   0.26547

  345.0   0.27115

  346.0   0.27488

  347.0   0.28008

  348.0   0.28494

  349.0   0.28932

  350.0   0.29357

  351.0   0.29587

  352.0   0.29818

  353.0   0.29930

  354.0   0.30112

  355.0   0.30155

  356.0   0.30191

  357.0   0.30248

  358.0   0.30050

  359.0   0.29894

  360.0   0.29643

  361.0   0.29280

  362.0   0.28849

  363.0   0.28460

  364.0   0.28149

  365.0   0.27627

  366.0   0.27159

  367.0   0.26692

  368.0   0.26107

  369.0   0.25658

  370.0   0.25046

  371.0   0.24603

  372.0   0.24092

  373.0   0.23521

  374.0   0.22975

  375.0   0.22559

  376.0   0.22036

  377.0   0.21539

  378.0   0.21042

  379.0   0.20596

  380.0   0.20126

  381.0   0.19608

  382.0   0.19216

  383.0   0.18751

  384.0   0.18332

  385.0   0.17896

  386.0   0.17432

  387.0   0.17006

  388.0   0.16630

  389.0   0.16222

  390.0   0.15884

  391.0   0.15521

  392.0   0.15127

  393.0   0.14819

  394.0   0.14479

  395.0   0.14179

  396.0   0.13849

  397.0   0.13551

  398.0   0.13264

  399.0   0.12963

  400.0   0.12728

  401.0   0.12482

  402.0   0.12247

  403.0   0.12012

  404.0   0.11768

  405.0   0.11518

  406.0   0.11340

  407.0   0.11077

  408.0   0.10867

  409.0   0.10642

  410.0   0.10423

  411.0   0.10242

  412.0   0.10017

  413.0   0.09800

  414.0   0.09572

  415.0   0.09462

  416.0   0.09007

  417.0   0.08796

  418.0   0.08545

  419.0   0.08322

  420.0   0.08097

  421.0   0.07894

  422.0   0.07666

  423.0   0.07461

  424.0   0.07253

  425.0   0.07024

  426.0   0.06803

  427.0   0.06629

  428.0   0.06439

  429.0   0.06243

  430.0   0.06053

  431.0   0.05862

  432.0   0.05692

  433.0   0.05513

  434.0   0.05371

  435.0   0.05226

  436.0   0.05072

  437.0   0.04932

  438.0   0.04793

  439.0   0.04671

  440.0   0.04552

  441.0   0.04434

  442.0   0.04324

  443.0   0.04214

  444.0   0.04113

  445.0   0.04009

  446.0   0.03911

  447.0   0.03811

  448.0   0.03716

  449.0   0.03626

  450.0   0.03544

  451.0   0.03461

  452.0   0.03380

  453.0   0.03306

  454.0   0.03232

  455.0   0.03166

  456.0   0.03102

  457.0   0.03036

  458.0   0.02982

  459.0   0.02903

  460.0   0.02840

  461.0   0.02771

  462.0   0.02716

  463.0   0.02664

  464.0   0.02596

  465.0   0.02542

  466.0   0.02485

  467.0   0.02436

  468.0   0.02384

  469.0   0.02340

  470.0   0.02295

  471.0   0.02267

  472.0   0.02225

  473.0   0.02193

  474.0   0.02161

  475.0   0.02134

  476.0   0.02103

  477.0   0.02074

  478.0   0.02056

  479.0   0.02032

  480.0   0.02012

  481.0   0.01988

  482.0   0.01970

  483.0   0.01946

  484.0   0.01921

  485.0   0.01903

  486.0   0.01886

  487.0   0.01871

  488.0   0.01847

  489.0   0.01834

  490.0   0.01815

  491.0   0.01796

  492.0   0.01780

  493.0   0.01770

  494.0   0.01750

  495.0   0.01741

  496.0   0.01721

  497.0   0.01699

  498.0   0.01687

  499.0   0.01677

  500.0   0.01668

  501.0   0.01655

  502.0   0.01645

  503.0   0.01643

  504.0   0.01634

  505.0   0.01630

  506.0   0.01625

  507.0   0.01611

  508.0   0.01605

  509.0   0.01601

  510.0   0.01597

  511.0   0.01594

  512.0   0.01585

  513.0   0.01589

  514.0   0.01584

  515.0   0.01575

  516.0   0.01574

  517.0   0.01564

  518.0   0.01563

  519.0   0.01558

  520.0   0.01556

  521.0   0.01555

  522.0   0.01545

  523.0   0.01538

  524.0   0.01535

  525.0   0.01528

  526.0   0.01526

  527.0   0.01528

  528.0   0.01523

  529.0   0.01524

  530.0   0.01523

  531.0   0.01524

  532.0   0.01526

  533.0   0.01522

  534.0   0.01520

  535.0   0.01517

  536.0   0.01515

  537.0   0.01519

  538.0   0.01520

  539.0   0.01517

  540.0   0.01514

  541.0   0.01511

  542.0   0.01505

  543.0   0.01495

  544.0   0.01493

  545.0   0.01499

  546.0   0.01498

  547.0   0.01501

  548.0   0.01507

  549.0   0.01505

  550.0   0.01508

  551.0   0.01517

  552.0   0.01520

  553.0   0.01520

  554.0   0.01527

  555.0   0.01524

  556.0   0.01521

  557.0   0.01575

  558.0   0.01576

  559.0   0.01570

  560.0   0.01574

  561.0   0.01574

  562.0   0.01572

  563.0   0.01571

  564.0   0.01571

  565.0   0.01568

  566.0   0.01566

  567.0   0.01570

  568.0   0.01565

  569.0   0.01564

  570.0   0.01568

  571.0   0.01565

  572.0   0.01566

  573.0   0.01568

  574.0   0.01572

  575.0   0.01569

  576.0   0.01574

  577.0   0.01570

  578.0   0.01575

  579.0   0.01571

  580.0   0.01573

  581.0   0.01569

  582.0   0.01568

  583.0   0.01567

  584.0   0.01571

  585.0   0.01577

  586.0   0.01576

  587.0   0.01574

  588.0   0.01572

  589.0   0.01566

  590.0   0.01561

  591.0   0.01562

  592.0   0.01561

  593.0   0.01559

  594.0   0.01563

  595.0   0.01559

  596.0   0.01564

  597.0   0.01565

  598.0   0.01564

  599.0   0.01564

  600.0   0.01568

  601.0   0.01568

  602.0   0.01569

  603.0   0.01571

  604.0   0.01569

  605.0   0.01576

  606.0   0.01576

  607.0   0.01580

  608.0   0.01578

  609.0   0.01580

  610.0   0.01583

  611.0   0.01585

  612.0   0.01591

  613.0   0.01590

  614.0   0.01594

  615.0   0.01593

  616.0   0.01596

  617.0   0.01593

  618.0   0.01598

  619.0   0.01607

  620.0   0.01607

  621.0   0.01613

  622.0   0.01620

  623.0   0.01624

  624.0   0.01625

  625.0   0.01623

  626.0   0.01619

  627.0   0.01619

  628.0   0.01622

  629.0   0.01620

  630.0   0.01624

  631.0   0.01621

  632.0   0.01624

  633.0   0.01624

  634.0   0.01629

  635.0   0.01626

  636.0   0.01622

  637.0   0.01624

  638.0   0.01627

  639.0   0.01625

  640.0   0.01622

  641.0   0.01619

  642.0   0.01617

  643.0   0.01612

  644.0   0.01617

  645.0   0.01619

  646.0   0.01621

  647.0   0.01618

  648.0   0.01618

  649.0   0.01619

  650.0   0.01619

  651.0   0.01618

  652.0   0.01623

  653.0   0.01617

  654.0   0.01614

  655.0   0.01609

  656.0   0.01611

  657.0   0.01611

  658.0   0.01615

  659.0   0.01615

  660.0   0.01619

  661.0   0.01616

  662.0   0.01613

  663.0   0.01612

  664.0   0.01613

  665.0   0.01614

  666.0   0.01615

  667.0   0.01616

  668.0   0.01614

  669.0   0.01615

  670.0   0.01611

  671.0   0.01614

  672.0   0.01613

  673.0   0.01612

  674.0   0.01618

  675.0   0.01617

  676.0   0.01618

  677.0   0.01616

  678.0   0.01616

  679.0   0.01615

  680.0   0.01614

  681.0   0.01616

  682.0   0.01610

  683.0   0.01612

  684.0   0.01610

  685.0   0.01609

  686.0   0.01610

  687.0   0.01609

  688.0   0.01606

  689.0   0.01609

  690.0   0.01607

  691.0   0.01610

  692.0   0.01614

  693.0   0.01611

  694.0   0.01617

  695.0   0.01619

  696.0   0.01623

  697.0   0.01624

  698.0   0.01622

  699.0   0.01621

  700.0   0.01622

  701.0   0.01621

  702.0   0.01621

  703.0   0.01622

  704.0   0.01621

  705.0   0.01623

  706.0   0.01624

  707.0   0.01625

  708.0   0.01626

  709.0   0.01622

  710.0   0.01624

  711.0   0.01617

  712.0   0.01613

  713.0   0.01610

  714.0   0.01607

  715.0   0.01605

  716.0   0.01602

  717.0   0.01599

  718.0   0.01596

  719.0   0.01595

  720.0   0.01598

  721.0   0.01594

  722.0   0.01598

  723.0   0.01592

  724.0   0.01585

  725.0   0.01586

  726.0   0.01588

  727.0   0.01583

  728.0   0.01580

  729.0   0.01579

  730.0   0.01575

  731.0   0.01578

  732.0   0.01577

  733.0   0.01570

  734.0   0.01571

  735.0   0.01569

  736.0   0.01637

  737.0   0.01629

  738.0   0.01628

  739.0   0.01624

  740.0   0.01621

  741.0   0.01615

  742.0   0.01610

  743.0   0.01599

  744.0   0.01600

  745.0   0.01599

  746.0   0.01606

  747.0   0.01597

  748.0   0.01599

  749.0   0.01593

  750.0   0.01593

  751.0   0.01585

  752.0   0.01583

  753.0   0.01578

  754.0   0.01570

  755.0   0.01571

  756.0   0.01567

  757.0   0.01563

  758.0   0.01557

  759.0   0.01553

  760.0   0.01543

  761.0   0.01537

  762.0   0.01536

  763.0   0.01526

  764.0   0.01525

  765.0   0.01521

  766.0   0.01518

  767.0   0.01517

  768.0   0.01516

  769.0   0.01510

  770.0   0.01513

  771.0   0.01510

  772.0   0.01501

  773.0   0.01501

  774.0   0.01498

  775.0   0.01495

  776.0   0.01498

  777.0   0.01492

  778.0   0.01484

  779.0   0.01481

  780.0   0.01478

  781.0   0.01472

  782.0   0.01478

  783.0   0.01478

  784.0   0.01467

  785.0   0.01464

  786.0   0.01461

  787.0   0.01456

  788.0   0.01456

  789.0   0.01454

  790.0   0.01451

  791.0   0.01454

  792.0   0.01446

  793.0   0.01451

  794.0   0.01443

  795.0   0.01443

  796.0   0.01438

  797.0   0.01434

  798.0   0.01433

  799.0   0.01429

  800.0   0.01427

 
