ser ID: DU600

Method ID: A:\DEFAULT

Date: 07/30/00

Time: 06:16

 200.0   3.08386

  201.0   2.67333

  202.0   2.88536

  203.0   3.22220

  204.0   3.25864

  205.0   3.29623

  206.0   3.32797

  207.0   2.88574

  208.0   3.39967

  209.0   2.66150

  210.0   2.62926

  211.0   2.66437

  212.0   3.24748

  213.0   3.58973

  214.0   2.84603

  215.0   3.35315

  216.0   3.68628

  217.0   3.42103

  218.0   3.27470

  219.0   3.77576

  220.0   3.49443

  221.0   3.21012

  222.0   3.12911

  223.0   3.84205

  224.0   3.07628

  225.0   3.16808

  226.0   3.57893

  227.0   3.04694

  228.0   2.82429

  229.0   2.83553

  230.0   2.75030

  231.0   2.68084

  232.0   2.69005

  233.0   2.74833

  234.0   2.57974

  235.0   2.62259

  236.0   2.58893

  237.0   2.57394

  238.0   2.55885

  239.0   2.49757

  240.0   2.41839

  241.0   2.32056

  242.0   2.28238

  243.0   2.21480

  244.0   2.12945

  245.0   2.06225

  246.0   1.99782

  247.0   1.92784

  248.0   1.83899

  249.0   1.77849

  250.0   1.71576

  251.0   1.65694

  252.0   1.60241

  253.0   1.55610

  254.0   1.51391

  255.0   1.47183

  256.0   1.43168

  257.0   1.39632

  258.0   1.35916

  259.0   1.31805

  260.0   1.27807

  261.0   1.24092

  262.0   1.19638

  263.0   1.16060

  264.0   1.12338

  265.0   1.09112

  266.0   1.05713

  267.0   1.02994

  268.0   0.99620

  269.0   0.96097

  270.0   0.92390

  271.0   0.88929

  272.0   0.85940

  273.0   0.82877

  274.0   0.79625

  275.0   0.76491

  276.0   0.73444

  277.0   0.70551

  278.0   0.67282

  279.0   0.64412

  280.0   0.61706

  281.0   0.58801

  282.0   0.56287

  283.0   0.54026

  284.0   0.51580

  285.0   0.49222

  286.0   0.47032

  287.0   0.45100

  288.0   0.42964

  289.0   0.41203

  290.0   0.39579

  291.0   0.38154

  292.0   0.36625

  293.0   0.35403

  294.0   0.34242

  295.0   0.33034

  296.0   0.31980

  297.0   0.30918

  298.0   0.30089

  299.0   0.29088

  300.0   0.28341

  301.0   0.27665

  302.0   0.26891

  303.0   0.26291

  304.0   0.25729

  305.0   0.25269

  306.0   0.24682

  307.0   0.24258

  308.0   0.23876

  309.0   0.23335

  310.0   0.22966

  311.0   0.22492

  312.0   0.22094

  313.0   0.21732

  314.0   0.21394

  315.0   0.20949

  316.0   0.20686

  317.0   0.20395

  318.0   0.20211

  319.0   0.20040

  320.0   0.19932

  321.0   0.19964

  322.0   0.19723

  323.0   0.19727

  324.0   0.19755

  325.0   0.19824

  326.0   0.19981

  327.0   0.20149

  328.0   0.20222

  329.0   0.20461

  330.0   0.20648

  331.0   0.20920

  332.0   0.21090

  333.0   0.21235

  334.0   0.21530

  335.0   0.21665

  336.0   0.21973

  337.0   0.22267

  338.0   0.22509

  339.0   0.22797

  340.0   0.23049

  341.0   0.23372

  342.0   0.23699

  343.0   0.23970

  344.0   0.24262

  345.0   0.24488

  346.0   0.24674

  347.0   0.24969

  348.0   0.25180

  349.0   0.25261

  350.0   0.25424

  351.0   0.25600

  352.0   0.25670

  353.0   0.25635

  354.0   0.25744

  355.0   0.25653

  356.0   0.25655

  357.0   0.25598

  358.0   0.25258

  359.0   0.25106

  360.0   0.24749

  361.0   0.24483

  362.0   0.24179

  363.0   0.23859

  364.0   0.23503

  365.0   0.23061

  366.0   0.22736

  367.0   0.22300

  368.0   0.21903

  369.0   0.21499

  370.0   0.21024

  371.0   0.20634

  372.0   0.20253

  373.0   0.19831

  374.0   0.19447

  375.0   0.19081

  376.0   0.18657

  377.0   0.18311

  378.0   0.17901

  379.0   0.17533

  380.0   0.17176

  381.0   0.16836

  382.0   0.16481

  383.0   0.16072

  384.0   0.15772

  385.0   0.15464

  386.0   0.15164

  387.0   0.14825

  388.0   0.14534

  389.0   0.14235

  390.0   0.14018

  391.0   0.13753

  392.0   0.13487

  393.0   0.13275

  394.0   0.13013

  395.0   0.12827

  396.0   0.12617

  397.0   0.12414

  398.0   0.12211

  399.0   0.11953

  400.0   0.11763

  401.0   0.11572

  402.0   0.11409

  403.0   0.11190

  404.0   0.10986

  405.0   0.10796

  406.0   0.10634

  407.0   0.10410

  408.0   0.10223

  409.0   0.10019

  410.0   0.09819

  411.0   0.09633

  412.0   0.09411

  413.0   0.09184

  414.0   0.08943

  415.0   0.08854

  416.0   0.08369

  417.0   0.08130

  418.0   0.07889

  419.0   0.07668

  420.0   0.07426

  421.0   0.07207

  422.0   0.06957

  423.0   0.06739

  424.0   0.06512

  425.0   0.06304

  426.0   0.06081

  427.0   0.05889

  428.0   0.05712

  429.0   0.05494

  430.0   0.05323

  431.0   0.05140

  432.0   0.04995

  433.0   0.04836

  434.0   0.04698

  435.0   0.04570

  436.0   0.04434

  437.0   0.04321

  438.0   0.04196

  439.0   0.04092

  440.0   0.03996

  441.0   0.03894

  442.0   0.03796

  443.0   0.03705

  444.0   0.03633

  445.0   0.03551

  446.0   0.03474

  447.0   0.03405

  448.0   0.03339

  449.0   0.03268

  450.0   0.03204

  451.0   0.03153

  452.0   0.03088

  453.0   0.03039

  454.0   0.02985

  455.0   0.02943

  456.0   0.02876

  457.0   0.02837

  458.0   0.02789

  459.0   0.02732

  460.0   0.02683

  461.0   0.02624

  462.0   0.02578

  463.0   0.02531

  464.0   0.02473

  465.0   0.02429

  466.0   0.02382

  467.0   0.02342

  468.0   0.02311

  469.0   0.02280

  470.0   0.02240

  471.0   0.02220

  472.0   0.02196

  473.0   0.02183

  474.0   0.02158

  475.0   0.02137

  476.0   0.02109

  477.0   0.02085

  478.0   0.02081

  479.0   0.02062

  480.0   0.02054

  481.0   0.02040

  482.0   0.02018

  483.0   0.02003

  484.0   0.01984

  485.0   0.01973

  486.0   0.01960

  487.0   0.01953

  488.0   0.01934

  489.0   0.01925

  490.0   0.01907

  491.0   0.01900

  492.0   0.01892

  493.0   0.01883

  494.0   0.01866

  495.0   0.01862

  496.0   0.01845

  497.0   0.01826

  498.0   0.01821

  499.0   0.01812

  500.0   0.01805

  501.0   0.01793

  502.0   0.01794

  503.0   0.01796

  504.0   0.01791

  505.0   0.01792

  506.0   0.01786

  507.0   0.01786

  508.0   0.01779

  509.0   0.01780

  510.0   0.01777

  511.0   0.01773

  512.0   0.01765

  513.0   0.01764

  514.0   0.01762

  515.0   0.01759

  516.0   0.01762

  517.0   0.01761

  518.0   0.01761

  519.0   0.01757

  520.0   0.01758

  521.0   0.01753

  522.0   0.01745

  523.0   0.01741

  524.0   0.01737

  525.0   0.01729

  526.0   0.01729

  527.0   0.01734

  528.0   0.01731

  529.0   0.01736

  530.0   0.01739

  531.0   0.01741

  532.0   0.01744

  533.0   0.01748

  534.0   0.01748

  535.0   0.01749

  536.0   0.01754

  537.0   0.01753

  538.0   0.01755

  539.0   0.01758

  540.0   0.01754

  541.0   0.01755

  542.0   0.01753

  543.0   0.01750

  544.0   0.01752

  545.0   0.01757

  546.0   0.01757

  547.0   0.01765

  548.0   0.01767

  549.0   0.01779

  550.0   0.01787

  551.0   0.01795

  552.0   0.01803

  553.0   0.01807

  554.0   0.01813

  555.0   0.01810

  556.0   0.01812

  557.0   0.01962

  558.0   0.01958

  559.0   0.01948

  560.0   0.01946

  561.0   0.01946

  562.0   0.01944

  563.0   0.01942

  564.0   0.01940

  565.0   0.01934

  566.0   0.01929

  567.0   0.01929

  568.0   0.01928

  569.0   0.01933

  570.0   0.01930

  571.0   0.01935

  572.0   0.01938

  573.0   0.01937

  574.0   0.01936

  575.0   0.01934

  576.0   0.01936

  577.0   0.01934

  578.0   0.01932

  579.0   0.01928

  580.0   0.01929

  581.0   0.01922

  582.0   0.01922

  583.0   0.01920

  584.0   0.01920

  585.0   0.01926

  586.0   0.01931

  587.0   0.01925

  588.0   0.01929

  589.0   0.01924

  590.0   0.01922

  591.0   0.01923

  592.0   0.01926

  593.0   0.01927

  594.0   0.01934

  595.0   0.01941

  596.0   0.01948

  597.0   0.01955

  598.0   0.01959

  599.0   0.01961

  600.0   0.01968

  601.0   0.01971

  602.0   0.01976

  603.0   0.01979

  604.0   0.01981

  605.0   0.01989

  606.0   0.01991

  607.0   0.01996

  608.0   0.02000

  609.0   0.02001

  610.0   0.02006

  611.0   0.02006

  612.0   0.02014

  613.0   0.02013

  614.0   0.02016

  615.0   0.02014

  616.0   0.02017

  617.0   0.02019

  618.0   0.02025

  619.0   0.02031

  620.0   0.02030

  621.0   0.02034

  622.0   0.02033

  623.0   0.02035

  624.0   0.02033

  625.0   0.02033

  626.0   0.02033

  627.0   0.02033

  628.0   0.02037

  629.0   0.02037

  630.0   0.02037

  631.0   0.02040

  632.0   0.02041

  633.0   0.02044

  634.0   0.02042

  635.0   0.02035

  636.0   0.02033

  637.0   0.02032

  638.0   0.02029

  639.0   0.02021

  640.0   0.02019

  641.0   0.02019

  642.0   0.02014

  643.0   0.02014

  644.0   0.02012

  645.0   0.02014

  646.0   0.02011

  647.0   0.02008

  648.0   0.02007

  649.0   0.02004

  650.0   0.02001

  651.0   0.02001

  652.0   0.02002

  653.0   0.02004

  654.0   0.02002

  655.0   0.02001

  656.0   0.02000

  657.0   0.01997

  658.0   0.01998

  659.0   0.01997

  660.0   0.01998

  661.0   0.01997

  662.0   0.01998

  663.0   0.01999

  664.0   0.01999

  665.0   0.01999

  666.0   0.02001

  667.0   0.02004

  668.0   0.02001

  669.0   0.02004

  670.0   0.01998

  671.0   0.01999

  672.0   0.01993

  673.0   0.01989

  674.0   0.01989

  675.0   0.01986

  676.0   0.01984

  677.0   0.01979

  678.0   0.01975

  679.0   0.01974

  680.0   0.01975

  681.0   0.01974

  682.0   0.01974

  683.0   0.01972

  684.0   0.01970

  685.0   0.01970

  686.0   0.01967

  687.0   0.01966

  688.0   0.01965

  689.0   0.01965

  690.0   0.01965

  691.0   0.01968

  692.0   0.01969

  693.0   0.01968

  694.0   0.01968

  695.0   0.01971

  696.0   0.01971

  697.0   0.01967

  698.0   0.01963

  699.0   0.01962

  700.0   0.01962

  701.0   0.01959

  702.0   0.01955

  703.0   0.01956

  704.0   0.01951

  705.0   0.01949

  706.0   0.01948

  707.0   0.01947

  708.0   0.01946

  709.0   0.01942

  710.0   0.01946

  711.0   0.01938

  712.0   0.01933

  713.0   0.01930

  714.0   0.01929

  715.0   0.01925

  716.0   0.01920

  717.0   0.01915

  718.0   0.01905

  719.0   0.01904

  720.0   0.01904

  721.0   0.01899

  722.0   0.01902

  723.0   0.01893

  724.0   0.01885

  725.0   0.01879

  726.0   0.01879

  727.0   0.01870

  728.0   0.01864

  729.0   0.01861

  730.0   0.01862

  731.0   0.01857

  732.0   0.01859

  733.0   0.01850

  734.0   0.01842

  735.0   0.01836

  736.0   0.01984

  737.0   0.01969

  738.0   0.01964

  739.0   0.01954

  740.0   0.01944

  741.0   0.01932

  742.0   0.01924

  743.0   0.01913

  744.0   0.01908

  745.0   0.01898

  746.0   0.01894

  747.0   0.01885

  748.0   0.01886

  749.0   0.01881

  750.0   0.01872

  751.0   0.01862

  752.0   0.01862

  753.0   0.01855

  754.0   0.01842

  755.0   0.01840

  756.0   0.01839

  757.0   0.01830

  758.0   0.01821

  759.0   0.01818

  760.0   0.01808

  761.0   0.01802

  762.0   0.01795

  763.0   0.01791

  764.0   0.01785

  765.0   0.01776

  766.0   0.01767

  767.0   0.01761

  768.0   0.01753

  769.0   0.01750

  770.0   0.01747

  771.0   0.01739

  772.0   0.01727

  773.0   0.01719

  774.0   0.01714

  775.0   0.01706

  776.0   0.01703

  777.0   0.01698

  778.0   0.01690

  779.0   0.01687

  780.0   0.01682

  781.0   0.01671

  782.0   0.01668

  783.0   0.01666

  784.0   0.01655

  785.0   0.01650

  786.0   0.01644

  787.0   0.01645

  788.0   0.01643

  789.0   0.01641

  790.0   0.01633

  791.0   0.01634

  792.0   0.01625

  793.0   0.01626

  794.0   0.01609

  795.0   0.01607

  796.0   0.01595

  797.0   0.01595

  798.0   0.01594

  799.0   0.01590

  800.0   0.01580

 
