ser ID: DU600

Method ID: A:\DEFAULT

Date: 07/30/00

Time: 06:02

 200.0   3.08386

  201.0   3.15045

  202.0   3.18639

  203.0   3.22220

  204.0   2.95761

  205.0   3.29623

  206.0   3.02694

  207.0   3.36286

  208.0   3.39967

  209.0   3.43965

  210.0   3.17333

  211.0   3.50947

  212.0   2.64542

  213.0   3.11261

  214.0   3.62418

  215.0   3.65418

  216.0   3.68628

  217.0   3.42103

  218.0   3.75182

  219.0   3.29863

  220.0   3.31834

  221.0   2.96708

  222.0   3.12911

  223.0   2.93896

  224.0   3.25237

  225.0   3.26499

  226.0   3.10180

  227.0   3.11389

  228.0   3.60244

  229.0   3.06962

  230.0   3.14824

  231.0   2.89472

  232.0   2.86614

  233.0   2.69718

  234.0   2.65892

  235.0   2.70974

  236.0   2.82301

  237.0   2.76776

  238.0   2.71855

  239.0   2.61297

  240.0   2.55972

  241.0   2.51138

  242.0   2.34932

  243.0   2.27170

  244.0   2.20487

  245.0   2.13927

  246.0   2.05852

  247.0   2.00783

  248.0   1.92355

  249.0   1.86240

  250.0   1.81010

  251.0   1.74484

  252.0   1.67276

  253.0   1.61753

  254.0   1.56805

  255.0   1.50763

  256.0   1.46154

  257.0   1.42273

  258.0   1.38501

  259.0   1.33342

  260.0   1.29451

  261.0   1.25002

  262.0   1.20658

  263.0   1.16924

  264.0   1.12899

  265.0   1.09262

  266.0   1.06067

  267.0   1.02994

  268.0   0.99810

  269.0   0.96807

  270.0   0.93271

  271.0   0.90322

  272.0   0.87447

  273.0   0.84757

  274.0   0.81769

  275.0   0.78616

  276.0   0.75735

  277.0   0.72770

  278.0   0.69573

  279.0   0.66777

  280.0   0.64165

  281.0   0.61210

  282.0   0.58561

  283.0   0.56038

  284.0   0.53530

  285.0   0.50978

  286.0   0.48683

  287.0   0.46476

  288.0   0.44103

  289.0   0.42186

  290.0   0.40490

  291.0   0.38899

  292.0   0.37183

  293.0   0.35774

  294.0   0.34528

  295.0   0.33195

  296.0   0.31908

  297.0   0.30765

  298.0   0.29693

  299.0   0.28566

  300.0   0.27668

  301.0   0.26820

  302.0   0.25915

  303.0   0.25223

  304.0   0.24592

  305.0   0.24025

  306.0   0.23330

  307.0   0.22859

  308.0   0.22374

  309.0   0.21794

  310.0   0.21247

  311.0   0.20729

  312.0   0.20333

  313.0   0.19947

  314.0   0.19533

  315.0   0.19243

  316.0   0.18936

  317.0   0.18682

  318.0   0.18558

  319.0   0.18406

  320.0   0.18400

  321.0   0.18378

  322.0   0.18288

  323.0   0.18343

  324.0   0.18407

  325.0   0.18581

  326.0   0.18686

  327.0   0.19005

  328.0   0.19220

  329.0   0.19571

  330.0   0.19889

  331.0   0.20232

  332.0   0.20609

  333.0   0.20844

  334.0   0.21138

  335.0   0.21589

  336.0   0.21897

  337.0   0.22297

  338.0   0.22737

  339.0   0.23118

  340.0   0.23554

  341.0   0.24140

  342.0   0.24532

  343.0   0.24977

  344.0   0.25382

  345.0   0.25797

  346.0   0.26066

  347.0   0.26366

  348.0   0.26613

  349.0   0.26904

  350.0   0.27135

  351.0   0.27352

  352.0   0.27457

  353.0   0.27541

  354.0   0.27593

  355.0   0.27590

  356.0   0.27565

  357.0   0.27433

  358.0   0.27245

  359.0   0.27043

  360.0   0.26841

  361.0   0.26567

  362.0   0.26203

  363.0   0.25755

  364.0   0.25466

  365.0   0.24969

  366.0   0.24613

  367.0   0.24037

  368.0   0.23613

  369.0   0.23108

  370.0   0.22572

  371.0   0.22216

  372.0   0.21737

  373.0   0.21302

  374.0   0.20834

  375.0   0.20443

  376.0   0.19995

  377.0   0.19615

  378.0   0.19137

  379.0   0.18718

  380.0   0.18341

  381.0   0.17889

  382.0   0.17491

  383.0   0.17122

  384.0   0.16749

  385.0   0.16438

  386.0   0.16063

  387.0   0.15745

  388.0   0.15397

  389.0   0.15038

  390.0   0.14781

  391.0   0.14473

  392.0   0.14151

  393.0   0.13916

  394.0   0.13625

  395.0   0.13373

  396.0   0.13119

  397.0   0.12892

  398.0   0.12647

  399.0   0.12382

  400.0   0.12178

  401.0   0.11976

  402.0   0.11761

  403.0   0.11571

  404.0   0.11336

  405.0   0.11097

  406.0   0.10908

  407.0   0.10690

  408.0   0.10482

  409.0   0.10253

  410.0   0.10086

  411.0   0.09902

  412.0   0.09663

  413.0   0.09437

  414.0   0.09207

  415.0   0.09097

  416.0   0.08609

  417.0   0.08391

  418.0   0.08142

  419.0   0.07913

  420.0   0.07682

  421.0   0.07455

  422.0   0.07232

  423.0   0.07014

  424.0   0.06796

  425.0   0.06587

  426.0   0.06371

  427.0   0.06172

  428.0   0.05979

  429.0   0.05782

  430.0   0.05611

  431.0   0.05413

  432.0   0.05254

  433.0   0.05100

  434.0   0.04944

  435.0   0.04804

  436.0   0.04667

  437.0   0.04554

  438.0   0.04418

  439.0   0.04310

  440.0   0.04209

  441.0   0.04103

  442.0   0.04005

  443.0   0.03911

  444.0   0.03820

  445.0   0.03726

  446.0   0.03642

  447.0   0.03556

  448.0   0.03483

  449.0   0.03405

  450.0   0.03330

  451.0   0.03269

  452.0   0.03198

  453.0   0.03131

  454.0   0.03067

  455.0   0.03024

  456.0   0.02961

  457.0   0.02901

  458.0   0.02852

  459.0   0.02790

  460.0   0.02741

  461.0   0.02677

  462.0   0.02627

  463.0   0.02580

  464.0   0.02521

  465.0   0.02475

  466.0   0.02424

  467.0   0.02383

  468.0   0.02344

  469.0   0.02298

  470.0   0.02257

  471.0   0.02233

  472.0   0.02199

  473.0   0.02174

  474.0   0.02155

  475.0   0.02131

  476.0   0.02103

  477.0   0.02083

  478.0   0.02070

  479.0   0.02051

  480.0   0.02038

  481.0   0.02021

  482.0   0.01998

  483.0   0.01976

  484.0   0.01960

  485.0   0.01946

  486.0   0.01933

  487.0   0.01918

  488.0   0.01897

  489.0   0.01887

  490.0   0.01868

  491.0   0.01858

  492.0   0.01844

  493.0   0.01833

  494.0   0.01814

  495.0   0.01807

  496.0   0.01794

  497.0   0.01780

  498.0   0.01775

  499.0   0.01762

  500.0   0.01759

  501.0   0.01743

  502.0   0.01738

  503.0   0.01734

  504.0   0.01730

  505.0   0.01725

  506.0   0.01722

  507.0   0.01717

  508.0   0.01712

  509.0   0.01713

  510.0   0.01714

  511.0   0.01712

  512.0   0.01705

  513.0   0.01699

  514.0   0.01695

  515.0   0.01687

  516.0   0.01690

  517.0   0.01687

  518.0   0.01687

  519.0   0.01682

  520.0   0.01685

  521.0   0.01680

  522.0   0.01679

  523.0   0.01670

  524.0   0.01667

  525.0   0.01662

  526.0   0.01660

  527.0   0.01665

  528.0   0.01662

  529.0   0.01667

  530.0   0.01670

  531.0   0.01669

  532.0   0.01668

  533.0   0.01664

  534.0   0.01659

  535.0   0.01661

  536.0   0.01660

  537.0   0.01664

  538.0   0.01662

  539.0   0.01660

  540.0   0.01657

  541.0   0.01656

  542.0   0.01654

  543.0   0.01647

  544.0   0.01645

  545.0   0.01650

  546.0   0.01652

  547.0   0.01656

  548.0   0.01658

  549.0   0.01661

  550.0   0.01668

  551.0   0.01675

  552.0   0.01683

  553.0   0.01684

  554.0   0.01689

  555.0   0.01690

  556.0   0.01692

  557.0   0.01781

  558.0   0.01777

  559.0   0.01772

  560.0   0.01771

  561.0   0.01775

  562.0   0.01773

  563.0   0.01772

  564.0   0.01768

  565.0   0.01764

  566.0   0.01760

  567.0   0.01763

  568.0   0.01761

  569.0   0.01767

  570.0   0.01770

  571.0   0.01768

  572.0   0.01772

  573.0   0.01778

  574.0   0.01774

  575.0   0.01773

  576.0   0.01772

  577.0   0.01765

  578.0   0.01762

  579.0   0.01761

  580.0   0.01759

  581.0   0.01755

  582.0   0.01753

  583.0   0.01755

  584.0   0.01758

  585.0   0.01757

  586.0   0.01761

  587.0   0.01758

  588.0   0.01757

  589.0   0.01749

  590.0   0.01744

  591.0   0.01742

  592.0   0.01742

  593.0   0.01743

  594.0   0.01746

  595.0   0.01750

  596.0   0.01753

  597.0   0.01757

  598.0   0.01758

  599.0   0.01761

  600.0   0.01763

  601.0   0.01766

  602.0   0.01769

  603.0   0.01775

  604.0   0.01776

  605.0   0.01779

  606.0   0.01780

  607.0   0.01784

  608.0   0.01787

  609.0   0.01786

  610.0   0.01794

  611.0   0.01798

  612.0   0.01802

  613.0   0.01797

  614.0   0.01803

  615.0   0.01803

  616.0   0.01805

  617.0   0.01806

  618.0   0.01808

  619.0   0.01811

  620.0   0.01809

  621.0   0.01809

  622.0   0.01814

  623.0   0.01819

  624.0   0.01821

  625.0   0.01824

  626.0   0.01823

  627.0   0.01822

  628.0   0.01823

  629.0   0.01822

  630.0   0.01823

  631.0   0.01825

  632.0   0.01824

  633.0   0.01824

  634.0   0.01829

  635.0   0.01829

  636.0   0.01822

  637.0   0.01823

  638.0   0.01818

  639.0   0.01814

  640.0   0.01809

  641.0   0.01806

  642.0   0.01802

  643.0   0.01802

  644.0   0.01800

  645.0   0.01805

  646.0   0.01800

  647.0   0.01801

  648.0   0.01803

  649.0   0.01805

  650.0   0.01809

  651.0   0.01810

  652.0   0.01811

  653.0   0.01816

  654.0   0.01811

  655.0   0.01810

  656.0   0.01810

  657.0   0.01807

  658.0   0.01809

  659.0   0.01803

  660.0   0.01805

  661.0   0.01804

  662.0   0.01807

  663.0   0.01808

  664.0   0.01805

  665.0   0.01808

  666.0   0.01801

  667.0   0.01801

  668.0   0.01797

  669.0   0.01799

  670.0   0.01792

  671.0   0.01794

  672.0   0.01791

  673.0   0.01792

  674.0   0.01792

  675.0   0.01788

  676.0   0.01788

  677.0   0.01786

  678.0   0.01789

  679.0   0.01782

  680.0   0.01781

  681.0   0.01783

  682.0   0.01781

  683.0   0.01784

  684.0   0.01786

  685.0   0.01787

  686.0   0.01785

  687.0   0.01787

  688.0   0.01787

  689.0   0.01785

  690.0   0.01787

  691.0   0.01786

  692.0   0.01790

  693.0   0.01788

  694.0   0.01787

  695.0   0.01794

  696.0   0.01793

  697.0   0.01787

  698.0   0.01791

  699.0   0.01785

  700.0   0.01786

  701.0   0.01782

  702.0   0.01775

  703.0   0.01777

  704.0   0.01775

  705.0   0.01778

  706.0   0.01780

  707.0   0.01778

  708.0   0.01779

  709.0   0.01773

  710.0   0.01774

  711.0   0.01767

  712.0   0.01763

  713.0   0.01760

  714.0   0.01756

  715.0   0.01757

  716.0   0.01755

  717.0   0.01753

  718.0   0.01751

  719.0   0.01747

  720.0   0.01745

  721.0   0.01737

  722.0   0.01738

  723.0   0.01729

  724.0   0.01726

  725.0   0.01723

  726.0   0.01722

  727.0   0.01714

  728.0   0.01714

  729.0   0.01709

  730.0   0.01706

  731.0   0.01705

  732.0   0.01699

  733.0   0.01697

  734.0   0.01690

  735.0   0.01695

  736.0   0.01807

  737.0   0.01799

  738.0   0.01797

  739.0   0.01785

  740.0   0.01775

  741.0   0.01766

  742.0   0.01758

  743.0   0.01745

  744.0   0.01743

  745.0   0.01733

  746.0   0.01729

  747.0   0.01720

  748.0   0.01722

  749.0   0.01713

  750.0   0.01705

  751.0   0.01700

  752.0   0.01697

  753.0   0.01690

  754.0   0.01683

  755.0   0.01678

  756.0   0.01671

  757.0   0.01670

  758.0   0.01659

  759.0   0.01647

  760.0   0.01642

  761.0   0.01639

  762.0   0.01640

  763.0   0.01634

  764.0   0.01632

  765.0   0.01626

  766.0   0.01623

  767.0   0.01622

  768.0   0.01622

  769.0   0.01622

  770.0   0.01613

  771.0   0.01607

  772.0   0.01602

  773.0   0.01596

  774.0   0.01590

  775.0   0.01588

  776.0   0.01582

  777.0   0.01576

  778.0   0.01568

  779.0   0.01563

  780.0   0.01554

  781.0   0.01546

  782.0   0.01546

  783.0   0.01543

  784.0   0.01535

  785.0   0.01532

  786.0   0.01524

  787.0   0.01522

  788.0   0.01522

  789.0   0.01520

  790.0   0.01517

  791.0   0.01515

  792.0   0.01509

  793.0   0.01515

  794.0   0.01502

  795.0   0.01502

  796.0   0.01499

  797.0   0.01519

  798.0   0.01518

  799.0   0.01514

  800.0   0.01506

 
