ser ID: DU600

Method ID: A:\DEFAULT

Date: 07/30/00

Time: 10:48

 200.0   2.78283

  201.0   2.24736

  202.0   2.40824

  203.0   2.37710

  204.0   2.78152

  205.0   2.99520

  206.0   2.48287

  207.0   2.58471

  208.0   2.92255

  209.0   2.59455

  210.0   2.99724

  211.0   3.50947

  212.0   3.54851

  213.0   3.58973

  214.0   3.02212

  215.0   2.95521

  216.0   2.90813

  217.0   2.87696

  218.0   2.75182

  219.0   2.99760

  220.0   3.09649

  221.0   2.90909

  222.0   2.92499

  223.0   2.80065

  224.0   2.77525

  225.0   2.58830

  226.0   2.49974

  227.0   2.37352

  228.0   2.26002

  229.0   2.23347

  230.0   2.16297

  231.0   2.09101

  232.0   2.03151

  233.0   1.96568

  234.0   1.89549

  235.0   1.86121

  236.0   1.79016

  237.0   1.75969

  238.0   1.70665

  239.0   1.66720

  240.0   1.63624

  241.0   1.61205

  242.0   1.57988

  243.0   1.53770

  244.0   1.50890

  245.0   1.47258

  246.0   1.42003

  247.0   1.37516

  248.0   1.32866

  249.0   1.27758

  250.0   1.23778

  251.0   1.19998

  252.0   1.17165

  253.0   1.14757

  254.0   1.12419

  255.0   1.10564

  256.0   1.09071

  257.0   1.07551

  258.0   1.06191

  259.0   1.04831

  260.0   1.03259

  261.0   1.01330

  262.0   0.99077

  263.0   0.96610

  264.0   0.93785

  265.0   0.91403

  266.0   0.88434

  267.0   0.85880

  268.0   0.82753

  269.0   0.78921

  270.0   0.74945

  271.0   0.71269

  272.0   0.67934

  273.0   0.64468

  274.0   0.60724

  275.0   0.57546

  276.0   0.54383

  277.0   0.51402

  278.0   0.48498

  279.0   0.46140

  280.0   0.44003

  281.0   0.41802

  282.0   0.40112

  283.0   0.38652

  284.0   0.37360

  285.0   0.36101

  286.0   0.35068

  287.0   0.34203

  288.0   0.33288

  289.0   0.32488

  290.0   0.31960

  291.0   0.31342

  292.0   0.30866

  293.0   0.30404

  294.0   0.30076

  295.0   0.29777

  296.0   0.29621

  297.0   0.29451

  298.0   0.29314

  299.0   0.29156

  300.0   0.29091

  301.0   0.29107

  302.0   0.29006

  303.0   0.28973

  304.0   0.28819

  305.0   0.28937

  306.0   0.28784

  307.0   0.28779

  308.0   0.28693

  309.0   0.28645

  310.0   0.28459

  311.0   0.28303

  312.0   0.28105

  313.0   0.27948

  314.0   0.27613

  315.0   0.27268

  316.0   0.26998

  317.0   0.26615

  318.0   0.26330

  319.0   0.26007

  320.0   0.25847

  321.0   0.25753

  322.0   0.24997

  323.0   0.24748

  324.0   0.24508

  325.0   0.24248

  326.0   0.23939

  327.0   0.23661

  328.0   0.23374

  329.0   0.23038

  330.0   0.22755

  331.0   0.22362

  332.0   0.21882

  333.0   0.21553

  334.0   0.21183

  335.0   0.20768

  336.0   0.20368

  337.0   0.20050

  338.0   0.19517

  339.0   0.19212

  340.0   0.18834

  341.0   0.18453

  342.0   0.18059

  343.0   0.17719

  344.0   0.17351

  345.0   0.17144

  346.0   0.16784

  347.0   0.16367

  348.0   0.16151

  349.0   0.15872

  350.0   0.15581

  351.0   0.15221

  352.0   0.14931

  353.0   0.14599

  354.0   0.14321

  355.0   0.14048

  356.0   0.13896

  357.0   0.13750

  358.0   0.13466

  359.0   0.13214

  360.0   0.12895

  361.0   0.12676

  362.0   0.12502

  363.0   0.12264

  364.0   0.12087

  365.0   0.11788

  366.0   0.11642

  367.0   0.11413

  368.0   0.11237

  369.0   0.11038

  370.0   0.10838

  371.0   0.10646

  372.0   0.10479

  373.0   0.10335

  374.0   0.10159

  375.0   0.10065

  376.0   0.09922

  377.0   0.09752

  378.0   0.09573

  379.0   0.09468

  380.0   0.09366

  381.0   0.09192

  382.0   0.09067

  383.0   0.08897

  384.0   0.08857

  385.0   0.08736

  386.0   0.08658

  387.0   0.08605

  388.0   0.08523

  389.0   0.08464

  390.0   0.08451

  391.0   0.08403

  392.0   0.08359

  393.0   0.08345

  394.0   0.08289

  395.0   0.08225

  396.0   0.08174

  397.0   0.08136

  398.0   0.08054

  399.0   0.07984

  400.0   0.07924

  401.0   0.07856

  402.0   0.07808

  403.0   0.07703

  404.0   0.07637

  405.0   0.07516

  406.0   0.07445

  407.0   0.07303

  408.0   0.07179

  409.0   0.07048

  410.0   0.06917

  411.0   0.06817

  412.0   0.06625

  413.0   0.06476

  414.0   0.06295

  415.0   0.06212

  416.0   0.05780

  417.0   0.05608

  418.0   0.05377

  419.0   0.05201

  420.0   0.05022

  421.0   0.04820

  422.0   0.04645

  423.0   0.04467

  424.0   0.04285

  425.0   0.04122

  426.0   0.03956

  427.0   0.03819

  428.0   0.03675

  429.0   0.03535

  430.0   0.03414

  431.0   0.03297

  432.0   0.03191

  433.0   0.03081

  434.0   0.02987

  435.0   0.02924

  436.0   0.02836

  437.0   0.02797

  438.0   0.02736

  439.0   0.02678

  440.0   0.02638

  441.0   0.02587

  442.0   0.02549

  443.0   0.02514

  444.0   0.02476

  445.0   0.02442

  446.0   0.02414

  447.0   0.02393

  448.0   0.02367

  449.0   0.02346

  450.0   0.02324

  451.0   0.02310

  452.0   0.02288

  453.0   0.02274

  454.0   0.02252

  455.0   0.02246

  456.0   0.02235

  457.0   0.02213

  458.0   0.02199

  459.0   0.02170

  460.0   0.02159

  461.0   0.02131

  462.0   0.02119

  463.0   0.02097

  464.0   0.02084

  465.0   0.02065

  466.0   0.02045

  467.0   0.02030

  468.0   0.02024

  469.0   0.02011

  470.0   0.01999

  471.0   0.01999

  472.0   0.01998

  473.0   0.01990

  474.0   0.01992

  475.0   0.01990

  476.0   0.01984

  477.0   0.01983

  478.0   0.01990

  479.0   0.01992

  480.0   0.01996

  481.0   0.01990

  482.0   0.01983

  483.0   0.01981

  484.0   0.01977

  485.0   0.01977

  486.0   0.01971

  487.0   0.01965

  488.0   0.01960

  489.0   0.01962

  490.0   0.01952

  491.0   0.01958

  492.0   0.01956

  493.0   0.01961

  494.0   0.01956

  495.0   0.01960

  496.0   0.01959

  497.0   0.01953

  498.0   0.01953

  499.0   0.01949

  500.0   0.01956

  501.0   0.01953

  502.0   0.01958

  503.0   0.01964

  504.0   0.01965

  505.0   0.01971

  506.0   0.01973

  507.0   0.01975

  508.0   0.01979

  509.0   0.01986

  510.0   0.01991

  511.0   0.01996

  512.0   0.01994

  513.0   0.01998

  514.0   0.02006

  515.0   0.02008

  516.0   0.02018

  517.0   0.02019

  518.0   0.02026

  519.0   0.02025

  520.0   0.02031

  521.0   0.02037

  522.0   0.02037

  523.0   0.02036

  524.0   0.02038

  525.0   0.02039

  526.0   0.02047

  527.0   0.02058

  528.0   0.02061

  529.0   0.02073

  530.0   0.02079

  531.0   0.02089

  532.0   0.02096

  533.0   0.02104

  534.0   0.02109

  535.0   0.02118

  536.0   0.02126

  537.0   0.02135

  538.0   0.02142

  539.0   0.02145

  540.0   0.02156

  541.0   0.02159

  542.0   0.02164

  543.0   0.02169

  544.0   0.02175

  545.0   0.02192

  546.0   0.02197

  547.0   0.02213

  548.0   0.02224

  549.0   0.02239

  550.0   0.02256

  551.0   0.02270

  552.0   0.02279

  553.0   0.02288

  554.0   0.02297

  555.0   0.02300

  556.0   0.02303

  557.0   0.02586

  558.0   0.02577

  559.0   0.02562

  560.0   0.02558

  561.0   0.02552

  562.0   0.02548

  563.0   0.02549

  564.0   0.02542

  565.0   0.02534

  566.0   0.02527

  567.0   0.02530

  568.0   0.02524

  569.0   0.02520

  570.0   0.02520

  571.0   0.02512

  572.0   0.02515

  573.0   0.02515

  574.0   0.02512

  575.0   0.02512

  576.0   0.02508

  577.0   0.02504

  578.0   0.02506

  579.0   0.02505

  580.0   0.02505

  581.0   0.02505

  582.0   0.02506

  583.0   0.02508

  584.0   0.02515

  585.0   0.02524

  586.0   0.02530

  587.0   0.02531

  588.0   0.02537

  589.0   0.02537

  590.0   0.02541

  591.0   0.02543

  592.0   0.02550

  593.0   0.02558

  594.0   0.02569

  595.0   0.02579

  596.0   0.02589

  597.0   0.02594

  598.0   0.02601

  599.0   0.02613

  600.0   0.02622

  601.0   0.02627

  602.0   0.02635

  603.0   0.02641

  604.0   0.02648

  605.0   0.02657

  606.0   0.02657

  607.0   0.02664

  608.0   0.02665

  609.0   0.02665

  610.0   0.02668

  611.0   0.02669

  612.0   0.02676

  613.0   0.02671

  614.0   0.02674

  615.0   0.02676

  616.0   0.02681

  617.0   0.02680

  618.0   0.02684

  619.0   0.02690

  620.0   0.02690

  621.0   0.02694

  622.0   0.02694

  623.0   0.02699

  624.0   0.02698

  625.0   0.02697

  626.0   0.02694

  627.0   0.02692

  628.0   0.02690

  629.0   0.02690

  630.0   0.02692

  631.0   0.02689

  632.0   0.02688

  633.0   0.02688

  634.0   0.02687

  635.0   0.02687

  636.0   0.02679

  637.0   0.02681

  638.0   0.02679

  639.0   0.02673

  640.0   0.02674

  641.0   0.02670

  642.0   0.02666

  643.0   0.02661

  644.0   0.02663

  645.0   0.02667

  646.0   0.02665

  647.0   0.02666

  648.0   0.02666

  649.0   0.02662

  650.0   0.02662

  651.0   0.02661

  652.0   0.02663

  653.0   0.02660

  654.0   0.02661

  655.0   0.02659

  656.0   0.02659

  657.0   0.02653

  658.0   0.02648

  659.0   0.02642

  660.0   0.02637

  661.0   0.02634

  662.0   0.02632

  663.0   0.02622

  664.0   0.02625

  665.0   0.02622

  666.0   0.02616

  667.0   0.02612

  668.0   0.02605

  669.0   0.02606

  670.0   0.02592

  671.0   0.02590

  672.0   0.02586

  673.0   0.02580

  674.0   0.02579

  675.0   0.02574

  676.0   0.02566

  677.0   0.02557

  678.0   0.02550

  679.0   0.02543

  680.0   0.02539

  681.0   0.02537

  682.0   0.02538

  683.0   0.02531

  684.0   0.02532

  685.0   0.02529

  686.0   0.02526

  687.0   0.02518

  688.0   0.02511

  689.0   0.02507

  690.0   0.02499

  691.0   0.02497

  692.0   0.02497

  693.0   0.02492

  694.0   0.02487

  695.0   0.02491

  696.0   0.02488

  697.0   0.02484

  698.0   0.02483

  699.0   0.02471

  700.0   0.02466

  701.0   0.02462

  702.0   0.02446

  703.0   0.02446

  704.0   0.02435

  705.0   0.02431

  706.0   0.02429

  707.0   0.02422

  708.0   0.02411

  709.0   0.02405

  710.0   0.02401

  711.0   0.02388

  712.0   0.02382

  713.0   0.02367

  714.0   0.02362

  715.0   0.02355

  716.0   0.02342

  717.0   0.02332

  718.0   0.02321

  719.0   0.02316

  720.0   0.02306

  721.0   0.02298

  722.0   0.02292

  723.0   0.02278

  724.0   0.02268

  725.0   0.02263

  726.0   0.02260

  727.0   0.02249

  728.0   0.02240

  729.0   0.02237

  730.0   0.02229

  731.0   0.02222

  732.0   0.02216

  733.0   0.02213

  734.0   0.02205

  735.0   0.02205

  736.0   0.02475

  737.0   0.02448

  738.0   0.02427

  739.0   0.02404

  740.0   0.02385

  741.0   0.02367

  742.0   0.02346

  743.0   0.02327

  744.0   0.02313

  745.0   0.02297

  746.0   0.02292

  747.0   0.02275

  748.0   0.02268

  749.0   0.02253

  750.0   0.02240

  751.0   0.02226

  752.0   0.02215

  753.0   0.02208

  754.0   0.02187

  755.0   0.02183

  756.0   0.02170

  757.0   0.02165

  758.0   0.02154

  759.0   0.02142

  760.0   0.02135

  761.0   0.02126

  762.0   0.02126

  763.0   0.02117

  764.0   0.02105

  765.0   0.02096

  766.0   0.02088

  767.0   0.02077

  768.0   0.02071

  769.0   0.02063

  770.0   0.02058

  771.0   0.02050

  772.0   0.02040

  773.0   0.02032

  774.0   0.02027

  775.0   0.02022

  776.0   0.02014

  777.0   0.02004

  778.0   0.01993

  779.0   0.01991

  780.0   0.01987

  781.0   0.01976

  782.0   0.01977

  783.0   0.01972

  784.0   0.01968

  785.0   0.01960

  786.0   0.01953

  787.0   0.01951

  788.0   0.01950

  789.0   0.01940

  790.0   0.01938

  791.0   0.01928

  792.0   0.01920

  793.0   0.01924

  794.0   0.01911

  795.0   0.01912

  796.0   0.01898

  797.0   0.01898

  798.0   0.01895

  799.0   0.01888

  800.0   0.01884

 
