ser ID: DU600

Method ID: A:\DEFAULT

Date: 07/30/00

Time: 05:49

 200.0   3.08386

  201.0   3.15045

  202.0   3.18639

  203.0   3.22220

  204.0   3.25864

  205.0   2.51807

  206.0   2.48287

  207.0   3.06183

  208.0   3.39967

  209.0   3.43965

  210.0   3.17333

  211.0   3.03235

  212.0   3.54851

  213.0   3.58973

  214.0   3.14706

  215.0   3.65418

  216.0   3.38525

  217.0   3.12000

  218.0   2.79758

  219.0   3.47473

  220.0   3.49443

  221.0   3.81218

  222.0   3.22602

  223.0   3.23999

  224.0   3.85443

  225.0   3.02196

  226.0   3.27790

  227.0   3.28998

  228.0   3.00038

  229.0   3.01162

  230.0   2.97215

  231.0   3.09101

  232.0   3.04223

  233.0   2.91106

  234.0   3.65892

  235.0   3.11992

  236.0   2.79305

  237.0   2.89270

  238.0   3.01958

  239.0   2.86075

  240.0   2.79860

  241.0   2.57583

  242.0   2.49545

  243.0   2.40247

  244.0   2.32484

  245.0   2.27515

  246.0   2.18346

  247.0   2.12472

  248.0   2.00846

  249.0   1.92757

  250.0   1.86446

  251.0   1.80764

  252.0   1.73693

  253.0   1.66709

  254.0   1.60409

  255.0   1.53748

  256.0   1.49695

  257.0   1.44629

  258.0   1.39717

  259.0   1.34686

  260.0   1.28896

  261.0   1.23793

  262.0   1.19364

  263.0   1.15213

  264.0   1.11472

  265.0   1.08003

  266.0   1.04530

  267.0   1.01800

  268.0   0.99369

  269.0   0.96510

  270.0   0.93494

  271.0   0.90903

  272.0   0.88145

  273.0   0.85608

  274.0   0.83108

  275.0   0.80548

  276.0   0.78072

  277.0   0.75261

  278.0   0.72242

  279.0   0.69647

  280.0   0.67057

  281.0   0.63880

  282.0   0.61296

  283.0   0.58565

  284.0   0.55744

  285.0   0.53040

  286.0   0.50466

  287.0   0.48022

  288.0   0.45468

  289.0   0.43340

  290.0   0.41243

  291.0   0.39437

  292.0   0.37505

  293.0   0.35836

  294.0   0.34362

  295.0   0.32787

  296.0   0.31399

  297.0   0.29912

  298.0   0.28619

  299.0   0.27308

  300.0   0.26189

  301.0   0.25264

  302.0   0.24149

  303.0   0.23187

  304.0   0.22308

  305.0   0.21687

  306.0   0.20875

  307.0   0.20257

  308.0   0.19644

  309.0   0.18925

  310.0   0.18366

  311.0   0.17805

  312.0   0.17346

  313.0   0.16920

  314.0   0.16572

  315.0   0.16196

  316.0   0.15874

  317.0   0.15649

  318.0   0.15539

  319.0   0.15434

  320.0   0.15488

  321.0   0.15574

  322.0   0.15646

  323.0   0.15792

  324.0   0.15950

  325.0   0.16306

  326.0   0.16545

  327.0   0.16941

  328.0   0.17339

  329.0   0.17787

  330.0   0.18210

  331.0   0.18699

  332.0   0.19228

  333.0   0.19677

  334.0   0.20351

  335.0   0.20946

  336.0   0.21506

  337.0   0.22025

  338.0   0.22706

  339.0   0.23333

  340.0   0.23972

  341.0   0.24717

  342.0   0.25160

  343.0   0.25736

  344.0   0.26402

  345.0   0.27050

  346.0   0.27504

  347.0   0.28057

  348.0   0.28360

  349.0   0.28713

  350.0   0.29085

  351.0   0.29416

  352.0   0.29629

  353.0   0.29774

  354.0   0.29938

  355.0   0.29963

  356.0   0.29980

  357.0   0.29994

  358.0   0.29872

  359.0   0.29670

  360.0   0.29256

  361.0   0.29017

  362.0   0.28689

  363.0   0.28305

  364.0   0.27924

  365.0   0.27439

  366.0   0.26921

  367.0   0.26435

  368.0   0.25898

  369.0   0.25430

  370.0   0.24875

  371.0   0.24369

  372.0   0.23866

  373.0   0.23338

  374.0   0.22809

  375.0   0.22391

  376.0   0.21847

  377.0   0.21375

  378.0   0.20885

  379.0   0.20453

  380.0   0.19940

  381.0   0.19438

  382.0   0.19044

  383.0   0.18607

  384.0   0.18214

  385.0   0.17770

  386.0   0.17330

  387.0   0.16907

  388.0   0.16522

  389.0   0.16088

  390.0   0.15749

  391.0   0.15428

  392.0   0.15031

  393.0   0.14726

  394.0   0.14332

  395.0   0.14065

  396.0   0.13781

  397.0   0.13503

  398.0   0.13212

  399.0   0.12908

  400.0   0.12637

  401.0   0.12428

  402.0   0.12181

  403.0   0.11952

  404.0   0.11706

  405.0   0.11481

  406.0   0.11262

  407.0   0.11009

  408.0   0.10820

  409.0   0.10586

  410.0   0.10388

  411.0   0.10215

  412.0   0.09963

  413.0   0.09740

  414.0   0.09495

  415.0   0.09415

  416.0   0.08965

  417.0   0.08756

  418.0   0.08506

  419.0   0.08284

  420.0   0.08069

  421.0   0.07849

  422.0   0.07631

  423.0   0.07419

  424.0   0.07196

  425.0   0.07000

  426.0   0.06764

  427.0   0.06569

  428.0   0.06395

  429.0   0.06193

  430.0   0.06011

  431.0   0.05829

  432.0   0.05659

  433.0   0.05475

  434.0   0.05321

  435.0   0.05196

  436.0   0.05037

  437.0   0.04909

  438.0   0.04771

  439.0   0.04644

  440.0   0.04525

  441.0   0.04402

  442.0   0.04283

  443.0   0.04178

  444.0   0.04089

  445.0   0.03974

  446.0   0.03877

  447.0   0.03778

  448.0   0.03688

  449.0   0.03607

  450.0   0.03516

  451.0   0.03443

  452.0   0.03357

  453.0   0.03284

  454.0   0.03205

  455.0   0.03144

  456.0   0.03076

  457.0   0.03015

  458.0   0.02953

  459.0   0.02869

  460.0   0.02816

  461.0   0.02743

  462.0   0.02696

  463.0   0.02644

  464.0   0.02584

  465.0   0.02542

  466.0   0.02478

  467.0   0.02425

  468.0   0.02380

  469.0   0.02337

  470.0   0.02281

  471.0   0.02250

  472.0   0.02209

  473.0   0.02180

  474.0   0.02149

  475.0   0.02122

  476.0   0.02091

  477.0   0.02068

  478.0   0.02048

  479.0   0.02024

  480.0   0.02006

  481.0   0.01977

  482.0   0.01957

  483.0   0.01933

  484.0   0.01913

  485.0   0.01900

  486.0   0.01876

  487.0   0.01857

  488.0   0.01835

  489.0   0.01827

  490.0   0.01803

  491.0   0.01791

  492.0   0.01778

  493.0   0.01766

  494.0   0.01748

  495.0   0.01739

  496.0   0.01723

  497.0   0.01705

  498.0   0.01693

  499.0   0.01681

  500.0   0.01676

  501.0   0.01659

  502.0   0.01649

  503.0   0.01651

  504.0   0.01638

  505.0   0.01638

  506.0   0.01629

  507.0   0.01620

  508.0   0.01613

  509.0   0.01605

  510.0   0.01605

  511.0   0.01598

  512.0   0.01587

  513.0   0.01585

  514.0   0.01578

  515.0   0.01575

  516.0   0.01582

  517.0   0.01575

  518.0   0.01578

  519.0   0.01574

  520.0   0.01570

  521.0   0.01566

  522.0   0.01559

  523.0   0.01550

  524.0   0.01551

  525.0   0.01543

  526.0   0.01544

  527.0   0.01542

  528.0   0.01539

  529.0   0.01542

  530.0   0.01538

  531.0   0.01536

  532.0   0.01539

  533.0   0.01536

  534.0   0.01533

  535.0   0.01529

  536.0   0.01523

  537.0   0.01519

  538.0   0.01520

  539.0   0.01520

  540.0   0.01520

  541.0   0.01525

  542.0   0.01519

  543.0   0.01512

  544.0   0.01506

  545.0   0.01513

  546.0   0.01513

  547.0   0.01516

  548.0   0.01516

  549.0   0.01518

  550.0   0.01522

  551.0   0.01526

  552.0   0.01528

  553.0   0.01530

  554.0   0.01531

  555.0   0.01531

  556.0   0.01533

  557.0   0.01586

  558.0   0.01585

  559.0   0.01579

  560.0   0.01578

  561.0   0.01583

  562.0   0.01584

  563.0   0.01584

  564.0   0.01584

  565.0   0.01583

  566.0   0.01579

  567.0   0.01583

  568.0   0.01584

  569.0   0.01587

  570.0   0.01590

  571.0   0.01588

  572.0   0.01589

  573.0   0.01589

  574.0   0.01588

  575.0   0.01590

  576.0   0.01589

  577.0   0.01584

  578.0   0.01581

  579.0   0.01581

  580.0   0.01580

  581.0   0.01577

  582.0   0.01578

  583.0   0.01575

  584.0   0.01577

  585.0   0.01581

  586.0   0.01578

  587.0   0.01580

  588.0   0.01576

  589.0   0.01571

  590.0   0.01567

  591.0   0.01565

  592.0   0.01565

  593.0   0.01570

  594.0   0.01572

  595.0   0.01575

  596.0   0.01577

  597.0   0.01582

  598.0   0.01584

  599.0   0.01584

  600.0   0.01585

  601.0   0.01584

  602.0   0.01585

  603.0   0.01589

  604.0   0.01589

  605.0   0.01595

  606.0   0.01591

  607.0   0.01596

  608.0   0.01596

  609.0   0.01593

  610.0   0.01597

  611.0   0.01598

  612.0   0.01599

  613.0   0.01599

  614.0   0.01603

  615.0   0.01603

  616.0   0.01608

  617.0   0.01609

  618.0   0.01612

  619.0   0.01613

  620.0   0.01610

  621.0   0.01612

  622.0   0.01619

  623.0   0.01622

  624.0   0.01623

  625.0   0.01622

  626.0   0.01617

  627.0   0.01617

  628.0   0.01620

  629.0   0.01626

  630.0   0.01627

  631.0   0.01631

  632.0   0.01632

  633.0   0.01639

  634.0   0.01640

  635.0   0.01638

  636.0   0.01633

  637.0   0.01634

  638.0   0.01634

  639.0   0.01630

  640.0   0.01629

  641.0   0.01630

  642.0   0.01624

  643.0   0.01625

  644.0   0.01622

  645.0   0.01624

  646.0   0.01624

  647.0   0.01623

  648.0   0.01625

  649.0   0.01622

  650.0   0.01621

  651.0   0.01622

  652.0   0.01623

  653.0   0.01622

  654.0   0.01624

  655.0   0.01626

  656.0   0.01631

  657.0   0.01631

  658.0   0.01631

  659.0   0.01628

  660.0   0.01630

  661.0   0.01631

  662.0   0.01631

  663.0   0.01634

  664.0   0.01635

  665.0   0.01634

  666.0   0.01633

  667.0   0.01633

  668.0   0.01631

  669.0   0.01632

  670.0   0.01631

  671.0   0.01635

  672.0   0.01633

  673.0   0.01636

  674.0   0.01633

  675.0   0.01636

  676.0   0.01635

  677.0   0.01630

  678.0   0.01632

  679.0   0.01625

  680.0   0.01625

  681.0   0.01623

  682.0   0.01620

  683.0   0.01619

  684.0   0.01617

  685.0   0.01620

  686.0   0.01626

  687.0   0.01623

  688.0   0.01623

  689.0   0.01622

  690.0   0.01620

  691.0   0.01621

  692.0   0.01625

  693.0   0.01622

  694.0   0.01622

  695.0   0.01624

  696.0   0.01628

  697.0   0.01629

  698.0   0.01630

  699.0   0.01633

  700.0   0.01634

  701.0   0.01635

  702.0   0.01632

  703.0   0.01632

  704.0   0.01623

  705.0   0.01623

  706.0   0.01626

  707.0   0.01627

  708.0   0.01630

  709.0   0.01624

  710.0   0.01630

  711.0   0.01623

  712.0   0.01621

  713.0   0.01620

  714.0   0.01619

  715.0   0.01622

  716.0   0.01615

  717.0   0.01611

  718.0   0.01608

  719.0   0.01610

  720.0   0.01609

  721.0   0.01602

  722.0   0.01604

  723.0   0.01598

  724.0   0.01592

  725.0   0.01588

  726.0   0.01590

  727.0   0.01583

  728.0   0.01582

  729.0   0.01579

  730.0   0.01580

  731.0   0.01580

  732.0   0.01580

  733.0   0.01577

  734.0   0.01569

  735.0   0.01571

  736.0   0.01645

  737.0   0.01635

  738.0   0.01633

  739.0   0.01627

  740.0   0.01629

  741.0   0.01623

  742.0   0.01623

  743.0   0.01619

  744.0   0.01619

  745.0   0.01613

  746.0   0.01611

  747.0   0.01602

  748.0   0.01604

  749.0   0.01601

  750.0   0.01596

  751.0   0.01596

  752.0   0.01591

  753.0   0.01583

  754.0   0.01576

  755.0   0.01579

  756.0   0.01575

  757.0   0.01577

  758.0   0.01574

  759.0   0.01567

  760.0   0.01563

  761.0   0.01559

  762.0   0.01555

  763.0   0.01551

  764.0   0.01547

  765.0   0.01543

  766.0   0.01537

  767.0   0.01534

  768.0   0.01530

  769.0   0.01527

  770.0   0.01521

  771.0   0.01515

  772.0   0.01512

  773.0   0.01504

  774.0   0.01504

  775.0   0.01501

  776.0   0.01503

  777.0   0.01492

  778.0   0.01489

  779.0   0.01481

  780.0   0.01472

  781.0   0.01469

  782.0   0.01466

  783.0   0.01461

  784.0   0.01458

  785.0   0.01455

  786.0   0.01453

  787.0   0.01456

  788.0   0.01456

  789.0   0.01454

  790.0   0.01451

  791.0   0.01448

  792.0   0.01443

  793.0   0.01446

  794.0   0.01432

  795.0   0.01429

  796.0   0.01420

  797.0   0.01416

  798.0   0.01412

  799.0   0.01411

  800.0   0.01406

 
