ser ID: DU600

Method ID: A:\DEFAULT

Date: 07/30/00

Time: 06:15

 200.0   2.60674

  201.0   3.15045

  202.0   3.18639

  203.0   2.74507

  204.0   2.95761

  205.0   2.99520

  206.0   3.32797

  207.0   3.06183

  208.0   3.39967

  209.0   3.43965

  210.0   3.17333

  211.0   3.50947

  212.0   3.54851

  213.0   3.58973

  214.0   3.62418

  215.0   3.35315

  216.0   3.68628

  217.0   3.72206

  218.0   3.75182

  219.0   3.07679

  220.0   3.01731

  221.0   2.81218

  222.0   2.87384

  223.0   2.93896

  224.0   2.90018

  225.0   2.86705

  226.0   2.87996

  227.0   3.04694

  228.0   2.86208

  229.0   2.83553

  230.0   2.88500

  231.0   2.78998

  232.0   2.74120

  233.0   2.77636

  234.0   2.72950

  235.0   2.76089

  236.0   2.66811

  237.0   2.62946

  238.0   2.55885

  239.0   2.46955

  240.0   2.41839

  241.0   2.32056

  242.0   2.24018

  243.0   2.19982

  244.0   2.09906

  245.0   2.03592

  246.0   2.00257

  247.0   1.90801

  248.0   1.84235

  249.0   1.79342

  250.0   1.72880

  251.0   1.66846

  252.0   1.61477

  253.0   1.56733

  254.0   1.52075

  255.0   1.48131

  256.0   1.44190

  257.0   1.40038

  258.0   1.35665

  259.0   1.31921

  260.0   1.28023

  261.0   1.23892

  262.0   1.19730

  263.0   1.15804

  264.0   1.12259

  265.0   1.08814

  266.0   1.05432

  267.0   1.02526

  268.0   0.99119

  269.0   0.95921

  270.0   0.92336

  271.0   0.89234

  272.0   0.85940

  273.0   0.83102

  274.0   0.79835

  275.0   0.76845

  276.0   0.73811

  277.0   0.70723

  278.0   0.67505

  279.0   0.64652

  280.0   0.62045

  281.0   0.59118

  282.0   0.56536

  283.0   0.54145

  284.0   0.51827

  285.0   0.49457

  286.0   0.47113

  287.0   0.45080

  288.0   0.43038

  289.0   0.41256

  290.0   0.39647

  291.0   0.38088

  292.0   0.36657

  293.0   0.35295

  294.0   0.34272

  295.0   0.33034

  296.0   0.31994

  297.0   0.31044

  298.0   0.30076

  299.0   0.29169

  300.0   0.28288

  301.0   0.27652

  302.0   0.26878

  303.0   0.26227

  304.0   0.25626

  305.0   0.25205

  306.0   0.24593

  307.0   0.24182

  308.0   0.23749

  309.0   0.23259

  310.0   0.22890

  311.0   0.22402

  312.0   0.21991

  313.0   0.21615

  314.0   0.21250

  315.0   0.20844

  316.0   0.20593

  317.0   0.20288

  318.0   0.20048

  319.0   0.19903

  320.0   0.19835

  321.0   0.19838

  322.0   0.19593

  323.0   0.19640

  324.0   0.19726

  325.0   0.19838

  326.0   0.19849

  327.0   0.20075

  328.0   0.20132

  329.0   0.20326

  330.0   0.20663

  331.0   0.20800

  332.0   0.20999

  333.0   0.21190

  334.0   0.21515

  335.0   0.21665

  336.0   0.22033

  337.0   0.22221

  338.0   0.22463

  339.0   0.22813

  340.0   0.23125

  341.0   0.23524

  342.0   0.23745

  343.0   0.24016

  344.0   0.24385

  345.0   0.24672

  346.0   0.24828

  347.0   0.25109

  348.0   0.25289

  349.0   0.25354

  350.0   0.25579

  351.0   0.25647

  352.0   0.25716

  353.0   0.25666

  354.0   0.25838

  355.0   0.25685

  356.0   0.25655

  357.0   0.25729

  358.0   0.25513

  359.0   0.25308

  360.0   0.24976

  361.0   0.24630

  362.0   0.24322

  363.0   0.23957

  364.0   0.23665

  365.0   0.23218

  366.0   0.22850

  367.0   0.22349

  368.0   0.21987

  369.0   0.21522

  370.0   0.21090

  371.0   0.20730

  372.0   0.20315

  373.0   0.19930

  374.0   0.19504

  375.0   0.19164

  376.0   0.18754

  377.0   0.18345

  378.0   0.17933

  379.0   0.17596

  380.0   0.17244

  381.0   0.16850

  382.0   0.16552

  383.0   0.16174

  384.0   0.15864

  385.0   0.15540

  386.0   0.15230

  387.0   0.14948

  388.0   0.14643

  389.0   0.14324

  390.0   0.14067

  391.0   0.13837

  392.0   0.13553

  393.0   0.13325

  394.0   0.13072

  395.0   0.12865

  396.0   0.12645

  397.0   0.12419

  398.0   0.12193

  399.0   0.11975

  400.0   0.11776

  401.0   0.11590

  402.0   0.11413

  403.0   0.11215

  404.0   0.11014

  405.0   0.10811

  406.0   0.10642

  407.0   0.10421

  408.0   0.10237

  409.0   0.10023

  410.0   0.09829

  411.0   0.09652

  412.0   0.09405

  413.0   0.09218

  414.0   0.08980

  415.0   0.08878

  416.0   0.08369

  417.0   0.08150

  418.0   0.07899

  419.0   0.07668

  420.0   0.07444

  421.0   0.07207

  422.0   0.06983

  423.0   0.06764

  424.0   0.06536

  425.0   0.06327

  426.0   0.06112

  427.0   0.05911

  428.0   0.05733

  429.0   0.05522

  430.0   0.05364

  431.0   0.05180

  432.0   0.05027

  433.0   0.04855

  434.0   0.04723

  435.0   0.04600

  436.0   0.04457

  437.0   0.04343

  438.0   0.04213

  439.0   0.04103

  440.0   0.04007

  441.0   0.03905

  442.0   0.03816

  443.0   0.03730

  444.0   0.03653

  445.0   0.03561

  446.0   0.03484

  447.0   0.03410

  448.0   0.03348

  449.0   0.03277

  450.0   0.03213

  451.0   0.03148

  452.0   0.03092

  453.0   0.03035

  454.0   0.02980

  455.0   0.02930

  456.0   0.02885

  457.0   0.02829

  458.0   0.02793

  459.0   0.02724

  460.0   0.02679

  461.0   0.02620

  462.0   0.02578

  463.0   0.02535

  464.0   0.02473

  465.0   0.02429

  466.0   0.02382

  467.0   0.02346

  468.0   0.02303

  469.0   0.02276

  470.0   0.02240

  471.0   0.02223

  472.0   0.02196

  473.0   0.02174

  474.0   0.02155

  475.0   0.02137

  476.0   0.02115

  477.0   0.02088

  478.0   0.02081

  479.0   0.02070

  480.0   0.02059

  481.0   0.02037

  482.0   0.02018

  483.0   0.02003

  484.0   0.01984

  485.0   0.01970

  486.0   0.01952

  487.0   0.01937

  488.0   0.01918

  489.0   0.01907

  490.0   0.01893

  491.0   0.01882

  492.0   0.01877

  493.0   0.01872

  494.0   0.01859

  495.0   0.01852

  496.0   0.01839

  497.0   0.01826

  498.0   0.01819

  499.0   0.01807

  500.0   0.01803

  501.0   0.01793

  502.0   0.01786

  503.0   0.01788

  504.0   0.01783

  505.0   0.01784

  506.0   0.01784

  507.0   0.01780

  508.0   0.01776

  509.0   0.01774

  510.0   0.01773

  511.0   0.01773

  512.0   0.01763

  513.0   0.01762

  514.0   0.01762

  515.0   0.01756

  516.0   0.01764

  517.0   0.01759

  518.0   0.01759

  519.0   0.01755

  520.0   0.01756

  521.0   0.01753

  522.0   0.01747

  523.0   0.01739

  524.0   0.01737

  525.0   0.01727

  526.0   0.01729

  527.0   0.01738

  528.0   0.01733

  529.0   0.01732

  530.0   0.01739

  531.0   0.01736

  532.0   0.01741

  533.0   0.01740

  534.0   0.01743

  535.0   0.01746

  536.0   0.01747

  537.0   0.01749

  538.0   0.01750

  539.0   0.01745

  540.0   0.01749

  541.0   0.01751

  542.0   0.01751

  543.0   0.01748

  544.0   0.01750

  545.0   0.01753

  546.0   0.01751

  547.0   0.01758

  548.0   0.01760

  549.0   0.01764

  550.0   0.01776

  551.0   0.01787

  552.0   0.01795

  553.0   0.01798

  554.0   0.01801

  555.0   0.01800

  556.0   0.01798

  557.0   0.01946

  558.0   0.01937

  559.0   0.01928

  560.0   0.01924

  561.0   0.01925

  562.0   0.01928

  563.0   0.01931

  564.0   0.01924

  565.0   0.01923

  566.0   0.01925

  567.0   0.01929

  568.0   0.01932

  569.0   0.01935

  570.0   0.01932

  571.0   0.01929

  572.0   0.01934

  573.0   0.01933

  574.0   0.01930

  575.0   0.01923

  576.0   0.01926

  577.0   0.01919

  578.0   0.01920

  579.0   0.01922

  580.0   0.01923

  581.0   0.01918

  582.0   0.01916

  583.0   0.01914

  584.0   0.01920

  585.0   0.01922

  586.0   0.01927

  587.0   0.01927

  588.0   0.01929

  589.0   0.01926

  590.0   0.01930

  591.0   0.01930

  592.0   0.01930

  593.0   0.01931

  594.0   0.01934

  595.0   0.01933

  596.0   0.01941

  597.0   0.01944

  598.0   0.01948

  599.0   0.01952

  600.0   0.01957

  601.0   0.01962

  602.0   0.01965

  603.0   0.01970

  604.0   0.01974

  605.0   0.01984

  606.0   0.01984

  607.0   0.01994

  608.0   0.01996

  609.0   0.02001

  610.0   0.02007

  611.0   0.02008

  612.0   0.02016

  613.0   0.02011

  614.0   0.02020

  615.0   0.02019

  616.0   0.02017

  617.0   0.02019

  618.0   0.02023

  619.0   0.02024

  620.0   0.02021

  621.0   0.02025

  622.0   0.02032

  623.0   0.02033

  624.0   0.02034

  625.0   0.02036

  626.0   0.02038

  627.0   0.02037

  628.0   0.02036

  629.0   0.02037

  630.0   0.02037

  631.0   0.02035

  632.0   0.02031

  633.0   0.02032

  634.0   0.02033

  635.0   0.02030

  636.0   0.02024

  637.0   0.02027

  638.0   0.02026

  639.0   0.02020

  640.0   0.02019

  641.0   0.02019

  642.0   0.02012

  643.0   0.02010

  644.0   0.02007

  645.0   0.02005

  646.0   0.02007

  647.0   0.02008

  648.0   0.02008

  649.0   0.02007

  650.0   0.02008

  651.0   0.02006

  652.0   0.02007

  653.0   0.02000

  654.0   0.01997

  655.0   0.01995

  656.0   0.01998

  657.0   0.02001

  658.0   0.02001

  659.0   0.01999

  660.0   0.01998

  661.0   0.01992

  662.0   0.01996

  663.0   0.01992

  664.0   0.01999

  665.0   0.02000

  666.0   0.02001

  667.0   0.02001

  668.0   0.01996

  669.0   0.01997

  670.0   0.01991

  671.0   0.01992

  672.0   0.01986

  673.0   0.01987

  674.0   0.01986

  675.0   0.01984

  676.0   0.01982

  677.0   0.01974

  678.0   0.01970

  679.0   0.01965

  680.0   0.01966

  681.0   0.01965

  682.0   0.01967

  683.0   0.01969

  684.0   0.01970

  685.0   0.01967

  686.0   0.01969

  687.0   0.01966

  688.0   0.01961

  689.0   0.01964

  690.0   0.01961

  691.0   0.01962

  692.0   0.01965

  693.0   0.01960

  694.0   0.01958

  695.0   0.01964

  696.0   0.01962

  697.0   0.01961

  698.0   0.01961

  699.0   0.01960

  700.0   0.01961

  701.0   0.01957

  702.0   0.01951

  703.0   0.01956

  704.0   0.01953

  705.0   0.01949

  706.0   0.01950

  707.0   0.01949

  708.0   0.01948

  709.0   0.01938

  710.0   0.01942

  711.0   0.01932

  712.0   0.01929

  713.0   0.01921

  714.0   0.01916

  715.0   0.01915

  716.0   0.01907

  717.0   0.01900

  718.0   0.01892

  719.0   0.01891

  720.0   0.01889

  721.0   0.01886

  722.0   0.01890

  723.0   0.01884

  724.0   0.01872

  725.0   0.01868

  726.0   0.01868

  727.0   0.01858

  728.0   0.01857

  729.0   0.01857

  730.0   0.01855

  731.0   0.01850

  732.0   0.01849

  733.0   0.01846

  734.0   0.01832

  735.0   0.01834

  736.0   0.01987

  737.0   0.01969

  738.0   0.01964

  739.0   0.01951

  740.0   0.01942

  741.0   0.01935

  742.0   0.01921

  743.0   0.01913

  744.0   0.01908

  745.0   0.01896

  746.0   0.01894

  747.0   0.01879

  748.0   0.01873

  749.0   0.01867

  750.0   0.01856

  751.0   0.01851

  752.0   0.01843

  753.0   0.01835

  754.0   0.01825

  755.0   0.01821

  756.0   0.01817

  757.0   0.01813

  758.0   0.01805

  759.0   0.01796

  760.0   0.01786

  761.0   0.01779

  762.0   0.01778

  763.0   0.01772

  764.0   0.01771

  765.0   0.01762

  766.0   0.01753

  767.0   0.01747

  768.0   0.01736

  769.0   0.01730

  770.0   0.01727

  771.0   0.01719

  772.0   0.01708

  773.0   0.01697

  774.0   0.01694

  775.0   0.01694

  776.0   0.01689

  777.0   0.01684

  778.0   0.01673

  779.0   0.01670

  780.0   0.01668

  781.0   0.01657

  782.0   0.01651

  783.0   0.01654

  784.0   0.01649

  785.0   0.01644

  786.0   0.01644

  787.0   0.01639

  788.0   0.01640

  789.0   0.01638

  790.0   0.01633

  791.0   0.01628

  792.0   0.01620

  793.0   0.01623

  794.0   0.01612

  795.0   0.01607

  796.0   0.01595

  797.0   0.01601

  798.0   0.01594

  799.0   0.01590

  800.0   0.01583

 
