ser ID: DU600

Method ID: A:\DEFAULT

Date: 07/30/00

Time: 06:11

 200.0   2.60674

  201.0   3.15045

  202.0   3.18639

  203.0   2.74507

  204.0   3.25864

  205.0   2.81910

  206.0   2.72591

  207.0   2.66389

  208.0   2.92255

  209.0   3.13862

  210.0   3.17333

  211.0   3.50947

  212.0   3.54851

  213.0   3.58973

  214.0   3.62418

  215.0   3.65418

  216.0   3.68628

  217.0   3.42103

  218.0   3.27470

  219.0   3.47473

  220.0   3.01731

  221.0   2.81218

  222.0   2.74890

  223.0   2.93896

  224.0   3.37731

  225.0   3.26499

  226.0   3.10180

  227.0   3.04694

  228.0   2.94923

  229.0   3.01162

  230.0   2.97215

  231.0   2.98187

  232.0   2.83138

  233.0   2.95245

  234.0   3.05686

  235.0   2.66398

  236.0   2.62671

  237.0   2.52472

  238.0   2.48246

  239.0   2.49757

  240.0   2.45618

  241.0   2.42971

  242.0   2.30048

  243.0   2.21480

  244.0   2.16212

  245.0   2.09611

  246.0   2.04253

  247.0   1.96600

  248.0   1.90372

  249.0   1.81522

  250.0   1.75052

  251.0   1.68512

  252.0   1.63616

  253.0   1.57114

  254.0   1.52421

  255.0   1.48131

  256.0   1.44487

  257.0   1.40724

  258.0   1.36548

  259.0   1.32390

  260.0   1.28131

  261.0   1.24900

  262.0   1.20377

  263.0   1.16317

  264.0   1.13060

  265.0   1.09337

  266.0   1.06209

  267.0   1.02994

  268.0   0.99746

  269.0   0.96392

  270.0   0.92664

  271.0   0.89594

  272.0   0.86469

  273.0   0.83601

  274.0   0.80555

  275.0   0.77320

  276.0   0.74368

  277.0   0.71418

  278.0   0.68184

  279.0   0.65287

  280.0   0.62644

  281.0   0.59625

  282.0   0.57192

  283.0   0.54670

  284.0   0.52190

  285.0   0.49800

  286.0   0.47521

  287.0   0.45547

  288.0   0.43371

  289.0   0.41469

  290.0   0.39818

  291.0   0.38368

  292.0   0.36800

  293.0   0.35526

  294.0   0.34362

  295.0   0.33122

  296.0   0.32008

  297.0   0.31002

  298.0   0.30103

  299.0   0.29021

  300.0   0.28195

  301.0   0.27443

  302.0   0.26696

  303.0   0.26009

  304.0   0.25308

  305.0   0.24800

  306.0   0.24239

  307.0   0.23791

  308.0   0.23307

  309.0   0.22777

  310.0   0.22394

  311.0   0.21943

  312.0   0.21503

  313.0   0.21202

  314.0   0.20821

  315.0   0.20425

  316.0   0.20143

  317.0   0.19954

  318.0   0.19819

  319.0   0.19561

  320.0   0.19516

  321.0   0.19475

  322.0   0.19249

  323.0   0.19208

  324.0   0.19378

  325.0   0.19517

  326.0   0.19613

  327.0   0.19794

  328.0   0.19984

  329.0   0.20192

  330.0   0.20453

  331.0   0.20709

  332.0   0.20969

  333.0   0.21114

  334.0   0.21394

  335.0   0.21620

  336.0   0.21973

  337.0   0.22221

  338.0   0.22524

  339.0   0.22858

  340.0   0.23156

  341.0   0.23585

  342.0   0.23990

  343.0   0.24324

  344.0   0.24694

  345.0   0.24982

  346.0   0.25169

  347.0   0.25529

  348.0   0.25773

  349.0   0.25854

  350.0   0.26113

  351.0   0.26213

  352.0   0.26379

  353.0   0.26378

  354.0   0.26378

  355.0   0.26193

  356.0   0.26181

  357.0   0.26256

  358.0   0.26012

  359.0   0.25795

  360.0   0.25512

  361.0   0.25241

  362.0   0.24901

  363.0   0.24548

  364.0   0.24225

  365.0   0.23692

  366.0   0.23323

  367.0   0.22892

  368.0   0.22490

  369.0   0.22010

  370.0   0.21549

  371.0   0.21151

  372.0   0.20700

  373.0   0.20309

  374.0   0.19907

  375.0   0.19552

  376.0   0.19143

  377.0   0.18718

  378.0   0.18284

  379.0   0.17935

  380.0   0.17579

  381.0   0.17179

  382.0   0.16834

  383.0   0.16467

  384.0   0.16166

  385.0   0.15799

  386.0   0.15468

  387.0   0.15149

  388.0   0.14839

  389.0   0.14509

  390.0   0.14262

  391.0   0.14011

  392.0   0.13733

  393.0   0.13546

  394.0   0.13244

  395.0   0.13034

  396.0   0.12796

  397.0   0.12576

  398.0   0.12348

  399.0   0.12120

  400.0   0.11923

  401.0   0.11708

  402.0   0.11533

  403.0   0.11324

  404.0   0.11141

  405.0   0.10918

  406.0   0.10742

  407.0   0.10529

  408.0   0.10323

  409.0   0.10103

  410.0   0.09903

  411.0   0.09724

  412.0   0.09488

  413.0   0.09280

  414.0   0.09047

  415.0   0.08951

  416.0   0.08463

  417.0   0.08230

  418.0   0.07977

  419.0   0.07762

  420.0   0.07526

  421.0   0.07304

  422.0   0.07060

  423.0   0.06864

  424.0   0.06625

  425.0   0.06414

  426.0   0.06203

  427.0   0.06008

  428.0   0.05806

  429.0   0.05606

  430.0   0.05439

  431.0   0.05260

  432.0   0.05092

  433.0   0.04918

  434.0   0.04784

  435.0   0.04654

  436.0   0.04503

  437.0   0.04400

  438.0   0.04279

  439.0   0.04163

  440.0   0.04065

  441.0   0.03967

  442.0   0.03872

  443.0   0.03785

  444.0   0.03707

  445.0   0.03614

  446.0   0.03536

  447.0   0.03461

  448.0   0.03399

  449.0   0.03318

  450.0   0.03254

  451.0   0.03193

  452.0   0.03127

  453.0   0.03074

  454.0   0.03010

  455.0   0.02960

  456.0   0.02906

  457.0   0.02859

  458.0   0.02806

  459.0   0.02744

  460.0   0.02704

  461.0   0.02640

  462.0   0.02598

  463.0   0.02544

  464.0   0.02489

  465.0   0.02444

  466.0   0.02401

  467.0   0.02365

  468.0   0.02325

  469.0   0.02294

  470.0   0.02254

  471.0   0.02230

  472.0   0.02203

  473.0   0.02180

  474.0   0.02155

  475.0   0.02134

  476.0   0.02109

  477.0   0.02088

  478.0   0.02079

  479.0   0.02067

  480.0   0.02057

  481.0   0.02040

  482.0   0.02021

  483.0   0.01998

  484.0   0.01982

  485.0   0.01970

  486.0   0.01955

  487.0   0.01939

  488.0   0.01920

  489.0   0.01909

  490.0   0.01893

  491.0   0.01885

  492.0   0.01877

  493.0   0.01865

  494.0   0.01851

  495.0   0.01841

  496.0   0.01828

  497.0   0.01812

  498.0   0.01800

  499.0   0.01789

  500.0   0.01783

  501.0   0.01771

  502.0   0.01770

  503.0   0.01774

  504.0   0.01764

  505.0   0.01764

  506.0   0.01763

  507.0   0.01759

  508.0   0.01756

  509.0   0.01757

  510.0   0.01756

  511.0   0.01754

  512.0   0.01750

  513.0   0.01753

  514.0   0.01745

  515.0   0.01741

  516.0   0.01738

  517.0   0.01735

  518.0   0.01731

  519.0   0.01726

  520.0   0.01723

  521.0   0.01720

  522.0   0.01717

  523.0   0.01715

  524.0   0.01712

  525.0   0.01708

  526.0   0.01707

  527.0   0.01712

  528.0   0.01709

  529.0   0.01712

  530.0   0.01721

  531.0   0.01721

  532.0   0.01724

  533.0   0.01726

  534.0   0.01721

  535.0   0.01718

  536.0   0.01721

  537.0   0.01721

  538.0   0.01720

  539.0   0.01719

  540.0   0.01721

  541.0   0.01720

  542.0   0.01718

  543.0   0.01713

  544.0   0.01710

  545.0   0.01716

  546.0   0.01713

  547.0   0.01724

  548.0   0.01726

  549.0   0.01732

  550.0   0.01742

  551.0   0.01755

  552.0   0.01763

  553.0   0.01765

  554.0   0.01770

  555.0   0.01772

  556.0   0.01766

  557.0   0.01905

  558.0   0.01900

  559.0   0.01893

  560.0   0.01892

  561.0   0.01893

  562.0   0.01892

  563.0   0.01895

  564.0   0.01891

  565.0   0.01890

  566.0   0.01885

  567.0   0.01894

  568.0   0.01893

  569.0   0.01898

  570.0   0.01894

  571.0   0.01891

  572.0   0.01894

  573.0   0.01895

  574.0   0.01890

  575.0   0.01890

  576.0   0.01891

  577.0   0.01887

  578.0   0.01884

  579.0   0.01881

  580.0   0.01881

  581.0   0.01874

  582.0   0.01875

  583.0   0.01874

  584.0   0.01879

  585.0   0.01883

  586.0   0.01886

  587.0   0.01885

  588.0   0.01885

  589.0   0.01884

  590.0   0.01882

  591.0   0.01879

  592.0   0.01881

  593.0   0.01881

  594.0   0.01885

  595.0   0.01891

  596.0   0.01895

  597.0   0.01896

  598.0   0.01893

  599.0   0.01894

  600.0   0.01897

  601.0   0.01897

  602.0   0.01897

  603.0   0.01898

  604.0   0.01902

  605.0   0.01906

  606.0   0.01906

  607.0   0.01913

  608.0   0.01915

  609.0   0.01918

  610.0   0.01920

  611.0   0.01917

  612.0   0.01917

  613.0   0.01915

  614.0   0.01917

  615.0   0.01912

  616.0   0.01915

  617.0   0.01918

  618.0   0.01923

  619.0   0.01928

  620.0   0.01927

  621.0   0.01933

  622.0   0.01936

  623.0   0.01938

  624.0   0.01934

  625.0   0.01934

  626.0   0.01934

  627.0   0.01935

  628.0   0.01936

  629.0   0.01935

  630.0   0.01940

  631.0   0.01941

  632.0   0.01940

  633.0   0.01941

  634.0   0.01939

  635.0   0.01933

  636.0   0.01929

  637.0   0.01928

  638.0   0.01925

  639.0   0.01919

  640.0   0.01912

  641.0   0.01908

  642.0   0.01905

  643.0   0.01905

  644.0   0.01905

  645.0   0.01905

  646.0   0.01904

  647.0   0.01902

  648.0   0.01906

  649.0   0.01904

  650.0   0.01899

  651.0   0.01897

  652.0   0.01898

  653.0   0.01896

  654.0   0.01895

  655.0   0.01894

  656.0   0.01894

  657.0   0.01891

  658.0   0.01893

  659.0   0.01889

  660.0   0.01891

  661.0   0.01889

  662.0   0.01891

  663.0   0.01891

  664.0   0.01892

  665.0   0.01891

  666.0   0.01890

  667.0   0.01888

  668.0   0.01888

  669.0   0.01893

  670.0   0.01893

  671.0   0.01900

  672.0   0.01907

  673.0   0.01911

  674.0   0.01913

  675.0   0.01908

  676.0   0.01906

  677.0   0.01901

  678.0   0.01898

  679.0   0.01902

  680.0   0.01899

  681.0   0.01901

  682.0   0.01896

  683.0   0.01894

  684.0   0.01890

  685.0   0.01888

  686.0   0.01886

  687.0   0.01886

  688.0   0.01883

  689.0   0.01883

  690.0   0.01880

  691.0   0.01879

  692.0   0.01880

  693.0   0.01877

  694.0   0.01878

  695.0   0.01881

  696.0   0.01876

  697.0   0.01874

  698.0   0.01874

  699.0   0.01874

  700.0   0.01874

  701.0   0.01874

  702.0   0.01868

  703.0   0.01870

  704.0   0.01865

  705.0   0.01868

  706.0   0.01869

  707.0   0.01865

  708.0   0.01863

  709.0   0.01859

  710.0   0.01861

  711.0   0.01853

  712.0   0.01849

  713.0   0.01841

  714.0   0.01839

  715.0   0.01841

  716.0   0.01831

  717.0   0.01830

  718.0   0.01824

  719.0   0.01818

  720.0   0.01819

  721.0   0.01814

  722.0   0.01813

  723.0   0.01807

  724.0   0.01800

  725.0   0.01793

  726.0   0.01800

  727.0   0.01787

  728.0   0.01783

  729.0   0.01784

  730.0   0.01779

  731.0   0.01781

  732.0   0.01780

  733.0   0.01773

  734.0   0.01767

  735.0   0.01770

  736.0   0.01911

  737.0   0.01897

  738.0   0.01889

  739.0   0.01876

  740.0   0.01869

  741.0   0.01858

  742.0   0.01852

  743.0   0.01844

  744.0   0.01834

  745.0   0.01824

  746.0   0.01828

  747.0   0.01811

  748.0   0.01812

  749.0   0.01804

  750.0   0.01795

  751.0   0.01790

  752.0   0.01785

  753.0   0.01780

  754.0   0.01768

  755.0   0.01768

  756.0   0.01762

  757.0   0.01758

  758.0   0.01750

  759.0   0.01743

  760.0   0.01736

  761.0   0.01732

  762.0   0.01729

  763.0   0.01727

  764.0   0.01718

  765.0   0.01709

  766.0   0.01700

  767.0   0.01692

  768.0   0.01691

  769.0   0.01683

  770.0   0.01680

  771.0   0.01674

  772.0   0.01666

  773.0   0.01652

  774.0   0.01649

  775.0   0.01638

  776.0   0.01638

  777.0   0.01627

  778.0   0.01616

  779.0   0.01608

  780.0   0.01605

  781.0   0.01597

  782.0   0.01597

  783.0   0.01594

  784.0   0.01589

  785.0   0.01581

  786.0   0.01579

  787.0   0.01570

  788.0   0.01571

  789.0   0.01560

  790.0   0.01555

  791.0   0.01553

  792.0   0.01544

  793.0   0.01547

  794.0   0.01536

  795.0   0.01534

  796.0   0.01528

  797.0   0.01528

  798.0   0.01524

  799.0   0.01526

  800.0   0.01521

 
