ser ID: DU600

Method ID: A:\DEFAULT

Date: 07/30/00

Time: 06:04

 200.0   2.78283

  201.0   3.15045

  202.0   3.18639

  203.0   3.22220

  204.0   3.25864

  205.0   2.81910

  206.0   3.32797

  207.0   3.36286

  208.0   3.39967

  209.0   3.43965

  210.0   3.17333

  211.0   3.20844

  212.0   2.70341

  213.0   2.89076

  214.0   3.62418

  215.0   3.65418

  216.0   3.20916

  217.0   3.72206

  218.0   3.75182

  219.0   3.77576

  220.0   3.79546

  221.0   2.90909

  222.0   3.04993

  223.0   2.93896

  224.0   2.85443

  225.0   3.56602

  226.0   2.97687

  227.0   3.19307

  228.0   3.12532

  229.0   3.21574

  230.0   2.92639

  231.0   3.09101

  232.0   2.99108

  233.0   2.77636

  234.0   2.75583

  235.0   2.60329

  236.0   2.66811

  237.0   2.71661

  238.0   2.67279

  239.0   2.57676

  240.0   2.52754

  241.0   2.49665

  242.0   2.40437

  243.0   2.33720

  244.0   2.20487

  245.0   2.12649

  246.0   2.04780

  247.0   1.97950

  248.0   1.89986

  249.0   1.84495

  250.0   1.78831

  251.0   1.72313

  252.0   1.66566

  253.0   1.61541

  254.0   1.56613

  255.0   1.51447

  256.0   1.46465

  257.0   1.42273

  258.0   1.37448

  259.0   1.32863

  260.0   1.28676

  261.0   1.25207

  262.0   1.20658

  263.0   1.16836

  264.0   1.12738

  265.0   1.09639

  266.0   1.06424

  267.0   1.03399

  268.0   0.99873

  269.0   0.96569

  270.0   0.93105

  271.0   0.90009

  272.0   0.87151

  273.0   0.84384

  274.0   0.81331

  275.0   0.78248

  276.0   0.75466

  277.0   0.72662

  278.0   0.69439

  279.0   0.66556

  280.0   0.63662

  281.0   0.60795

  282.0   0.58144

  283.0   0.55716

  284.0   0.53319

  285.0   0.50736

  286.0   0.48390

  287.0   0.46237

  288.0   0.43990

  289.0   0.42096

  290.0   0.40334

  291.0   0.38766

  292.0   0.37151

  293.0   0.35665

  294.0   0.34377

  295.0   0.33034

  296.0   0.31851

  297.0   0.30793

  298.0   0.29748

  299.0   0.28660

  300.0   0.27786

  301.0   0.27053

  302.0   0.26157

  303.0   0.25412

  304.0   0.24741

  305.0   0.24124

  306.0   0.23441

  307.0   0.22994

  308.0   0.22460

  309.0   0.21942

  310.0   0.21519

  311.0   0.20976

  312.0   0.20557

  313.0   0.20160

  314.0   0.19823

  315.0   0.19523

  316.0   0.19206

  317.0   0.19019

  318.0   0.18768

  319.0   0.18605

  320.0   0.18507

  321.0   0.18514

  322.0   0.18372

  323.0   0.18441

  324.0   0.18591

  325.0   0.18767

  326.0   0.18916

  327.0   0.19179

  328.0   0.19424

  329.0   0.19659

  330.0   0.20022

  331.0   0.20336

  332.0   0.20624

  333.0   0.20859

  334.0   0.21168

  335.0   0.21454

  336.0   0.21882

  337.0   0.22251

  338.0   0.22645

  339.0   0.23011

  340.0   0.23447

  341.0   0.23969

  342.0   0.24361

  343.0   0.24789

  344.0   0.25146

  345.0   0.25498

  346.0   0.25749

  347.0   0.26096

  348.0   0.26373

  349.0   0.26567

  350.0   0.26717

  351.0   0.26964

  352.0   0.27100

  353.0   0.27182

  354.0   0.27298

  355.0   0.27195

  356.0   0.27203

  357.0   0.27178

  358.0   0.27012

  359.0   0.26735

  360.0   0.26508

  361.0   0.26136

  362.0   0.25754

  363.0   0.25378

  364.0   0.25044

  365.0   0.24616

  366.0   0.24257

  367.0   0.23757

  368.0   0.23342

  369.0   0.22905

  370.0   0.22343

  371.0   0.21994

  372.0   0.21438

  373.0   0.21057

  374.0   0.20559

  375.0   0.20169

  376.0   0.19733

  377.0   0.19320

  378.0   0.18903

  379.0   0.18525

  380.0   0.18147

  381.0   0.17725

  382.0   0.17355

  383.0   0.16983

  384.0   0.16656

  385.0   0.16290

  386.0   0.15940

  387.0   0.15571

  388.0   0.15233

  389.0   0.14897

  390.0   0.14622

  391.0   0.14340

  392.0   0.14021

  393.0   0.13824

  394.0   0.13526

  395.0   0.13281

  396.0   0.13048

  397.0   0.12799

  398.0   0.12573

  399.0   0.12332

  400.0   0.12115

  401.0   0.11888

  402.0   0.11684

  403.0   0.11475

  404.0   0.11263

  405.0   0.11046

  406.0   0.10874

  407.0   0.10626

  408.0   0.10457

  409.0   0.10225

  410.0   0.10032

  411.0   0.09852

  412.0   0.09622

  413.0   0.09409

  414.0   0.09167

  415.0   0.09060

  416.0   0.08598

  417.0   0.08351

  418.0   0.08113

  419.0   0.07876

  420.0   0.07664

  421.0   0.07429

  422.0   0.07198

  423.0   0.06998

  424.0   0.06763

  425.0   0.06548

  426.0   0.06333

  427.0   0.06127

  428.0   0.05943

  429.0   0.05726

  430.0   0.05576

  431.0   0.05386

  432.0   0.05222

  433.0   0.05063

  434.0   0.04919

  435.0   0.04786

  436.0   0.04638

  437.0   0.04526

  438.0   0.04396

  439.0   0.04283

  440.0   0.04193

  441.0   0.04072

  442.0   0.03970

  443.0   0.03876

  444.0   0.03791

  445.0   0.03697

  446.0   0.03613

  447.0   0.03537

  448.0   0.03459

  449.0   0.03387

  450.0   0.03317

  451.0   0.03247

  452.0   0.03180

  453.0   0.03118

  454.0   0.03058

  455.0   0.03003

  456.0   0.02944

  457.0   0.02888

  458.0   0.02840

  459.0   0.02778

  460.0   0.02729

  461.0   0.02665

  462.0   0.02619

  463.0   0.02568

  464.0   0.02509

  465.0   0.02468

  466.0   0.02424

  467.0   0.02383

  468.0   0.02344

  469.0   0.02305

  470.0   0.02264

  471.0   0.02233

  472.0   0.02206

  473.0   0.02180

  474.0   0.02158

  475.0   0.02140

  476.0   0.02112

  477.0   0.02091

  478.0   0.02079

  479.0   0.02059

  480.0   0.02046

  481.0   0.02029

  482.0   0.02011

  483.0   0.01993

  484.0   0.01977

  485.0   0.01958

  486.0   0.01943

  487.0   0.01925

  488.0   0.01909

  489.0   0.01903

  490.0   0.01884

  491.0   0.01873

  492.0   0.01859

  493.0   0.01850

  494.0   0.01832

  495.0   0.01822

  496.0   0.01801

  497.0   0.01787

  498.0   0.01782

  499.0   0.01767

  500.0   0.01765

  501.0   0.01753

  502.0   0.01748

  503.0   0.01752

  504.0   0.01742

  505.0   0.01737

  506.0   0.01739

  507.0   0.01730

  508.0   0.01726

  509.0   0.01725

  510.0   0.01720

  511.0   0.01720

  512.0   0.01712

  513.0   0.01710

  514.0   0.01706

  515.0   0.01704

  516.0   0.01709

  517.0   0.01702

  518.0   0.01702

  519.0   0.01693

  520.0   0.01694

  521.0   0.01689

  522.0   0.01683

  523.0   0.01679

  524.0   0.01679

  525.0   0.01675

  526.0   0.01674

  527.0   0.01678

  528.0   0.01673

  529.0   0.01676

  530.0   0.01679

  531.0   0.01680

  532.0   0.01679

  533.0   0.01680

  534.0   0.01679

  535.0   0.01674

  536.0   0.01673

  537.0   0.01673

  538.0   0.01672

  539.0   0.01669

  540.0   0.01676

  541.0   0.01675

  542.0   0.01673

  543.0   0.01669

  544.0   0.01669

  545.0   0.01675

  546.0   0.01670

  547.0   0.01681

  548.0   0.01679

  549.0   0.01685

  550.0   0.01687

  551.0   0.01694

  552.0   0.01700

  553.0   0.01699

  554.0   0.01705

  555.0   0.01708

  556.0   0.01710

  557.0   0.01820

  558.0   0.01813

  559.0   0.01804

  560.0   0.01801

  561.0   0.01805

  562.0   0.01809

  563.0   0.01805

  564.0   0.01804

  565.0   0.01801

  566.0   0.01802

  567.0   0.01803

  568.0   0.01802

  569.0   0.01806

  570.0   0.01806

  571.0   0.01808

  572.0   0.01811

  573.0   0.01814

  574.0   0.01814

  575.0   0.01812

  576.0   0.01811

  577.0   0.01807

  578.0   0.01805

  579.0   0.01799

  580.0   0.01793

  581.0   0.01787

  582.0   0.01784

  583.0   0.01784

  584.0   0.01783

  585.0   0.01782

  586.0   0.01788

  587.0   0.01785

  588.0   0.01787

  589.0   0.01785

  590.0   0.01780

  591.0   0.01787

  592.0   0.01787

  593.0   0.01793

  594.0   0.01798

  595.0   0.01802

  596.0   0.01812

  597.0   0.01815

  598.0   0.01816

  599.0   0.01819

  600.0   0.01823

  601.0   0.01821

  602.0   0.01825

  603.0   0.01826

  604.0   0.01831

  605.0   0.01842

  606.0   0.01838

  607.0   0.01837

  608.0   0.01836

  609.0   0.01842

  610.0   0.01851

  611.0   0.01856

  612.0   0.01865

  613.0   0.01863

  614.0   0.01867

  615.0   0.01868

  616.0   0.01874

  617.0   0.01873

  618.0   0.01877

  619.0   0.01876

  620.0   0.01879

  621.0   0.01879

  622.0   0.01887

  623.0   0.01892

  624.0   0.01897

  625.0   0.01899

  626.0   0.01901

  627.0   0.01901

  628.0   0.01901

  629.0   0.01898

  630.0   0.01896

  631.0   0.01894

  632.0   0.01890

  633.0   0.01889

  634.0   0.01892

  635.0   0.01889

  636.0   0.01887

  637.0   0.01886

  638.0   0.01885

  639.0   0.01878

  640.0   0.01875

  641.0   0.01873

  642.0   0.01868

  643.0   0.01867

  644.0   0.01863

  645.0   0.01863

  646.0   0.01860

  647.0   0.01857

  648.0   0.01858

  649.0   0.01853

  650.0   0.01852

  651.0   0.01848

  652.0   0.01849

  653.0   0.01851

  654.0   0.01850

  655.0   0.01852

  656.0   0.01852

  657.0   0.01849

  658.0   0.01851

  659.0   0.01845

  660.0   0.01846

  661.0   0.01845

  662.0   0.01849

  663.0   0.01850

  664.0   0.01854

  665.0   0.01857

  666.0   0.01856

  667.0   0.01856

  668.0   0.01852

  669.0   0.01853

  670.0   0.01848

  671.0   0.01847

  672.0   0.01843

  673.0   0.01841

  674.0   0.01842

  675.0   0.01842

  676.0   0.01843

  677.0   0.01840

  678.0   0.01841

  679.0   0.01840

  680.0   0.01843

  681.0   0.01843

  682.0   0.01843

  683.0   0.01842

  684.0   0.01841

  685.0   0.01841

  686.0   0.01839

  687.0   0.01836

  688.0   0.01834

  689.0   0.01838

  690.0   0.01833

  691.0   0.01837

  692.0   0.01836

  693.0   0.01836

  694.0   0.01834

  695.0   0.01837

  696.0   0.01838

  697.0   0.01838

  698.0   0.01842

  699.0   0.01840

  700.0   0.01844

  701.0   0.01844

  702.0   0.01839

  703.0   0.01839

  704.0   0.01836

  705.0   0.01837

  706.0   0.01840

  707.0   0.01836

  708.0   0.01835

  709.0   0.01829

  710.0   0.01832

  711.0   0.01822

  712.0   0.01822

  713.0   0.01814

  714.0   0.01812

  715.0   0.01810

  716.0   0.01804

  717.0   0.01798

  718.0   0.01794

  719.0   0.01790

  720.0   0.01789

  721.0   0.01779

  722.0   0.01785

  723.0   0.01780

  724.0   0.01771

  725.0   0.01766

  726.0   0.01770

  727.0   0.01762

  728.0   0.01762

  729.0   0.01763

  730.0   0.01761

  731.0   0.01755

  732.0   0.01749

  733.0   0.01745

  734.0   0.01738

  735.0   0.01741

  736.0   0.01852

  737.0   0.01838

  738.0   0.01833

  739.0   0.01823

  740.0   0.01814

  741.0   0.01805

  742.0   0.01794

  743.0   0.01786

  744.0   0.01779

  745.0   0.01769

  746.0   0.01770

  747.0   0.01756

  748.0   0.01755

  749.0   0.01746

  750.0   0.01741

  751.0   0.01733

  752.0   0.01728

  753.0   0.01723

  754.0   0.01718

  755.0   0.01716

  756.0   0.01709

  757.0   0.01709

  758.0   0.01703

  759.0   0.01694

  760.0   0.01686

  761.0   0.01680

  762.0   0.01682

  763.0   0.01678

  764.0   0.01674

  765.0   0.01668

  766.0   0.01656

  767.0   0.01650

  768.0   0.01647

  769.0   0.01644

  770.0   0.01644

  771.0   0.01641

  772.0   0.01632

  773.0   0.01624

  774.0   0.01618

  775.0   0.01613

  776.0   0.01607

  777.0   0.01599

  778.0   0.01591

  779.0   0.01585

  780.0   0.01577

  781.0   0.01574

  782.0   0.01566

  783.0   0.01566

  784.0   0.01561

  785.0   0.01561

  786.0   0.01558

  787.0   0.01553

  788.0   0.01554

  789.0   0.01546

  790.0   0.01543

  791.0   0.01541

  792.0   0.01535

  793.0   0.01541

  794.0   0.01528

  795.0   0.01531

  796.0   0.01525

  797.0   0.01525

  798.0   0.01521

  799.0   0.01520

  800.0   0.01512

 
