ser ID: DU600

Method ID: A:\DEFAULT

Date: 07/30/00

Time: 06:06

 200.0   2.48180

  201.0   3.15045

  202.0   3.18639

  203.0   3.22220

  204.0   3.25864

  205.0   3.29623

  206.0   3.32797

  207.0   3.36286

  208.0   3.39967

  209.0   3.43965

  210.0   3.47436

  211.0   2.73132

  212.0   2.94645

  213.0   3.58973

  214.0   3.32315

  215.0   3.05212

  216.0   3.08422

  217.0   3.42103

  218.0   3.45079

  219.0   3.77576

  220.0   3.79546

  221.0   3.81218

  222.0   3.82808

  223.0   3.06390

  224.0   3.00933

  225.0   2.86705

  226.0   2.83856

  227.0   2.85065

  228.0   3.05837

  229.0   2.96047

  230.0   2.92639

  231.0   2.82217

  232.0   2.94532

  233.0   2.87327

  234.0   2.84600

  235.0   2.85107

  236.0   2.71386

  237.0   2.64966

  238.0   2.63140

  239.0   2.55972

  240.0   2.48333

  241.0   2.45526

  242.0   2.38151

  243.0   2.26310

  244.0   2.17590

  245.0   2.14580

  246.0   2.06398

  247.0   1.99344

  248.0   1.91551

  249.0   1.83148

  250.0   1.76467

  251.0   1.70244

  252.0   1.64503

  253.0   1.59271

  254.0   1.55667

  255.0   1.50257

  256.0   1.45693

  257.0   1.41562

  258.0   1.37972

  259.0   1.33102

  260.0   1.29339

  261.0   1.25002

  262.0   1.20377

  263.0   1.16490

  264.0   1.12498

  265.0   1.09037

  266.0   1.05713

  267.0   1.03331

  268.0   0.99873

  269.0   0.96688

  270.0   0.93105

  271.0   0.90009

  272.0   0.87200

  273.0   0.84337

  274.0   0.81028

  275.0   0.78248

  276.0   0.75160

  277.0   0.71982

  278.0   0.69039

  279.0   0.66274

  280.0   0.63223

  281.0   0.60411

  282.0   0.57936

  283.0   0.55520

  284.0   0.53040

  285.0   0.50516

  286.0   0.48202

  287.0   0.46098

  288.0   0.43858

  289.0   0.41898

  290.0   0.40282

  291.0   0.38583

  292.0   0.37055

  293.0   0.35572

  294.0   0.34422

  295.0   0.33122

  296.0   0.31980

  297.0   0.30876

  298.0   0.29843

  299.0   0.28807

  300.0   0.27931

  301.0   0.27117

  302.0   0.26233

  303.0   0.25640

  304.0   0.24904

  305.0   0.24373

  306.0   0.23664

  307.0   0.23242

  308.0   0.22720

  309.0   0.22215

  310.0   0.21804

  311.0   0.21288

  312.0   0.20858

  313.0   0.20475

  314.0   0.20204

  315.0   0.19843

  316.0   0.19516

  317.0   0.19241

  318.0   0.19005

  319.0   0.18873

  320.0   0.18805

  321.0   0.18814

  322.0   0.18766

  323.0   0.18794

  324.0   0.18904

  325.0   0.19039

  326.0   0.19133

  327.0   0.19369

  328.0   0.19585

  329.0   0.19836

  330.0   0.20170

  331.0   0.20425

  332.0   0.20729

  333.0   0.21024

  334.0   0.21364

  335.0   0.21635

  336.0   0.21973

  337.0   0.22312

  338.0   0.22615

  339.0   0.23011

  340.0   0.23370

  341.0   0.23800

  342.0   0.24237

  343.0   0.24665

  344.0   0.24990

  345.0   0.25341

  346.0   0.25671

  347.0   0.26064

  348.0   0.26294

  349.0   0.26488

  350.0   0.26685

  351.0   0.26755

  352.0   0.26955

  353.0   0.26891

  354.0   0.26941

  355.0   0.26902

  356.0   0.26941

  357.0   0.26908

  358.0   0.26665

  359.0   0.26494

  360.0   0.26195

  361.0   0.25861

  362.0   0.25591

  363.0   0.25234

  364.0   0.24932

  365.0   0.24467

  366.0   0.24008

  367.0   0.23505

  368.0   0.23036

  369.0   0.22585

  370.0   0.22103

  371.0   0.21708

  372.0   0.21268

  373.0   0.20864

  374.0   0.20422

  375.0   0.20037

  376.0   0.19571

  377.0   0.19182

  378.0   0.18754

  379.0   0.18413

  380.0   0.18001

  381.0   0.17592

  382.0   0.17197

  383.0   0.16797

  384.0   0.16483

  385.0   0.16124

  386.0   0.15804

  387.0   0.15458

  388.0   0.15152

  389.0   0.14818

  390.0   0.14567

  391.0   0.14281

  392.0   0.13985

  393.0   0.13763

  394.0   0.13456

  395.0   0.13232

  396.0   0.12991

  397.0   0.12748

  398.0   0.12500

  399.0   0.12260

  400.0   0.12053

  401.0   0.11848

  402.0   0.11636

  403.0   0.11450

  404.0   0.11242

  405.0   0.11026

  406.0   0.10854

  407.0   0.10611

  408.0   0.10439

  409.0   0.10204

  410.0   0.10011

  411.0   0.09820

  412.0   0.09599

  413.0   0.09396

  414.0   0.09155

  415.0   0.09045

  416.0   0.08577

  417.0   0.08331

  418.0   0.08074

  419.0   0.07857

  420.0   0.07636

  421.0   0.07384

  422.0   0.07172

  423.0   0.06956

  424.0   0.06731

  425.0   0.06524

  426.0   0.06302

  427.0   0.06104

  428.0   0.05921

  429.0   0.05712

  430.0   0.05549

  431.0   0.05360

  432.0   0.05196

  433.0   0.05025

  434.0   0.04882

  435.0   0.04750

  436.0   0.04597

  437.0   0.04491

  438.0   0.04357

  439.0   0.04239

  440.0   0.04140

  441.0   0.04040

  442.0   0.03939

  443.0   0.03850

  444.0   0.03771

  445.0   0.03682

  446.0   0.03594

  447.0   0.03518

  448.0   0.03445

  449.0   0.03373

  450.0   0.03308

  451.0   0.03242

  452.0   0.03171

  453.0   0.03109

  454.0   0.03049

  455.0   0.03003

  456.0   0.02940

  457.0   0.02888

  458.0   0.02835

  459.0   0.02769

  460.0   0.02725

  461.0   0.02665

  462.0   0.02619

  463.0   0.02568

  464.0   0.02513

  465.0   0.02460

  466.0   0.02420

  467.0   0.02383

  468.0   0.02340

  469.0   0.02298

  470.0   0.02254

  471.0   0.02227

  472.0   0.02193

  473.0   0.02174

  474.0   0.02152

  475.0   0.02137

  476.0   0.02109

  477.0   0.02088

  478.0   0.02073

  479.0   0.02062

  480.0   0.02049

  481.0   0.02029

  482.0   0.02003

  483.0   0.01988

  484.0   0.01967

  485.0   0.01953

  486.0   0.01938

  487.0   0.01918

  488.0   0.01907

  489.0   0.01900

  490.0   0.01882

  491.0   0.01871

  492.0   0.01861

  493.0   0.01854

  494.0   0.01840

  495.0   0.01832

  496.0   0.01813

  497.0   0.01801

  498.0   0.01788

  499.0   0.01783

  500.0   0.01777

  501.0   0.01765

  502.0   0.01762

  503.0   0.01760

  504.0   0.01748

  505.0   0.01751

  506.0   0.01743

  507.0   0.01738

  508.0   0.01730

  509.0   0.01729

  510.0   0.01727

  511.0   0.01726

  512.0   0.01718

  513.0   0.01719

  514.0   0.01719

  515.0   0.01717

  516.0   0.01722

  517.0   0.01716

  518.0   0.01717

  519.0   0.01706

  520.0   0.01703

  521.0   0.01697

  522.0   0.01692

  523.0   0.01684

  524.0   0.01683

  525.0   0.01680

  526.0   0.01678

  527.0   0.01680

  528.0   0.01679

  529.0   0.01681

  530.0   0.01683

  531.0   0.01681

  532.0   0.01682

  533.0   0.01680

  534.0   0.01679

  535.0   0.01681

  536.0   0.01681

  537.0   0.01686

  538.0   0.01687

  539.0   0.01686

  540.0   0.01689

  541.0   0.01686

  542.0   0.01684

  543.0   0.01679

  544.0   0.01682

  545.0   0.01686

  546.0   0.01685

  547.0   0.01696

  548.0   0.01698

  549.0   0.01702

  550.0   0.01708

  551.0   0.01711

  552.0   0.01715

  553.0   0.01717

  554.0   0.01723

  555.0   0.01722

  556.0   0.01724

  557.0   0.01827

  558.0   0.01822

  559.0   0.01814

  560.0   0.01814

  561.0   0.01814

  562.0   0.01813

  563.0   0.01814

  564.0   0.01813

  565.0   0.01815

  566.0   0.01811

  567.0   0.01809

  568.0   0.01811

  569.0   0.01810

  570.0   0.01813

  571.0   0.01808

  572.0   0.01811

  573.0   0.01814

  574.0   0.01814

  575.0   0.01812

  576.0   0.01813

  577.0   0.01807

  578.0   0.01807

  579.0   0.01803

  580.0   0.01801

  581.0   0.01797

  582.0   0.01796

  583.0   0.01792

  584.0   0.01800

  585.0   0.01800

  586.0   0.01801

  587.0   0.01800

  588.0   0.01799

  589.0   0.01793

  590.0   0.01795

  591.0   0.01792

  592.0   0.01795

  593.0   0.01799

  594.0   0.01805

  595.0   0.01813

  596.0   0.01819

  597.0   0.01826

  598.0   0.01826

  599.0   0.01832

  600.0   0.01835

  601.0   0.01838

  602.0   0.01843

  603.0   0.01850

  604.0   0.01861

  605.0   0.01872

  606.0   0.01872

  607.0   0.01877

  608.0   0.01878

  609.0   0.01879

  610.0   0.01881

  611.0   0.01880

  612.0   0.01885

  613.0   0.01882

  614.0   0.01884

  615.0   0.01884

  616.0   0.01886

  617.0   0.01887

  618.0   0.01887

  619.0   0.01892

  620.0   0.01894

  621.0   0.01901

  622.0   0.01904

  623.0   0.01910

  624.0   0.01909

  625.0   0.01910

  626.0   0.01907

  627.0   0.01906

  628.0   0.01912

  629.0   0.01912

  630.0   0.01914

  631.0   0.01916

  632.0   0.01915

  633.0   0.01913

  634.0   0.01913

  635.0   0.01910

  636.0   0.01909

  637.0   0.01906

  638.0   0.01905

  639.0   0.01901

  640.0   0.01894

  641.0   0.01890

  642.0   0.01885

  643.0   0.01883

  644.0   0.01883

  645.0   0.01885

  646.0   0.01884

  647.0   0.01884

  648.0   0.01883

  649.0   0.01882

  650.0   0.01879

  651.0   0.01880

  652.0   0.01880

  653.0   0.01878

  654.0   0.01876

  655.0   0.01875

  656.0   0.01879

  657.0   0.01879

  658.0   0.01880

  659.0   0.01880

  660.0   0.01883

  661.0   0.01882

  662.0   0.01881

  663.0   0.01877

  664.0   0.01877

  665.0   0.01876

  666.0   0.01876

  667.0   0.01878

  668.0   0.01876

  669.0   0.01876

  670.0   0.01871

  671.0   0.01873

  672.0   0.01869

  673.0   0.01866

  674.0   0.01866

  675.0   0.01866

  676.0   0.01866

  677.0   0.01863

  678.0   0.01860

  679.0   0.01858

  680.0   0.01858

  681.0   0.01857

  682.0   0.01855

  683.0   0.01858

  684.0   0.01856

  685.0   0.01855

  686.0   0.01854

  687.0   0.01852

  688.0   0.01850

  689.0   0.01849

  690.0   0.01853

  691.0   0.01856

  692.0   0.01853

  693.0   0.01853

  694.0   0.01852

  695.0   0.01857

  696.0   0.01855

  697.0   0.01857

  698.0   0.01859

  699.0   0.01857

  700.0   0.01857

  701.0   0.01855

  702.0   0.01850

  703.0   0.01851

  704.0   0.01848

  705.0   0.01847

  706.0   0.01851

  707.0   0.01850

  708.0   0.01849

  709.0   0.01841

  710.0   0.01846

  711.0   0.01838

  712.0   0.01834

  713.0   0.01826

  714.0   0.01826

  715.0   0.01824

  716.0   0.01816

  717.0   0.01817

  718.0   0.01809

  719.0   0.01805

  720.0   0.01804

  721.0   0.01799

  722.0   0.01800

  723.0   0.01793

  724.0   0.01784

  725.0   0.01782

  726.0   0.01781

  727.0   0.01778

  728.0   0.01776

  729.0   0.01768

  730.0   0.01770

  731.0   0.01765

  732.0   0.01763

  733.0   0.01761

  734.0   0.01755

  735.0   0.01756

  736.0   0.01872

  737.0   0.01860

  738.0   0.01855

  739.0   0.01843

  740.0   0.01833

  741.0   0.01827

  742.0   0.01819

  743.0   0.01817

  744.0   0.01809

  745.0   0.01802

  746.0   0.01800

  747.0   0.01794

  748.0   0.01790

  749.0   0.01785

  750.0   0.01774

  751.0   0.01768

  752.0   0.01758

  753.0   0.01753

  754.0   0.01740

  755.0   0.01738

  756.0   0.01734

  757.0   0.01725

  758.0   0.01722

  759.0   0.01713

  760.0   0.01709

  761.0   0.01705

  762.0   0.01701

  763.0   0.01700

  764.0   0.01699

  765.0   0.01693

  766.0   0.01689

  767.0   0.01680

  768.0   0.01677

  769.0   0.01666

  770.0   0.01660

  771.0   0.01655

  772.0   0.01649

  773.0   0.01638

  774.0   0.01635

  775.0   0.01632

  776.0   0.01627

  777.0   0.01613

  778.0   0.01605

  779.0   0.01599

  780.0   0.01591

  781.0   0.01583

  782.0   0.01580

  783.0   0.01580

  784.0   0.01569

  785.0   0.01564

  786.0   0.01561

  787.0   0.01562

  788.0   0.01557

  789.0   0.01549

  790.0   0.01543

  791.0   0.01541

  792.0   0.01538

  793.0   0.01541

  794.0   0.01531

  795.0   0.01531

  796.0   0.01519

  797.0   0.01516

  798.0   0.01512

  799.0   0.01508

  800.0   0.01500

 
