ser ID: DU600

Method ID: A:\DEFAULT

Date: 07/30/00

Time: 05:47

 200.0   2.78283

  201.0   2.84942

  202.0   2.58433

  203.0   2.22220

  204.0   2.95761

  205.0   3.29623

  206.0   3.32797

  207.0   3.36286

  208.0   2.55458

  209.0   2.96253

  210.0   3.47436

  211.0   2.90741

  212.0   3.54851

  213.0   3.58973

  214.0   2.92521

  215.0   3.05212

  216.0   3.68628

  217.0   3.72206

  218.0   3.27470

  219.0   3.07679

  220.0   2.95036

  221.0   3.33506

  222.0   3.82808

  223.0   3.54102

  224.0   3.07628

  225.0   3.02196

  226.0   3.87996

  227.0   3.04694

  228.0   3.30141

  229.0   3.13656

  230.0   2.92639

  231.0   3.23714

  232.0   3.34326

  233.0   3.35039

  234.0   2.91855

  235.0   2.88583

  236.0   2.88996

  237.0   2.93049

  238.0   2.89464

  239.0   2.86075

  240.0   2.59448

  241.0   2.59356

  242.0   2.55760

  243.0   2.43919

  244.0   2.35551

  245.0   2.22498

  246.0   2.16922

  247.0   2.08216

  248.0   2.01342

  249.0   1.96648

  250.0   1.86446

  251.0   1.78875

  252.0   1.74250

  253.0   1.67674

  254.0   1.61466

  255.0   1.55415

  256.0   1.49195

  257.0   1.44478

  258.0   1.38903

  259.0   1.34315

  260.0   1.28896

  261.0   1.23992

  262.0   1.19001

  263.0   1.14879

  264.0   1.11317

  265.0   1.07857

  266.0   1.04737

  267.0   1.01800

  268.0   0.99119

  269.0   0.96215

  270.0   0.93271

  271.0   0.90427

  272.0   0.88044

  273.0   0.85896

  274.0   0.83472

  275.0   0.80980

  276.0   0.78358

  277.0   0.75376

  278.0   0.72529

  279.0   0.69985

  280.0   0.67377

  281.0   0.64386

  282.0   0.61548

  283.0   0.58882

  284.0   0.56166

  285.0   0.53460

  286.0   0.50752

  287.0   0.48229

  288.0   0.45546

  289.0   0.43359

  290.0   0.41349

  291.0   0.39454

  292.0   0.37424

  293.0   0.35634

  294.0   0.34167

  295.0   0.32541

  296.0   0.31090

  297.0   0.29708

  298.0   0.28421

  299.0   0.26960

  300.0   0.25912

  301.0   0.24905

  302.0   0.23760

  303.0   0.22888

  304.0   0.21896

  305.0   0.21266

  306.0   0.20412

  307.0   0.19784

  308.0   0.19150

  309.0   0.18456

  310.0   0.17954

  311.0   0.17323

  312.0   0.16838

  313.0   0.16445

  314.0   0.15955

  315.0   0.15539

  316.0   0.15376

  317.0   0.15146

  318.0   0.15078

  319.0   0.14954

  320.0   0.14864

  321.0   0.15032

  322.0   0.15189

  323.0   0.15331

  324.0   0.15525

  325.0   0.15902

  326.0   0.16164

  327.0   0.16598

  328.0   0.16936

  329.0   0.17394

  330.0   0.17984

  331.0   0.18456

  332.0   0.19069

  333.0   0.19561

  334.0   0.20087

  335.0   0.20694

  336.0   0.21371

  337.0   0.22010

  338.0   0.22691

  339.0   0.23225

  340.0   0.23894

  341.0   0.24654

  342.0   0.25287

  343.0   0.25944

  344.0   0.26547

  345.0   0.27131

  346.0   0.27587

  347.0   0.28224

  348.0   0.28661

  349.0   0.29016

  350.0   0.29391

  351.0   0.29587

  352.0   0.29973

  353.0   0.30207

  354.0   0.30304

  355.0   0.30261

  356.0   0.30296

  357.0   0.30394

  358.0   0.30210

  359.0   0.30051

  360.0   0.29745

  361.0   0.29395

  362.0   0.28992

  363.0   0.28724

  364.0   0.28375

  365.0   0.27801

  366.0   0.27299

  367.0   0.26760

  368.0   0.26291

  369.0   0.25798

  370.0   0.25314

  371.0   0.24838

  372.0   0.24205

  373.0   0.23716

  374.0   0.23182

  375.0   0.22719

  376.0   0.22208

  377.0   0.21712

  378.0   0.21190

  379.0   0.20705

  380.0   0.20304

  381.0   0.19803

  382.0   0.19351

  383.0   0.18845

  384.0   0.18415

  385.0   0.18003

  386.0   0.17554

  387.0   0.17148

  388.0   0.16732

  389.0   0.16275

  390.0   0.15907

  391.0   0.15592

  392.0   0.15196

  393.0   0.14913

  394.0   0.14524

  395.0   0.14198

  396.0   0.13897

  397.0   0.13603

  398.0   0.13338

  399.0   0.13055

  400.0   0.12737

  401.0   0.12504

  402.0   0.12277

  403.0   0.12037

  404.0   0.11801

  405.0   0.11566

  406.0   0.11368

  407.0   0.11103

  408.0   0.10919

  409.0   0.10667

  410.0   0.10470

  411.0   0.10278

  412.0   0.10024

  413.0   0.09816

  414.0   0.09582

  415.0   0.09483

  416.0   0.09028

  417.0   0.08827

  418.0   0.08575

  419.0   0.08351

  420.0   0.08152

  421.0   0.07921

  422.0   0.07710

  423.0   0.07504

  424.0   0.07278

  425.0   0.07064

  426.0   0.06842

  427.0   0.06659

  428.0   0.06454

  429.0   0.06258

  430.0   0.06073

  431.0   0.05883

  432.0   0.05719

  433.0   0.05539

  434.0   0.05396

  435.0   0.05257

  436.0   0.05096

  437.0   0.04961

  438.0   0.04821

  439.0   0.04693

  440.0   0.04568

  441.0   0.04444

  442.0   0.04324

  443.0   0.04224

  444.0   0.04113

  445.0   0.04009

  446.0   0.03911

  447.0   0.03811

  448.0   0.03720

  449.0   0.03626

  450.0   0.03548

  451.0   0.03470

  452.0   0.03380

  453.0   0.03302

  454.0   0.03232

  455.0   0.03166

  456.0   0.03094

  457.0   0.03028

  458.0   0.02965

  459.0   0.02894

  460.0   0.02828

  461.0   0.02755

  462.0   0.02700

  463.0   0.02644

  464.0   0.02584

  465.0   0.02522

  466.0   0.02462

  467.0   0.02417

  468.0   0.02369

  469.0   0.02333

  470.0   0.02281

  471.0   0.02250

  472.0   0.02206

  473.0   0.02183

  474.0   0.02149

  475.0   0.02122

  476.0   0.02086

  477.0   0.02057

  478.0   0.02037

  479.0   0.02016

  480.0   0.01993

  481.0   0.01970

  482.0   0.01945

  483.0   0.01918

  484.0   0.01896

  485.0   0.01876

  486.0   0.01855

  487.0   0.01843

  488.0   0.01821

  489.0   0.01805

  490.0   0.01781

  491.0   0.01765

  492.0   0.01754

  493.0   0.01740

  494.0   0.01724

  495.0   0.01716

  496.0   0.01700

  497.0   0.01685

  498.0   0.01668

  499.0   0.01656

  500.0   0.01649

  501.0   0.01629

  502.0   0.01619

  503.0   0.01618

  504.0   0.01607

  505.0   0.01605

  506.0   0.01600

  507.0   0.01590

  508.0   0.01586

  509.0   0.01582

  510.0   0.01580

  511.0   0.01577

  512.0   0.01565

  513.0   0.01561

  514.0   0.01556

  515.0   0.01552

  516.0   0.01556

  517.0   0.01549

  518.0   0.01550

  519.0   0.01543

  520.0   0.01538

  521.0   0.01535

  522.0   0.01532

  523.0   0.01523

  524.0   0.01522

  525.0   0.01514

  526.0   0.01513

  527.0   0.01515

  528.0   0.01512

  529.0   0.01511

  530.0   0.01507

  531.0   0.01505

  532.0   0.01508

  533.0   0.01504

  534.0   0.01498

  535.0   0.01498

  536.0   0.01495

  537.0   0.01491

  538.0   0.01496

  539.0   0.01493

  540.0   0.01492

  541.0   0.01490

  542.0   0.01488

  543.0   0.01481

  544.0   0.01478

  545.0   0.01482

  546.0   0.01479

  547.0   0.01488

  548.0   0.01484

  549.0   0.01485

  550.0   0.01492

  551.0   0.01500

  552.0   0.01501

  553.0   0.01504

  554.0   0.01505

  555.0   0.01504

  556.0   0.01503

  557.0   0.01557

  558.0   0.01553

  559.0   0.01547

  560.0   0.01549

  561.0   0.01549

  562.0   0.01550

  563.0   0.01549

  564.0   0.01546

  565.0   0.01542

  566.0   0.01546

  567.0   0.01549

  568.0   0.01554

  569.0   0.01555

  570.0   0.01556

  571.0   0.01553

  572.0   0.01556

  573.0   0.01558

  574.0   0.01557

  575.0   0.01555

  576.0   0.01556

  577.0   0.01552

  578.0   0.01555

  579.0   0.01555

  580.0   0.01555

  581.0   0.01554

  582.0   0.01550

  583.0   0.01549

  584.0   0.01551

  585.0   0.01552

  586.0   0.01555

  587.0   0.01551

  588.0   0.01553

  589.0   0.01550

  590.0   0.01546

  591.0   0.01545

  592.0   0.01544

  593.0   0.01546

  594.0   0.01544

  595.0   0.01546

  596.0   0.01552

  597.0   0.01552

  598.0   0.01551

  599.0   0.01552

  600.0   0.01552

  601.0   0.01552

  602.0   0.01551

  603.0   0.01554

  604.0   0.01555

  605.0   0.01562

  606.0   0.01561

  607.0   0.01566

  608.0   0.01566

  609.0   0.01568

  610.0   0.01571

  611.0   0.01574

  612.0   0.01577

  613.0   0.01574

  614.0   0.01574

  615.0   0.01576

  616.0   0.01577

  617.0   0.01575

  618.0   0.01581

  619.0   0.01584

  620.0   0.01588

  621.0   0.01590

  622.0   0.01595

  623.0   0.01599

  624.0   0.01599

  625.0   0.01602

  626.0   0.01601

  627.0   0.01604

  628.0   0.01603

  629.0   0.01603

  630.0   0.01604

  631.0   0.01606

  632.0   0.01607

  633.0   0.01609

  634.0   0.01612

  635.0   0.01611

  636.0   0.01607

  637.0   0.01611

  638.0   0.01610

  639.0   0.01605

  640.0   0.01609

  641.0   0.01604

  642.0   0.01600

  643.0   0.01597

  644.0   0.01599

  645.0   0.01602

  646.0   0.01604

  647.0   0.01601

  648.0   0.01600

  649.0   0.01594

  650.0   0.01589

  651.0   0.01587

  652.0   0.01589

  653.0   0.01592

  654.0   0.01594

  655.0   0.01591

  656.0   0.01594

  657.0   0.01593

  658.0   0.01594

  659.0   0.01591

  660.0   0.01590

  661.0   0.01591

  662.0   0.01591

  663.0   0.01595

  664.0   0.01597

  665.0   0.01602

  666.0   0.01600

  667.0   0.01596

  668.0   0.01595

  669.0   0.01596

  670.0   0.01590

  671.0   0.01590

  672.0   0.01589

  673.0   0.01591

  674.0   0.01593

  675.0   0.01591

  676.0   0.01590

  677.0   0.01589

  678.0   0.01592

  679.0   0.01589

  680.0   0.01590

  681.0   0.01591

  682.0   0.01592

  683.0   0.01590

  684.0   0.01589

  685.0   0.01591

  686.0   0.01594

  687.0   0.01593

  688.0   0.01592

  689.0   0.01591

  690.0   0.01589

  691.0   0.01592

  692.0   0.01595

  693.0   0.01591

  694.0   0.01593

  695.0   0.01596

  696.0   0.01593

  697.0   0.01594

  698.0   0.01596

  699.0   0.01593

  700.0   0.01594

  701.0   0.01592

  702.0   0.01592

  703.0   0.01593

  704.0   0.01592

  705.0   0.01590

  706.0   0.01593

  707.0   0.01594

  708.0   0.01594

  709.0   0.01592

  710.0   0.01596

  711.0   0.01590

  712.0   0.01583

  713.0   0.01583

  714.0   0.01584

  715.0   0.01584

  716.0   0.01583

  717.0   0.01584

  718.0   0.01579

  719.0   0.01578

  720.0   0.01568

  721.0   0.01563

  722.0   0.01563

  723.0   0.01558

  724.0   0.01556

  725.0   0.01559

  726.0   0.01559

  727.0   0.01553

  728.0   0.01555

  729.0   0.01554

  730.0   0.01554

  731.0   0.01557

  732.0   0.01554

  733.0   0.01553

  734.0   0.01550

  735.0   0.01552

  736.0   0.01620

  737.0   0.01613

  738.0   0.01611

  739.0   0.01605

  740.0   0.01599

  741.0   0.01596

  742.0   0.01588

  743.0   0.01583

  744.0   0.01581

  745.0   0.01577

  746.0   0.01578

  747.0   0.01572

  748.0   0.01580

  749.0   0.01577

  750.0   0.01571

  751.0   0.01574

  752.0   0.01572

  753.0   0.01567

  754.0   0.01554

  755.0   0.01555

  756.0   0.01550

  757.0   0.01549

  758.0   0.01544

  759.0   0.01540

  760.0   0.01535

  761.0   0.01534

  762.0   0.01533

  763.0   0.01531

  764.0   0.01530

  765.0   0.01524

  766.0   0.01520

  767.0   0.01520

  768.0   0.01511

  769.0   0.01510

  770.0   0.01504

  771.0   0.01499

  772.0   0.01493

  773.0   0.01490

  774.0   0.01487

  775.0   0.01481

  776.0   0.01484

  777.0   0.01470

  778.0   0.01464

  779.0   0.01461

  780.0   0.01461

  781.0   0.01453

  782.0   0.01455

  783.0   0.01455

  784.0   0.01449

  785.0   0.01447

  786.0   0.01447

  787.0   0.01444

  788.0   0.01450

  789.0   0.01448

  790.0   0.01445

  791.0   0.01440

  792.0   0.01437

  793.0   0.01431

  794.0   0.01417

  795.0   0.01411

  796.0   0.01408

  797.0   0.01411

  798.0   0.01410

  799.0   0.01403

  800.0   0.01398

 
