ser ID: DU600

Method ID: A:\DEFAULT

Date: 07/30/00

Time: 08:46

 200.0   3.08386

  201.0   2.84942

  202.0   3.18639

  203.0   2.31911

  204.0   3.25864

  205.0   2.99520

  206.0   3.32797

  207.0   3.36286

  208.0   3.39967

  209.0   3.43965

  210.0   2.77539

  211.0   2.90741

  212.0   2.59427

  213.0   2.74463

  214.0   2.77908

  215.0   2.95521

  216.0   2.98731

  217.0   3.72206

  218.0   3.05285

  219.0   2.93066

  220.0   3.19340

  221.0   3.11321

  222.0   2.82808

  223.0   2.80065

  224.0   2.70830

  225.0   2.63661

  226.0   2.48202

  227.0   2.44488

  228.0   2.37199

  229.0   2.38323

  230.0   2.33533

  231.0   2.21184

  232.0   2.15293

  233.0   2.10120

  234.0   2.03053

  235.0   1.98274

  236.0   1.92774

  237.0   1.89270

  238.0   1.85655

  239.0   1.79285

  240.0   1.76251

  241.0   1.73322

  242.0   1.69842

  243.0   1.64845

  244.0   1.61036

  245.0   1.57618

  246.0   1.52386

  247.0   1.47150

  248.0   1.42146

  249.0   1.37472

  250.0   1.32980

  251.0   1.28187

  252.0   1.25249

  253.0   1.21959

  254.0   1.19706

  255.0   1.17394

  256.0   1.15361

  257.0   1.14000

  258.0   1.12591

  259.0   1.10774

  260.0   1.08719

  261.0   1.06683

  262.0   1.03901

  263.0   1.01155

  264.0   0.98206

  265.0   0.95473

  266.0   0.92191

  267.0   0.89421

  268.0   0.86361

  269.0   0.82717

  270.0   0.78913

  271.0   0.75567

  272.0   0.72175

  273.0   0.68528

  274.0   0.64750

  275.0   0.61213

  276.0   0.57997

  277.0   0.55064

  278.0   0.51942

  279.0   0.49527

  280.0   0.47125

  281.0   0.44939

  282.0   0.43150

  283.0   0.41503

  284.0   0.40062

  285.0   0.38606

  286.0   0.37324

  287.0   0.36253

  288.0   0.35080

  289.0   0.34138

  290.0   0.33366

  291.0   0.32711

  292.0   0.32061

  293.0   0.31446

  294.0   0.31067

  295.0   0.30679

  296.0   0.30356

  297.0   0.30048

  298.0   0.29789

  299.0   0.29494

  300.0   0.29267

  301.0   0.29148

  302.0   0.28951

  303.0   0.28890

  304.0   0.28641

  305.0   0.28674

  306.0   0.28506

  307.0   0.28484

  308.0   0.28254

  309.0   0.28186

  310.0   0.28011

  311.0   0.27748

  312.0   0.27558

  313.0   0.27292

  314.0   0.26982

  315.0   0.26707

  316.0   0.26326

  317.0   0.26030

  318.0   0.25770

  319.0   0.25473

  320.0   0.25245

  321.0   0.25148

  322.0   0.24494

  323.0   0.24295

  324.0   0.24071

  325.0   0.23941

  326.0   0.23601

  327.0   0.23452

  328.0   0.23198

  329.0   0.22959

  330.0   0.22707

  331.0   0.22394

  332.0   0.22067

  333.0   0.21752

  334.0   0.21454

  335.0   0.21080

  336.0   0.20793

  337.0   0.20543

  338.0   0.20188

  339.0   0.19959

  340.0   0.19684

  341.0   0.19471

  342.0   0.19146

  343.0   0.18916

  344.0   0.18653

  345.0   0.18434

  346.0   0.18100

  347.0   0.17954

  348.0   0.17700

  349.0   0.17436

  350.0   0.17273

  351.0   0.17016

  352.0   0.16815

  353.0   0.16563

  354.0   0.16340

  355.0   0.16089

  356.0   0.15936

  357.0   0.15760

  358.0   0.15490

  359.0   0.15282

  360.0   0.14934

  361.0   0.14700

  362.0   0.14531

  363.0   0.14286

  364.0   0.14097

  365.0   0.13755

  366.0   0.13527

  367.0   0.13303

  368.0   0.13089

  369.0   0.12814

  370.0   0.12594

  371.0   0.12436

  372.0   0.12173

  373.0   0.12082

  374.0   0.11816

  375.0   0.11646

  376.0   0.11458

  377.0   0.11264

  378.0   0.11025

  379.0   0.10885

  380.0   0.10681

  381.0   0.10550

  382.0   0.10372

  383.0   0.10234

  384.0   0.10133

  385.0   0.09993

  386.0   0.09901

  387.0   0.09761

  388.0   0.09640

  389.0   0.09525

  390.0   0.09470

  391.0   0.09388

  392.0   0.09310

  393.0   0.09285

  394.0   0.09191

  395.0   0.09147

  396.0   0.09067

  397.0   0.08989

  398.0   0.08891

  399.0   0.08796

  400.0   0.08695

  401.0   0.08600

  402.0   0.08542

  403.0   0.08421

  404.0   0.08323

  405.0   0.08186

  406.0   0.08086

  407.0   0.07923

  408.0   0.07797

  409.0   0.07659

  410.0   0.07504

  411.0   0.07384

  412.0   0.07178

  413.0   0.07013

  414.0   0.06834

  415.0   0.06735

  416.0   0.06291

  417.0   0.06103

  418.0   0.05876

  419.0   0.05665

  420.0   0.05482

  421.0   0.05275

  422.0   0.05086

  423.0   0.04888

  424.0   0.04686

  425.0   0.04519

  426.0   0.04327

  427.0   0.04188

  428.0   0.04041

  429.0   0.03878

  430.0   0.03742

  431.0   0.03603

  432.0   0.03502

  433.0   0.03371

  434.0   0.03282

  435.0   0.03201

  436.0   0.03117

  437.0   0.03050

  438.0   0.02978

  439.0   0.02915

  440.0   0.02870

  441.0   0.02810

  442.0   0.02758

  443.0   0.02705

  444.0   0.02663

  445.0   0.02626

  446.0   0.02596

  447.0   0.02563

  448.0   0.02540

  449.0   0.02512

  450.0   0.02484

  451.0   0.02455

  452.0   0.02427

  453.0   0.02407

  454.0   0.02384

  455.0   0.02381

  456.0   0.02353

  457.0   0.02330

  458.0   0.02319

  459.0   0.02289

  460.0   0.02273

  461.0   0.02237

  462.0   0.02219

  463.0   0.02188

  464.0   0.02163

  465.0   0.02138

  466.0   0.02113

  467.0   0.02101

  468.0   0.02086

  469.0   0.02074

  470.0   0.02050

  471.0   0.02049

  472.0   0.02046

  473.0   0.02041

  474.0   0.02032

  475.0   0.02029

  476.0   0.02027

  477.0   0.02023

  478.0   0.02023

  479.0   0.02021

  480.0   0.02022

  481.0   0.02014

  482.0   0.02008

  483.0   0.02006

  484.0   0.02001

  485.0   0.01994

  486.0   0.01998

  487.0   0.01988

  488.0   0.01980

  489.0   0.01985

  490.0   0.01981

  491.0   0.01976

  492.0   0.01969

  493.0   0.01972

  494.0   0.01969

  495.0   0.01971

  496.0   0.01967

  497.0   0.01960

  498.0   0.01957

  499.0   0.01955

  500.0   0.01960

  501.0   0.01949

  502.0   0.01952

  503.0   0.01962

  504.0   0.01959

  505.0   0.01966

  506.0   0.01971

  507.0   0.01969

  508.0   0.01968

  509.0   0.01973

  510.0   0.01976

  511.0   0.01982

  512.0   0.01983

  513.0   0.01989

  514.0   0.01991

  515.0   0.01992

  516.0   0.01997

  517.0   0.02001

  518.0   0.02006

  519.0   0.02001

  520.0   0.02007

  521.0   0.02013

  522.0   0.02013

  523.0   0.02016

  524.0   0.02020

  525.0   0.02019

  526.0   0.02020

  527.0   0.02031

  528.0   0.02033

  529.0   0.02048

  530.0   0.02057

  531.0   0.02067

  532.0   0.02076

  533.0   0.02080

  534.0   0.02083

  535.0   0.02085

  536.0   0.02093

  537.0   0.02096

  538.0   0.02103

  539.0   0.02106

  540.0   0.02114

  541.0   0.02120

  542.0   0.02124

  543.0   0.02127

  544.0   0.02131

  545.0   0.02140

  546.0   0.02145

  547.0   0.02167

  548.0   0.02177

  549.0   0.02193

  550.0   0.02208

  551.0   0.02222

  552.0   0.02238

  553.0   0.02243

  554.0   0.02247

  555.0   0.02257

  556.0   0.02262

  557.0   0.02532

  558.0   0.02522

  559.0   0.02511

  560.0   0.02498

  561.0   0.02499

  562.0   0.02497

  563.0   0.02492

  564.0   0.02488

  565.0   0.02480

  566.0   0.02480

  567.0   0.02481

  568.0   0.02478

  569.0   0.02474

  570.0   0.02473

  571.0   0.02465

  572.0   0.02468

  573.0   0.02468

  574.0   0.02468

  575.0   0.02464

  576.0   0.02462

  577.0   0.02456

  578.0   0.02456

  579.0   0.02454

  580.0   0.02451

  581.0   0.02444

  582.0   0.02443

  583.0   0.02448

  584.0   0.02455

  585.0   0.02467

  586.0   0.02477

  587.0   0.02482

  588.0   0.02488

  589.0   0.02489

  590.0   0.02495

  591.0   0.02499

  592.0   0.02503

  593.0   0.02513

  594.0   0.02517

  595.0   0.02527

  596.0   0.02537

  597.0   0.02547

  598.0   0.02554

  599.0   0.02561

  600.0   0.02569

  601.0   0.02576

  602.0   0.02582

  603.0   0.02588

  604.0   0.02595

  605.0   0.02605

  606.0   0.02604

  607.0   0.02612

  608.0   0.02614

  609.0   0.02617

  610.0   0.02620

  611.0   0.02619

  612.0   0.02628

  613.0   0.02627

  614.0   0.02630

  615.0   0.02626

  616.0   0.02632

  617.0   0.02634

  618.0   0.02640

  619.0   0.02643

  620.0   0.02643

  621.0   0.02644

  622.0   0.02642

  623.0   0.02644

  624.0   0.02643

  625.0   0.02643

  626.0   0.02641

  627.0   0.02639

  628.0   0.02640

  629.0   0.02637

  630.0   0.02635

  631.0   0.02634

  632.0   0.02631

  633.0   0.02633

  634.0   0.02634

  635.0   0.02629

  636.0   0.02626

  637.0   0.02623

  638.0   0.02620

  639.0   0.02615

  640.0   0.02614

  641.0   0.02612

  642.0   0.02609

  643.0   0.02607

  644.0   0.02604

  645.0   0.02609

  646.0   0.02608

  647.0   0.02610

  648.0   0.02610

  649.0   0.02610

  650.0   0.02605

  651.0   0.02602

  652.0   0.02602

  653.0   0.02599

  654.0   0.02595

  655.0   0.02589

  656.0   0.02587

  657.0   0.02588

  658.0   0.02588

  659.0   0.02586

  660.0   0.02584

  661.0   0.02584

  662.0   0.02584

  663.0   0.02579

  664.0   0.02581

  665.0   0.02577

  666.0   0.02571

  667.0   0.02567

  668.0   0.02561

  669.0   0.02561

  670.0   0.02552

  671.0   0.02550

  672.0   0.02545

  673.0   0.02543

  674.0   0.02544

  675.0   0.02538

  676.0   0.02532

  677.0   0.02525

  678.0   0.02516

  679.0   0.02511

  680.0   0.02511

  681.0   0.02507

  682.0   0.02506

  683.0   0.02504

  684.0   0.02500

  685.0   0.02494

  686.0   0.02488

  687.0   0.02485

  688.0   0.02478

  689.0   0.02476

  690.0   0.02479

  691.0   0.02473

  692.0   0.02476

  693.0   0.02472

  694.0   0.02466

  695.0   0.02466

  696.0   0.02463

  697.0   0.02453

  698.0   0.02456

  699.0   0.02444

  700.0   0.02443

  701.0   0.02440

  702.0   0.02431

  703.0   0.02429

  704.0   0.02419

  705.0   0.02413

  706.0   0.02413

  707.0   0.02402

  708.0   0.02393

  709.0   0.02388

  710.0   0.02387

  711.0   0.02374

  712.0   0.02367

  713.0   0.02354

  714.0   0.02347

  715.0   0.02347

  716.0   0.02334

  717.0   0.02325

  718.0   0.02312

  719.0   0.02303

  720.0   0.02297

  721.0   0.02289

  722.0   0.02285

  723.0   0.02276

  724.0   0.02266

  725.0   0.02257

  726.0   0.02253

  727.0   0.02242

  728.0   0.02235

  729.0   0.02232

  730.0   0.02224

  731.0   0.02222

  732.0   0.02219

  733.0   0.02213

  734.0   0.02203

  735.0   0.02208

  736.0   0.02475

  737.0   0.02448

  738.0   0.02424

  739.0   0.02404

  740.0   0.02382

  741.0   0.02358

  742.0   0.02341

  743.0   0.02324

  744.0   0.02307

  745.0   0.02291

  746.0   0.02284

  747.0   0.02266

  748.0   0.02259

  749.0   0.02251

  750.0   0.02245

  751.0   0.02234

  752.0   0.02224

  753.0   0.02208

  754.0   0.02198

  755.0   0.02191

  756.0   0.02179

  757.0   0.02165

  758.0   0.02157

  759.0   0.02137

  760.0   0.02132

  761.0   0.02124

  762.0   0.02123

  763.0   0.02114

  764.0   0.02105

  765.0   0.02093

  766.0   0.02082

  767.0   0.02077

  768.0   0.02069

  769.0   0.02060

  770.0   0.02050

  771.0   0.02045

  772.0   0.02037

  773.0   0.02029

  774.0   0.02024

  775.0   0.02019

  776.0   0.02011

  777.0   0.02001

  778.0   0.01993

  779.0   0.01991

  780.0   0.01984

  781.0   0.01976

  782.0   0.01968

  783.0   0.01966

  784.0   0.01962

  785.0   0.01949

  786.0   0.01947

  787.0   0.01942

  788.0   0.01944

  789.0   0.01940

  790.0   0.01935

  791.0   0.01931

  792.0   0.01923

  793.0   0.01921

  794.0   0.01908

  795.0   0.01912

  796.0   0.01898

  797.0   0.01901

  798.0   0.01898

  799.0   0.01885

  800.0   0.01887

 
