ser ID: DU600

Method ID: A:\DEFAULT

Date: 07/30/00

Time: 06:00

 200.0   2.60674

  201.0   2.37230

  202.0   2.70927

  203.0   2.62014

  204.0   2.78152

  205.0   2.99520

  206.0   3.02694

  207.0   3.36286

  208.0   2.92255

  209.0   3.43965

  210.0   3.47436

  211.0   3.50947

  212.0   2.94645

  213.0   3.58973

  214.0   3.62418

  215.0   3.17706

  216.0   2.84118

  217.0   3.24494

  218.0   3.45079

  219.0   3.77576

  220.0   3.79546

  221.0   3.81218

  222.0   3.35096

  223.0   3.23999

  224.0   2.74048

  225.0   2.96396

  226.0   3.18099

  227.0   3.41492

  228.0   3.42635

  229.0   3.91471

  230.0   3.32433

  231.0   2.89472

  232.0   2.79919

  233.0   2.80633

  234.0   2.75583

  235.0   2.85107

  236.0   2.73869

  237.0   2.85794

  238.0   2.76970

  239.0   2.69594

  240.0   2.51230

  241.0   2.44230

  242.0   2.38151

  243.0   2.28048

  244.0   2.22793

  245.0   2.13927

  246.0   2.09829

  247.0   2.03294

  248.0   1.94862

  249.0   1.85533

  250.0   1.79751

  251.0   1.73385

  252.0   1.68241

  253.0   1.63050

  254.0   1.57580

  255.0   1.52494

  256.0   1.47889

  257.0   1.43288

  258.0   1.38104

  259.0   1.33102

  260.0   1.29006

  261.0   1.25309

  262.0   1.20658

  263.0   1.16060

  264.0   1.12578

  265.0   1.09337

  266.0   1.06424

  267.0   1.03061

  268.0   0.99746

  269.0   0.96451

  270.0   0.93160

  271.0   0.90691

  272.0   0.87447

  273.0   0.84804

  274.0   0.81857

  275.0   0.79070

  276.0   0.76044

  277.0   0.73096

  278.0   0.70012

  279.0   0.67189

  280.0   0.64464

  281.0   0.61490

  282.0   0.58904

  283.0   0.56411

  284.0   0.53907

  285.0   0.51334

  286.0   0.48831

  287.0   0.46636

  288.0   0.44312

  289.0   0.42385

  290.0   0.40611

  291.0   0.38949

  292.0   0.37296

  293.0   0.35820

  294.0   0.34573

  295.0   0.33093

  296.0   0.31866

  297.0   0.30709

  298.0   0.29653

  299.0   0.28527

  300.0   0.27551

  301.0   0.26743

  302.0   0.25763

  303.0   0.25085

  304.0   0.24268

  305.0   0.23704

  306.0   0.22987

  307.0   0.22503

  308.0   0.21958

  309.0   0.21402

  310.0   0.20953

  311.0   0.20433

  312.0   0.20011

  313.0   0.19587

  314.0   0.19258

  315.0   0.18889

  316.0   0.18567

  317.0   0.18360

  318.0   0.18193

  319.0   0.18089

  320.0   0.18078

  321.0   0.18028

  322.0   0.17982

  323.0   0.18077

  324.0   0.18238

  325.0   0.18396

  326.0   0.18514

  327.0   0.18760

  328.0   0.18987

  329.0   0.19322

  330.0   0.19712

  331.0   0.20039

  332.0   0.20475

  333.0   0.20739

  334.0   0.21213

  335.0   0.21499

  336.0   0.21957

  337.0   0.22358

  338.0   0.22752

  339.0   0.23194

  340.0   0.23662

  341.0   0.24264

  342.0   0.24564

  343.0   0.25087

  344.0   0.25524

  345.0   0.25972

  346.0   0.26194

  347.0   0.26558

  348.0   0.26902

  349.0   0.27179

  350.0   0.27443

  351.0   0.27613

  352.0   0.27834

  353.0   0.27869

  354.0   0.27840

  355.0   0.27871

  356.0   0.27748

  357.0   0.27741

  358.0   0.27579

  359.0   0.27385

  360.0   0.27079

  361.0   0.26737

  362.0   0.26489

  363.0   0.26150

  364.0   0.25693

  365.0   0.25284

  366.0   0.24825

  367.0   0.24318

  368.0   0.23886

  369.0   0.23372

  370.0   0.22919

  371.0   0.22484

  372.0   0.21995

  373.0   0.21580

  374.0   0.21091

  375.0   0.20699

  376.0   0.20150

  377.0   0.19737

  378.0   0.19296

  379.0   0.18912

  380.0   0.18528

  381.0   0.18076

  382.0   0.17751

  383.0   0.17303

  384.0   0.16963

  385.0   0.16592

  386.0   0.16199

  387.0   0.15823

  388.0   0.15514

  389.0   0.15163

  390.0   0.14875

  391.0   0.14596

  392.0   0.14286

  393.0   0.14033

  394.0   0.13700

  395.0   0.13451

  396.0   0.13171

  397.0   0.12944

  398.0   0.12688

  399.0   0.12442

  400.0   0.12241

  401.0   0.12007

  402.0   0.11822

  403.0   0.11605

  404.0   0.11377

  405.0   0.11149

  406.0   0.10959

  407.0   0.10716

  408.0   0.10537

  409.0   0.10319

  410.0   0.10116

  411.0   0.09954

  412.0   0.09705

  413.0   0.09500

  414.0   0.09257

  415.0   0.09137

  416.0   0.08692

  417.0   0.08452

  418.0   0.08201

  419.0   0.07970

  420.0   0.07755

  421.0   0.07527

  422.0   0.07302

  423.0   0.07090

  424.0   0.06853

  425.0   0.06651

  426.0   0.06433

  427.0   0.06231

  428.0   0.06038

  429.0   0.05839

  430.0   0.05659

  431.0   0.05480

  432.0   0.05333

  433.0   0.05151

  434.0   0.05012

  435.0   0.04882

  436.0   0.04737

  437.0   0.04605

  438.0   0.04480

  439.0   0.04359

  440.0   0.04252

  441.0   0.04140

  442.0   0.04036

  443.0   0.03951

  444.0   0.03865

  445.0   0.03765

  446.0   0.03685

  447.0   0.03598

  448.0   0.03520

  449.0   0.03437

  450.0   0.03367

  451.0   0.03300

  452.0   0.03224

  453.0   0.03166

  454.0   0.03093

  455.0   0.03041

  456.0   0.02987

  457.0   0.02926

  458.0   0.02869

  459.0   0.02798

  460.0   0.02749

  461.0   0.02685

  462.0   0.02643

  463.0   0.02596

  464.0   0.02529

  465.0   0.02487

  466.0   0.02436

  467.0   0.02395

  468.0   0.02351

  469.0   0.02315

  470.0   0.02268

  471.0   0.02237

  472.0   0.02203

  473.0   0.02180

  474.0   0.02152

  475.0   0.02134

  476.0   0.02109

  477.0   0.02088

  478.0   0.02076

  479.0   0.02059

  480.0   0.02046

  481.0   0.02027

  482.0   0.02000

  483.0   0.01986

  484.0   0.01967

  485.0   0.01953

  486.0   0.01931

  487.0   0.01916

  488.0   0.01895

  489.0   0.01884

  490.0   0.01866

  491.0   0.01851

  492.0   0.01837

  493.0   0.01824

  494.0   0.01808

  495.0   0.01803

  496.0   0.01788

  497.0   0.01774

  498.0   0.01767

  499.0   0.01754

  500.0   0.01749

  501.0   0.01737

  502.0   0.01730

  503.0   0.01730

  504.0   0.01720

  505.0   0.01715

  506.0   0.01714

  507.0   0.01707

  508.0   0.01703

  509.0   0.01700

  510.0   0.01695

  511.0   0.01695

  512.0   0.01688

  513.0   0.01682

  514.0   0.01677

  515.0   0.01671

  516.0   0.01677

  517.0   0.01669

  518.0   0.01671

  519.0   0.01665

  520.0   0.01670

  521.0   0.01667

  522.0   0.01665

  523.0   0.01657

  524.0   0.01650

  525.0   0.01644

  526.0   0.01642

  527.0   0.01643

  528.0   0.01642

  529.0   0.01641

  530.0   0.01645

  531.0   0.01645

  532.0   0.01646

  533.0   0.01647

  534.0   0.01646

  535.0   0.01648

  536.0   0.01646

  537.0   0.01648

  538.0   0.01640

  539.0   0.01641

  540.0   0.01639

  541.0   0.01639

  542.0   0.01635

  543.0   0.01632

  544.0   0.01631

  545.0   0.01637

  546.0   0.01635

  547.0   0.01643

  548.0   0.01642

  549.0   0.01640

  550.0   0.01653

  551.0   0.01654

  552.0   0.01660

  553.0   0.01662

  554.0   0.01670

  555.0   0.01669

  556.0   0.01674

  557.0   0.01755

  558.0   0.01754

  559.0   0.01745

  560.0   0.01741

  561.0   0.01739

  562.0   0.01743

  563.0   0.01743

  564.0   0.01742

  565.0   0.01740

  566.0   0.01741

  567.0   0.01742

  568.0   0.01742

  569.0   0.01744

  570.0   0.01745

  571.0   0.01742

  572.0   0.01742

  573.0   0.01743

  574.0   0.01741

  575.0   0.01740

  576.0   0.01744

  577.0   0.01740

  578.0   0.01742

  579.0   0.01739

  580.0   0.01742

  581.0   0.01734

  582.0   0.01729

  583.0   0.01729

  584.0   0.01730

  585.0   0.01728

  586.0   0.01728

  587.0   0.01731

  588.0   0.01734

  589.0   0.01730

  590.0   0.01727

  591.0   0.01727

  592.0   0.01723

  593.0   0.01726

  594.0   0.01729

  595.0   0.01728

  596.0   0.01733

  597.0   0.01735

  598.0   0.01734

  599.0   0.01736

  600.0   0.01738

  601.0   0.01740

  602.0   0.01739

  603.0   0.01742

  604.0   0.01740

  605.0   0.01747

  606.0   0.01747

  607.0   0.01757

  608.0   0.01759

  609.0   0.01764

  610.0   0.01771

  611.0   0.01779

  612.0   0.01786

  613.0   0.01782

  614.0   0.01786

  615.0   0.01785

  616.0   0.01788

  617.0   0.01792

  618.0   0.01795

  619.0   0.01799

  620.0   0.01799

  621.0   0.01805

  622.0   0.01807

  623.0   0.01812

  624.0   0.01810

  625.0   0.01816

  626.0   0.01818

  627.0   0.01817

  628.0   0.01818

  629.0   0.01817

  630.0   0.01818

  631.0   0.01818

  632.0   0.01818

  633.0   0.01817

  634.0   0.01817

  635.0   0.01814

  636.0   0.01807

  637.0   0.01809

  638.0   0.01805

  639.0   0.01799

  640.0   0.01799

  641.0   0.01796

  642.0   0.01795

  643.0   0.01797

  644.0   0.01792

  645.0   0.01790

  646.0   0.01787

  647.0   0.01786

  648.0   0.01788

  649.0   0.01785

  650.0   0.01786

  651.0   0.01783

  652.0   0.01786

  653.0   0.01784

  654.0   0.01783

  655.0   0.01780

  656.0   0.01783

  657.0   0.01782

  658.0   0.01782

  659.0   0.01778

  660.0   0.01775

  661.0   0.01772

  662.0   0.01771

  663.0   0.01772

  664.0   0.01775

  665.0   0.01774

  666.0   0.01772

  667.0   0.01772

  668.0   0.01773

  669.0   0.01775

  670.0   0.01771

  671.0   0.01775

  672.0   0.01772

  673.0   0.01772

  674.0   0.01776

  675.0   0.01774

  676.0   0.01774

  677.0   0.01770

  678.0   0.01773

  679.0   0.01770

  680.0   0.01772

  681.0   0.01767

  682.0   0.01763

  683.0   0.01764

  684.0   0.01759

  685.0   0.01757

  686.0   0.01753

  687.0   0.01751

  688.0   0.01749

  689.0   0.01753

  690.0   0.01745

  691.0   0.01751

  692.0   0.01753

  693.0   0.01753

  694.0   0.01752

  695.0   0.01754

  696.0   0.01754

  697.0   0.01748

  698.0   0.01747

  699.0   0.01745

  700.0   0.01748

  701.0   0.01750

  702.0   0.01744

  703.0   0.01750

  704.0   0.01748

  705.0   0.01744

  706.0   0.01747

  707.0   0.01750

  708.0   0.01747

  709.0   0.01743

  710.0   0.01747

  711.0   0.01739

  712.0   0.01732

  713.0   0.01729

  714.0   0.01731

  715.0   0.01730

  716.0   0.01726

  717.0   0.01724

  718.0   0.01717

  719.0   0.01715

  720.0   0.01717

  721.0   0.01716

  722.0   0.01719

  723.0   0.01713

  724.0   0.01704

  725.0   0.01700

  726.0   0.01697

  727.0   0.01691

  728.0   0.01688

  729.0   0.01684

  730.0   0.01685

  731.0   0.01686

  732.0   0.01687

  733.0   0.01685

  734.0   0.01675

  735.0   0.01676

  736.0   0.01776

  737.0   0.01766

  738.0   0.01758

  739.0   0.01754

  740.0   0.01750

  741.0   0.01742

  742.0   0.01731

  743.0   0.01726

  744.0   0.01724

  745.0   0.01714

  746.0   0.01715

  747.0   0.01706

  748.0   0.01708

  749.0   0.01705

  750.0   0.01697

  751.0   0.01689

  752.0   0.01686

  753.0   0.01676

  754.0   0.01669

  755.0   0.01664

  756.0   0.01657

  757.0   0.01656

  758.0   0.01648

  759.0   0.01641

  760.0   0.01640

  761.0   0.01630

  762.0   0.01632

  763.0   0.01628

  764.0   0.01621

  765.0   0.01621

  766.0   0.01614

  767.0   0.01608

  768.0   0.01605

  769.0   0.01596

  770.0   0.01591

  771.0   0.01585

  772.0   0.01576

  773.0   0.01568

  774.0   0.01562

  775.0   0.01557

  776.0   0.01551

  777.0   0.01543

  778.0   0.01534

  779.0   0.01531

  780.0   0.01526

  781.0   0.01523

  782.0   0.01523

  783.0   0.01518

  784.0   0.01512

  785.0   0.01504

  786.0   0.01501

  787.0   0.01499

  788.0   0.01499

  789.0   0.01491

  790.0   0.01486

  791.0   0.01480

  792.0   0.01469

  793.0   0.01475

  794.0   0.01461

  795.0   0.01455

  796.0   0.01446

  797.0   0.01443

  798.0   0.01442

  799.0   0.01432

  800.0   0.01424

 
