ser ID: DU600

Method ID: A:\DEFAULT

Date: 07/30/00

Time: 06:46

 200.0   2.60674

  201.0   3.15045

  202.0   2.88536

  203.0   2.52323

  204.0   3.25864

  205.0   2.51807

  206.0   2.42488

  207.0   2.40862

  208.0   2.55458

  209.0   2.59455

  210.0   2.87230

  211.0   2.81050

  212.0   2.84954

  213.0   2.81157

  214.0   2.84603

  215.0   2.95521

  216.0   2.78319

  217.0   3.02309

  218.0   2.79758

  219.0   2.93066

  220.0   2.95036

  221.0   2.77079

  222.0   2.82808

  223.0   2.76287

  224.0   2.95134

  225.0   2.72093

  226.0   2.76601

  227.0   2.81286

  228.0   2.58125

  229.0   2.57229

  230.0   2.62536

  231.0   2.52114

  232.0   2.49816

  233.0   2.46109

  234.0   2.45480

  235.0   2.40871

  236.0   2.34589

  237.0   2.35909

  238.0   2.26625

  239.0   2.21127

  240.0   2.20384

  241.0   2.14127

  242.0   2.08048

  243.0   2.00219

  244.0   1.93487

  245.0   1.88616

  246.0   1.84104

  247.0   1.77538

  248.0   1.71239

  249.0   1.64773

  250.0   1.59339

  251.0   1.54527

  252.0   1.50146

  253.0   1.45882

  254.0   1.41973

  255.0   1.38312

  256.0   1.35034

  257.0   1.31871

  258.0   1.29185

  259.0   1.26253

  260.0   1.22836

  261.0   1.19536

  262.0   1.16035

  263.0   1.12453

  264.0   1.09194

  265.0   1.06006

  266.0   1.03179

  267.0   0.99818

  268.0   0.96285

  269.0   0.92820

  270.0   0.89036

  271.0   0.85794

  272.0   0.82453

  273.0   0.78934

  274.0   0.75592

  275.0   0.72281

  276.0   0.68963

  277.0   0.65900

  278.0   0.62715

  279.0   0.59875

  280.0   0.57245

  281.0   0.54373

  282.0   0.52202

  283.0   0.50025

  284.0   0.47904

  285.0   0.45871

  286.0   0.43981

  287.0   0.42290

  288.0   0.40457

  289.0   0.39031

  290.0   0.37749

  291.0   0.36510

  292.0   0.35300

  293.0   0.34293

  294.0   0.33441

  295.0   0.32527

  296.0   0.31695

  297.0   0.30974

  298.0   0.30296

  299.0   0.29630

  300.0   0.28983

  301.0   0.28541

  302.0   0.27995

  303.0   0.27611

  304.0   0.27134

  305.0   0.26786

  306.0   0.26379

  307.0   0.26061

  308.0   0.25750

  309.0   0.25371

  310.0   0.25052

  311.0   0.24654

  312.0   0.24337

  313.0   0.24044

  314.0   0.23751

  315.0   0.23376

  316.0   0.23040

  317.0   0.22800

  318.0   0.22599

  319.0   0.22373

  320.0   0.22220

  321.0   0.22167

  322.0   0.21823

  323.0   0.21760

  324.0   0.21737

  325.0   0.21665

  326.0   0.21638

  327.0   0.21631

  328.0   0.21646

  329.0   0.21646

  330.0   0.21665

  331.0   0.21727

  332.0   0.21698

  333.0   0.21660

  334.0   0.21727

  335.0   0.21725

  336.0   0.21776

  337.0   0.21859

  338.0   0.21816

  339.0   0.21970

  340.0   0.21997

  341.0   0.22155

  342.0   0.22271

  343.0   0.22376

  344.0   0.22502

  345.0   0.22595

  346.0   0.22541

  347.0   0.22698

  348.0   0.22726

  349.0   0.22717

  350.0   0.22742

  351.0   0.22702

  352.0   0.22737

  353.0   0.22653

  354.0   0.22543

  355.0   0.22460

  356.0   0.22320

  357.0   0.22282

  358.0   0.22037

  359.0   0.21717

  360.0   0.21528

  361.0   0.21217

  362.0   0.20949

  363.0   0.20622

  364.0   0.20337

  365.0   0.19987

  366.0   0.19668

  367.0   0.19283

  368.0   0.18951

  369.0   0.18558

  370.0   0.18219

  371.0   0.17913

  372.0   0.17535

  373.0   0.17271

  374.0   0.16907

  375.0   0.16600

  376.0   0.16288

  377.0   0.15934

  378.0   0.15614

  379.0   0.15353

  380.0   0.15079

  381.0   0.14746

  382.0   0.14442

  383.0   0.14200

  384.0   0.13983

  385.0   0.13714

  386.0   0.13477

  387.0   0.13249

  388.0   0.12997

  389.0   0.12763

  390.0   0.12604

  391.0   0.12425

  392.0   0.12213

  393.0   0.12071

  394.0   0.11852

  395.0   0.11698

  396.0   0.11525

  397.0   0.11370

  398.0   0.11189

  399.0   0.11010

  400.0   0.10849

  401.0   0.10703

  402.0   0.10554

  403.0   0.10380

  404.0   0.10218

  405.0   0.10039

  406.0   0.09887

  407.0   0.09688

  408.0   0.09520

  409.0   0.09333

  410.0   0.09147

  411.0   0.08990

  412.0   0.08760

  413.0   0.08561

  414.0   0.08329

  415.0   0.08230

  416.0   0.07720

  417.0   0.07503

  418.0   0.07262

  419.0   0.07034

  420.0   0.06828

  421.0   0.06591

  422.0   0.06370

  423.0   0.06159

  424.0   0.05934

  425.0   0.05734

  426.0   0.05529

  427.0   0.05344

  428.0   0.05160

  429.0   0.04958

  430.0   0.04801

  431.0   0.04646

  432.0   0.04500

  433.0   0.04348

  434.0   0.04229

  435.0   0.04107

  436.0   0.03983

  437.0   0.03880

  438.0   0.03783

  439.0   0.03682

  440.0   0.03605

  441.0   0.03516

  442.0   0.03440

  443.0   0.03366

  444.0   0.03294

  445.0   0.03228

  446.0   0.03165

  447.0   0.03105

  448.0   0.03062

  449.0   0.02999

  450.0   0.02952

  451.0   0.02909

  452.0   0.02850

  453.0   0.02818

  454.0   0.02760

  455.0   0.02733

  456.0   0.02690

  457.0   0.02648

  458.0   0.02614

  459.0   0.02566

  460.0   0.02527

  461.0   0.02473

  462.0   0.02445

  463.0   0.02408

  464.0   0.02359

  465.0   0.02332

  466.0   0.02295

  467.0   0.02272

  468.0   0.02231

  469.0   0.02212

  470.0   0.02185

  471.0   0.02176

  472.0   0.02154

  473.0   0.02145

  474.0   0.02127

  475.0   0.02116

  476.0   0.02094

  477.0   0.02077

  478.0   0.02067

  479.0   0.02054

  480.0   0.02046

  481.0   0.02032

  482.0   0.02021

  483.0   0.02013

  484.0   0.02001

  485.0   0.01997

  486.0   0.01988

  487.0   0.01981

  488.0   0.01969

  489.0   0.01964

  490.0   0.01952

  491.0   0.01942

  492.0   0.01934

  493.0   0.01926

  494.0   0.01920

  495.0   0.01913

  496.0   0.01900

  497.0   0.01889

  498.0   0.01885

  499.0   0.01877

  500.0   0.01876

  501.0   0.01866

  502.0   0.01866

  503.0   0.01873

  504.0   0.01868

  505.0   0.01870

  506.0   0.01866

  507.0   0.01863

  508.0   0.01860

  509.0   0.01862

  510.0   0.01858

  511.0   0.01863

  512.0   0.01853

  513.0   0.01854

  514.0   0.01855

  515.0   0.01856

  516.0   0.01862

  517.0   0.01858

  518.0   0.01860

  519.0   0.01863

  520.0   0.01864

  521.0   0.01857

  522.0   0.01860

  523.0   0.01857

  524.0   0.01856

  525.0   0.01847

  526.0   0.01852

  527.0   0.01858

  528.0   0.01853

  529.0   0.01861

  530.0   0.01867

  531.0   0.01867

  532.0   0.01872

  533.0   0.01874

  534.0   0.01873

  535.0   0.01876

  536.0   0.01881

  537.0   0.01886

  538.0   0.01889

  539.0   0.01894

  540.0   0.01895

  541.0   0.01892

  542.0   0.01898

  543.0   0.01893

  544.0   0.01895

  545.0   0.01904

  546.0   0.01913

  547.0   0.01921

  548.0   0.01925

  549.0   0.01934

  550.0   0.01946

  551.0   0.01956

  552.0   0.01962

  553.0   0.01967

  554.0   0.01978

  555.0   0.01978

  556.0   0.01976

  557.0   0.02184

  558.0   0.02179

  559.0   0.02167

  560.0   0.02159

  561.0   0.02155

  562.0   0.02150

  563.0   0.02149

  564.0   0.02148

  565.0   0.02143

  566.0   0.02141

  567.0   0.02142

  568.0   0.02141

  569.0   0.02136

  570.0   0.02136

  571.0   0.02135

  572.0   0.02136

  573.0   0.02130

  574.0   0.02132

  575.0   0.02126

  576.0   0.02125

  577.0   0.02119

  578.0   0.02119

  579.0   0.02115

  580.0   0.02112

  581.0   0.02110

  582.0   0.02107

  583.0   0.02105

  584.0   0.02110

  585.0   0.02116

  586.0   0.02121

  587.0   0.02122

  588.0   0.02127

  589.0   0.02119

  590.0   0.02124

  591.0   0.02123

  592.0   0.02127

  593.0   0.02134

  594.0   0.02139

  595.0   0.02142

  596.0   0.02150

  597.0   0.02156

  598.0   0.02163

  599.0   0.02171

  600.0   0.02177

  601.0   0.02183

  602.0   0.02185

  603.0   0.02195

  604.0   0.02194

  605.0   0.02202

  606.0   0.02201

  607.0   0.02207

  608.0   0.02212

  609.0   0.02212

  610.0   0.02218

  611.0   0.02220

  612.0   0.02224

  613.0   0.02221

  614.0   0.02225

  615.0   0.02222

  616.0   0.02227

  617.0   0.02227

  618.0   0.02235

  619.0   0.02237

  620.0   0.02239

  621.0   0.02238

  622.0   0.02242

  623.0   0.02241

  624.0   0.02239

  625.0   0.02240

  626.0   0.02240

  627.0   0.02235

  628.0   0.02236

  629.0   0.02235

  630.0   0.02232

  631.0   0.02231

  632.0   0.02228

  633.0   0.02231

  634.0   0.02232

  635.0   0.02231

  636.0   0.02225

  637.0   0.02222

  638.0   0.02221

  639.0   0.02213

  640.0   0.02210

  641.0   0.02208

  642.0   0.02202

  643.0   0.02200

  644.0   0.02200

  645.0   0.02200

  646.0   0.02199

  647.0   0.02197

  648.0   0.02193

  649.0   0.02195

  650.0   0.02196

  651.0   0.02194

  652.0   0.02197

  653.0   0.02192

  654.0   0.02193

  655.0   0.02190

  656.0   0.02189

  657.0   0.02186

  658.0   0.02184

  659.0   0.02185

  660.0   0.02182

  661.0   0.02184

  662.0   0.02181

  663.0   0.02180

  664.0   0.02180

  665.0   0.02175

  666.0   0.02172

  667.0   0.02170

  668.0   0.02169

  669.0   0.02176

  670.0   0.02172

  671.0   0.02173

  672.0   0.02169

  673.0   0.02164

  674.0   0.02163

  675.0   0.02156

  676.0   0.02156

  677.0   0.02149

  678.0   0.02151

  679.0   0.02150

  680.0   0.02148

  681.0   0.02148

  682.0   0.02149

  683.0   0.02144

  684.0   0.02140

  685.0   0.02141

  686.0   0.02137

  687.0   0.02133

  688.0   0.02130

  689.0   0.02132

  690.0   0.02126

  691.0   0.02124

  692.0   0.02123

  693.0   0.02124

  694.0   0.02121

  695.0   0.02127

  696.0   0.02126

  697.0   0.02122

  698.0   0.02123

  699.0   0.02121

  700.0   0.02118

  701.0   0.02114

  702.0   0.02110

  703.0   0.02110

  704.0   0.02105

  705.0   0.02103

  706.0   0.02097

  707.0   0.02095

  708.0   0.02088

  709.0   0.02083

  710.0   0.02084

  711.0   0.02076

  712.0   0.02073

  713.0   0.02067

  714.0   0.02062

  715.0   0.02060

  716.0   0.02051

  717.0   0.02040

  718.0   0.02032

  719.0   0.02025

  720.0   0.02022

  721.0   0.02011

  722.0   0.02010

  723.0   0.02003

  724.0   0.01997

  725.0   0.01997

  726.0   0.01994

  727.0   0.01987

  728.0   0.01983

  729.0   0.01981

  730.0   0.01977

  731.0   0.01974

  732.0   0.01969

  733.0   0.01966

  734.0   0.01959

  735.0   0.01958

  736.0   0.02161

  737.0   0.02140

  738.0   0.02126

  739.0   0.02107

  740.0   0.02092

  741.0   0.02077

  742.0   0.02065

  743.0   0.02049

  744.0   0.02041

  745.0   0.02028

  746.0   0.02023

  747.0   0.02006

  748.0   0.02002

  749.0   0.01996

  750.0   0.01985

  751.0   0.01977

  752.0   0.01967

  753.0   0.01956

  754.0   0.01946

  755.0   0.01942

  756.0   0.01932

  757.0   0.01932

  758.0   0.01915

  759.0   0.01906

  760.0   0.01899

  761.0   0.01887

  762.0   0.01884

  763.0   0.01880

  764.0   0.01874

  765.0   0.01867

  766.0   0.01856

  767.0   0.01850

  768.0   0.01839

  769.0   0.01833

  770.0   0.01822

  771.0   0.01817

  772.0   0.01803

  773.0   0.01795

  774.0   0.01793

  775.0   0.01787

  776.0   0.01788

  777.0   0.01774

  778.0   0.01769

  779.0   0.01769

  780.0   0.01756

  781.0   0.01745

  782.0   0.01734

  783.0   0.01734

  784.0   0.01721

  785.0   0.01721

  786.0   0.01716

  787.0   0.01711

  788.0   0.01709

  789.0   0.01702

  790.0   0.01697

  791.0   0.01692

  792.0   0.01687

  793.0   0.01693

  794.0   0.01682

  795.0   0.01683

  796.0   0.01672

  797.0   0.01671

  798.0   0.01659

  799.0   0.01649

  800.0   0.01644

 
