ser ID: DU600

Method ID: A:\DEFAULT

Date: 07/30/00

Time: 05:54

 200.0   3.08386

  201.0   3.15045

  202.0   3.18639

  203.0   2.74507

  204.0   3.25864

  205.0   3.29623

  206.0   3.32797

  207.0   2.88574

  208.0   3.39967

  209.0   2.66150

  210.0   3.47436

  211.0   3.50947

  212.0   3.54851

  213.0   3.58973

  214.0   3.62418

  215.0   3.35315

  216.0   3.08422

  217.0   2.94391

  218.0   3.45079

  219.0   3.47473

  220.0   3.49443

  221.0   3.33506

  222.0   3.35096

  223.0   3.06390

  224.0   2.95134

  225.0   3.26499

  226.0   3.27790

  227.0   3.19307

  228.0   3.60244

  229.0   3.01162

  230.0   2.84721

  231.0   2.89472

  232.0   3.04223

  233.0   2.95245

  234.0   2.95995

  235.0   2.85107

  236.0   2.88996

  237.0   2.79579

  238.0   2.76970

  239.0   2.57676

  240.0   2.69594

  241.0   2.59356

  242.0   2.48121

  243.0   2.39089

  244.0   2.27810

  245.0   2.20191

  246.0   2.11651

  247.0   2.02781

  248.0   1.97067

  249.0   1.91533

  250.0   1.83305

  251.0   1.77362

  252.0   1.70238

  253.0   1.64613

  254.0   1.58972

  255.0   1.53206

  256.0   1.48212

  257.0   1.44178

  258.0   1.39308

  259.0   1.33947

  260.0   1.28896

  261.0   1.24192

  262.0   1.19730

  263.0   1.15975

  264.0   1.12418

  265.0   1.08963

  266.0   1.05432

  267.0   1.02926

  268.0   0.99369

  269.0   0.96451

  270.0   0.93271

  271.0   0.90427

  272.0   0.87894

  273.0   0.85133

  274.0   0.82433

  275.0   0.79655

  276.0   0.76868

  277.0   0.74165

  278.0   0.71252

  279.0   0.68482

  280.0   0.65865

  281.0   0.62798

  282.0   0.60056

  283.0   0.57424

  284.0   0.54888

  285.0   0.52258

  286.0   0.49770

  287.0   0.47548

  288.0   0.45060

  289.0   0.42897

  290.0   0.40943

  291.0   0.39117

  292.0   0.37424

  293.0   0.35867

  294.0   0.34528

  295.0   0.32990

  296.0   0.31709

  297.0   0.30447

  298.0   0.29207

  299.0   0.27972

  300.0   0.26955

  301.0   0.26016

  302.0   0.25023

  303.0   0.24328

  304.0   0.23520

  305.0   0.22816

  306.0   0.21936

  307.0   0.21324

  308.0   0.20815

  309.0   0.20283

  310.0   0.19747

  311.0   0.19236

  312.0   0.18736

  313.0   0.18329

  314.0   0.17991

  315.0   0.17577

  316.0   0.17341

  317.0   0.17095

  318.0   0.17092

  319.0   0.16933

  320.0   0.16815

  321.0   0.16862

  322.0   0.16832

  323.0   0.17015

  324.0   0.17168

  325.0   0.17359

  326.0   0.17679

  327.0   0.17919

  328.0   0.18255

  329.0   0.18627

  330.0   0.19056

  331.0   0.19481

  332.0   0.19928

  333.0   0.20353

  334.0   0.20825

  335.0   0.21229

  336.0   0.21776

  337.0   0.22358

  338.0   0.22859

  339.0   0.23410

  340.0   0.23956

  341.0   0.24576

  342.0   0.25066

  343.0   0.25545

  344.0   0.26080

  345.0   0.26548

  346.0   0.26933

  347.0   0.27415

  348.0   0.27830

  349.0   0.28013

  350.0   0.28331

  351.0   0.28522

  352.0   0.28798

  353.0   0.28921

  354.0   0.29012

  355.0   0.28998

  356.0   0.29046

  357.0   0.28976

  358.0   0.28771

  359.0   0.28496

  360.0   0.28293

  361.0   0.27966

  362.0   0.27668

  363.0   0.27282

  364.0   0.26787

  365.0   0.26256

  366.0   0.25901

  367.0   0.25344

  368.0   0.24906

  369.0   0.24383

  370.0   0.23844

  371.0   0.23445

  372.0   0.22931

  373.0   0.22435

  374.0   0.21861

  375.0   0.21478

  376.0   0.20985

  377.0   0.20540

  378.0   0.20057

  379.0   0.19638

  380.0   0.19181

  381.0   0.18717

  382.0   0.18268

  383.0   0.17908

  384.0   0.17523

  385.0   0.17099

  386.0   0.16730

  387.0   0.16349

  388.0   0.15956

  389.0   0.15540

  390.0   0.15240

  391.0   0.14956

  392.0   0.14599

  393.0   0.14334

  394.0   0.14000

  395.0   0.13754

  396.0   0.13439

  397.0   0.13183

  398.0   0.12887

  399.0   0.12628

  400.0   0.12394

  401.0   0.12184

  402.0   0.11973

  403.0   0.11753

  404.0   0.11509

  405.0   0.11281

  406.0   0.11067

  407.0   0.10836

  408.0   0.10649

  409.0   0.10417

  410.0   0.10201

  411.0   0.10020

  412.0   0.09795

  413.0   0.09585

  414.0   0.09352

  415.0   0.09274

  416.0   0.08797

  417.0   0.08573

  418.0   0.08319

  419.0   0.08112

  420.0   0.07894

  421.0   0.07661

  422.0   0.07440

  423.0   0.07241

  424.0   0.06999

  425.0   0.06793

  426.0   0.06571

  427.0   0.06373

  428.0   0.06198

  429.0   0.06002

  430.0   0.05824

  431.0   0.05647

  432.0   0.05483

  433.0   0.05303

  434.0   0.05148

  435.0   0.05009

  436.0   0.04866

  437.0   0.04743

  438.0   0.04614

  439.0   0.04496

  440.0   0.04391

  441.0   0.04276

  442.0   0.04159

  443.0   0.04067

  444.0   0.03974

  445.0   0.03877

  446.0   0.03786

  447.0   0.03688

  448.0   0.03613

  449.0   0.03515

  450.0   0.03435

  451.0   0.03367

  452.0   0.03291

  453.0   0.03223

  454.0   0.03158

  455.0   0.03093

  456.0   0.03030

  457.0   0.02977

  458.0   0.02915

  459.0   0.02848

  460.0   0.02787

  461.0   0.02726

  462.0   0.02675

  463.0   0.02624

  464.0   0.02564

  465.0   0.02510

  466.0   0.02455

  467.0   0.02410

  468.0   0.02369

  469.0   0.02326

  470.0   0.02285

  471.0   0.02257

  472.0   0.02222

  473.0   0.02193

  474.0   0.02158

  475.0   0.02131

  476.0   0.02094

  477.0   0.02074

  478.0   0.02059

  479.0   0.02043

  480.0   0.02030

  481.0   0.02003

  482.0   0.01983

  483.0   0.01961

  484.0   0.01938

  485.0   0.01924

  486.0   0.01905

  487.0   0.01895

  488.0   0.01870

  489.0   0.01859

  490.0   0.01842

  491.0   0.01825

  492.0   0.01813

  493.0   0.01800

  494.0   0.01782

  495.0   0.01771

  496.0   0.01755

  497.0   0.01737

  498.0   0.01730

  499.0   0.01716

  500.0   0.01710

  501.0   0.01693

  502.0   0.01687

  503.0   0.01687

  504.0   0.01679

  505.0   0.01675

  506.0   0.01668

  507.0   0.01663

  508.0   0.01657

  509.0   0.01651

  510.0   0.01650

  511.0   0.01647

  512.0   0.01641

  513.0   0.01641

  514.0   0.01636

  515.0   0.01630

  516.0   0.01633

  517.0   0.01623

  518.0   0.01618

  519.0   0.01607

  520.0   0.01607

  521.0   0.01604

  522.0   0.01603

  523.0   0.01601

  524.0   0.01598

  525.0   0.01588

  526.0   0.01589

  527.0   0.01591

  528.0   0.01586

  529.0   0.01585

  530.0   0.01583

  531.0   0.01587

  532.0   0.01584

  533.0   0.01584

  534.0   0.01582

  535.0   0.01584

  536.0   0.01583

  537.0   0.01585

  538.0   0.01579

  539.0   0.01582

  540.0   0.01579

  541.0   0.01579

  542.0   0.01575

  543.0   0.01570

  544.0   0.01568

  545.0   0.01570

  546.0   0.01565

  547.0   0.01568

  548.0   0.01569

  549.0   0.01571

  550.0   0.01576

  551.0   0.01581

  552.0   0.01591

  553.0   0.01599

  554.0   0.01601

  555.0   0.01597

  556.0   0.01599

  557.0   0.01662

  558.0   0.01660

  559.0   0.01654

  560.0   0.01653

  561.0   0.01653

  562.0   0.01656

  563.0   0.01656

  564.0   0.01653

  565.0   0.01654

  566.0   0.01653

  567.0   0.01655

  568.0   0.01655

  569.0   0.01658

  570.0   0.01662

  571.0   0.01658

  572.0   0.01658

  573.0   0.01662

  574.0   0.01660

  575.0   0.01660

  576.0   0.01658

  577.0   0.01657

  578.0   0.01658

  579.0   0.01655

  580.0   0.01654

  581.0   0.01652

  582.0   0.01652

  583.0   0.01653

  584.0   0.01656

  585.0   0.01656

  586.0   0.01655

  587.0   0.01653

  588.0   0.01656

  589.0   0.01649

  590.0   0.01648

  591.0   0.01646

  592.0   0.01647

  593.0   0.01644

  594.0   0.01646

  595.0   0.01649

  596.0   0.01654

  597.0   0.01656

  598.0   0.01656

  599.0   0.01660

  600.0   0.01664

  601.0   0.01663

  602.0   0.01662

  603.0   0.01662

  604.0   0.01662

  605.0   0.01666

  606.0   0.01662

  607.0   0.01673

  608.0   0.01671

  609.0   0.01675

  610.0   0.01679

  611.0   0.01687

  612.0   0.01696

  613.0   0.01694

  614.0   0.01701

  615.0   0.01699

  616.0   0.01704

  617.0   0.01703

  618.0   0.01706

  619.0   0.01712

  620.0   0.01710

  621.0   0.01714

  622.0   0.01722

  623.0   0.01727

  624.0   0.01728

  625.0   0.01728

  626.0   0.01725

  627.0   0.01726

  628.0   0.01731

  629.0   0.01733

  630.0   0.01741

  631.0   0.01741

  632.0   0.01741

  633.0   0.01741

  634.0   0.01744

  635.0   0.01736

  636.0   0.01728

  637.0   0.01724

  638.0   0.01725

  639.0   0.01724

  640.0   0.01724

  641.0   0.01725

  642.0   0.01722

  643.0   0.01718

  644.0   0.01722

  645.0   0.01718

  646.0   0.01715

  647.0   0.01712

  648.0   0.01714

  649.0   0.01713

  650.0   0.01712

  651.0   0.01710

  652.0   0.01713

  653.0   0.01712

  654.0   0.01709

  655.0   0.01708

  656.0   0.01711

  657.0   0.01710

  658.0   0.01708

  659.0   0.01707

  660.0   0.01708

  661.0   0.01707

  662.0   0.01707

  663.0   0.01706

  664.0   0.01707

  665.0   0.01708

  666.0   0.01706

  667.0   0.01709

  668.0   0.01702

  669.0   0.01707

  670.0   0.01703

  671.0   0.01705

  672.0   0.01700

  673.0   0.01701

  674.0   0.01702

  675.0   0.01702

  676.0   0.01697

  677.0   0.01694

  678.0   0.01695

  679.0   0.01690

  680.0   0.01690

  681.0   0.01690

  682.0   0.01689

  683.0   0.01690

  684.0   0.01688

  685.0   0.01686

  686.0   0.01685

  687.0   0.01686

  688.0   0.01682

  689.0   0.01684

  690.0   0.01682

  691.0   0.01685

  692.0   0.01685

  693.0   0.01681

  694.0   0.01676

  695.0   0.01682

  696.0   0.01681

  697.0   0.01680

  698.0   0.01683

  699.0   0.01684

  700.0   0.01685

  701.0   0.01686

  702.0   0.01680

  703.0   0.01686

  704.0   0.01682

  705.0   0.01682

  706.0   0.01686

  707.0   0.01685

  708.0   0.01684

  709.0   0.01676

  710.0   0.01677

  711.0   0.01667

  712.0   0.01666

  713.0   0.01661

  714.0   0.01663

  715.0   0.01661

  716.0   0.01657

  717.0   0.01656

  718.0   0.01655

  719.0   0.01655

  720.0   0.01652

  721.0   0.01650

  722.0   0.01657

  723.0   0.01651

  724.0   0.01648

  725.0   0.01644

  726.0   0.01643

  727.0   0.01638

  728.0   0.01633

  729.0   0.01630

  730.0   0.01631

  731.0   0.01627

  732.0   0.01625

  733.0   0.01622

  734.0   0.01617

  735.0   0.01620

  736.0   0.01698

  737.0   0.01690

  738.0   0.01689

  739.0   0.01682

  740.0   0.01678

  741.0   0.01673

  742.0   0.01667

  743.0   0.01662

  744.0   0.01658

  745.0   0.01656

  746.0   0.01658

  747.0   0.01649

  748.0   0.01653

  749.0   0.01648

  750.0   0.01642

  751.0   0.01637

  752.0   0.01632

  753.0   0.01627

  754.0   0.01617

  755.0   0.01618

  756.0   0.01616

  757.0   0.01613

  758.0   0.01607

  759.0   0.01597

  760.0   0.01593

  761.0   0.01592

  762.0   0.01593

  763.0   0.01584

  764.0   0.01591

  765.0   0.01582

  766.0   0.01578

  767.0   0.01570

  768.0   0.01561

  769.0   0.01555

  770.0   0.01549

  771.0   0.01540

  772.0   0.01532

  773.0   0.01526

  774.0   0.01520

  775.0   0.01520

  776.0   0.01514

  777.0   0.01509

  778.0   0.01509

  779.0   0.01503

  780.0   0.01498

  781.0   0.01495

  782.0   0.01492

  783.0   0.01486

  784.0   0.01478

  785.0   0.01470

  786.0   0.01470

  787.0   0.01467

  788.0   0.01465

  789.0   0.01459

  790.0   0.01457

  791.0   0.01454

  792.0   0.01443

  793.0   0.01448

  794.0   0.01438

  795.0   0.01435

  796.0   0.01423

  797.0   0.01425

  798.0   0.01421

  799.0   0.01414

  800.0   0.01412

 
