ser ID: DU600

Method ID: A:\DEFAULT

Date: 07/30/00

Time: 06:07

 200.0   3.08386

  201.0   2.37230

  202.0   2.28330

  203.0   2.92117

  204.0   2.55967

  205.0   2.45113

  206.0   2.48287

  207.0   2.66389

  208.0   3.39967

  209.0   3.43965

  210.0   3.17333

  211.0   3.50947

  212.0   3.24748

  213.0   3.58973

  214.0   3.62418

  215.0   3.05212

  216.0   2.98731

  217.0   2.94391

  218.0   2.84873

  219.0   3.17370

  220.0   2.89237

  221.0   3.33506

  222.0   3.04993

  223.0   3.06390

  224.0   3.25237

  225.0   3.02196

  226.0   2.97687

  227.0   3.41492

  228.0   3.30141

  229.0   2.91471

  230.0   2.88500

  231.0   2.85693

  232.0   2.79919

  233.0   2.74833

  234.0   2.70467

  235.0   2.66398

  236.0   2.73869

  237.0   2.64966

  238.0   2.65160

  239.0   2.52754

  240.0   2.46955

  241.0   2.45526

  242.0   2.35979

  243.0   2.28943

  244.0   2.18297

  245.0   2.09611

  246.0   2.04253

  247.0   1.95722

  248.0   1.88475

  249.0   1.81842

  250.0   1.76755

  251.0   1.70497

  252.0   1.64953

  253.0   1.59675

  254.0   1.54924

  255.0   1.50257

  256.0   1.45846

  257.0   1.42273

  258.0   1.37709

  259.0   1.32863

  260.0   1.28676

  261.0   1.24798

  262.0   1.20191

  263.0   1.16231

  264.0   1.12180

  265.0   1.09488

  266.0   1.05996

  267.0   1.03128

  268.0   0.99873

  269.0   0.96392

  270.0   0.92939

  271.0   0.90009

  272.0   0.87102

  273.0   0.84291

  274.0   0.81071

  275.0   0.77882

  276.0   0.74819

  277.0   0.71840

  278.0   0.68675

  279.0   0.65933

  280.0   0.63223

  281.0   0.60329

  282.0   0.57730

  283.0   0.55251

  284.0   0.52762

  285.0   0.50363

  286.0   0.48036

  287.0   0.45980

  288.0   0.43726

  289.0   0.41844

  290.0   0.40144

  291.0   0.38550

  292.0   0.37023

  293.0   0.35603

  294.0   0.34392

  295.0   0.33020

  296.0   0.31965

  297.0   0.30835

  298.0   0.29925

  299.0   0.28820

  300.0   0.27944

  301.0   0.27260

  302.0   0.26387

  303.0   0.25703

  304.0   0.25018

  305.0   0.24473

  306.0   0.23813

  307.0   0.23353

  308.0   0.22869

  309.0   0.22327

  310.0   0.21854

  311.0   0.21451

  312.0   0.21046

  313.0   0.20678

  314.0   0.20319

  315.0   0.19933

  316.0   0.19633

  317.0   0.19438

  318.0   0.19257

  319.0   0.19074

  320.0   0.19023

  321.0   0.18951

  322.0   0.18822

  323.0   0.18880

  324.0   0.19004

  325.0   0.19212

  326.0   0.19278

  327.0   0.19515

  328.0   0.19688

  329.0   0.19939

  330.0   0.20244

  331.0   0.20395

  332.0   0.20714

  333.0   0.20964

  334.0   0.21288

  335.0   0.21589

  336.0   0.21897

  337.0   0.22282

  338.0   0.22600

  339.0   0.23026

  340.0   0.23416

  341.0   0.23831

  342.0   0.24237

  343.0   0.24587

  344.0   0.24958

  345.0   0.25325

  346.0   0.25576

  347.0   0.25938

  348.0   0.26183

  349.0   0.26281

  350.0   0.26477

  351.0   0.26627

  352.0   0.26682

  353.0   0.26746

  354.0   0.26795

  355.0   0.26805

  356.0   0.26746

  357.0   0.26706

  358.0   0.26468

  359.0   0.26286

  360.0   0.25992

  361.0   0.25724

  362.0   0.25370

  363.0   0.24990

  364.0   0.24681

  365.0   0.24252

  366.0   0.23839

  367.0   0.23392

  368.0   0.23011

  369.0   0.22549

  370.0   0.22057

  371.0   0.21664

  372.0   0.21141

  373.0   0.20742

  374.0   0.20246

  375.0   0.19878

  376.0   0.19446

  377.0   0.19035

  378.0   0.18613

  379.0   0.18245

  380.0   0.17924

  381.0   0.17444

  382.0   0.17105

  383.0   0.16749

  384.0   0.16423

  385.0   0.16073

  386.0   0.15724

  387.0   0.15404

  388.0   0.15082

  389.0   0.14756

  390.0   0.14496

  391.0   0.14218

  392.0   0.13908

  393.0   0.13678

  394.0   0.13407

  395.0   0.13179

  396.0   0.12943

  397.0   0.12692

  398.0   0.12472

  399.0   0.12246

  400.0   0.12039

  401.0   0.11831

  402.0   0.11619

  403.0   0.11420

  404.0   0.11214

  405.0   0.11010

  406.0   0.10843

  407.0   0.10589

  408.0   0.10392

  409.0   0.10176

  410.0   0.09994

  411.0   0.09806

  412.0   0.09574

  413.0   0.09365

  414.0   0.09106

  415.0   0.09012

  416.0   0.08525

  417.0   0.08300

  418.0   0.08055

  419.0   0.07819

  420.0   0.07609

  421.0   0.07375

  422.0   0.07138

  423.0   0.06922

  424.0   0.06682

  425.0   0.06485

  426.0   0.06264

  427.0   0.06075

  428.0   0.05885

  429.0   0.05684

  430.0   0.05522

  431.0   0.05333

  432.0   0.05183

  433.0   0.05006

  434.0   0.04858

  435.0   0.04732

  436.0   0.04579

  437.0   0.04468

  438.0   0.04352

  439.0   0.04239

  440.0   0.04140

  441.0   0.04025

  442.0   0.03929

  443.0   0.03825

  444.0   0.03746

  445.0   0.03658

  446.0   0.03570

  447.0   0.03499

  448.0   0.03427

  449.0   0.03355

  450.0   0.03290

  451.0   0.03233

  452.0   0.03163

  453.0   0.03100

  454.0   0.03032

  455.0   0.02981

  456.0   0.02932

  457.0   0.02880

  458.0   0.02831

  459.0   0.02769

  460.0   0.02725

  461.0   0.02656

  462.0   0.02615

  463.0   0.02556

  464.0   0.02505

  465.0   0.02460

  466.0   0.02405

  467.0   0.02361

  468.0   0.02325

  469.0   0.02290

  470.0   0.02250

  471.0   0.02227

  472.0   0.02199

  473.0   0.02177

  474.0   0.02149

  475.0   0.02134

  476.0   0.02103

  477.0   0.02094

  478.0   0.02081

  479.0   0.02065

  480.0   0.02049

  481.0   0.02024

  482.0   0.02011

  483.0   0.01983

  484.0   0.01967

  485.0   0.01956

  486.0   0.01941

  487.0   0.01928

  488.0   0.01909

  489.0   0.01900

  490.0   0.01882

  491.0   0.01867

  492.0   0.01855

  493.0   0.01846

  494.0   0.01832

  495.0   0.01824

  496.0   0.01813

  497.0   0.01799

  498.0   0.01784

  499.0   0.01775

  500.0   0.01773

  501.0   0.01759

  502.0   0.01756

  503.0   0.01754

  504.0   0.01746

  505.0   0.01745

  506.0   0.01741

  507.0   0.01738

  508.0   0.01735

  509.0   0.01736

  510.0   0.01733

  511.0   0.01731

  512.0   0.01727

  513.0   0.01727

  514.0   0.01723

  515.0   0.01717

  516.0   0.01718

  517.0   0.01713

  518.0   0.01715

  519.0   0.01707

  520.0   0.01709

  521.0   0.01707

  522.0   0.01701

  523.0   0.01699

  524.0   0.01694

  525.0   0.01689

  526.0   0.01687

  527.0   0.01689

  528.0   0.01684

  529.0   0.01685

  530.0   0.01687

  531.0   0.01683

  532.0   0.01688

  533.0   0.01686

  534.0   0.01686

  535.0   0.01689

  536.0   0.01692

  537.0   0.01692

  538.0   0.01692

  539.0   0.01689

  540.0   0.01691

  541.0   0.01688

  542.0   0.01686

  543.0   0.01683

  544.0   0.01682

  545.0   0.01686

  546.0   0.01682

  547.0   0.01692

  548.0   0.01692

  549.0   0.01700

  550.0   0.01710

  551.0   0.01715

  552.0   0.01725

  553.0   0.01726

  554.0   0.01729

  555.0   0.01730

  556.0   0.01730

  557.0   0.01836

  558.0   0.01831

  559.0   0.01827

  560.0   0.01826

  561.0   0.01825

  562.0   0.01827

  563.0   0.01826

  564.0   0.01822

  565.0   0.01823

  566.0   0.01817

  567.0   0.01816

  568.0   0.01817

  569.0   0.01821

  570.0   0.01824

  571.0   0.01821

  572.0   0.01820

  573.0   0.01826

  574.0   0.01828

  575.0   0.01824

  576.0   0.01825

  577.0   0.01817

  578.0   0.01817

  579.0   0.01807

  580.0   0.01803

  581.0   0.01799

  582.0   0.01794

  583.0   0.01794

  584.0   0.01800

  585.0   0.01804

  586.0   0.01811

  587.0   0.01816

  588.0   0.01820

  589.0   0.01822

  590.0   0.01816

  591.0   0.01813

  592.0   0.01815

  593.0   0.01815

  594.0   0.01818

  595.0   0.01821

  596.0   0.01827

  597.0   0.01828

  598.0   0.01833

  599.0   0.01838

  600.0   0.01850

  601.0   0.01861

  602.0   0.01864

  603.0   0.01869

  604.0   0.01875

  605.0   0.01882

  606.0   0.01883

  607.0   0.01884

  608.0   0.01883

  609.0   0.01888

  610.0   0.01892

  611.0   0.01896

  612.0   0.01903

  613.0   0.01900

  614.0   0.01904

  615.0   0.01901

  616.0   0.01905

  617.0   0.01907

  618.0   0.01911

  619.0   0.01914

  620.0   0.01915

  621.0   0.01921

  622.0   0.01924

  623.0   0.01929

  624.0   0.01927

  625.0   0.01927

  626.0   0.01924

  627.0   0.01925

  628.0   0.01928

  629.0   0.01927

  630.0   0.01924

  631.0   0.01924

  632.0   0.01925

  633.0   0.01926

  634.0   0.01929

  635.0   0.01925

  636.0   0.01922

  637.0   0.01920

  638.0   0.01915

  639.0   0.01906

  640.0   0.01907

  641.0   0.01905

  642.0   0.01900

  643.0   0.01898

  644.0   0.01897

  645.0   0.01897

  646.0   0.01902

  647.0   0.01901

  648.0   0.01903

  649.0   0.01904

  650.0   0.01906

  651.0   0.01902

  652.0   0.01905

  653.0   0.01905

  654.0   0.01905

  655.0   0.01900

  656.0   0.01897

  657.0   0.01893

  658.0   0.01890

  659.0   0.01885

  660.0   0.01886

  661.0   0.01887

  662.0   0.01889

  663.0   0.01892

  664.0   0.01897

  665.0   0.01897

  666.0   0.01892

  667.0   0.01888

  668.0   0.01884

  669.0   0.01884

  670.0   0.01881

  671.0   0.01882

  672.0   0.01876

  673.0   0.01875

  674.0   0.01875

  675.0   0.01875

  676.0   0.01872

  677.0   0.01868

  678.0   0.01869

  679.0   0.01866

  680.0   0.01869

  681.0   0.01866

  682.0   0.01864

  683.0   0.01865

  684.0   0.01866

  685.0   0.01864

  686.0   0.01863

  687.0   0.01861

  688.0   0.01859

  689.0   0.01860

  690.0   0.01857

  691.0   0.01857

  692.0   0.01860

  693.0   0.01857

  694.0   0.01858

  695.0   0.01861

  696.0   0.01862

  697.0   0.01859

  698.0   0.01861

  699.0   0.01857

  700.0   0.01857

  701.0   0.01859

  702.0   0.01854

  703.0   0.01857

  704.0   0.01852

  705.0   0.01849

  706.0   0.01853

  707.0   0.01854

  708.0   0.01849

  709.0   0.01845

  710.0   0.01849

  711.0   0.01840

  712.0   0.01836

  713.0   0.01830

  714.0   0.01831

  715.0   0.01831

  716.0   0.01823

  717.0   0.01821

  718.0   0.01817

  719.0   0.01816

  720.0   0.01811

  721.0   0.01807

  722.0   0.01804

  723.0   0.01795

  724.0   0.01786

  725.0   0.01786

  726.0   0.01786

  727.0   0.01776

  728.0   0.01774

  729.0   0.01768

  730.0   0.01768

  731.0   0.01762

  732.0   0.01761

  733.0   0.01757

  734.0   0.01748

  735.0   0.01751

  736.0   0.01883

  737.0   0.01869

  738.0   0.01858

  739.0   0.01848

  740.0   0.01839

  741.0   0.01822

  742.0   0.01816

  743.0   0.01808

  744.0   0.01806

  745.0   0.01796

  746.0   0.01800

  747.0   0.01789

  748.0   0.01788

  749.0   0.01782

  750.0   0.01779

  751.0   0.01768

  752.0   0.01763

  753.0   0.01753

  754.0   0.01746

  755.0   0.01747

  756.0   0.01740

  757.0   0.01733

  758.0   0.01728

  759.0   0.01724

  760.0   0.01714

  761.0   0.01710

  762.0   0.01709

  763.0   0.01703

  764.0   0.01699

  765.0   0.01690

  766.0   0.01684

  767.0   0.01683

  768.0   0.01675

  769.0   0.01666

  770.0   0.01655

  771.0   0.01649

  772.0   0.01641

  773.0   0.01629

  774.0   0.01624

  775.0   0.01613

  776.0   0.01607

  777.0   0.01599

  778.0   0.01599

  779.0   0.01596

  780.0   0.01591

  781.0   0.01589

  782.0   0.01586

  783.0   0.01583

  784.0   0.01575

  785.0   0.01575

  786.0   0.01573

  787.0   0.01570

  788.0   0.01568

  789.0   0.01557

  790.0   0.01552

  791.0   0.01547

  792.0   0.01541

  793.0   0.01544

  794.0   0.01536

  795.0   0.01537

  796.0   0.01528

  797.0   0.01530

  798.0   0.01524

  799.0   0.01523

  800.0   0.01518

 
