ser ID: DU600

Method ID: A:\DEFAULT

Date: 07/30/00

Time: 05:56

 200.0   3.08386

  201.0   3.15045

  202.0   3.18639

  203.0   2.74507

  204.0   3.25864

  205.0   3.29623

  206.0   2.62900

  207.0   2.66389

  208.0   3.39967

  209.0   3.43965

  210.0   3.47436

  211.0   3.50947

  212.0   3.54851

  213.0   3.28870

  214.0   3.14706

  215.0   2.95521

  216.0   3.68628

  217.0   3.42103

  218.0   3.75182

  219.0   3.77576

  220.0   3.79546

  221.0   3.33506

  222.0   3.04993

  223.0   3.23999

  224.0   3.07628

  225.0   3.56602

  226.0   3.10180

  227.0   3.28998

  228.0   3.90347

  229.0   3.21574

  230.0   2.84721

  231.0   2.85693

  232.0   2.79919

  233.0   3.17430

  234.0   2.88077

  235.0   2.85107

  236.0   2.85519

  237.0   2.97188

  238.0   2.67279

  239.0   2.65248

  240.0   2.59448

  241.0   2.51138

  242.0   2.45406

  243.0   2.34742

  244.0   2.27810

  245.0   2.16600

  246.0   2.12910

  247.0   2.02781

  248.0   1.94434

  249.0   1.89954

  250.0   1.81654

  251.0   1.75899

  252.0   1.69730

  253.0   1.64613

  254.0   1.57776

  255.0   1.52671

  256.0   1.47568

  257.0   1.44028

  258.0   1.39038

  259.0   1.34192

  260.0   1.29562

  261.0   1.25412

  262.0   1.20377

  263.0   1.16146

  264.0   1.12101

  265.0   1.09187

  266.0   1.05642

  267.0   1.02994

  268.0   0.99936

  269.0   0.96688

  270.0   0.93271

  271.0   0.90322

  272.0   0.87645

  273.0   0.84945

  274.0   0.81901

  275.0   0.79362

  276.0   0.76789

  277.0   0.73942

  278.0   0.70766

  279.0   0.67831

  280.0   0.65128

  281.0   0.62139

  282.0   0.59597

  283.0   0.57041

  284.0   0.54551

  285.0   0.51963

  286.0   0.49533

  287.0   0.47201

  288.0   0.44675

  289.0   0.42659

  290.0   0.40908

  291.0   0.39134

  292.0   0.37376

  293.0   0.35867

  294.0   0.34543

  295.0   0.33020

  296.0   0.31653

  297.0   0.30433

  298.0   0.29274

  299.0   0.28156

  300.0   0.27174

  301.0   0.26282

  302.0   0.25347

  303.0   0.24464

  304.0   0.23739

  305.0   0.23046

  306.0   0.22344

  307.0   0.21874

  308.0   0.21293

  309.0   0.20653

  310.0   0.20201

  311.0   0.19668

  312.0   0.19229

  313.0   0.18813

  314.0   0.18332

  315.0   0.18043

  316.0   0.17775

  317.0   0.17559

  318.0   0.17435

  319.0   0.17294

  320.0   0.17219

  321.0   0.17256

  322.0   0.17239

  323.0   0.17384

  324.0   0.17512

  325.0   0.17791

  326.0   0.17918

  327.0   0.18174

  328.0   0.18512

  329.0   0.18915

  330.0   0.19361

  331.0   0.19729

  332.0   0.20164

  333.0   0.20442

  334.0   0.20840

  335.0   0.21274

  336.0   0.21852

  337.0   0.22358

  338.0   0.22844

  339.0   0.23302

  340.0   0.23879

  341.0   0.24466

  342.0   0.24924

  343.0   0.25355

  344.0   0.25809

  345.0   0.26259

  346.0   0.26658

  347.0   0.27139

  348.0   0.27519

  349.0   0.27799

  350.0   0.28050

  351.0   0.28139

  352.0   0.28313

  353.0   0.28467

  354.0   0.28573

  355.0   0.28524

  356.0   0.28535

  357.0   0.28537

  358.0   0.28359

  359.0   0.28244

  360.0   0.27820

  361.0   0.27553

  362.0   0.27113

  363.0   0.26772

  364.0   0.26438

  365.0   0.25907

  366.0   0.25535

  367.0   0.25004

  368.0   0.24576

  369.0   0.23990

  370.0   0.23490

  371.0   0.23024

  372.0   0.22559

  373.0   0.22099

  374.0   0.21599

  375.0   0.21208

  376.0   0.20727

  377.0   0.20274

  378.0   0.19793

  379.0   0.19343

  380.0   0.18912

  381.0   0.18452

  382.0   0.18086

  383.0   0.17640

  384.0   0.17326

  385.0   0.16936

  386.0   0.16542

  387.0   0.16161

  388.0   0.15778

  389.0   0.15403

  390.0   0.15102

  391.0   0.14800

  392.0   0.14489

  393.0   0.14211

  394.0   0.13879

  395.0   0.13651

  396.0   0.13353

  397.0   0.13089

  398.0   0.12813

  399.0   0.12546

  400.0   0.12326

  401.0   0.12100

  402.0   0.11895

  403.0   0.11681

  404.0   0.11467

  405.0   0.11241

  406.0   0.11029

  407.0   0.10783

  408.0   0.10580

  409.0   0.10372

  410.0   0.10171

  411.0   0.10000

  412.0   0.09760

  413.0   0.09547

  414.0   0.09309

  415.0   0.09201

  416.0   0.08745

  417.0   0.08512

  418.0   0.08270

  419.0   0.08074

  420.0   0.07847

  421.0   0.07616

  422.0   0.07388

  423.0   0.07166

  424.0   0.06942

  425.0   0.06746

  426.0   0.06517

  427.0   0.06328

  428.0   0.06147

  429.0   0.05931

  430.0   0.05762

  431.0   0.05580

  432.0   0.05424

  433.0   0.05253

  434.0   0.05098

  435.0   0.04960

  436.0   0.04807

  437.0   0.04691

  438.0   0.04552

  439.0   0.04436

  440.0   0.04337

  441.0   0.04213

  442.0   0.04113

  443.0   0.04017

  444.0   0.03925

  445.0   0.03818

  446.0   0.03733

  447.0   0.03645

  448.0   0.03571

  449.0   0.03483

  450.0   0.03407

  451.0   0.03340

  452.0   0.03255

  453.0   0.03188

  454.0   0.03123

  455.0   0.03071

  456.0   0.03004

  457.0   0.02951

  458.0   0.02898

  459.0   0.02832

  460.0   0.02778

  461.0   0.02710

  462.0   0.02667

  463.0   0.02608

  464.0   0.02548

  465.0   0.02495

  466.0   0.02436

  467.0   0.02402

  468.0   0.02354

  469.0   0.02319

  470.0   0.02278

  471.0   0.02254

  472.0   0.02216

  473.0   0.02186

  474.0   0.02158

  475.0   0.02134

  476.0   0.02103

  477.0   0.02080

  478.0   0.02067

  479.0   0.02046

  480.0   0.02035

  481.0   0.02008

  482.0   0.01990

  483.0   0.01968

  484.0   0.01947

  485.0   0.01936

  486.0   0.01922

  487.0   0.01902

  488.0   0.01877

  489.0   0.01868

  490.0   0.01855

  491.0   0.01838

  492.0   0.01826

  493.0   0.01818

  494.0   0.01799

  495.0   0.01788

  496.0   0.01769

  497.0   0.01753

  498.0   0.01740

  499.0   0.01730

  500.0   0.01722

  501.0   0.01709

  502.0   0.01699

  503.0   0.01699

  504.0   0.01687

  505.0   0.01684

  506.0   0.01679

  507.0   0.01674

  508.0   0.01668

  509.0   0.01670

  510.0   0.01667

  511.0   0.01663

  512.0   0.01654

  513.0   0.01648

  514.0   0.01643

  515.0   0.01641

  516.0   0.01642

  517.0   0.01637

  518.0   0.01636

  519.0   0.01631

  520.0   0.01630

  521.0   0.01627

  522.0   0.01619

  523.0   0.01617

  524.0   0.01614

  525.0   0.01606

  526.0   0.01606

  527.0   0.01607

  528.0   0.01601

  529.0   0.01607

  530.0   0.01609

  531.0   0.01609

  532.0   0.01608

  533.0   0.01609

  534.0   0.01604

  535.0   0.01601

  536.0   0.01602

  537.0   0.01602

  538.0   0.01601

  539.0   0.01600

  540.0   0.01602

  541.0   0.01600

  542.0   0.01594

  543.0   0.01593

  544.0   0.01590

  545.0   0.01590

  546.0   0.01586

  547.0   0.01593

  548.0   0.01597

  549.0   0.01601

  550.0   0.01606

  551.0   0.01617

  552.0   0.01618

  553.0   0.01620

  554.0   0.01627

  555.0   0.01625

  556.0   0.01624

  557.0   0.01710

  558.0   0.01703

  559.0   0.01702

  560.0   0.01698

  561.0   0.01696

  562.0   0.01700

  563.0   0.01700

  564.0   0.01702

  565.0   0.01702

  566.0   0.01703

  567.0   0.01707

  568.0   0.01707

  569.0   0.01711

  570.0   0.01715

  571.0   0.01713

  572.0   0.01717

  573.0   0.01718

  574.0   0.01718

  575.0   0.01717

  576.0   0.01713

  577.0   0.01710

  578.0   0.01710

  579.0   0.01703

  580.0   0.01702

  581.0   0.01698

  582.0   0.01695

  583.0   0.01694

  584.0   0.01697

  585.0   0.01701

  586.0   0.01703

  587.0   0.01699

  588.0   0.01698

  589.0   0.01696

  590.0   0.01691

  591.0   0.01687

  592.0   0.01686

  593.0   0.01685

  594.0   0.01690

  595.0   0.01695

  596.0   0.01704

  597.0   0.01706

  598.0   0.01704

  599.0   0.01705

  600.0   0.01711

  601.0   0.01713

  602.0   0.01717

  603.0   0.01719

  604.0   0.01722

  605.0   0.01728

  606.0   0.01725

  607.0   0.01731

  608.0   0.01731

  609.0   0.01737

  610.0   0.01743

  611.0   0.01746

  612.0   0.01752

  613.0   0.01747

  614.0   0.01750

  615.0   0.01748

  616.0   0.01752

  617.0   0.01754

  618.0   0.01759

  619.0   0.01765

  620.0   0.01765

  621.0   0.01768

  622.0   0.01773

  623.0   0.01778

  624.0   0.01778

  625.0   0.01777

  626.0   0.01772

  627.0   0.01772

  628.0   0.01771

  629.0   0.01772

  630.0   0.01775

  631.0   0.01776

  632.0   0.01776

  633.0   0.01777

  634.0   0.01777

  635.0   0.01774

  636.0   0.01773

  637.0   0.01771

  638.0   0.01770

  639.0   0.01766

  640.0   0.01762

  641.0   0.01761

  642.0   0.01757

  643.0   0.01755

  644.0   0.01755

  645.0   0.01753

  646.0   0.01750

  647.0   0.01751

  648.0   0.01749

  649.0   0.01748

  650.0   0.01749

  651.0   0.01747

  652.0   0.01751

  653.0   0.01747

  654.0   0.01749

  655.0   0.01746

  656.0   0.01745

  657.0   0.01747

  658.0   0.01750

  659.0   0.01746

  660.0   0.01746

  661.0   0.01744

  662.0   0.01746

  663.0   0.01743

  664.0   0.01748

  665.0   0.01747

  666.0   0.01745

  667.0   0.01748

  668.0   0.01746

  669.0   0.01749

  670.0   0.01747

  671.0   0.01751

  672.0   0.01748

  673.0   0.01748

  674.0   0.01749

  675.0   0.01748

  676.0   0.01744

  677.0   0.01741

  678.0   0.01742

  679.0   0.01737

  680.0   0.01739

  681.0   0.01737

  682.0   0.01737

  683.0   0.01738

  684.0   0.01738

  685.0   0.01737

  686.0   0.01737

  687.0   0.01736

  688.0   0.01731

  689.0   0.01731

  690.0   0.01725

  691.0   0.01727

  692.0   0.01729

  693.0   0.01727

  694.0   0.01726

  695.0   0.01730

  696.0   0.01729

  697.0   0.01729

  698.0   0.01732

  699.0   0.01733

  700.0   0.01729

  701.0   0.01732

  702.0   0.01730

  703.0   0.01728

  704.0   0.01725

  705.0   0.01727

  706.0   0.01733

  707.0   0.01732

  708.0   0.01733

  709.0   0.01729

  710.0   0.01731

  711.0   0.01726

  712.0   0.01722

  713.0   0.01717

  714.0   0.01716

  715.0   0.01714

  716.0   0.01709

  717.0   0.01709

  718.0   0.01704

  719.0   0.01704

  720.0   0.01704

  721.0   0.01698

  722.0   0.01703

  723.0   0.01698

  724.0   0.01692

  725.0   0.01685

  726.0   0.01688

  727.0   0.01679

  728.0   0.01675

  729.0   0.01670

  730.0   0.01671

  731.0   0.01670

  732.0   0.01670

  733.0   0.01665

  734.0   0.01658

  735.0   0.01659

  736.0   0.01760

  737.0   0.01749

  738.0   0.01744

  739.0   0.01737

  740.0   0.01728

  741.0   0.01725

  742.0   0.01714

  743.0   0.01709

  744.0   0.01702

  745.0   0.01698

  746.0   0.01696

  747.0   0.01687

  748.0   0.01689

  749.0   0.01686

  750.0   0.01678

  751.0   0.01675

  752.0   0.01670

  753.0   0.01665

  754.0   0.01661

  755.0   0.01656

  756.0   0.01646

  757.0   0.01637

  758.0   0.01629

  759.0   0.01622

  760.0   0.01618

  761.0   0.01611

  762.0   0.01610

  763.0   0.01609

  764.0   0.01610

  765.0   0.01610

  766.0   0.01606

  767.0   0.01603

  768.0   0.01600

  769.0   0.01594

  770.0   0.01588

  771.0   0.01585

  772.0   0.01574

  773.0   0.01568

  774.0   0.01562

  775.0   0.01559

  776.0   0.01562

  777.0   0.01548

  778.0   0.01543

  779.0   0.01537

  780.0   0.01532

  781.0   0.01520

  782.0   0.01523

  783.0   0.01523

  784.0   0.01512

  785.0   0.01504

  786.0   0.01501

  787.0   0.01502

  788.0   0.01493

  789.0   0.01488

  790.0   0.01486

  791.0   0.01483

  792.0   0.01478

  793.0   0.01480

  794.0   0.01467

  795.0   0.01467

  796.0   0.01458

  797.0   0.01460

  798.0   0.01453

  799.0   0.01455

  800.0   0.01450

 
