ser ID: DU600

Method ID: A:\DEFAULT

Date: 07/30/00

Time: 09:24

 200.0   2.38489

  201.0   3.15045

  202.0   2.58433

  203.0   2.74507

  204.0   2.48049

  205.0   2.59726

  206.0   2.72591

  207.0   2.58471

  208.0   2.62152

  209.0   3.43965

  210.0   2.77539

  211.0   2.81050

  212.0   3.54851

  213.0   3.28870

  214.0   3.32315

  215.0   3.65418

  216.0   3.68628

  217.0   3.12000

  218.0   3.05285

  219.0   3.17370

  220.0   3.19340

  221.0   3.03403

  222.0   3.04993

  223.0   2.84205

  224.0   2.67834

  225.0   2.58830

  226.0   2.55774

  227.0   2.46068

  228.0   2.37199

  229.0   2.28124

  230.0   2.17821

  231.0   2.15078

  232.0   2.08200

  233.0   2.01795

  234.0   1.95563

  235.0   1.90811

  236.0   1.85855

  237.0   1.82575

  238.0   1.77516

  239.0   1.74681

  240.0   1.70518

  241.0   1.67711

  242.0   1.63812

  243.0   1.60332

  244.0   1.56176

  245.0   1.52286

  246.0   1.47874

  247.0   1.42959

  248.0   1.38356

  249.0   1.33386

  250.0   1.29528

  251.0   1.25402

  252.0   1.22018

  253.0   1.19077

  254.0   1.16934

  255.0   1.14282

  256.0   1.12850

  257.0   1.11248

  258.0   1.09889

  259.0   1.08271

  260.0   1.06755

  261.0   1.04590

  262.0   1.02029

  263.0   0.99373

  264.0   0.96516

  265.0   0.93915

  266.0   0.90470

  267.0   0.87875

  268.0   0.84586

  269.0   0.81109

  270.0   0.77305

  271.0   0.73668

  272.0   0.70302

  273.0   0.66697

  274.0   0.63089

  275.0   0.59884

  276.0   0.56510

  277.0   0.53437

  278.0   0.50575

  279.0   0.48005

  280.0   0.45896

  281.0   0.43713

  282.0   0.41970

  283.0   0.40330

  284.0   0.38957

  285.0   0.37603

  286.0   0.36363

  287.0   0.35316

  288.0   0.34242

  289.0   0.33482

  290.0   0.32839

  291.0   0.32164

  292.0   0.31551

  293.0   0.31082

  294.0   0.30692

  295.0   0.30349

  296.0   0.30028

  297.0   0.29708

  298.0   0.29544

  299.0   0.29291

  300.0   0.29213

  301.0   0.29135

  302.0   0.28965

  303.0   0.28877

  304.0   0.28751

  305.0   0.28840

  306.0   0.28728

  307.0   0.28610

  308.0   0.28494

  309.0   0.28444

  310.0   0.28271

  311.0   0.28053

  312.0   0.27897

  313.0   0.27559

  314.0   0.27341

  315.0   0.26949

  316.0   0.26691

  317.0   0.26352

  318.0   0.26127

  319.0   0.25771

  320.0   0.25497

  321.0   0.25402

  322.0   0.24867

  323.0   0.24618

  324.0   0.24362

  325.0   0.24070

  326.0   0.23794

  327.0   0.23533

  328.0   0.23278

  329.0   0.22991

  330.0   0.22755

  331.0   0.22425

  332.0   0.22006

  333.0   0.21645

  334.0   0.21394

  335.0   0.20960

  336.0   0.20676

  337.0   0.20267

  338.0   0.19844

  339.0   0.19577

  340.0   0.19292

  341.0   0.19000

  342.0   0.18654

  343.0   0.18361

  344.0   0.18104

  345.0   0.17850

  346.0   0.17548

  347.0   0.17289

  348.0   0.17028

  349.0   0.16730

  350.0   0.16507

  351.0   0.16241

  352.0   0.15994

  353.0   0.15694

  354.0   0.15462

  355.0   0.15261

  356.0   0.15059

  357.0   0.14871

  358.0   0.14622

  359.0   0.14363

  360.0   0.14097

  361.0   0.13815

  362.0   0.13611

  363.0   0.13411

  364.0   0.13224

  365.0   0.12921

  366.0   0.12735

  367.0   0.12513

  368.0   0.12300

  369.0   0.12065

  370.0   0.11833

  371.0   0.11662

  372.0   0.11440

  373.0   0.11301

  374.0   0.11093

  375.0   0.10970

  376.0   0.10734

  377.0   0.10537

  378.0   0.10365

  379.0   0.10217

  380.0   0.10086

  381.0   0.09919

  382.0   0.09772

  383.0   0.09639

  384.0   0.09575

  385.0   0.09464

  386.0   0.09362

  387.0   0.09262

  388.0   0.09181

  389.0   0.09088

  390.0   0.09059

  391.0   0.08996

  392.0   0.08931

  393.0   0.08894

  394.0   0.08802

  395.0   0.08756

  396.0   0.08683

  397.0   0.08620

  398.0   0.08525

  399.0   0.08442

  400.0   0.08357

  401.0   0.08279

  402.0   0.08215

  403.0   0.08105

  404.0   0.08022

  405.0   0.07907

  406.0   0.07818

  407.0   0.07695

  408.0   0.07569

  409.0   0.07410

  410.0   0.07274

  411.0   0.07155

  412.0   0.06949

  413.0   0.06800

  414.0   0.06598

  415.0   0.06513

  416.0   0.06074

  417.0   0.05884

  418.0   0.05663

  419.0   0.05477

  420.0   0.05290

  421.0   0.05089

  422.0   0.04898

  423.0   0.04728

  424.0   0.04531

  425.0   0.04361

  426.0   0.04188

  427.0   0.04025

  428.0   0.03889

  429.0   0.03723

  430.0   0.03604

  431.0   0.03462

  432.0   0.03359

  433.0   0.03250

  434.0   0.03158

  435.0   0.03074

  436.0   0.02993

  437.0   0.02918

  438.0   0.02854

  439.0   0.02788

  440.0   0.02757

  441.0   0.02699

  442.0   0.02664

  443.0   0.02626

  444.0   0.02591

  445.0   0.02550

  446.0   0.02521

  447.0   0.02498

  448.0   0.02472

  449.0   0.02449

  450.0   0.02422

  451.0   0.02398

  452.0   0.02375

  453.0   0.02356

  454.0   0.02328

  455.0   0.02326

  456.0   0.02298

  457.0   0.02288

  458.0   0.02269

  459.0   0.02232

  460.0   0.02216

  461.0   0.02180

  462.0   0.02171

  463.0   0.02153

  464.0   0.02124

  465.0   0.02104

  466.0   0.02083

  467.0   0.02075

  468.0   0.02057

  469.0   0.02046

  470.0   0.02033

  471.0   0.02036

  472.0   0.02027

  473.0   0.02028

  474.0   0.02023

  475.0   0.02020

  476.0   0.02010

  477.0   0.02012

  478.0   0.02009

  479.0   0.02011

  480.0   0.02014

  481.0   0.02006

  482.0   0.02000

  483.0   0.01993

  484.0   0.01992

  485.0   0.01987

  486.0   0.01988

  487.0   0.01986

  488.0   0.01976

  489.0   0.01976

  490.0   0.01965

  491.0   0.01967

  492.0   0.01967

  493.0   0.01967

  494.0   0.01963

  495.0   0.01964

  496.0   0.01959

  497.0   0.01956

  498.0   0.01951

  499.0   0.01949

  500.0   0.01950

  501.0   0.01949

  502.0   0.01954

  503.0   0.01960

  504.0   0.01961

  505.0   0.01970

  506.0   0.01975

  507.0   0.01973

  508.0   0.01975

  509.0   0.01980

  510.0   0.01984

  511.0   0.01990

  512.0   0.01989

  513.0   0.01996

  514.0   0.02001

  515.0   0.02003

  516.0   0.02014

  517.0   0.02015

  518.0   0.02022

  519.0   0.02019

  520.0   0.02024

  521.0   0.02026

  522.0   0.02030

  523.0   0.02027

  524.0   0.02031

  525.0   0.02033

  526.0   0.02037

  527.0   0.02049

  528.0   0.02052

  529.0   0.02060

  530.0   0.02068

  531.0   0.02074

  532.0   0.02081

  533.0   0.02080

  534.0   0.02086

  535.0   0.02094

  536.0   0.02104

  537.0   0.02116

  538.0   0.02120

  539.0   0.02124

  540.0   0.02131

  541.0   0.02137

  542.0   0.02143

  543.0   0.02148

  544.0   0.02157

  545.0   0.02171

  546.0   0.02182

  547.0   0.02199

  548.0   0.02205

  549.0   0.02218

  550.0   0.02235

  551.0   0.02247

  552.0   0.02261

  553.0   0.02269

  554.0   0.02277

  555.0   0.02280

  556.0   0.02284

  557.0   0.02565

  558.0   0.02554

  559.0   0.02539

  560.0   0.02535

  561.0   0.02534

  562.0   0.02532

  563.0   0.02528

  564.0   0.02519

  565.0   0.02507

  566.0   0.02503

  567.0   0.02503

  568.0   0.02502

  569.0   0.02503

  570.0   0.02501

  571.0   0.02495

  572.0   0.02494

  573.0   0.02494

  574.0   0.02491

  575.0   0.02487

  576.0   0.02485

  577.0   0.02483

  578.0   0.02483

  579.0   0.02481

  580.0   0.02481

  581.0   0.02475

  582.0   0.02471

  583.0   0.02470

  584.0   0.02475

  585.0   0.02487

  586.0   0.02492

  587.0   0.02493

  588.0   0.02502

  589.0   0.02502

  590.0   0.02506

  591.0   0.02516

  592.0   0.02518

  593.0   0.02522

  594.0   0.02532

  595.0   0.02538

  596.0   0.02552

  597.0   0.02560

  598.0   0.02569

  599.0   0.02580

  600.0   0.02586

  601.0   0.02592

  602.0   0.02596

  603.0   0.02606

  604.0   0.02610

  605.0   0.02618

  606.0   0.02619

  607.0   0.02629

  608.0   0.02629

  609.0   0.02631

  610.0   0.02635

  611.0   0.02637

  612.0   0.02642

  613.0   0.02639

  614.0   0.02646

  615.0   0.02644

  616.0   0.02653

  617.0   0.02650

  618.0   0.02656

  619.0   0.02657

  620.0   0.02658

  621.0   0.02656

  622.0   0.02656

  623.0   0.02658

  624.0   0.02660

  625.0   0.02660

  626.0   0.02658

  627.0   0.02658

  628.0   0.02656

  629.0   0.02653

  630.0   0.02656

  631.0   0.02656

  632.0   0.02653

  633.0   0.02657

  634.0   0.02658

  635.0   0.02651

  636.0   0.02650

  637.0   0.02647

  638.0   0.02644

  639.0   0.02641

  640.0   0.02640

  641.0   0.02639

  642.0   0.02636

  643.0   0.02634

  644.0   0.02633

  645.0   0.02634

  646.0   0.02635

  647.0   0.02632

  648.0   0.02631

  649.0   0.02630

  650.0   0.02628

  651.0   0.02622

  652.0   0.02622

  653.0   0.02619

  654.0   0.02620

  655.0   0.02618

  656.0   0.02619

  657.0   0.02617

  658.0   0.02617

  659.0   0.02611

  660.0   0.02604

  661.0   0.02601

  662.0   0.02601

  663.0   0.02595

  664.0   0.02593

  665.0   0.02589

  666.0   0.02583

  667.0   0.02579

  668.0   0.02573

  669.0   0.02574

  670.0   0.02567

  671.0   0.02569

  672.0   0.02563

  673.0   0.02562

  674.0   0.02560

  675.0   0.02552

  676.0   0.02548

  677.0   0.02537

  678.0   0.02528

  679.0   0.02522

  680.0   0.02522

  681.0   0.02514

  682.0   0.02515

  683.0   0.02507

  684.0   0.02505

  685.0   0.02502

  686.0   0.02499

  687.0   0.02498

  688.0   0.02489

  689.0   0.02492

  690.0   0.02486

  691.0   0.02484

  692.0   0.02486

  693.0   0.02477

  694.0   0.02472

  695.0   0.02470

  696.0   0.02465

  697.0   0.02461

  698.0   0.02460

  699.0   0.02455

  700.0   0.02451

  701.0   0.02444

  702.0   0.02431

  703.0   0.02427

  704.0   0.02417

  705.0   0.02409

  706.0   0.02407

  707.0   0.02400

  708.0   0.02391

  709.0   0.02384

  710.0   0.02383

  711.0   0.02372

  712.0   0.02363

  713.0   0.02352

  714.0   0.02341

  715.0   0.02338

  716.0   0.02323

  717.0   0.02317

  718.0   0.02310

  719.0   0.02299

  720.0   0.02295

  721.0   0.02287

  722.0   0.02281

  723.0   0.02271

  724.0   0.02262

  725.0   0.02254

  726.0   0.02251

  727.0   0.02238

  728.0   0.02228

  729.0   0.02225

  730.0   0.02219

  731.0   0.02217

  732.0   0.02214

  733.0   0.02213

  734.0   0.02203

  735.0   0.02200

  736.0   0.02469

  737.0   0.02448

  738.0   0.02427

  739.0   0.02404

  740.0   0.02377

  741.0   0.02361

  742.0   0.02341

  743.0   0.02321

  744.0   0.02310

  745.0   0.02294

  746.0   0.02281

  747.0   0.02272

  748.0   0.02268

  749.0   0.02251

  750.0   0.02240

  751.0   0.02223

  752.0   0.02215

  753.0   0.02205

  754.0   0.02193

  755.0   0.02185

  756.0   0.02173

  757.0   0.02165

  758.0   0.02157

  759.0   0.02150

  760.0   0.02132

  761.0   0.02124

  762.0   0.02123

  763.0   0.02114

  764.0   0.02105

  765.0   0.02096

  766.0   0.02091

  767.0   0.02079

  768.0   0.02071

  769.0   0.02060

  770.0   0.02055

  771.0   0.02047

  772.0   0.02037

  773.0   0.02029

  774.0   0.02019

  775.0   0.02014

  776.0   0.02006

  777.0   0.01995

  778.0   0.01988

  779.0   0.01983

  780.0   0.01978

  781.0   0.01973

  782.0   0.01974

  783.0   0.01972

  784.0   0.01959

  785.0   0.01957

  786.0   0.01950

  787.0   0.01942

  788.0   0.01944

  789.0   0.01940

  790.0   0.01932

  791.0   0.01925

  792.0   0.01926

  793.0   0.01924

  794.0   0.01914

  795.0   0.01912

  796.0   0.01904

  797.0   0.01901

  798.0   0.01898

  799.0   0.01891

  800.0   0.01884

 
