ser ID: DU600

Method ID: A:\DEFAULT

Date: 07/30/00

Time: 06:13

 200.0   3.08386

  201.0   3.15045

  202.0   2.88536

  203.0   3.22220

  204.0   2.95761

  205.0   3.29623

  206.0   3.32797

  207.0   3.36286

  208.0   3.39967

  209.0   3.43965

  210.0   3.47436

  211.0   3.50947

  212.0   3.54851

  213.0   3.58973

  214.0   3.62418

  215.0   3.65418

  216.0   2.98731

  217.0   3.12000

  218.0   3.05285

  219.0   2.82151

  220.0   3.01731

  221.0   3.33506

  222.0   3.12911

  223.0   3.84205

  224.0   3.07628

  225.0   3.56602

  226.0   3.10180

  227.0   3.11389

  228.0   3.20450

  229.0   3.06962

  230.0   2.88500

  231.0   2.93611

  232.0   2.79919

  233.0   2.72200

  234.0   2.72950

  235.0   2.70974

  236.0   2.57120

  237.0   2.54051

  238.0   2.49670

  239.0   2.46955

  240.0   2.44322

  241.0   2.40557

  242.0   2.30982

  243.0   2.21480

  244.0   2.14875

  245.0   2.08453

  246.0   2.01713

  247.0   1.94019

  248.0   1.87015

  249.0   1.82165

  250.0   1.74225

  251.0   1.67790

  252.0   1.62107

  253.0   1.57498

  254.0   1.52421

  255.0   1.47497

  256.0   1.43896

  257.0   1.40175

  258.0   1.36421

  259.0   1.32272

  260.0   1.28240

  261.0   1.24494

  262.0   1.20006

  263.0   1.16231

  264.0   1.12818

  265.0   1.09262

  266.0   1.05854

  267.0   1.03263

  268.0   0.99873

  269.0   0.96333

  270.0   0.92718

  271.0   0.89337

  272.0   0.86324

  273.0   0.83238

  274.0   0.80003

  275.0   0.76884

  276.0   0.74070

  277.0   0.71035

  278.0   0.67795

  279.0   0.64953

  280.0   0.62329

  281.0   0.59357

  282.0   0.56813

  283.0   0.54359

  284.0   0.52076

  285.0   0.49607

  286.0   0.47357

  287.0   0.45333

  288.0   0.43167

  289.0   0.41398

  290.0   0.39801

  291.0   0.38203

  292.0   0.36689

  293.0   0.35418

  294.0   0.34287

  295.0   0.33063

  296.0   0.31937

  297.0   0.30960

  298.0   0.30048

  299.0   0.29061

  300.0   0.28314

  301.0   0.27574

  302.0   0.26735

  303.0   0.26112

  304.0   0.25524

  305.0   0.25053

  306.0   0.24441

  307.0   0.24081

  308.0   0.23609

  309.0   0.23043

  310.0   0.22597

  311.0   0.22083

  312.0   0.21759

  313.0   0.21318

  314.0   0.21015

  315.0   0.20634

  316.0   0.20341

  317.0   0.20114

  318.0   0.19927

  319.0   0.19766

  320.0   0.19682

  321.0   0.19684

  322.0   0.19564

  323.0   0.19539

  324.0   0.19653

  325.0   0.19692

  326.0   0.19716

  327.0   0.19912

  328.0   0.20058

  329.0   0.20251

  330.0   0.20453

  331.0   0.20619

  332.0   0.20954

  333.0   0.21129

  334.0   0.21454

  335.0   0.21665

  336.0   0.21957

  337.0   0.22297

  338.0   0.22539

  339.0   0.22828

  340.0   0.23125

  341.0   0.23555

  342.0   0.23822

  343.0   0.24262

  344.0   0.24508

  345.0   0.24750

  346.0   0.24983

  347.0   0.25248

  348.0   0.25491

  349.0   0.25666

  350.0   0.25814

  351.0   0.25851

  352.0   0.25952

  353.0   0.25950

  354.0   0.26107

  355.0   0.26002

  356.0   0.25957

  357.0   0.25860

  358.0   0.25625

  359.0   0.25418

  360.0   0.25220

  361.0   0.24957

  362.0   0.24582

  363.0   0.24237

  364.0   0.23910

  365.0   0.23454

  366.0   0.23143

  367.0   0.22681

  368.0   0.22286

  369.0   0.21847

  370.0   0.21392

  371.0   0.20935

  372.0   0.20502

  373.0   0.20119

  374.0   0.19677

  375.0   0.19330

  376.0   0.18930

  377.0   0.18480

  378.0   0.18055

  379.0   0.17738

  380.0   0.17426

  381.0   0.16996

  382.0   0.16650

  383.0   0.16303

  384.0   0.16008

  385.0   0.15672

  386.0   0.15334

  387.0   0.15049

  388.0   0.14741

  389.0   0.14425

  390.0   0.14181

  391.0   0.13916

  392.0   0.13640

  393.0   0.13431

  394.0   0.13150

  395.0   0.12932

  396.0   0.12707

  397.0   0.12479

  398.0   0.12262

  399.0   0.12034

  400.0   0.11830

  401.0   0.11638

  402.0   0.11452

  403.0   0.11261

  404.0   0.11063

  405.0   0.10863

  406.0   0.10684

  407.0   0.10462

  408.0   0.10269

  409.0   0.10075

  410.0   0.09869

  411.0   0.09701

  412.0   0.09456

  413.0   0.09246

  414.0   0.09017

  415.0   0.08914

  416.0   0.08421

  417.0   0.08190

  418.0   0.07938

  419.0   0.07715

  420.0   0.07499

  421.0   0.07242

  422.0   0.07009

  423.0   0.06797

  424.0   0.06561

  425.0   0.06367

  426.0   0.06150

  427.0   0.05956

  428.0   0.05755

  429.0   0.05550

  430.0   0.05385

  431.0   0.05213

  432.0   0.05060

  433.0   0.04886

  434.0   0.04747

  435.0   0.04618

  436.0   0.04474

  437.0   0.04366

  438.0   0.04241

  439.0   0.04136

  440.0   0.04039

  441.0   0.03936

  442.0   0.03842

  443.0   0.03755

  444.0   0.03672

  445.0   0.03585

  446.0   0.03508

  447.0   0.03433

  448.0   0.03353

  449.0   0.03286

  450.0   0.03222

  451.0   0.03171

  452.0   0.03101

  453.0   0.03048

  454.0   0.02985

  455.0   0.02938

  456.0   0.02893

  457.0   0.02846

  458.0   0.02781

  459.0   0.02724

  460.0   0.02683

  461.0   0.02620

  462.0   0.02578

  463.0   0.02527

  464.0   0.02481

  465.0   0.02433

  466.0   0.02390

  467.0   0.02354

  468.0   0.02318

  469.0   0.02290

  470.0   0.02250

  471.0   0.02230

  472.0   0.02199

  473.0   0.02177

  474.0   0.02155

  475.0   0.02140

  476.0   0.02112

  477.0   0.02088

  478.0   0.02076

  479.0   0.02062

  480.0   0.02049

  481.0   0.02027

  482.0   0.02011

  483.0   0.01993

  484.0   0.01974

  485.0   0.01963

  486.0   0.01950

  487.0   0.01942

  488.0   0.01925

  489.0   0.01919

  490.0   0.01902

  491.0   0.01891

  492.0   0.01883

  493.0   0.01874

  494.0   0.01857

  495.0   0.01849

  496.0   0.01832

  497.0   0.01822

  498.0   0.01810

  499.0   0.01803

  500.0   0.01797

  501.0   0.01789

  502.0   0.01784

  503.0   0.01784

  504.0   0.01774

  505.0   0.01774

  506.0   0.01770

  507.0   0.01765

  508.0   0.01760

  509.0   0.01765

  510.0   0.01758

  511.0   0.01759

  512.0   0.01750

  513.0   0.01749

  514.0   0.01749

  515.0   0.01745

  516.0   0.01751

  517.0   0.01746

  518.0   0.01746

  519.0   0.01738

  520.0   0.01740

  521.0   0.01738

  522.0   0.01732

  523.0   0.01728

  524.0   0.01730

  525.0   0.01724

  526.0   0.01722

  527.0   0.01725

  528.0   0.01724

  529.0   0.01725

  530.0   0.01730

  531.0   0.01729

  532.0   0.01730

  533.0   0.01731

  534.0   0.01726

  535.0   0.01731

  536.0   0.01728

  537.0   0.01731

  538.0   0.01731

  539.0   0.01728

  540.0   0.01732

  541.0   0.01731

  542.0   0.01729

  543.0   0.01722

  544.0   0.01720

  545.0   0.01725

  546.0   0.01723

  547.0   0.01733

  548.0   0.01732

  549.0   0.01738

  550.0   0.01749

  551.0   0.01757

  552.0   0.01767

  553.0   0.01771

  554.0   0.01778

  555.0   0.01784

  556.0   0.01788

  557.0   0.01909

  558.0   0.01909

  559.0   0.01896

  560.0   0.01892

  561.0   0.01889

  562.0   0.01888

  563.0   0.01891

  564.0   0.01886

  565.0   0.01888

  566.0   0.01885

  567.0   0.01888

  568.0   0.01889

  569.0   0.01890

  570.0   0.01885

  571.0   0.01882

  572.0   0.01883

  573.0   0.01885

  574.0   0.01884

  575.0   0.01882

  576.0   0.01879

  577.0   0.01876

  578.0   0.01876

  579.0   0.01871

  580.0   0.01871

  581.0   0.01866

  582.0   0.01867

  583.0   0.01863

  584.0   0.01869

  585.0   0.01872

  586.0   0.01876

  587.0   0.01875

  588.0   0.01871

  589.0   0.01871

  590.0   0.01871

  591.0   0.01870

  592.0   0.01868

  593.0   0.01868

  594.0   0.01868

  595.0   0.01869

  596.0   0.01873

  597.0   0.01878

  598.0   0.01882

  599.0   0.01885

  600.0   0.01888

  601.0   0.01894

  602.0   0.01897

  603.0   0.01898

  604.0   0.01902

  605.0   0.01911

  606.0   0.01911

  607.0   0.01916

  608.0   0.01920

  609.0   0.01923

  610.0   0.01928

  611.0   0.01934

  612.0   0.01945

  613.0   0.01940

  614.0   0.01945

  615.0   0.01944

  616.0   0.01948

  617.0   0.01943

  618.0   0.01946

  619.0   0.01952

  620.0   0.01951

  621.0   0.01957

  622.0   0.01957

  623.0   0.01960

  624.0   0.01961

  625.0   0.01963

  626.0   0.01961

  627.0   0.01961

  628.0   0.01958

  629.0   0.01961

  630.0   0.01961

  631.0   0.01959

  632.0   0.01962

  633.0   0.01960

  634.0   0.01961

  635.0   0.01961

  636.0   0.01954

  637.0   0.01955

  638.0   0.01949

  639.0   0.01939

  640.0   0.01937

  641.0   0.01932

  642.0   0.01928

  643.0   0.01928

  644.0   0.01925

  645.0   0.01932

  646.0   0.01930

  647.0   0.01934

  648.0   0.01941

  649.0   0.01947

  650.0   0.01953

  651.0   0.01950

  652.0   0.01955

  653.0   0.01955

  654.0   0.01952

  655.0   0.01949

  656.0   0.01950

  657.0   0.01948

  658.0   0.01947

  659.0   0.01943

  660.0   0.01944

  661.0   0.01941

  662.0   0.01940

  663.0   0.01936

  664.0   0.01938

  665.0   0.01936

  666.0   0.01936

  667.0   0.01934

  668.0   0.01934

  669.0   0.01943

  670.0   0.01939

  671.0   0.01945

  672.0   0.01943

  673.0   0.01939

  674.0   0.01939

  675.0   0.01939

  676.0   0.01935

  677.0   0.01929

  678.0   0.01926

  679.0   0.01926

  680.0   0.01927

  681.0   0.01924

  682.0   0.01921

  683.0   0.01922

  684.0   0.01920

  685.0   0.01920

  686.0   0.01920

  687.0   0.01919

  688.0   0.01917

  689.0   0.01914

  690.0   0.01911

  691.0   0.01911

  692.0   0.01912

  693.0   0.01908

  694.0   0.01908

  695.0   0.01917

  696.0   0.01915

  697.0   0.01912

  698.0   0.01914

  699.0   0.01908

  700.0   0.01907

  701.0   0.01901

  702.0   0.01897

  703.0   0.01900

  704.0   0.01893

  705.0   0.01896

  706.0   0.01899

  707.0   0.01895

  708.0   0.01895

  709.0   0.01891

  710.0   0.01895

  711.0   0.01885

  712.0   0.01886

  713.0   0.01876

  714.0   0.01879

  715.0   0.01877

  716.0   0.01871

  717.0   0.01866

  718.0   0.01858

  719.0   0.01850

  720.0   0.01845

  721.0   0.01838

  722.0   0.01837

  723.0   0.01835

  724.0   0.01824

  725.0   0.01827

  726.0   0.01827

  727.0   0.01822

  728.0   0.01818

  729.0   0.01819

  730.0   0.01817

  731.0   0.01814

  732.0   0.01813

  733.0   0.01809

  734.0   0.01801

  735.0   0.01797

  736.0   0.01933

  737.0   0.01916

  738.0   0.01911

  739.0   0.01898

  740.0   0.01883

  741.0   0.01877

  742.0   0.01868

  743.0   0.01858

  744.0   0.01850

  745.0   0.01843

  746.0   0.01842

  747.0   0.01830

  748.0   0.01832

  749.0   0.01820

  750.0   0.01809

  751.0   0.01804

  752.0   0.01796

  753.0   0.01791

  754.0   0.01781

  755.0   0.01777

  756.0   0.01770

  757.0   0.01769

  758.0   0.01764

  759.0   0.01760

  760.0   0.01753

  761.0   0.01746

  762.0   0.01748

  763.0   0.01736

  764.0   0.01729

  765.0   0.01720

  766.0   0.01714

  767.0   0.01708

  768.0   0.01697

  769.0   0.01691

  770.0   0.01688

  771.0   0.01680

  772.0   0.01674

  773.0   0.01660

  774.0   0.01655

  775.0   0.01649

  776.0   0.01649

  777.0   0.01636

  778.0   0.01627

  779.0   0.01625

  780.0   0.01616

  781.0   0.01614

  782.0   0.01608

  783.0   0.01603

  784.0   0.01598

  785.0   0.01587

  786.0   0.01587

  787.0   0.01582

  788.0   0.01580

  789.0   0.01572

  790.0   0.01564

  791.0   0.01564

  792.0   0.01559

  793.0   0.01567

  794.0   0.01557

  795.0   0.01557

  796.0   0.01554

  797.0   0.01554

  798.0   0.01550

  799.0   0.01543

  800.0   0.01538

 
