ser ID: DU600

Method ID: A:\DEFAULT

Date: 07/30/00

Time: 09:00

 200.0   2.48180

  201.0   2.30535

  202.0   2.48742

  203.0   3.22220

  204.0   2.65658

  205.0   2.99520

  206.0   2.72591

  207.0   2.76080

  208.0   2.62152

  209.0   2.83759

  210.0   2.77539

  211.0   2.55523

  212.0   2.94645

  213.0   3.11261

  214.0   3.62418

  215.0   3.17706

  216.0   3.20916

  217.0   3.12000

  218.0   2.97367

  219.0   3.07679

  220.0   2.71628

  221.0   3.03403

  222.0   2.71414

  223.0   2.63793

  224.0   2.65031

  225.0   2.56602

  226.0   2.60120

  227.0   2.49410

  228.0   2.42635

  229.0   2.34651

  230.0   2.26364

  231.0   2.16526

  232.0   2.11925

  233.0   2.05483

  234.0   1.98682

  235.0   1.94798

  236.0   1.90095

  237.0   1.87151

  238.0   1.82769

  239.0   1.80151

  240.0   1.74939

  241.0   1.71610

  242.0   1.68702

  243.0   1.63823

  244.0   1.59908

  245.0   1.54704

  246.0   1.49921

  247.0   1.44802

  248.0   1.39784

  249.0   1.34887

  250.0   1.31220

  251.0   1.27145

  252.0   1.23560

  253.0   1.21200

  254.0   1.18976

  255.0   1.16076

  256.0   1.14682

  257.0   1.13259

  258.0   1.11361

  259.0   1.09296

  260.0   1.07557

  261.0   1.05559

  262.0   1.02768

  263.0   1.00433

  264.0   0.97352

  265.0   0.94714

  266.0   0.91882

  267.0   0.89323

  268.0   0.85807

  269.0   0.82288

  270.0   0.78200

  271.0   0.74680

  272.0   0.71313

  273.0   0.67729

  274.0   0.63955

  275.0   0.60611

  276.0   0.57361

  277.0   0.54349

  278.0   0.51474

  279.0   0.48999

  280.0   0.46685

  281.0   0.44464

  282.0   0.42711

  283.0   0.41009

  284.0   0.39548

  285.0   0.38143

  286.0   0.36841

  287.0   0.35829

  288.0   0.34728

  289.0   0.33854

  290.0   0.33116

  291.0   0.32523

  292.0   0.31890

  293.0   0.31319

  294.0   0.30983

  295.0   0.30541

  296.0   0.30151

  297.0   0.29871

  298.0   0.29625

  299.0   0.29372

  300.0   0.29186

  301.0   0.29121

  302.0   0.28992

  303.0   0.28877

  304.0   0.28792

  305.0   0.28757

  306.0   0.28603

  307.0   0.28512

  308.0   0.28381

  309.0   0.28215

  310.0   0.28069

  311.0   0.27704

  312.0   0.27500

  313.0   0.27351

  314.0   0.27086

  315.0   0.26782

  316.0   0.26493

  317.0   0.26183

  318.0   0.25925

  319.0   0.25661

  320.0   0.25402

  321.0   0.25243

  322.0   0.24656

  323.0   0.24391

  324.0   0.24135

  325.0   0.23909

  326.0   0.23585

  327.0   0.23404

  328.0   0.23118

  329.0   0.22848

  330.0   0.22692

  331.0   0.22378

  332.0   0.22098

  333.0   0.21721

  334.0   0.21454

  335.0   0.21035

  336.0   0.20734

  337.0   0.20456

  338.0   0.20059

  339.0   0.19704

  340.0   0.19488

  341.0   0.19193

  342.0   0.18927

  343.0   0.18644

  344.0   0.18384

  345.0   0.18261

  346.0   0.17955

  347.0   0.17692

  348.0   0.17401

  349.0   0.17178

  350.0   0.16914

  351.0   0.16633

  352.0   0.16397

  353.0   0.16145

  354.0   0.15974

  355.0   0.15685

  356.0   0.15608

  357.0   0.15449

  358.0   0.15148

  359.0   0.14838

  360.0   0.14573

  361.0   0.14325

  362.0   0.14142

  363.0   0.13851

  364.0   0.13707

  365.0   0.13441

  366.0   0.13210

  367.0   0.12956

  368.0   0.12741

  369.0   0.12531

  370.0   0.12275

  371.0   0.12074

  372.0   0.11822

  373.0   0.11702

  374.0   0.11441

  375.0   0.11322

  376.0   0.11146

  377.0   0.10999

  378.0   0.10769

  379.0   0.10616

  380.0   0.10474

  381.0   0.10293

  382.0   0.10135

  383.0   0.09986

  384.0   0.09882

  385.0   0.09766

  386.0   0.09649

  387.0   0.09547

  388.0   0.09441

  389.0   0.09360

  390.0   0.09305

  391.0   0.09246

  392.0   0.09148

  393.0   0.09107

  394.0   0.09020

  395.0   0.08967

  396.0   0.08890

  397.0   0.08832

  398.0   0.08739

  399.0   0.08646

  400.0   0.08571

  401.0   0.08490

  402.0   0.08422

  403.0   0.08304

  404.0   0.08182

  405.0   0.08066

  406.0   0.07977

  407.0   0.07814

  408.0   0.07695

  409.0   0.07551

  410.0   0.07395

  411.0   0.07282

  412.0   0.07109

  413.0   0.06945

  414.0   0.06735

  415.0   0.06651

  416.0   0.06192

  417.0   0.06017

  418.0   0.05792

  419.0   0.05612

  420.0   0.05412

  421.0   0.05216

  422.0   0.05004

  423.0   0.04824

  424.0   0.04631

  425.0   0.04451

  426.0   0.04269

  427.0   0.04110

  428.0   0.03965

  429.0   0.03804

  430.0   0.03690

  431.0   0.03558

  432.0   0.03434

  433.0   0.03329

  434.0   0.03235

  435.0   0.03154

  436.0   0.03066

  437.0   0.02995

  438.0   0.02924

  439.0   0.02867

  440.0   0.02819

  441.0   0.02770

  442.0   0.02723

  443.0   0.02680

  444.0   0.02639

  445.0   0.02598

  446.0   0.02563

  447.0   0.02535

  448.0   0.02513

  449.0   0.02480

  450.0   0.02461

  451.0   0.02446

  452.0   0.02414

  453.0   0.02390

  454.0   0.02367

  455.0   0.02360

  456.0   0.02332

  457.0   0.02309

  458.0   0.02290

  459.0   0.02264

  460.0   0.02252

  461.0   0.02216

  462.0   0.02203

  463.0   0.02181

  464.0   0.02155

  465.0   0.02127

  466.0   0.02101

  467.0   0.02089

  468.0   0.02060

  469.0   0.02060

  470.0   0.02040

  471.0   0.02042

  472.0   0.02040

  473.0   0.02038

  474.0   0.02032

  475.0   0.02032

  476.0   0.02019

  477.0   0.02014

  478.0   0.02020

  479.0   0.02016

  480.0   0.02019

  481.0   0.02006

  482.0   0.02006

  483.0   0.01998

  484.0   0.01996

  485.0   0.01997

  486.0   0.01990

  487.0   0.01988

  488.0   0.01985

  489.0   0.01982

  490.0   0.01979

  491.0   0.01973

  492.0   0.01973

  493.0   0.01974

  494.0   0.01965

  495.0   0.01962

  496.0   0.01959

  497.0   0.01953

  498.0   0.01955

  499.0   0.01951

  500.0   0.01958

  501.0   0.01961

  502.0   0.01966

  503.0   0.01974

  504.0   0.01970

  505.0   0.01975

  506.0   0.01978

  507.0   0.01977

  508.0   0.01981

  509.0   0.01986

  510.0   0.01989

  511.0   0.01999

  512.0   0.01996

  513.0   0.02004

  514.0   0.02006

  515.0   0.02005

  516.0   0.02010

  517.0   0.02010

  518.0   0.02015

  519.0   0.02008

  520.0   0.02016

  521.0   0.02018

  522.0   0.02021

  523.0   0.02022

  524.0   0.02027

  525.0   0.02026

  526.0   0.02031

  527.0   0.02044

  528.0   0.02046

  529.0   0.02053

  530.0   0.02061

  531.0   0.02069

  532.0   0.02079

  533.0   0.02081

  534.0   0.02088

  535.0   0.02096

  536.0   0.02100

  537.0   0.02109

  538.0   0.02111

  539.0   0.02119

  540.0   0.02129

  541.0   0.02133

  542.0   0.02137

  543.0   0.02137

  544.0   0.02144

  545.0   0.02154

  546.0   0.02159

  547.0   0.02177

  548.0   0.02188

  549.0   0.02203

  550.0   0.02224

  551.0   0.02234

  552.0   0.02250

  553.0   0.02255

  554.0   0.02263

  555.0   0.02263

  556.0   0.02264

  557.0   0.02551

  558.0   0.02542

  559.0   0.02530

  560.0   0.02519

  561.0   0.02515

  562.0   0.02511

  563.0   0.02514

  564.0   0.02508

  565.0   0.02498

  566.0   0.02494

  567.0   0.02492

  568.0   0.02484

  569.0   0.02483

  570.0   0.02483

  571.0   0.02478

  572.0   0.02477

  573.0   0.02479

  574.0   0.02476

  575.0   0.02474

  576.0   0.02471

  577.0   0.02467

  578.0   0.02464

  579.0   0.02463

  580.0   0.02467

  581.0   0.02461

  582.0   0.02459

  583.0   0.02460

  584.0   0.02467

  585.0   0.02477

  586.0   0.02486

  587.0   0.02491

  588.0   0.02502

  589.0   0.02504

  590.0   0.02506

  591.0   0.02512

  592.0   0.02518

  593.0   0.02524

  594.0   0.02532

  595.0   0.02538

  596.0   0.02550

  597.0   0.02562

  598.0   0.02565

  599.0   0.02573

  600.0   0.02582

  601.0   0.02583

  602.0   0.02589

  603.0   0.02593

  604.0   0.02597

  605.0   0.02603

  606.0   0.02604

  607.0   0.02611

  608.0   0.02614

  609.0   0.02621

  610.0   0.02626

  611.0   0.02632

  612.0   0.02637

  613.0   0.02635

  614.0   0.02639

  615.0   0.02639

  616.0   0.02644

  617.0   0.02638

  618.0   0.02642

  619.0   0.02640

  620.0   0.02636

  621.0   0.02642

  622.0   0.02644

  623.0   0.02648

  624.0   0.02648

  625.0   0.02648

  626.0   0.02651

  627.0   0.02654

  628.0   0.02652

  629.0   0.02656

  630.0   0.02654

  631.0   0.02655

  632.0   0.02650

  633.0   0.02650

  634.0   0.02654

  635.0   0.02649

  636.0   0.02645

  637.0   0.02643

  638.0   0.02640

  639.0   0.02634

  640.0   0.02631

  641.0   0.02629

  642.0   0.02624

  643.0   0.02626

  644.0   0.02628

  645.0   0.02631

  646.0   0.02631

  647.0   0.02632

  648.0   0.02629

  649.0   0.02630

  650.0   0.02631

  651.0   0.02626

  652.0   0.02625

  653.0   0.02624

  654.0   0.02620

  655.0   0.02615

  656.0   0.02612

  657.0   0.02614

  658.0   0.02613

  659.0   0.02608

  660.0   0.02609

  661.0   0.02606

  662.0   0.02606

  663.0   0.02602

  664.0   0.02599

  665.0   0.02594

  666.0   0.02590

  667.0   0.02591

  668.0   0.02584

  669.0   0.02585

  670.0   0.02578

  671.0   0.02573

  672.0   0.02568

  673.0   0.02564

  674.0   0.02564

  675.0   0.02558

  676.0   0.02553

  677.0   0.02545

  678.0   0.02537

  679.0   0.02531

  680.0   0.02530

  681.0   0.02525

  682.0   0.02525

  683.0   0.02522

  684.0   0.02520

  685.0   0.02514

  686.0   0.02510

  687.0   0.02505

  688.0   0.02500

  689.0   0.02498

  690.0   0.02494

  691.0   0.02495

  692.0   0.02495

  693.0   0.02488

  694.0   0.02481

  695.0   0.02485

  696.0   0.02479

  697.0   0.02472

  698.0   0.02473

  699.0   0.02467

  700.0   0.02462

  701.0   0.02458

  702.0   0.02442

  703.0   0.02436

  704.0   0.02429

  705.0   0.02419

  706.0   0.02419

  707.0   0.02410

  708.0   0.02403

  709.0   0.02396

  710.0   0.02395

  711.0   0.02380

  712.0   0.02373

  713.0   0.02363

  714.0   0.02352

  715.0   0.02345

  716.0   0.02334

  717.0   0.02325

  718.0   0.02316

  719.0   0.02312

  720.0   0.02308

  721.0   0.02302

  722.0   0.02296

  723.0   0.02283

  724.0   0.02273

  725.0   0.02261

  726.0   0.02260

  727.0   0.02249

  728.0   0.02237

  729.0   0.02232

  730.0   0.02233

  731.0   0.02224

  732.0   0.02224

  733.0   0.02220

  734.0   0.02210

  735.0   0.02210

  736.0   0.02475

  737.0   0.02445

  738.0   0.02430

  739.0   0.02404

  740.0   0.02385

  741.0   0.02367

  742.0   0.02344

  743.0   0.02327

  744.0   0.02310

  745.0   0.02294

  746.0   0.02289

  747.0   0.02277

  748.0   0.02268

  749.0   0.02253

  750.0   0.02240

  751.0   0.02223

  752.0   0.02215

  753.0   0.02205

  754.0   0.02193

  755.0   0.02191

  756.0   0.02179

  757.0   0.02170

  758.0   0.02159

  759.0   0.02145

  760.0   0.02135

  761.0   0.02126

  762.0   0.02120

  763.0   0.02114

  764.0   0.02105

  765.0   0.02096

  766.0   0.02093

  767.0   0.02088

  768.0   0.02077

  769.0   0.02069

  770.0   0.02061

  771.0   0.02056

  772.0   0.02045

  773.0   0.02040

  774.0   0.02038

  775.0   0.02033

  776.0   0.02031

  777.0   0.02018

  778.0   0.02008

  779.0   0.02000

  780.0   0.01992

  781.0   0.01982

  782.0   0.01980

  783.0   0.01975

  784.0   0.01965

  785.0   0.01957

  786.0   0.01956

  787.0   0.01951

  788.0   0.01947

  789.0   0.01940

  790.0   0.01935

  791.0   0.01931

  792.0   0.01926

  793.0   0.01929

  794.0   0.01923

  795.0   0.01921

  796.0   0.01913

  797.0   0.01913

  798.0   0.01909

  799.0   0.01903

  800.0   0.01895

 
