ser ID: DU600

Method ID: A:\DEFAULT

Date: 07/30/00

Time: 05:52

 200.0   3.08386

  201.0   3.15045

  202.0   3.18639

  203.0   3.22220

  204.0   3.25864

  205.0   3.29623

  206.0   2.72591

  207.0   2.76080

  208.0   3.39967

  209.0   3.43965

  210.0   3.47436

  211.0   3.50947

  212.0   3.07139

  213.0   3.58973

  214.0   3.62418

  215.0   3.35315

  216.0   3.68628

  217.0   3.24494

  218.0   3.75182

  219.0   3.17370

  220.0   2.84122

  221.0   3.33506

  222.0   3.22602

  223.0   3.36493

  224.0   3.55340

  225.0   3.02196

  226.0   3.03486

  227.0   2.85065

  228.0   3.30141

  229.0   3.31265

  230.0   3.08130

  231.0   3.15796

  232.0   2.94532

  233.0   2.95245

  234.0   2.91855

  235.0   2.88583

  236.0   2.96914

  237.0   2.89270

  238.0   2.97382

  239.0   2.77058

  240.0   2.63227

  241.0   2.51138

  242.0   2.48121

  243.0   2.43919

  244.0   2.34505

  245.0   2.23295

  246.0   2.12910

  247.0   2.05960

  248.0   1.98915

  249.0   1.89954

  250.0   1.84673

  251.0   1.77362

  252.0   1.73143

  253.0   1.66471

  254.0   1.60201

  255.0   1.52848

  256.0   1.49030

  257.0   1.44478

  258.0   1.39308

  259.0   1.33704

  260.0   1.28786

  261.0   1.24696

  262.0   1.19638

  263.0   1.15550

  264.0   1.11707

  265.0   1.08517

  266.0   1.05222

  267.0   1.02859

  268.0   0.99306

  269.0   0.95980

  270.0   0.93049

  271.0   0.90270

  272.0   0.87994

  273.0   0.85465

  274.0   0.82792

  275.0   0.79993

  276.0   0.77426

  277.0   0.74728

  278.0   0.71709

  279.0   0.68944

  280.0   0.66269

  281.0   0.63233

  282.0   0.60548

  283.0   0.57939

  284.0   0.55498

  285.0   0.52578

  286.0   0.49986

  287.0   0.47671

  288.0   0.45196

  289.0   0.43081

  290.0   0.41049

  291.0   0.39218

  292.0   0.37489

  293.0   0.35914

  294.0   0.34467

  295.0   0.32947

  296.0   0.31568

  297.0   0.30226

  298.0   0.28979

  299.0   0.27749

  300.0   0.26737

  301.0   0.25802

  302.0   0.24738

  303.0   0.23876

  304.0   0.23036

  305.0   0.22397

  306.0   0.21662

  307.0   0.21052

  308.0   0.20413

  309.0   0.19833

  310.0   0.19274

  311.0   0.18667

  312.0   0.18165

  313.0   0.17815

  314.0   0.17485

  315.0   0.17103

  316.0   0.16887

  317.0   0.16587

  318.0   0.16414

  319.0   0.16348

  320.0   0.16249

  321.0   0.16381

  322.0   0.16456

  323.0   0.16527

  324.0   0.16744

  325.0   0.16973

  326.0   0.17261

  327.0   0.17665

  328.0   0.18013

  329.0   0.18440

  330.0   0.18825

  331.0   0.19146

  332.0   0.19679

  333.0   0.20190

  334.0   0.20691

  335.0   0.21214

  336.0   0.21731

  337.0   0.22282

  338.0   0.22828

  339.0   0.23333

  340.0   0.23987

  341.0   0.24638

  342.0   0.25192

  343.0   0.25768

  344.0   0.26321

  345.0   0.26838

  346.0   0.27144

  347.0   0.27743

  348.0   0.28094

  349.0   0.28412

  350.0   0.28715

  351.0   0.29009

  352.0   0.29135

  353.0   0.29209

  354.0   0.29370

  355.0   0.29426

  356.0   0.29407

  357.0   0.29402

  358.0   0.29222

  359.0   0.29053

  360.0   0.28705

  361.0   0.28432

  362.0   0.28042

  363.0   0.27646

  364.0   0.27256

  365.0   0.26708

  366.0   0.26339

  367.0   0.25833

  368.0   0.25354

  369.0   0.24791

  370.0   0.24237

  371.0   0.23754

  372.0   0.23252

  373.0   0.22794

  374.0   0.22266

  375.0   0.21810

  376.0   0.21367

  377.0   0.20852

  378.0   0.20349

  379.0   0.19903

  380.0   0.19523

  381.0   0.19023

  382.0   0.18585

  383.0   0.18185

  384.0   0.17796

  385.0   0.17354

  386.0   0.16919

  387.0   0.16545

  388.0   0.16199

  389.0   0.15770

  390.0   0.15469

  391.0   0.15151

  392.0   0.14773

  393.0   0.14473

  394.0   0.14120

  395.0   0.13867

  396.0   0.13583

  397.0   0.13286

  398.0   0.13059

  399.0   0.12757

  400.0   0.12497

  401.0   0.12259

  402.0   0.12038

  403.0   0.11825

  404.0   0.11607

  405.0   0.11373

  406.0   0.11188

  407.0   0.10919

  408.0   0.10703

  409.0   0.10473

  410.0   0.10293

  411.0   0.10103

  412.0   0.09875

  413.0   0.09667

  414.0   0.09430

  415.0   0.09323

  416.0   0.08870

  417.0   0.08644

  418.0   0.08407

  419.0   0.08179

  420.0   0.07958

  421.0   0.07723

  422.0   0.07510

  423.0   0.07300

  424.0   0.07081

  425.0   0.06889

  426.0   0.06679

  427.0   0.06486

  428.0   0.06293

  429.0   0.06087

  430.0   0.05907

  431.0   0.05721

  432.0   0.05555

  433.0   0.05392

  434.0   0.05234

  435.0   0.05093

  436.0   0.04937

  437.0   0.04812

  438.0   0.04681

  439.0   0.04556

  440.0   0.04450

  441.0   0.04323

  442.0   0.04211

  443.0   0.04108

  444.0   0.04014

  445.0   0.03901

  446.0   0.03805

  447.0   0.03707

  448.0   0.03636

  449.0   0.03557

  450.0   0.03494

  451.0   0.03421

  452.0   0.03326

  453.0   0.03249

  454.0   0.03175

  455.0   0.03114

  456.0   0.03047

  457.0   0.02985

  458.0   0.02936

  459.0   0.02857

  460.0   0.02795

  461.0   0.02730

  462.0   0.02683

  463.0   0.02632

  464.0   0.02568

  465.0   0.02518

  466.0   0.02462

  467.0   0.02417

  468.0   0.02362

  469.0   0.02326

  470.0   0.02281

  471.0   0.02254

  472.0   0.02222

  473.0   0.02199

  474.0   0.02167

  475.0   0.02143

  476.0   0.02109

  477.0   0.02080

  478.0   0.02059

  479.0   0.02038

  480.0   0.02022

  481.0   0.01998

  482.0   0.01978

  483.0   0.01956

  484.0   0.01935

  485.0   0.01917

  486.0   0.01898

  487.0   0.01885

  488.0   0.01860

  489.0   0.01853

  490.0   0.01835

  491.0   0.01829

  492.0   0.01807

  493.0   0.01796

  494.0   0.01776

  495.0   0.01767

  496.0   0.01744

  497.0   0.01728

  498.0   0.01714

  499.0   0.01701

  500.0   0.01694

  501.0   0.01677

  502.0   0.01671

  503.0   0.01665

  504.0   0.01658

  505.0   0.01649

  506.0   0.01648

  507.0   0.01643

  508.0   0.01634

  509.0   0.01632

  510.0   0.01629

  511.0   0.01622

  512.0   0.01615

  513.0   0.01609

  514.0   0.01606

  515.0   0.01602

  516.0   0.01604

  517.0   0.01599

  518.0   0.01594

  519.0   0.01587

  520.0   0.01587

  521.0   0.01584

  522.0   0.01578

  523.0   0.01572

  524.0   0.01573

  525.0   0.01566

  526.0   0.01560

  527.0   0.01564

  528.0   0.01561

  529.0   0.01560

  530.0   0.01558

  531.0   0.01558

  532.0   0.01561

  533.0   0.01562

  534.0   0.01558

  535.0   0.01561

  536.0   0.01556

  537.0   0.01556

  538.0   0.01555

  539.0   0.01552

  540.0   0.01553

  541.0   0.01550

  542.0   0.01551

  543.0   0.01542

  544.0   0.01538

  545.0   0.01540

  546.0   0.01537

  547.0   0.01546

  548.0   0.01550

  549.0   0.01554

  550.0   0.01561

  551.0   0.01567

  552.0   0.01572

  553.0   0.01568

  554.0   0.01568

  555.0   0.01565

  556.0   0.01565

  557.0   0.01637

  558.0   0.01635

  559.0   0.01631

  560.0   0.01628

  561.0   0.01631

  562.0   0.01633

  563.0   0.01635

  564.0   0.01633

  565.0   0.01636

  566.0   0.01636

  567.0   0.01637

  568.0   0.01636

  569.0   0.01639

  570.0   0.01640

  571.0   0.01639

  572.0   0.01642

  573.0   0.01643

  574.0   0.01642

  575.0   0.01641

  576.0   0.01637

  577.0   0.01637

  578.0   0.01633

  579.0   0.01637

  580.0   0.01634

  581.0   0.01631

  582.0   0.01631

  583.0   0.01628

  584.0   0.01633

  585.0   0.01635

  586.0   0.01637

  587.0   0.01637

  588.0   0.01637

  589.0   0.01632

  590.0   0.01633

  591.0   0.01629

  592.0   0.01632

  593.0   0.01629

  594.0   0.01633

  595.0   0.01634

  596.0   0.01639

  597.0   0.01640

  598.0   0.01640

  599.0   0.01640

  600.0   0.01642

  601.0   0.01643

  602.0   0.01642

  603.0   0.01646

  604.0   0.01648

  605.0   0.01652

  606.0   0.01651

  607.0   0.01655

  608.0   0.01657

  609.0   0.01659

  610.0   0.01665

  611.0   0.01668

  612.0   0.01672

  613.0   0.01668

  614.0   0.01672

  615.0   0.01670

  616.0   0.01674

  617.0   0.01674

  618.0   0.01675

  619.0   0.01680

  620.0   0.01678

  621.0   0.01681

  622.0   0.01688

  623.0   0.01690

  624.0   0.01692

  625.0   0.01691

  626.0   0.01690

  627.0   0.01691

  628.0   0.01694

  629.0   0.01690

  630.0   0.01691

  631.0   0.01694

  632.0   0.01692

  633.0   0.01699

  634.0   0.01702

  635.0   0.01701

  636.0   0.01698

  637.0   0.01701

  638.0   0.01697

  639.0   0.01693

  640.0   0.01687

  641.0   0.01685

  642.0   0.01680

  643.0   0.01677

  644.0   0.01679

  645.0   0.01677

  646.0   0.01677

  647.0   0.01676

  648.0   0.01679

  649.0   0.01675

  650.0   0.01676

  651.0   0.01673

  652.0   0.01676

  653.0   0.01677

  654.0   0.01676

  655.0   0.01674

  656.0   0.01671

  657.0   0.01670

  658.0   0.01668

  659.0   0.01665

  660.0   0.01667

  661.0   0.01668

  662.0   0.01675

  663.0   0.01673

  664.0   0.01678

  665.0   0.01678

  666.0   0.01677

  667.0   0.01674

  668.0   0.01671

  669.0   0.01674

  670.0   0.01672

  671.0   0.01678

  672.0   0.01678

  673.0   0.01679

  674.0   0.01680

  675.0   0.01677

  676.0   0.01675

  677.0   0.01670

  678.0   0.01670

  679.0   0.01667

  680.0   0.01665

  681.0   0.01663

  682.0   0.01661

  683.0   0.01661

  684.0   0.01663

  685.0   0.01664

  686.0   0.01665

  687.0   0.01663

  688.0   0.01664

  689.0   0.01667

  690.0   0.01665

  691.0   0.01665

  692.0   0.01663

  693.0   0.01661

  694.0   0.01663

  695.0   0.01667

  696.0   0.01668

  697.0   0.01667

  698.0   0.01666

  699.0   0.01661

  700.0   0.01662

  701.0   0.01661

  702.0   0.01659

  703.0   0.01659

  704.0   0.01654

  705.0   0.01656

  706.0   0.01660

  707.0   0.01659

  708.0   0.01662

  709.0   0.01658

  710.0   0.01660

  711.0   0.01659

  712.0   0.01654

  713.0   0.01655

  714.0   0.01654

  715.0   0.01651

  716.0   0.01646

  717.0   0.01641

  718.0   0.01638

  719.0   0.01640

  720.0   0.01637

  721.0   0.01631

  722.0   0.01633

  723.0   0.01625

  724.0   0.01621

  725.0   0.01615

  726.0   0.01620

  727.0   0.01613

  728.0   0.01612

  729.0   0.01612

  730.0   0.01613

  731.0   0.01613

  732.0   0.01611

  733.0   0.01610

  734.0   0.01605

  735.0   0.01605

  736.0   0.01687

  737.0   0.01682

  738.0   0.01680

  739.0   0.01677

  740.0   0.01670

  741.0   0.01664

  742.0   0.01659

  743.0   0.01657

  744.0   0.01652

  745.0   0.01643

  746.0   0.01644

  747.0   0.01635

  748.0   0.01637

  749.0   0.01631

  750.0   0.01628

  751.0   0.01623

  752.0   0.01618

  753.0   0.01613

  754.0   0.01609

  755.0   0.01609

  756.0   0.01597

  757.0   0.01599

  758.0   0.01590

  759.0   0.01586

  760.0   0.01579

  761.0   0.01575

  762.0   0.01574

  763.0   0.01567

  764.0   0.01563

  765.0   0.01560

  766.0   0.01554

  767.0   0.01550

  768.0   0.01544

  769.0   0.01541

  770.0   0.01538

  771.0   0.01532

  772.0   0.01521

  773.0   0.01515

  774.0   0.01509

  775.0   0.01506

  776.0   0.01509

  777.0   0.01495

  778.0   0.01492

  779.0   0.01489

  780.0   0.01492

  781.0   0.01492

  782.0   0.01495

  783.0   0.01495

  784.0   0.01484

  785.0   0.01475

  786.0   0.01473

  787.0   0.01467

  788.0   0.01468

  789.0   0.01468

  790.0   0.01463

  791.0   0.01454

  792.0   0.01451

  793.0   0.01454

  794.0   0.01440

  795.0   0.01443

  796.0   0.01432

  797.0   0.01431

  798.0   0.01427

  799.0   0.01420

  800.0   0.01415

 
