ser ID: DU600

Method ID: A:\DEFAULT

Date: 07/30/00

Time: 06:19

 200.0   2.78283

  201.0   3.15045

  202.0   3.18639

  203.0   3.22220

  204.0   3.25864

  205.0   3.29623

  206.0   3.32797

  207.0   3.36286

  208.0   3.39967

  209.0   3.43965

  210.0   3.47436

  211.0   3.03235

  212.0   2.77036

  213.0   2.98767

  214.0   2.92521

  215.0   2.95521

  216.0   2.73204

  217.0   2.76782

  218.0   2.90672

  219.0   3.29863

  220.0   3.09649

  221.0   3.51115

  222.0   3.22602

  223.0   3.14308

  224.0   3.37731

  225.0   3.16808

  226.0   2.97687

  227.0   3.19307

  228.0   3.05837

  229.0   2.80077

  230.0   2.88500

  231.0   2.70566

  232.0   2.62310

  233.0   2.59073

  234.0   2.57974

  235.0   2.58480

  236.0   2.60741

  237.0   2.54051

  238.0   2.49670

  239.0   2.45618

  240.0   2.37264

  241.0   2.32056

  242.0   2.26500

  243.0   2.18534

  244.0   2.11704

  245.0   2.05686

  246.0   1.98848

  247.0   1.90415

  248.0   1.83236

  249.0   1.76406

  250.0   1.70309

  251.0   1.64130

  252.0   1.59837

  253.0   1.55059

  254.0   1.50885

  255.0   1.46256

  256.0   1.42311

  257.0   1.38566

  258.0   1.35046

  259.0   1.31343

  260.0   1.27486

  261.0   1.23693

  262.0   1.19546

  263.0   1.15719

  264.0   1.12259

  265.0   1.08739

  266.0   1.05222

  267.0   1.02327

  268.0   0.98685

  269.0   0.95456

  270.0   0.91903

  271.0   0.88675

  272.0   0.85844

  273.0   0.82743

  274.0   0.79291

  275.0   0.76257

  276.0   0.73152

  277.0   0.70107

  278.0   0.66774

  279.0   0.63936

  280.0   0.61202

  281.0   0.58251

  282.0   0.55841

  283.0   0.53438

  284.0   0.51111

  285.0   0.48694

  286.0   0.46548

  287.0   0.44619

  288.0   0.42579

  289.0   0.40903

  290.0   0.39325

  291.0   0.37908

  292.0   0.36467

  293.0   0.35295

  294.0   0.34182

  295.0   0.32918

  296.0   0.32037

  297.0   0.31002

  298.0   0.30103

  299.0   0.29183

  300.0   0.28381

  301.0   0.27744

  302.0   0.26981

  303.0   0.26407

  304.0   0.25819

  305.0   0.25409

  306.0   0.24822

  307.0   0.24449

  308.0   0.24042

  309.0   0.23565

  310.0   0.23120

  311.0   0.22686

  312.0   0.22302

  313.0   0.22006

  314.0   0.21657

  315.0   0.21280

  316.0   0.20953

  317.0   0.20733

  318.0   0.20511

  319.0   0.20289

  320.0   0.20226

  321.0   0.20217

  322.0   0.19998

  323.0   0.20018

  324.0   0.20091

  325.0   0.20088

  326.0   0.20189

  327.0   0.20283

  328.0   0.20446

  329.0   0.20581

  330.0   0.20858

  331.0   0.20905

  332.0   0.21181

  333.0   0.21175

  334.0   0.21424

  335.0   0.21620

  336.0   0.21912

  337.0   0.22115

  338.0   0.22312

  339.0   0.22631

  340.0   0.22913

  341.0   0.23235

  342.0   0.23470

  343.0   0.23741

  344.0   0.24063

  345.0   0.24350

  346.0   0.24520

  347.0   0.24754

  348.0   0.24902

  349.0   0.25029

  350.0   0.25191

  351.0   0.25289

  352.0   0.25280

  353.0   0.25323

  354.0   0.25321

  355.0   0.25214

  356.0   0.25120

  357.0   0.25208

  358.0   0.25004

  359.0   0.24812

  360.0   0.24447

  361.0   0.24115

  362.0   0.23822

  363.0   0.23429

  364.0   0.23139

  365.0   0.22671

  366.0   0.22333

  367.0   0.21885

  368.0   0.21489

  369.0   0.21155

  370.0   0.20747

  371.0   0.20356

  372.0   0.19902

  373.0   0.19564

  374.0   0.19152

  375.0   0.18788

  376.0   0.18368

  377.0   0.17982

  378.0   0.17617

  379.0   0.17267

  380.0   0.16919

  381.0   0.16545

  382.0   0.16208

  383.0   0.15828

  384.0   0.15551

  385.0   0.15220

  386.0   0.14928

  387.0   0.14625

  388.0   0.14351

  389.0   0.14052

  390.0   0.13829

  391.0   0.13607

  392.0   0.13334

  393.0   0.13145

  394.0   0.12895

  395.0   0.12678

  396.0   0.12458

  397.0   0.12276

  398.0   0.12070

  399.0   0.11850

  400.0   0.11643

  401.0   0.11467

  402.0   0.11298

  403.0   0.11107

  404.0   0.10909

  405.0   0.10701

  406.0   0.10519

  407.0   0.10292

  408.0   0.10119

  409.0   0.09908

  410.0   0.09708

  411.0   0.09532

  412.0   0.09306

  413.0   0.09112

  414.0   0.08858

  415.0   0.08760

  416.0   0.08265

  417.0   0.08040

  418.0   0.07782

  419.0   0.07565

  420.0   0.07326

  421.0   0.07101

  422.0   0.06872

  423.0   0.06655

  424.0   0.06439

  425.0   0.06217

  426.0   0.06013

  427.0   0.05815

  428.0   0.05632

  429.0   0.05438

  430.0   0.05262

  431.0   0.05081

  432.0   0.04937

  433.0   0.04773

  434.0   0.04643

  435.0   0.04499

  436.0   0.04352

  437.0   0.04247

  438.0   0.04141

  439.0   0.04022

  440.0   0.03933

  441.0   0.03827

  442.0   0.03730

  443.0   0.03650

  444.0   0.03574

  445.0   0.03478

  446.0   0.03422

  447.0   0.03349

  448.0   0.03288

  449.0   0.03218

  450.0   0.03168

  451.0   0.03104

  452.0   0.03048

  453.0   0.02991

  454.0   0.02941

  455.0   0.02887

  456.0   0.02847

  457.0   0.02795

  458.0   0.02756

  459.0   0.02699

  460.0   0.02654

  461.0   0.02587

  462.0   0.02554

  463.0   0.02499

  464.0   0.02446

  465.0   0.02405

  466.0   0.02360

  467.0   0.02320

  468.0   0.02285

  469.0   0.02259

  470.0   0.02226

  471.0   0.02210

  472.0   0.02180

  473.0   0.02161

  474.0   0.02149

  475.0   0.02131

  476.0   0.02109

  477.0   0.02088

  478.0   0.02076

  479.0   0.02059

  480.0   0.02046

  481.0   0.02027

  482.0   0.02013

  483.0   0.01996

  484.0   0.01984

  485.0   0.01975

  486.0   0.01962

  487.0   0.01949

  488.0   0.01932

  489.0   0.01923

  490.0   0.01909

  491.0   0.01896

  492.0   0.01888

  493.0   0.01883

  494.0   0.01868

  495.0   0.01862

  496.0   0.01851

  497.0   0.01837

  498.0   0.01825

  499.0   0.01814

  500.0   0.01811

  501.0   0.01797

  502.0   0.01794

  503.0   0.01796

  504.0   0.01783

  505.0   0.01788

  506.0   0.01786

  507.0   0.01786

  508.0   0.01779

  509.0   0.01784

  510.0   0.01782

  511.0   0.01784

  512.0   0.01774

  513.0   0.01777

  514.0   0.01775

  515.0   0.01771

  516.0   0.01773

  517.0   0.01770

  518.0   0.01774

  519.0   0.01766

  520.0   0.01764

  521.0   0.01760

  522.0   0.01758

  523.0   0.01752

  524.0   0.01750

  525.0   0.01746

  526.0   0.01745

  527.0   0.01756

  528.0   0.01755

  529.0   0.01763

  530.0   0.01765

  531.0   0.01763

  532.0   0.01764

  533.0   0.01762

  534.0   0.01759

  535.0   0.01762

  536.0   0.01762

  537.0   0.01764

  538.0   0.01766

  539.0   0.01766

  540.0   0.01767

  541.0   0.01764

  542.0   0.01766

  543.0   0.01763

  544.0   0.01763

  545.0   0.01768

  546.0   0.01768

  547.0   0.01776

  548.0   0.01782

  549.0   0.01787

  550.0   0.01795

  551.0   0.01804

  552.0   0.01813

  553.0   0.01815

  554.0   0.01825

  555.0   0.01830

  556.0   0.01829

  557.0   0.01987

  558.0   0.01981

  559.0   0.01974

  560.0   0.01972

  561.0   0.01968

  562.0   0.01964

  563.0   0.01965

  564.0   0.01960

  565.0   0.01952

  566.0   0.01953

  567.0   0.01958

  568.0   0.01956

  569.0   0.01961

  570.0   0.01958

  571.0   0.01956

  572.0   0.01959

  573.0   0.01962

  574.0   0.01957

  575.0   0.01956

  576.0   0.01952

  577.0   0.01946

  578.0   0.01944

  579.0   0.01940

  580.0   0.01935

  581.0   0.01928

  582.0   0.01926

  583.0   0.01925

  584.0   0.01931

  585.0   0.01934

  586.0   0.01940

  587.0   0.01943

  588.0   0.01944

  589.0   0.01944

  590.0   0.01945

  591.0   0.01943

  592.0   0.01947

  593.0   0.01944

  594.0   0.01948

  595.0   0.01954

  596.0   0.01961

  597.0   0.01964

  598.0   0.01968

  599.0   0.01974

  600.0   0.01980

  601.0   0.01986

  602.0   0.01990

  603.0   0.01993

  604.0   0.01995

  605.0   0.02003

  606.0   0.02005

  607.0   0.02012

  608.0   0.02017

  609.0   0.02020

  610.0   0.02025

  611.0   0.02027

  612.0   0.02030

  613.0   0.02025

  614.0   0.02030

  615.0   0.02026

  616.0   0.02035

  617.0   0.02036

  618.0   0.02038

  619.0   0.02041

  620.0   0.02035

  621.0   0.02043

  622.0   0.02047

  623.0   0.02050

  624.0   0.02050

  625.0   0.02048

  626.0   0.02050

  627.0   0.02049

  628.0   0.02053

  629.0   0.02055

  630.0   0.02058

  631.0   0.02054

  632.0   0.02050

  633.0   0.02051

  634.0   0.02049

  635.0   0.02047

  636.0   0.02041

  637.0   0.02040

  638.0   0.02037

  639.0   0.02032

  640.0   0.02031

  641.0   0.02029

  642.0   0.02024

  643.0   0.02024

  644.0   0.02026

  645.0   0.02024

  646.0   0.02021

  647.0   0.02021

  648.0   0.02020

  649.0   0.02021

  650.0   0.02020

  651.0   0.02017

  652.0   0.02020

  653.0   0.02020

  654.0   0.02023

  655.0   0.02020

  656.0   0.02022

  657.0   0.02024

  658.0   0.02025

  659.0   0.02022

  660.0   0.02025

  661.0   0.02022

  662.0   0.02022

  663.0   0.02018

  664.0   0.02016

  665.0   0.02016

  666.0   0.02011

  667.0   0.02008

  668.0   0.02004

  669.0   0.02008

  670.0   0.02001

  671.0   0.02002

  672.0   0.01995

  673.0   0.01994

  674.0   0.01994

  675.0   0.01994

  676.0   0.01992

  677.0   0.01990

  678.0   0.01989

  679.0   0.01993

  680.0   0.01989

  681.0   0.01985

  682.0   0.01985

  683.0   0.01983

  684.0   0.01979

  685.0   0.01983

  686.0   0.01981

  687.0   0.01978

  688.0   0.01977

  689.0   0.01978

  690.0   0.01976

  691.0   0.01975

  692.0   0.01978

  693.0   0.01975

  694.0   0.01975

  695.0   0.01982

  696.0   0.01979

  697.0   0.01980

  698.0   0.01982

  699.0   0.01977

  700.0   0.01976

  701.0   0.01975

  702.0   0.01966

  703.0   0.01968

  704.0   0.01959

  705.0   0.01955

  706.0   0.01954

  707.0   0.01953

  708.0   0.01952

  709.0   0.01946

  710.0   0.01946

  711.0   0.01936

  712.0   0.01929

  713.0   0.01926

  714.0   0.01922

  715.0   0.01923

  716.0   0.01916

  717.0   0.01917

  718.0   0.01914

  719.0   0.01909

  720.0   0.01906

  721.0   0.01899

  722.0   0.01899

  723.0   0.01891

  724.0   0.01885

  725.0   0.01879

  726.0   0.01875

  727.0   0.01865

  728.0   0.01862

  729.0   0.01861

  730.0   0.01859

  731.0   0.01857

  732.0   0.01851

  733.0   0.01850

  734.0   0.01842

  735.0   0.01841

  736.0   0.01992

  737.0   0.01975

  738.0   0.01964

  739.0   0.01954

  740.0   0.01942

  741.0   0.01932

  742.0   0.01921

  743.0   0.01908

  744.0   0.01903

  745.0   0.01893

  746.0   0.01888

  747.0   0.01874

  748.0   0.01875

  749.0   0.01867

  750.0   0.01859

  751.0   0.01853

  752.0   0.01846

  753.0   0.01833

  754.0   0.01823

  755.0   0.01823

  756.0   0.01819

  757.0   0.01816

  758.0   0.01816

  759.0   0.01809

  760.0   0.01805

  761.0   0.01802

  762.0   0.01795

  763.0   0.01788

  764.0   0.01782

  765.0   0.01773

  766.0   0.01759

  767.0   0.01753

  768.0   0.01741

  769.0   0.01733

  770.0   0.01730

  771.0   0.01719

  772.0   0.01711

  773.0   0.01705

  774.0   0.01697

  775.0   0.01694

  776.0   0.01694

  777.0   0.01684

  778.0   0.01675

  779.0   0.01673

  780.0   0.01665

  781.0   0.01662

  782.0   0.01663

  783.0   0.01663

  784.0   0.01658

  785.0   0.01647

  786.0   0.01647

  787.0   0.01642

  788.0   0.01643

  789.0   0.01632

  790.0   0.01630

  791.0   0.01622

  792.0   0.01614

  793.0   0.01617

  794.0   0.01601

  795.0   0.01598

  796.0   0.01590

  797.0   0.01589

  798.0   0.01588

  799.0   0.01581

  800.0   0.01577

 
