ser ID: DU600

Method ID: A:\DEFAULT

Date: 07/30/00

Time: 09:12

 200.0   2.30571

  201.0   2.67333

  202.0   2.58433

  203.0   2.31911

  204.0   2.78152

  205.0   3.29623

  206.0   3.32797

  207.0   3.36286

  208.0   3.09864

  209.0   2.96253

  210.0   3.17333

  211.0   3.20844

  212.0   3.07139

  213.0   3.58973

  214.0   3.14706

  215.0   3.05212

  216.0   3.68628

  217.0   3.24494

  218.0   2.90672

  219.0   2.93066

  220.0   2.84122

  221.0   2.85794

  222.0   2.82808

  223.0   2.63793

  224.0   2.62398

  225.0   2.52463

  226.0   2.53753

  227.0   2.44488

  228.0   2.34717

  229.0   2.30193

  230.0   2.23620

  231.0   2.15796

  232.0   2.11281

  233.0   2.04397

  234.0   1.99146

  235.0   1.94798

  236.0   1.91992

  237.0   1.85461

  238.0   1.82153

  239.0   1.76787

  240.0   1.74170

  241.0   1.70193

  242.0   1.66722

  243.0   1.61849

  244.0   1.58269

  245.0   1.53559

  246.0   1.49623

  247.0   1.44003

  248.0   1.39303

  249.0   1.34453

  250.0   1.29822

  251.0   1.25854

  252.0   1.22441

  253.0   1.19800

  254.0   1.17630

  255.0   1.15320

  256.0   1.13428

  257.0   1.11671

  258.0   1.10305

  259.0   1.09089

  260.0   1.07154

  261.0   1.05493

  262.0   1.02582

  263.0   0.99841

  264.0   0.97128

  265.0   0.94392

  266.0   0.91221

  267.0   0.88448

  268.0   0.85170

  269.0   0.81779

  270.0   0.77809

  271.0   0.74207

  272.0   0.70906

  273.0   0.67351

  274.0   0.63491

  275.0   0.60045

  276.0   0.56884

  277.0   0.53832

  278.0   0.50858

  279.0   0.48458

  280.0   0.46249

  281.0   0.43955

  282.0   0.42240

  283.0   0.40607

  284.0   0.39210

  285.0   0.37880

  286.0   0.36665

  287.0   0.35548

  288.0   0.34530

  289.0   0.33675

  290.0   0.32984

  291.0   0.32365

  292.0   0.31762

  293.0   0.31179

  294.0   0.30858

  295.0   0.30459

  296.0   0.30123

  297.0   0.29871

  298.0   0.29612

  299.0   0.29345

  300.0   0.29254

  301.0   0.29040

  302.0   0.28910

  303.0   0.28850

  304.0   0.28723

  305.0   0.28701

  306.0   0.28589

  307.0   0.28554

  308.0   0.28466

  309.0   0.28386

  310.0   0.28127

  311.0   0.27922

  312.0   0.27691

  313.0   0.27544

  314.0   0.27251

  315.0   0.26949

  316.0   0.26630

  317.0   0.26275

  318.0   0.25971

  319.0   0.25708

  320.0   0.25434

  321.0   0.25354

  322.0   0.24786

  323.0   0.24537

  324.0   0.24313

  325.0   0.24005

  326.0   0.23729

  327.0   0.23533

  328.0   0.23278

  329.0   0.22975

  330.0   0.22739

  331.0   0.22378

  332.0   0.22006

  333.0   0.21630

  334.0   0.21439

  335.0   0.20916

  336.0   0.20617

  337.0   0.20310

  338.0   0.19959

  339.0   0.19676

  340.0   0.19334

  341.0   0.19152

  342.0   0.18803

  343.0   0.18563

  344.0   0.18331

  345.0   0.18101

  346.0   0.17705

  347.0   0.17444

  348.0   0.17285

  349.0   0.16947

  350.0   0.16723

  351.0   0.16418

  352.0   0.16195

  353.0   0.15869

  354.0   0.15673

  355.0   0.15485

  356.0   0.15283

  357.0   0.15204

  358.0   0.14884

  359.0   0.14569

  360.0   0.14299

  361.0   0.14081

  362.0   0.13836

  363.0   0.13597

  364.0   0.13384

  365.0   0.13097

  366.0   0.12896

  367.0   0.12670

  368.0   0.12482

  369.0   0.12242

  370.0   0.12094

  371.0   0.11925

  372.0   0.11669

  373.0   0.11521

  374.0   0.11315

  375.0   0.11146

  376.0   0.10947

  377.0   0.10770

  378.0   0.10556

  379.0   0.10449

  380.0   0.10279

  381.0   0.10137

  382.0   0.09947

  383.0   0.09786

  384.0   0.09711

  385.0   0.09595

  386.0   0.09506

  387.0   0.09397

  388.0   0.09273

  389.0   0.09197

  390.0   0.09184

  391.0   0.09090

  392.0   0.09032

  393.0   0.09007

  394.0   0.08900

  395.0   0.08874

  396.0   0.08795

  397.0   0.08738

  398.0   0.08667

  399.0   0.08562

  400.0   0.08460

  401.0   0.08389

  402.0   0.08319

  403.0   0.08214

  404.0   0.08117

  405.0   0.07970

  406.0   0.07872

  407.0   0.07723

  408.0   0.07613

  409.0   0.07465

  410.0   0.07341

  411.0   0.07223

  412.0   0.07030

  413.0   0.06874

  414.0   0.06671

  415.0   0.06585

  416.0   0.06133

  417.0   0.05950

  418.0   0.05727

  419.0   0.05540

  420.0   0.05334

  421.0   0.05157

  422.0   0.04971

  423.0   0.04784

  424.0   0.04577

  425.0   0.04406

  426.0   0.04232

  427.0   0.04082

  428.0   0.03923

  429.0   0.03777

  430.0   0.03637

  431.0   0.03501

  432.0   0.03402

  433.0   0.03280

  434.0   0.03187

  435.0   0.03108

  436.0   0.03027

  437.0   0.02968

  438.0   0.02902

  439.0   0.02836

  440.0   0.02788

  441.0   0.02739

  442.0   0.02693

  443.0   0.02646

  444.0   0.02615

  445.0   0.02574

  446.0   0.02535

  447.0   0.02503

  448.0   0.02485

  449.0   0.02453

  450.0   0.02430

  451.0   0.02411

  452.0   0.02371

  453.0   0.02364

  454.0   0.02337

  455.0   0.02335

  456.0   0.02311

  457.0   0.02297

  458.0   0.02281

  459.0   0.02248

  460.0   0.02236

  461.0   0.02200

  462.0   0.02187

  463.0   0.02161

  464.0   0.02139

  465.0   0.02115

  466.0   0.02090

  467.0   0.02078

  468.0   0.02064

  469.0   0.02050

  470.0   0.02040

  471.0   0.02042

  472.0   0.02033

  473.0   0.02041

  474.0   0.02035

  475.0   0.02035

  476.0   0.02027

  477.0   0.02020

  478.0   0.02020

  479.0   0.02019

  480.0   0.02019

  481.0   0.02014

  482.0   0.02011

  483.0   0.02003

  484.0   0.01994

  485.0   0.01992

  486.0   0.01990

  487.0   0.01986

  488.0   0.01978

  489.0   0.01978

  490.0   0.01976

  491.0   0.01971

  492.0   0.01969

  493.0   0.01974

  494.0   0.01971

  495.0   0.01971

  496.0   0.01967

  497.0   0.01962

  498.0   0.01959

  499.0   0.01959

  500.0   0.01962

  501.0   0.01963

  502.0   0.01960

  503.0   0.01966

  504.0   0.01967

  505.0   0.01975

  506.0   0.01978

  507.0   0.01981

  508.0   0.01981

  509.0   0.01986

  510.0   0.01991

  511.0   0.01994

  512.0   0.01994

  513.0   0.02000

  514.0   0.02001

  515.0   0.02001

  516.0   0.02012

  517.0   0.02012

  518.0   0.02017

  519.0   0.02018

  520.0   0.02020

  521.0   0.02027

  522.0   0.02031

  523.0   0.02036

  524.0   0.02038

  525.0   0.02035

  526.0   0.02040

  527.0   0.02047

  528.0   0.02052

  529.0   0.02060

  530.0   0.02072

  531.0   0.02078

  532.0   0.02085

  533.0   0.02091

  534.0   0.02094

  535.0   0.02101

  536.0   0.02104

  537.0   0.02115

  538.0   0.02120

  539.0   0.02126

  540.0   0.02133

  541.0   0.02137

  542.0   0.02147

  543.0   0.02148

  544.0   0.02154

  545.0   0.02165

  546.0   0.02172

  547.0   0.02186

  548.0   0.02196

  549.0   0.02210

  550.0   0.02227

  551.0   0.02241

  552.0   0.02252

  553.0   0.02265

  554.0   0.02273

  555.0   0.02278

  556.0   0.02282

  557.0   0.02560

  558.0   0.02552

  559.0   0.02532

  560.0   0.02526

  561.0   0.02520

  562.0   0.02520

  563.0   0.02519

  564.0   0.02512

  565.0   0.02507

  566.0   0.02496

  567.0   0.02496

  568.0   0.02493

  569.0   0.02492

  570.0   0.02490

  571.0   0.02484

  572.0   0.02485

  573.0   0.02481

  574.0   0.02480

  575.0   0.02478

  576.0   0.02479

  577.0   0.02473

  578.0   0.02475

  579.0   0.02475

  580.0   0.02473

  581.0   0.02471

  582.0   0.02465

  583.0   0.02460

  584.0   0.02467

  585.0   0.02479

  586.0   0.02488

  587.0   0.02493

  588.0   0.02498

  589.0   0.02500

  590.0   0.02504

  591.0   0.02504

  592.0   0.02514

  593.0   0.02520

  594.0   0.02528

  595.0   0.02538

  596.0   0.02548

  597.0   0.02556

  598.0   0.02563

  599.0   0.02567

  600.0   0.02578

  601.0   0.02581

  602.0   0.02585

  603.0   0.02593

  604.0   0.02599

  605.0   0.02609

  606.0   0.02608

  607.0   0.02614

  608.0   0.02618

  609.0   0.02615

  610.0   0.02620

  611.0   0.02623

  612.0   0.02630

  613.0   0.02630

  614.0   0.02636

  615.0   0.02637

  616.0   0.02643

  617.0   0.02640

  618.0   0.02642

  619.0   0.02648

  620.0   0.02643

  621.0   0.02646

  622.0   0.02649

  623.0   0.02651

  624.0   0.02651

  625.0   0.02654

  626.0   0.02654

  627.0   0.02651

  628.0   0.02654

  629.0   0.02654

  630.0   0.02653

  631.0   0.02651

  632.0   0.02650

  633.0   0.02650

  634.0   0.02648

  635.0   0.02647

  636.0   0.02641

  637.0   0.02642

  638.0   0.02642

  639.0   0.02636

  640.0   0.02630

  641.0   0.02627

  642.0   0.02621

  643.0   0.02624

  644.0   0.02624

  645.0   0.02628

  646.0   0.02628

  647.0   0.02625

  648.0   0.02627

  649.0   0.02627

  650.0   0.02622

  651.0   0.02617

  652.0   0.02619

  653.0   0.02618

  654.0   0.02619

  655.0   0.02613

  656.0   0.02614

  657.0   0.02612

  658.0   0.02612

  659.0   0.02610

  660.0   0.02606

  661.0   0.02603

  662.0   0.02601

  663.0   0.02598

  664.0   0.02593

  665.0   0.02589

  666.0   0.02587

  667.0   0.02585

  668.0   0.02579

  669.0   0.02581

  670.0   0.02572

  671.0   0.02573

  672.0   0.02566

  673.0   0.02562

  674.0   0.02564

  675.0   0.02558

  676.0   0.02550

  677.0   0.02541

  678.0   0.02530

  679.0   0.02527

  680.0   0.02525

  681.0   0.02521

  682.0   0.02522

  683.0   0.02516

  684.0   0.02514

  685.0   0.02514

  686.0   0.02508

  687.0   0.02505

  688.0   0.02502

  689.0   0.02502

  690.0   0.02497

  691.0   0.02493

  692.0   0.02489

  693.0   0.02483

  694.0   0.02478

  695.0   0.02482

  696.0   0.02477

  697.0   0.02469

  698.0   0.02468

  699.0   0.02461

  700.0   0.02453

  701.0   0.02448

  702.0   0.02436

  703.0   0.02431

  704.0   0.02423

  705.0   0.02419

  706.0   0.02415

  707.0   0.02408

  708.0   0.02403

  709.0   0.02394

  710.0   0.02391

  711.0   0.02376

  712.0   0.02369

  713.0   0.02356

  714.0   0.02345

  715.0   0.02340

  716.0   0.02323

  717.0   0.02314

  718.0   0.02310

  719.0   0.02299

  720.0   0.02288

  721.0   0.02280

  722.0   0.02276

  723.0   0.02262

  724.0   0.02255

  725.0   0.02247

  726.0   0.02244

  727.0   0.02233

  728.0   0.02228

  729.0   0.02223

  730.0   0.02219

  731.0   0.02215

  732.0   0.02212

  733.0   0.02206

  734.0   0.02198

  735.0   0.02200

  736.0   0.02481

  737.0   0.02445

  738.0   0.02424

  739.0   0.02402

  740.0   0.02380

  741.0   0.02358

  742.0   0.02344

  743.0   0.02327

  744.0   0.02313

  745.0   0.02297

  746.0   0.02287

  747.0   0.02269

  748.0   0.02270

  749.0   0.02256

  750.0   0.02248

  751.0   0.02237

  752.0   0.02229

  753.0   0.02216

  754.0   0.02201

  755.0   0.02196

  756.0   0.02187

  757.0   0.02176

  758.0   0.02165

  759.0   0.02150

  760.0   0.02141

  761.0   0.02129

  762.0   0.02126

  763.0   0.02114

  764.0   0.02108

  765.0   0.02096

  766.0   0.02088

  767.0   0.02085

  768.0   0.02071

  769.0   0.02069

  770.0   0.02066

  771.0   0.02056

  772.0   0.02048

  773.0   0.02037

  774.0   0.02027

  775.0   0.02028

  776.0   0.02023

  777.0   0.02015

  778.0   0.02002

  779.0   0.01991

  780.0   0.01987

  781.0   0.01979

  782.0   0.01974

  783.0   0.01975

  784.0   0.01965

  785.0   0.01960

  786.0   0.01956

  787.0   0.01945

  788.0   0.01950

  789.0   0.01940

  790.0   0.01941

  791.0   0.01933

  792.0   0.01929

  793.0   0.01932

  794.0   0.01914

  795.0   0.01912

  796.0   0.01898

  797.0   0.01898

  798.0   0.01895

  799.0   0.01894

  800.0   0.01887

 
