ser ID: DU600

Method ID: A:\DEFAULT

Date: 07/30/00

Time: 05:58

 200.0   2.48180

  201.0   3.15045

  202.0   3.18639

  203.0   3.22220

  204.0   3.25864

  205.0   3.29623

  206.0   3.32797

  207.0   2.76080

  208.0   2.70070

  209.0   2.83759

  210.0   3.17333

  211.0   2.81050

  212.0   3.24748

  213.0   3.58973

  214.0   3.62418

  215.0   3.35315

  216.0   3.08422

  217.0   3.02309

  218.0   3.75182

  219.0   3.77576

  220.0   3.31834

  221.0   3.81218

  222.0   3.04993

  223.0   3.84205

  224.0   3.07628

  225.0   2.86705

  226.0   3.18099

  227.0   3.11389

  228.0   3.30141

  229.0   3.21574

  230.0   3.22742

  231.0   2.89472

  232.0   2.94532

  233.0   3.10736

  234.0   2.78386

  235.0   2.85107

  236.0   2.79305

  237.0   2.93049

  238.0   2.79773

  239.0   2.63227

  240.0   2.55972

  241.0   2.52662

  242.0   2.44109

  243.0   2.31746

  244.0   2.24402

  245.0   2.18001

  246.0   2.12910

  247.0   2.03815

  248.0   1.94434

  249.0   1.88430

  250.0   1.80692

  251.0   1.74484

  252.0   1.68979

  253.0   1.63713

  254.0   1.58370

  255.0   1.52142

  256.0   1.47568

  257.0   1.42705

  258.0   1.38104

  259.0   1.33947

  260.0   1.29339

  261.0   1.25207

  262.0   1.20284

  263.0   1.16403

  264.0   1.12498

  265.0   1.08888

  266.0   1.05713

  267.0   1.02859

  268.0   0.99810

  269.0   0.96629

  270.0   0.93215

  271.0   0.90585

  272.0   0.87447

  273.0   0.84898

  274.0   0.81857

  275.0   0.79153

  276.0   0.76395

  277.0   0.73609

  278.0   0.70559

  279.0   0.67637

  280.0   0.64764

  281.0   0.61827

  282.0   0.59143

  283.0   0.56637

  284.0   0.54192

  285.0   0.51490

  286.0   0.49170

  287.0   0.47039

  288.0   0.44560

  289.0   0.42494

  290.0   0.40664

  291.0   0.38949

  292.0   0.37296

  293.0   0.35805

  294.0   0.34498

  295.0   0.33078

  296.0   0.31837

  297.0   0.30640

  298.0   0.29544

  299.0   0.28275

  300.0   0.27343

  301.0   0.26538

  302.0   0.25586

  303.0   0.24836

  304.0   0.24058

  305.0   0.23496

  306.0   0.22743

  307.0   0.22151

  308.0   0.21606

  309.0   0.21086

  310.0   0.20636

  311.0   0.20055

  312.0   0.19594

  313.0   0.19204

  314.0   0.18836

  315.0   0.18451

  316.0   0.18125

  317.0   0.17913

  318.0   0.17832

  319.0   0.17696

  320.0   0.17666

  321.0   0.17733

  322.0   0.17623

  323.0   0.17743

  324.0   0.17901

  325.0   0.18170

  326.0   0.18272

  327.0   0.18501

  328.0   0.18828

  329.0   0.19118

  330.0   0.19478

  331.0   0.19818

  332.0   0.20223

  333.0   0.20560

  334.0   0.20989

  335.0   0.21454

  336.0   0.21852

  337.0   0.22282

  338.0   0.22752

  339.0   0.23271

  340.0   0.23755

  341.0   0.24326

  342.0   0.24814

  343.0   0.25213

  344.0   0.25666

  345.0   0.26035

  346.0   0.26369

  347.0   0.26896

  348.0   0.27242

  349.0   0.27423

  350.0   0.27688

  351.0   0.27908

  352.0   0.28065

  353.0   0.28117

  354.0   0.28138

  355.0   0.28071

  356.0   0.28148

  357.0   0.28172

  358.0   0.28001

  359.0   0.27747

  360.0   0.27384

  361.0   0.27065

  362.0   0.26686

  363.0   0.26401

  364.0   0.26021

  365.0   0.25559

  366.0   0.25145

  367.0   0.24705

  368.0   0.24186

  369.0   0.23614

  370.0   0.23128

  371.0   0.22663

  372.0   0.22211

  373.0   0.21797

  374.0   0.21279

  375.0   0.20929

  376.0   0.20433

  377.0   0.19974

  378.0   0.19514

  379.0   0.19123

  380.0   0.18716

  381.0   0.18241

  382.0   0.17838

  383.0   0.17471

  384.0   0.17097

  385.0   0.16722

  386.0   0.16336

  387.0   0.15974

  388.0   0.15625

  389.0   0.15243

  390.0   0.14974

  391.0   0.14682

  392.0   0.14333

  393.0   0.14109

  394.0   0.13799

  395.0   0.13505

  396.0   0.13252

  397.0   0.12990

  398.0   0.12771

  399.0   0.12492

  400.0   0.12268

  401.0   0.12055

  402.0   0.11835

  403.0   0.11618

  404.0   0.11398

  405.0   0.11161

  406.0   0.10974

  407.0   0.10735

  408.0   0.10555

  409.0   0.10330

  410.0   0.10113

  411.0   0.09954

  412.0   0.09721

  413.0   0.09494

  414.0   0.09266

  415.0   0.09146

  416.0   0.08703

  417.0   0.08482

  418.0   0.08221

  419.0   0.08027

  420.0   0.07801

  421.0   0.07562

  422.0   0.07328

  423.0   0.07132

  424.0   0.06893

  425.0   0.06682

  426.0   0.06464

  427.0   0.06269

  428.0   0.06088

  429.0   0.05881

  430.0   0.05714

  431.0   0.05527

  432.0   0.05365

  433.0   0.05195

  434.0   0.05049

  435.0   0.04912

  436.0   0.04755

  437.0   0.04628

  438.0   0.04502

  439.0   0.04392

  440.0   0.04289

  441.0   0.04176

  442.0   0.04067

  443.0   0.03971

  444.0   0.03880

  445.0   0.03784

  446.0   0.03694

  447.0   0.03607

  448.0   0.03534

  449.0   0.03456

  450.0   0.03376

  451.0   0.03309

  452.0   0.03238

  453.0   0.03170

  454.0   0.03097

  455.0   0.03046

  456.0   0.02983

  457.0   0.02926

  458.0   0.02877

  459.0   0.02811

  460.0   0.02762

  461.0   0.02697

  462.0   0.02651

  463.0   0.02592

  464.0   0.02529

  465.0   0.02479

  466.0   0.02424

  467.0   0.02387

  468.0   0.02347

  469.0   0.02308

  470.0   0.02271

  471.0   0.02250

  472.0   0.02212

  473.0   0.02183

  474.0   0.02155

  475.0   0.02134

  476.0   0.02103

  477.0   0.02080

  478.0   0.02065

  479.0   0.02046

  480.0   0.02033

  481.0   0.02008

  482.0   0.01990

  483.0   0.01968

  484.0   0.01952

  485.0   0.01934

  486.0   0.01917

  487.0   0.01902

  488.0   0.01883

  489.0   0.01871

  490.0   0.01848

  491.0   0.01838

  492.0   0.01824

  493.0   0.01822

  494.0   0.01804

  495.0   0.01794

  496.0   0.01778

  497.0   0.01764

  498.0   0.01751

  499.0   0.01740

  500.0   0.01732

  501.0   0.01717

  502.0   0.01711

  503.0   0.01711

  504.0   0.01697

  505.0   0.01698

  506.0   0.01695

  507.0   0.01688

  508.0   0.01684

  509.0   0.01683

  510.0   0.01676

  511.0   0.01673

  512.0   0.01669

  513.0   0.01669

  514.0   0.01664

  515.0   0.01658

  516.0   0.01661

  517.0   0.01654

  518.0   0.01654

  519.0   0.01647

  520.0   0.01649

  521.0   0.01646

  522.0   0.01643

  523.0   0.01637

  524.0   0.01632

  525.0   0.01624

  526.0   0.01624

  527.0   0.01622

  528.0   0.01624

  529.0   0.01625

  530.0   0.01630

  531.0   0.01631

  532.0   0.01633

  533.0   0.01633

  534.0   0.01631

  535.0   0.01632

  536.0   0.01627

  537.0   0.01625

  538.0   0.01620

  539.0   0.01621

  540.0   0.01615

  541.0   0.01617

  542.0   0.01613

  543.0   0.01611

  544.0   0.01609

  545.0   0.01611

  546.0   0.01607

  547.0   0.01611

  548.0   0.01612

  549.0   0.01616

  550.0   0.01625

  551.0   0.01630

  552.0   0.01641

  553.0   0.01639

  554.0   0.01646

  555.0   0.01647

  556.0   0.01648

  557.0   0.01739

  558.0   0.01735

  559.0   0.01729

  560.0   0.01728

  561.0   0.01721

  562.0   0.01721

  563.0   0.01718

  564.0   0.01715

  565.0   0.01713

  566.0   0.01710

  567.0   0.01716

  568.0   0.01716

  569.0   0.01720

  570.0   0.01719

  571.0   0.01721

  572.0   0.01725

  573.0   0.01726

  574.0   0.01729

  575.0   0.01728

  576.0   0.01723

  577.0   0.01722

  578.0   0.01722

  579.0   0.01719

  580.0   0.01716

  581.0   0.01716

  582.0   0.01715

  583.0   0.01714

  584.0   0.01715

  585.0   0.01716

  586.0   0.01718

  587.0   0.01718

  588.0   0.01722

  589.0   0.01715

  590.0   0.01710

  591.0   0.01710

  592.0   0.01708

  593.0   0.01707

  594.0   0.01713

  595.0   0.01715

  596.0   0.01720

  597.0   0.01724

  598.0   0.01722

  599.0   0.01727

  600.0   0.01731

  601.0   0.01733

  602.0   0.01735

  603.0   0.01739

  604.0   0.01740

  605.0   0.01747

  606.0   0.01747

  607.0   0.01756

  608.0   0.01757

  609.0   0.01757

  610.0   0.01761

  611.0   0.01765

  612.0   0.01769

  613.0   0.01770

  614.0   0.01774

  615.0   0.01772

  616.0   0.01779

  617.0   0.01778

  618.0   0.01781

  619.0   0.01786

  620.0   0.01784

  621.0   0.01785

  622.0   0.01791

  623.0   0.01795

  624.0   0.01795

  625.0   0.01795

  626.0   0.01794

  627.0   0.01795

  628.0   0.01794

  629.0   0.01796

  630.0   0.01797

  631.0   0.01798

  632.0   0.01799

  633.0   0.01804

  634.0   0.01807

  635.0   0.01801

  636.0   0.01798

  637.0   0.01799

  638.0   0.01795

  639.0   0.01786

  640.0   0.01784

  641.0   0.01783

  642.0   0.01780

  643.0   0.01778

  644.0   0.01780

  645.0   0.01780

  646.0   0.01775

  647.0   0.01772

  648.0   0.01766

  649.0   0.01760

  650.0   0.01762

  651.0   0.01758

  652.0   0.01763

  653.0   0.01761

  654.0   0.01761

  655.0   0.01760

  656.0   0.01758

  657.0   0.01758

  658.0   0.01759

  659.0   0.01756

  660.0   0.01758

  661.0   0.01757

  662.0   0.01758

  663.0   0.01759

  664.0   0.01761

  665.0   0.01761

  666.0   0.01759

  667.0   0.01759

  668.0   0.01758

  669.0   0.01761

  670.0   0.01759

  671.0   0.01765

  672.0   0.01757

  673.0   0.01758

  674.0   0.01755

  675.0   0.01755

  676.0   0.01753

  677.0   0.01751

  678.0   0.01754

  679.0   0.01749

  680.0   0.01746

  681.0   0.01743

  682.0   0.01738

  683.0   0.01741

  684.0   0.01738

  685.0   0.01739

  686.0   0.01742

  687.0   0.01744

  688.0   0.01744

  689.0   0.01743

  690.0   0.01742

  691.0   0.01744

  692.0   0.01742

  693.0   0.01742

  694.0   0.01737

  695.0   0.01740

  696.0   0.01744

  697.0   0.01742

  698.0   0.01745

  699.0   0.01743

  700.0   0.01746

  701.0   0.01746

  702.0   0.01742

  703.0   0.01744

  704.0   0.01740

  705.0   0.01741

  706.0   0.01741

  707.0   0.01738

  708.0   0.01733

  709.0   0.01729

  710.0   0.01733

  711.0   0.01728

  712.0   0.01724

  713.0   0.01721

  714.0   0.01721

  715.0   0.01718

  716.0   0.01711

  717.0   0.01707

  718.0   0.01700

  719.0   0.01700

  720.0   0.01700

  721.0   0.01696

  722.0   0.01699

  723.0   0.01691

  724.0   0.01683

  725.0   0.01680

  726.0   0.01679

  727.0   0.01672

  728.0   0.01670

  729.0   0.01667

  730.0   0.01667

  731.0   0.01667

  732.0   0.01670

  733.0   0.01663

  734.0   0.01661

  735.0   0.01659

  736.0   0.01751

  737.0   0.01741

  738.0   0.01739

  739.0   0.01732

  740.0   0.01725

  741.0   0.01725

  742.0   0.01717

  743.0   0.01712

  744.0   0.01704

  745.0   0.01695

  746.0   0.01693

  747.0   0.01684

  748.0   0.01686

  749.0   0.01680

  750.0   0.01675

  751.0   0.01670

  752.0   0.01665

  753.0   0.01660

  754.0   0.01652

  755.0   0.01651

  756.0   0.01644

  757.0   0.01643

  758.0   0.01631

  759.0   0.01622

  760.0   0.01615

  761.0   0.01611

  762.0   0.01607

  763.0   0.01595

  764.0   0.01591

  765.0   0.01587

  766.0   0.01578

  767.0   0.01572

  768.0   0.01572

  769.0   0.01571

  770.0   0.01571

  771.0   0.01568

  772.0   0.01560

  773.0   0.01554

  774.0   0.01546

  775.0   0.01540

  776.0   0.01537

  777.0   0.01531

  778.0   0.01529

  779.0   0.01523

  780.0   0.01512

  781.0   0.01492

  782.0   0.01486

  783.0   0.01489

  784.0   0.01475

  785.0   0.01467

  786.0   0.01464

  787.0   0.01467

  788.0   0.01471

  789.0   0.01462

  790.0   0.01460

  791.0   0.01451

  792.0   0.01443

  793.0   0.01451

  794.0   0.01438

  795.0   0.01438

  796.0   0.01429

  797.0   0.01434

  798.0   0.01427

  799.0   0.01420

  800.0   0.01418

 
