ser ID: DU600

Method ID: A:\DEFAULT

Date: 07/30/00

Time: 06:21

 200.0   2.48180

  201.0   3.15045

  202.0   2.88536

  203.0   2.74507

  204.0   2.95761

  205.0   2.69417

  206.0   3.02694

  207.0   2.51776

  208.0   2.62152

  209.0   2.74068

  210.0   2.69621

  211.0   3.20844

  212.0   2.70341

  213.0   2.74463

  214.0   3.62418

  215.0   3.65418

  216.0   3.68628

  217.0   3.72206

  218.0   3.14976

  219.0   3.77576

  220.0   3.79546

  221.0   3.33506

  222.0   3.82808

  223.0   2.88780

  224.0   3.00933

  225.0   2.82566

  226.0   2.83856

  227.0   2.89204

  228.0   2.75734

  229.0   2.73862

  230.0   2.64764

  231.0   2.85693

  232.0   2.74120

  233.0   2.65142

  234.0   2.63773

  235.0   2.68626

  236.0   2.53777

  237.0   2.59167

  238.0   2.57588

  239.0   2.46955

  240.0   2.34123

  241.0   2.31102

  242.0   2.23221

  243.0   2.15776

  244.0   2.09906

  245.0   2.01595

  246.0   1.93631

  247.0   1.87444

  248.0   1.82583

  249.0   1.77266

  250.0   1.71576

  251.0   1.64793

  252.0   1.59238

  253.0   1.54515

  254.0   1.50551

  255.0   1.46103

  256.0   1.42170

  257.0   1.38566

  258.0   1.35292

  259.0   1.31228

  260.0   1.27061

  261.0   1.23102

  262.0   1.18821

  263.0   1.15130

  264.0   1.11707

  265.0   1.08223

  266.0   1.05292

  267.0   1.01931

  268.0   0.99057

  269.0   0.95630

  270.0   0.91688

  271.0   0.88474

  272.0   0.85465

  273.0   0.82386

  274.0   0.79002

  275.0   0.75831

  276.0   0.72754

  277.0   0.69836

  278.0   0.66617

  279.0   0.63671

  280.0   0.60870

  281.0   0.57992

  282.0   0.55497

  283.0   0.53159

  284.0   0.50868

  285.0   0.48590

  286.0   0.46368

  287.0   0.44504

  288.0   0.42524

  289.0   0.40886

  290.0   0.39274

  291.0   0.37859

  292.0   0.36436

  293.0   0.35218

  294.0   0.34212

  295.0   0.33034

  296.0   0.32008

  297.0   0.31114

  298.0   0.30158

  299.0   0.29250

  300.0   0.28487

  301.0   0.27810

  302.0   0.27112

  303.0   0.26550

  304.0   0.25947

  305.0   0.25512

  306.0   0.24988

  307.0   0.24628

  308.0   0.24247

  309.0   0.23758

  310.0   0.23404

  311.0   0.22906

  312.0   0.22549

  313.0   0.22230

  314.0   0.21882

  315.0   0.21533

  316.0   0.21209

  317.0   0.20964

  318.0   0.20799

  319.0   0.20609

  320.0   0.20423

  321.0   0.20416

  322.0   0.20231

  323.0   0.20149

  324.0   0.20194

  325.0   0.20236

  326.0   0.20308

  327.0   0.20403

  328.0   0.20521

  329.0   0.20656

  330.0   0.20949

  331.0   0.20996

  332.0   0.21241

  333.0   0.21311

  334.0   0.21484

  335.0   0.21725

  336.0   0.21988

  337.0   0.22221

  338.0   0.22387

  339.0   0.22661

  340.0   0.22807

  341.0   0.23250

  342.0   0.23470

  343.0   0.23665

  344.0   0.23895

  345.0   0.24151

  346.0   0.24337

  347.0   0.24570

  348.0   0.24733

  349.0   0.24860

  350.0   0.24975

  351.0   0.25088

  352.0   0.25141

  353.0   0.25075

  354.0   0.25118

  355.0   0.25104

  356.0   0.25027

  357.0   0.24966

  358.0   0.24672

  359.0   0.24459

  360.0   0.24133

  361.0   0.23999

  362.0   0.23638

  363.0   0.23277

  364.0   0.22979

  365.0   0.22542

  366.0   0.22182

  367.0   0.21776

  368.0   0.21419

  369.0   0.20972

  370.0   0.20516

  371.0   0.20207

  372.0   0.19718

  373.0   0.19397

  374.0   0.18953

  375.0   0.18606

  376.0   0.18211

  377.0   0.17815

  378.0   0.17432

  379.0   0.17127

  380.0   0.16747

  381.0   0.16372

  382.0   0.16082

  383.0   0.15741

  384.0   0.15460

  385.0   0.15170

  386.0   0.14868

  387.0   0.14573

  388.0   0.14300

  389.0   0.14002

  390.0   0.13781

  391.0   0.13554

  392.0   0.13303

  393.0   0.13095

  394.0   0.12842

  395.0   0.12659

  396.0   0.12439

  397.0   0.12253

  398.0   0.12025

  399.0   0.11800

  400.0   0.11581

  401.0   0.11415

  402.0   0.11238

  403.0   0.11048

  404.0   0.10852

  405.0   0.10642

  406.0   0.10481

  407.0   0.10262

  408.0   0.10086

  409.0   0.09877

  410.0   0.09698

  411.0   0.09535

  412.0   0.09284

  413.0   0.09081

  414.0   0.08861

  415.0   0.08757

  416.0   0.08276

  417.0   0.08020

  418.0   0.07782

  419.0   0.07556

  420.0   0.07308

  421.0   0.07092

  422.0   0.06872

  423.0   0.06655

  424.0   0.06423

  425.0   0.06217

  426.0   0.05997

  427.0   0.05800

  428.0   0.05618

  429.0   0.05410

  430.0   0.05255

  431.0   0.05081

  432.0   0.04918

  433.0   0.04760

  434.0   0.04612

  435.0   0.04481

  436.0   0.04341

  437.0   0.04247

  438.0   0.04124

  439.0   0.04011

  440.0   0.03917

  441.0   0.03822

  442.0   0.03725

  443.0   0.03650

  444.0   0.03579

  445.0   0.03488

  446.0   0.03412

  447.0   0.03344

  448.0   0.03279

  449.0   0.03209

  450.0   0.03150

  451.0   0.03099

  452.0   0.03035

  453.0   0.02983

  454.0   0.02928

  455.0   0.02887

  456.0   0.02838

  457.0   0.02787

  458.0   0.02747

  459.0   0.02694

  460.0   0.02650

  461.0   0.02591

  462.0   0.02550

  463.0   0.02503

  464.0   0.02450

  465.0   0.02409

  466.0   0.02363

  467.0   0.02327

  468.0   0.02296

  469.0   0.02259

  470.0   0.02226

  471.0   0.02213

  472.0   0.02183

  473.0   0.02164

  474.0   0.02146

  475.0   0.02131

  476.0   0.02103

  477.0   0.02088

  478.0   0.02076

  479.0   0.02067

  480.0   0.02057

  481.0   0.02037

  482.0   0.02018

  483.0   0.02001

  484.0   0.01987

  485.0   0.01977

  486.0   0.01964

  487.0   0.01953

  488.0   0.01939

  489.0   0.01930

  490.0   0.01916

  491.0   0.01907

  492.0   0.01896

  493.0   0.01891

  494.0   0.01872

  495.0   0.01864

  496.0   0.01847

  497.0   0.01830

  498.0   0.01821

  499.0   0.01818

  500.0   0.01820

  501.0   0.01807

  502.0   0.01804

  503.0   0.01807

  504.0   0.01801

  505.0   0.01799

  506.0   0.01796

  507.0   0.01795

  508.0   0.01791

  509.0   0.01786

  510.0   0.01786

  511.0   0.01786

  512.0   0.01778

  513.0   0.01783

  514.0   0.01781

  515.0   0.01782

  516.0   0.01786

  517.0   0.01785

  518.0   0.01785

  519.0   0.01777

  520.0   0.01782

  521.0   0.01777

  522.0   0.01767

  523.0   0.01764

  524.0   0.01757

  525.0   0.01755

  526.0   0.01756

  527.0   0.01763

  528.0   0.01762

  529.0   0.01765

  530.0   0.01767

  531.0   0.01767

  532.0   0.01768

  533.0   0.01764

  534.0   0.01763

  535.0   0.01768

  536.0   0.01767

  537.0   0.01771

  538.0   0.01772

  539.0   0.01773

  540.0   0.01775

  541.0   0.01774

  542.0   0.01772

  543.0   0.01771

  544.0   0.01770

  545.0   0.01770

  546.0   0.01774

  547.0   0.01782

  548.0   0.01788

  549.0   0.01798

  550.0   0.01804

  551.0   0.01812

  552.0   0.01822

  553.0   0.01827

  554.0   0.01833

  555.0   0.01834

  556.0   0.01835

  557.0   0.01999

  558.0   0.01994

  559.0   0.01985

  560.0   0.01981

  561.0   0.01980

  562.0   0.01978

  563.0   0.01980

  564.0   0.01978

  565.0   0.01974

  566.0   0.01973

  567.0   0.01973

  568.0   0.01973

  569.0   0.01976

  570.0   0.01975

  571.0   0.01976

  572.0   0.01980

  573.0   0.01979

  574.0   0.01980

  575.0   0.01979

  576.0   0.01977

  577.0   0.01974

  578.0   0.01973

  579.0   0.01970

  580.0   0.01969

  581.0   0.01962

  582.0   0.01960

  583.0   0.01961

  584.0   0.01969

  585.0   0.01969

  586.0   0.01977

  587.0   0.01977

  588.0   0.01977

  589.0   0.01976

  590.0   0.01971

  591.0   0.01972

  592.0   0.01973

  593.0   0.01976

  594.0   0.01982

  595.0   0.01991

  596.0   0.02000

  597.0   0.02006

  598.0   0.02010

  599.0   0.02020

  600.0   0.02026

  601.0   0.02031

  602.0   0.02032

  603.0   0.02036

  604.0   0.02042

  605.0   0.02046

  606.0   0.02050

  607.0   0.02056

  608.0   0.02060

  609.0   0.02064

  610.0   0.02069

  611.0   0.02069

  612.0   0.02072

  613.0   0.02067

  614.0   0.02070

  615.0   0.02069

  616.0   0.02074

  617.0   0.02076

  618.0   0.02078

  619.0   0.02082

  620.0   0.02083

  621.0   0.02082

  622.0   0.02085

  623.0   0.02089

  624.0   0.02089

  625.0   0.02084

  626.0   0.02084

  627.0   0.02082

  628.0   0.02083

  629.0   0.02089

  630.0   0.02088

  631.0   0.02089

  632.0   0.02083

  633.0   0.02083

  634.0   0.02079

  635.0   0.02076

  636.0   0.02071

  637.0   0.02075

  638.0   0.02073

  639.0   0.02067

  640.0   0.02064

  641.0   0.02060

  642.0   0.02056

  643.0   0.02056

  644.0   0.02054

  645.0   0.02056

  646.0   0.02058

  647.0   0.02060

  648.0   0.02057

  649.0   0.02053

  650.0   0.02050

  651.0   0.02046

  652.0   0.02052

  653.0   0.02051

  654.0   0.02051

  655.0   0.02045

  656.0   0.02046

  657.0   0.02044

  658.0   0.02043

  659.0   0.02043

  660.0   0.02043

  661.0   0.02045

  662.0   0.02045

  663.0   0.02042

  664.0   0.02047

  665.0   0.02043

  666.0   0.02040

  667.0   0.02040

  668.0   0.02037

  669.0   0.02039

  670.0   0.02034

  671.0   0.02030

  672.0   0.02024

  673.0   0.02019

  674.0   0.02017

  675.0   0.02013

  676.0   0.02008

  677.0   0.02004

  678.0   0.02002

  679.0   0.01998

  680.0   0.02001

  681.0   0.02002

  682.0   0.02001

  683.0   0.02003

  684.0   0.02002

  685.0   0.02003

  686.0   0.02000

  687.0   0.01997

  688.0   0.01996

  689.0   0.01997

  690.0   0.01994

  691.0   0.01993

  692.0   0.01998

  693.0   0.01994

  694.0   0.01996

  695.0   0.01999

  696.0   0.02000

  697.0   0.01999

  698.0   0.01999

  699.0   0.02000

  700.0   0.02001

  701.0   0.02002

  702.0   0.01996

  703.0   0.01995

  704.0   0.01991

  705.0   0.01988

  706.0   0.01986

  707.0   0.01979

  708.0   0.01980

  709.0   0.01974

  710.0   0.01974

  711.0   0.01967

  712.0   0.01962

  713.0   0.01955

  714.0   0.01954

  715.0   0.01952

  716.0   0.01947

  717.0   0.01944

  718.0   0.01939

  719.0   0.01935

  720.0   0.01932

  721.0   0.01926

  722.0   0.01924

  723.0   0.01918

  724.0   0.01907

  725.0   0.01902

  726.0   0.01905

  727.0   0.01898

  728.0   0.01895

  729.0   0.01892

  730.0   0.01890

  731.0   0.01888

  732.0   0.01887

  733.0   0.01882

  734.0   0.01876

  735.0   0.01875

  736.0   0.02029

  737.0   0.02011

  738.0   0.02003

  739.0   0.01993

  740.0   0.01983

  741.0   0.01968

  742.0   0.01957

  743.0   0.01949

  744.0   0.01936

  745.0   0.01929

  746.0   0.01924

  747.0   0.01915

  748.0   0.01914

  749.0   0.01908

  750.0   0.01900

  751.0   0.01892

  752.0   0.01881

  753.0   0.01877

  754.0   0.01867

  755.0   0.01865

  756.0   0.01852

  757.0   0.01844

  758.0   0.01838

  759.0   0.01829

  760.0   0.01824

  761.0   0.01815

  762.0   0.01817

  763.0   0.01811

  764.0   0.01807

  765.0   0.01798

  766.0   0.01786

  767.0   0.01783

  768.0   0.01769

  769.0   0.01764

  770.0   0.01761

  771.0   0.01750

  772.0   0.01744

  773.0   0.01733

  774.0   0.01728

  775.0   0.01722

  776.0   0.01714

  777.0   0.01709

  778.0   0.01695

  779.0   0.01690

  780.0   0.01687

  781.0   0.01679

  782.0   0.01680

  783.0   0.01677

  784.0   0.01675

  785.0   0.01675

  786.0   0.01667

  787.0   0.01659

  788.0   0.01660

  789.0   0.01653

  790.0   0.01645

  791.0   0.01642

  792.0   0.01634

  793.0   0.01637

  794.0   0.01627

  795.0   0.01624

  796.0   0.01616

  797.0   0.01618

  798.0   0.01615

  799.0   0.01611

  800.0   0.01606

 
