ser ID: DU600

Method ID: A:\DEFAULT

Date: 07/30/00

Time: 06:34

 200.0   2.48180

  201.0   3.15045

  202.0   3.18639

  203.0   3.22220

  204.0   3.25864

  205.0   2.99520

  206.0   3.32797

  207.0   2.76080

  208.0   3.39967

  209.0   3.43965

  210.0   2.99724

  211.0   2.73132

  212.0   2.77036

  213.0   2.89076

  214.0   2.84603

  215.0   3.17706

  216.0   2.98731

  217.0   3.12000

  218.0   3.14976

  219.0   3.47473

  220.0   3.19340

  221.0   3.21012

  222.0   3.22602

  223.0   2.88780

  224.0   3.07628

  225.0   3.38993

  226.0   2.97687

  227.0   2.85065

  228.0   2.78953

  229.0   2.73862

  230.0   2.62536

  231.0   2.55590

  232.0   2.60290

  233.0   2.53748

  234.0   2.46859

  235.0   2.43353

  236.0   2.42507

  237.0   2.38081

  238.0   2.37176

  239.0   2.34123

  240.0   2.28450

  241.0   2.21035

  242.0   2.14006

  243.0   2.08418

  244.0   2.01891

  245.0   1.96534

  246.0   1.89342

  247.0   1.82689

  248.0   1.74882

  249.0   1.71323

  250.0   1.63829

  251.0   1.58966

  252.0   1.54366

  253.0   1.49100

  254.0   1.45086

  255.0   1.41619

  256.0   1.37750

  257.0   1.35272

  258.0   1.31617

  259.0   1.27920

  260.0   1.24697

  261.0   1.21754

  262.0   1.17319

  263.0   1.13974

  264.0   1.10776

  265.0   1.07351

  266.0   1.04053

  267.0   1.01087

  268.0   0.97769

  269.0   0.94034

  270.0   0.90264

  271.0   0.87186

  272.0   0.83796

  273.0   0.80520

  274.0   0.77026

  275.0   0.73651

  276.0   0.70542

  277.0   0.67566

  278.0   0.64294

  279.0   0.61549

  280.0   0.58796

  281.0   0.56046

  282.0   0.53771

  283.0   0.51430

  284.0   0.49265

  285.0   0.47148

  286.0   0.45071

  287.0   0.43392

  288.0   0.41407

  289.0   0.39897

  290.0   0.38339

  291.0   0.37083

  292.0   0.35779

  293.0   0.34685

  294.0   0.33692

  295.0   0.32715

  296.0   0.31823

  297.0   0.30988

  298.0   0.30227

  299.0   0.29413

  300.0   0.28835

  301.0   0.28207

  302.0   0.27611

  303.0   0.27202

  304.0   0.26647

  305.0   0.26261

  306.0   0.25828

  307.0   0.25495

  308.0   0.25116

  309.0   0.24734

  310.0   0.24398

  311.0   0.23970

  312.0   0.23634

  313.0   0.23201

  314.0   0.22982

  315.0   0.22547

  316.0   0.22301

  317.0   0.21970

  318.0   0.21746

  319.0   0.21582

  320.0   0.21406

  321.0   0.21435

  322.0   0.21057

  323.0   0.21067

  324.0   0.20981

  325.0   0.20967

  326.0   0.21013

  327.0   0.21096

  328.0   0.21186

  329.0   0.21217

  330.0   0.21344

  331.0   0.21391

  332.0   0.21469

  333.0   0.21553

  334.0   0.21727

  335.0   0.21650

  336.0   0.21912

  337.0   0.22040

  338.0   0.22116

  339.0   0.22224

  340.0   0.22430

  341.0   0.22662

  342.0   0.22732

  343.0   0.22926

  344.0   0.23081

  345.0   0.23231

  346.0   0.23310

  347.0   0.23467

  348.0   0.23568

  349.0   0.23588

  350.0   0.23687

  351.0   0.23691

  352.0   0.23772

  353.0   0.23735

  354.0   0.23684

  355.0   0.23513

  356.0   0.23479

  357.0   0.23478

  358.0   0.23236

  359.0   0.23014

  360.0   0.22768

  361.0   0.22508

  362.0   0.22190

  363.0   0.21789

  364.0   0.21547

  365.0   0.21133

  366.0   0.20756

  367.0   0.20406

  368.0   0.20099

  369.0   0.19593

  370.0   0.19240

  371.0   0.18880

  372.0   0.18488

  373.0   0.18197

  374.0   0.17799

  375.0   0.17485

  376.0   0.17069

  377.0   0.16782

  378.0   0.16431

  379.0   0.16144

  380.0   0.15835

  381.0   0.15488

  382.0   0.15166

  383.0   0.14887

  384.0   0.14614

  385.0   0.14359

  386.0   0.14093

  387.0   0.13808

  388.0   0.13582

  389.0   0.13305

  390.0   0.13125

  391.0   0.12911

  392.0   0.12702

  393.0   0.12511

  394.0   0.12293

  395.0   0.12121

  396.0   0.11926

  397.0   0.11736

  398.0   0.11555

  399.0   0.11359

  400.0   0.11190

  401.0   0.11012

  402.0   0.10844

  403.0   0.10671

  404.0   0.10494

  405.0   0.10312

  406.0   0.10160

  407.0   0.09956

  408.0   0.09786

  409.0   0.09577

  410.0   0.09406

  411.0   0.09233

  412.0   0.08999

  413.0   0.08811

  414.0   0.08574

  415.0   0.08470

  416.0   0.07976

  417.0   0.07751

  418.0   0.07512

  419.0   0.07294

  420.0   0.07063

  421.0   0.06819

  422.0   0.06599

  423.0   0.06390

  424.0   0.06142

  425.0   0.05960

  426.0   0.05725

  427.0   0.05542

  428.0   0.05367

  429.0   0.05173

  430.0   0.05004

  431.0   0.04817

  432.0   0.04680

  433.0   0.04529

  434.0   0.04393

  435.0   0.04279

  436.0   0.04138

  437.0   0.04043

  438.0   0.03925

  439.0   0.03822

  440.0   0.03737

  441.0   0.03640

  442.0   0.03562

  443.0   0.03490

  444.0   0.03412

  445.0   0.03334

  446.0   0.03270

  447.0   0.03199

  448.0   0.03149

  449.0   0.03086

  450.0   0.03037

  451.0   0.02984

  452.0   0.02929

  453.0   0.02883

  454.0   0.02838

  455.0   0.02797

  456.0   0.02749

  457.0   0.02711

  458.0   0.02668

  459.0   0.02620

  460.0   0.02576

  461.0   0.02522

  462.0   0.02493

  463.0   0.02443

  464.0   0.02398

  465.0   0.02359

  466.0   0.02321

  467.0   0.02298

  468.0   0.02260

  469.0   0.02227

  470.0   0.02198

  471.0   0.02180

  472.0   0.02160

  473.0   0.02145

  474.0   0.02121

  475.0   0.02110

  476.0   0.02091

  477.0   0.02074

  478.0   0.02062

  479.0   0.02054

  480.0   0.02041

  481.0   0.02032

  482.0   0.02013

  483.0   0.01998

  484.0   0.01989

  485.0   0.01980

  486.0   0.01969

  487.0   0.01958

  488.0   0.01941

  489.0   0.01932

  490.0   0.01922

  491.0   0.01913

  492.0   0.01905

  493.0   0.01900

  494.0   0.01894

  495.0   0.01886

  496.0   0.01876

  497.0   0.01864

  498.0   0.01856

  499.0   0.01844

  500.0   0.01848

  501.0   0.01838

  502.0   0.01840

  503.0   0.01841

  504.0   0.01834

  505.0   0.01838

  506.0   0.01836

  507.0   0.01830

  508.0   0.01825

  509.0   0.01824

  510.0   0.01826

  511.0   0.01825

  512.0   0.01819

  513.0   0.01820

  514.0   0.01820

  515.0   0.01817

  516.0   0.01823

  517.0   0.01818

  518.0   0.01821

  519.0   0.01812

  520.0   0.01817

  521.0   0.01815

  522.0   0.01812

  523.0   0.01806

  524.0   0.01805

  525.0   0.01802

  526.0   0.01798

  527.0   0.01805

  528.0   0.01798

  529.0   0.01805

  530.0   0.01810

  531.0   0.01811

  532.0   0.01816

  533.0   0.01817

  534.0   0.01818

  535.0   0.01819

  536.0   0.01821

  537.0   0.01829

  538.0   0.01835

  539.0   0.01838

  540.0   0.01839

  541.0   0.01837

  542.0   0.01838

  543.0   0.01829

  544.0   0.01834

  545.0   0.01838

  546.0   0.01841

  547.0   0.01852

  548.0   0.01854

  549.0   0.01862

  550.0   0.01874

  551.0   0.01886

  552.0   0.01895

  553.0   0.01899

  554.0   0.01905

  555.0   0.01906

  556.0   0.01911

  557.0   0.02091

  558.0   0.02082

  559.0   0.02077

  560.0   0.02077

  561.0   0.02073

  562.0   0.02066

  563.0   0.02068

  564.0   0.02063

  565.0   0.02061

  566.0   0.02057

  567.0   0.02058

  568.0   0.02058

  569.0   0.02056

  570.0   0.02057

  571.0   0.02056

  572.0   0.02058

  573.0   0.02061

  574.0   0.02055

  575.0   0.02052

  576.0   0.02047

  577.0   0.02042

  578.0   0.02038

  579.0   0.02035

  580.0   0.02031

  581.0   0.02026

  582.0   0.02023

  583.0   0.02022

  584.0   0.02025

  585.0   0.02030

  586.0   0.02035

  587.0   0.02035

  588.0   0.02038

  589.0   0.02037

  590.0   0.02038

  591.0   0.02038

  592.0   0.02043

  593.0   0.02045

  594.0   0.02049

  595.0   0.02054

  596.0   0.02065

  597.0   0.02067

  598.0   0.02074

  599.0   0.02082

  600.0   0.02090

  601.0   0.02091

  602.0   0.02097

  603.0   0.02101

  604.0   0.02104

  605.0   0.02112

  606.0   0.02108

  607.0   0.02114

  608.0   0.02116

  609.0   0.02119

  610.0   0.02123

  611.0   0.02125

  612.0   0.02133

  613.0   0.02130

  614.0   0.02135

  615.0   0.02133

  616.0   0.02138

  617.0   0.02137

  618.0   0.02137

  619.0   0.02144

  620.0   0.02143

  621.0   0.02147

  622.0   0.02150

  623.0   0.02151

  624.0   0.02154

  625.0   0.02152

  626.0   0.02152

  627.0   0.02152

  628.0   0.02154

  629.0   0.02153

  630.0   0.02149

  631.0   0.02148

  632.0   0.02146

  633.0   0.02147

  634.0   0.02148

  635.0   0.02146

  636.0   0.02140

  637.0   0.02138

  638.0   0.02136

  639.0   0.02131

  640.0   0.02128

  641.0   0.02126

  642.0   0.02119

  643.0   0.02116

  644.0   0.02121

  645.0   0.02121

  646.0   0.02118

  647.0   0.02118

  648.0   0.02119

  649.0   0.02120

  650.0   0.02119

  651.0   0.02113

  652.0   0.02113

  653.0   0.02108

  654.0   0.02107

  655.0   0.02104

  656.0   0.02106

  657.0   0.02107

  658.0   0.02106

  659.0   0.02105

  660.0   0.02106

  661.0   0.02109

  662.0   0.02108

  663.0   0.02105

  664.0   0.02105

  665.0   0.02108

  666.0   0.02103

  667.0   0.02102

  668.0   0.02097

  669.0   0.02097

  670.0   0.02091

  671.0   0.02090

  672.0   0.02086

  673.0   0.02083

  674.0   0.02083

  675.0   0.02080

  676.0   0.02076

  677.0   0.02074

  678.0   0.02070

  679.0   0.02069

  680.0   0.02067

  681.0   0.02063

  682.0   0.02062

  683.0   0.02058

  684.0   0.02054

  685.0   0.02053

  686.0   0.02054

  687.0   0.02053

  688.0   0.02050

  689.0   0.02049

  690.0   0.02049

  691.0   0.02050

  692.0   0.02052

  693.0   0.02049

  694.0   0.02048

  695.0   0.02054

  696.0   0.02050

  697.0   0.02050

  698.0   0.02051

  699.0   0.02046

  700.0   0.02049

  701.0   0.02046

  702.0   0.02038

  703.0   0.02040

  704.0   0.02034

  705.0   0.02034

  706.0   0.02036

  707.0   0.02033

  708.0   0.02032

  709.0   0.02025

  710.0   0.02023

  711.0   0.02012

  712.0   0.02007

  713.0   0.02000

  714.0   0.01997

  715.0   0.01996

  716.0   0.01985

  717.0   0.01981

  718.0   0.01974

  719.0   0.01967

  720.0   0.01965

  721.0   0.01956

  722.0   0.01957

  723.0   0.01949

  724.0   0.01941

  725.0   0.01933

  726.0   0.01932

  727.0   0.01923

  728.0   0.01918

  729.0   0.01915

  730.0   0.01916

  731.0   0.01912

  732.0   0.01911

  733.0   0.01906

  734.0   0.01898

  735.0   0.01899

  736.0   0.02079

  737.0   0.02065

  738.0   0.02056

  739.0   0.02038

  740.0   0.02025

  741.0   0.02007

  742.0   0.01996

  743.0   0.01979

  744.0   0.01972

  745.0   0.01962

  746.0   0.01960

  747.0   0.01943

  748.0   0.01939

  749.0   0.01930

  750.0   0.01922

  751.0   0.01908

  752.0   0.01901

  753.0   0.01893

  754.0   0.01880

  755.0   0.01879

  756.0   0.01869

  757.0   0.01868

  758.0   0.01860

  759.0   0.01851

  760.0   0.01841

  761.0   0.01835

  762.0   0.01828

  763.0   0.01819

  764.0   0.01815

  765.0   0.01806

  766.0   0.01798

  767.0   0.01792

  768.0   0.01783

  769.0   0.01780

  770.0   0.01766

  771.0   0.01764

  772.0   0.01755

  773.0   0.01742

  774.0   0.01734

  775.0   0.01728

  776.0   0.01731

  777.0   0.01720

  778.0   0.01709

  779.0   0.01701

  780.0   0.01696

  781.0   0.01694

  782.0   0.01691

  783.0   0.01686

  784.0   0.01678

  785.0   0.01670

  786.0   0.01670

  787.0   0.01665

  788.0   0.01663

  789.0   0.01656

  790.0   0.01650

  791.0   0.01645

  792.0   0.01640

  793.0   0.01640

  794.0   0.01630

  795.0   0.01624

  796.0   0.01616

  797.0   0.01618

  798.0   0.01615

  799.0   0.01617

  800.0   0.01612

 
