ser ID: DU600

Method ID: A:\DEFAULT

Date: 07/30/00

Time: 06:03

 200.0   3.08386

  201.0   2.45148

  202.0   2.88536

  203.0   2.44404

  204.0   2.65658

  205.0   2.99520

  206.0   2.72591

  207.0   2.88574

  208.0   2.92255

  209.0   3.43965

  210.0   3.47436

  211.0   3.50947

  212.0   3.54851

  213.0   3.58973

  214.0   3.02212

  215.0   3.05212

  216.0   2.98731

  217.0   3.02309

  218.0   2.90672

  219.0   3.77576

  220.0   3.79546

  221.0   3.51115

  222.0   3.82808

  223.0   3.14308

  224.0   3.85443

  225.0   3.02196

  226.0   2.87996

  227.0   2.89204

  228.0   3.00038

  229.0   3.21574

  230.0   2.88500

  231.0   3.09101

  232.0   2.94532

  233.0   3.10736

  234.0   2.91855

  235.0   2.78892

  236.0   2.64692

  237.0   2.57394

  238.0   2.63140

  239.0   2.55972

  240.0   2.54333

  241.0   2.45526

  242.0   2.40437

  243.0   2.34742

  244.0   2.23590

  245.0   2.12649

  246.0   2.06398

  247.0   1.98874

  248.0   1.91551

  249.0   1.85885

  250.0   1.77929

  251.0   1.72049

  252.0   1.67038

  253.0   1.61541

  254.0   1.57191

  255.0   1.51104

  256.0   1.47728

  257.0   1.42130

  258.0   1.38236

  259.0   1.32982

  260.0   1.28896

  261.0   1.25207

  262.0   1.20751

  263.0   1.16317

  264.0   1.12980

  265.0   1.09564

  266.0   1.06352

  267.0   1.03263

  268.0   1.00127

  269.0   0.96629

  270.0   0.92773

  271.0   0.90165

  272.0   0.87397

  273.0   0.84663

  274.0   0.81462

  275.0   0.78575

  276.0   0.75812

  277.0   0.72698

  278.0   0.69405

  279.0   0.66682

  280.0   0.63809

  281.0   0.60822

  282.0   0.58457

  283.0   0.55864

  284.0   0.53460

  285.0   0.50912

  286.0   0.48557

  287.0   0.46416

  288.0   0.44122

  289.0   0.42150

  290.0   0.40386

  291.0   0.38782

  292.0   0.37087

  293.0   0.35696

  294.0   0.34513

  295.0   0.33122

  296.0   0.31951

  297.0   0.30835

  298.0   0.29789

  299.0   0.28673

  300.0   0.27668

  301.0   0.26859

  302.0   0.25978

  303.0   0.25324

  304.0   0.24679

  305.0   0.24100

  306.0   0.23454

  307.0   0.22920

  308.0   0.22411

  309.0   0.21868

  310.0   0.21358

  311.0   0.20865

  312.0   0.20420

  313.0   0.19997

  314.0   0.19722

  315.0   0.19294

  316.0   0.19077

  317.0   0.18837

  318.0   0.18689

  319.0   0.18539

  320.0   0.18440

  321.0   0.18473

  322.0   0.18344

  323.0   0.18441

  324.0   0.18577

  325.0   0.18738

  326.0   0.18916

  327.0   0.19107

  328.0   0.19336

  329.0   0.19541

  330.0   0.19859

  331.0   0.20187

  332.0   0.20505

  333.0   0.20799

  334.0   0.21243

  335.0   0.21499

  336.0   0.21988

  337.0   0.22373

  338.0   0.22783

  339.0   0.23087

  340.0   0.23447

  341.0   0.24000

  342.0   0.24408

  343.0   0.24805

  344.0   0.25272

  345.0   0.25623

  346.0   0.25892

  347.0   0.26334

  348.0   0.26597

  349.0   0.26728

  350.0   0.26990

  351.0   0.27125

  352.0   0.27230

  353.0   0.27296

  354.0   0.27461

  355.0   0.27408

  356.0   0.27351

  357.0   0.27314

  358.0   0.27028

  359.0   0.26816

  360.0   0.26650

  361.0   0.26289

  362.0   0.25993

  363.0   0.25638

  364.0   0.25282

  365.0   0.24833

  366.0   0.24388

  367.0   0.23961

  368.0   0.23452

  369.0   0.22965

  370.0   0.22446

  371.0   0.22094

  372.0   0.21609

  373.0   0.21190

  374.0   0.20735

  375.0   0.20348

  376.0   0.19914

  377.0   0.19511

  378.0   0.19020

  379.0   0.18613

  380.0   0.18225

  381.0   0.17777

  382.0   0.17405

  383.0   0.17039

  384.0   0.16722

  385.0   0.16354

  386.0   0.15995

  387.0   0.15679

  388.0   0.15344

  389.0   0.14970

  390.0   0.14710

  391.0   0.14409

  392.0   0.14099

  393.0   0.13845

  394.0   0.13546

  395.0   0.13344

  396.0   0.13095

  397.0   0.12850

  398.0   0.12601

  399.0   0.12360

  400.0   0.12124

  401.0   0.11949

  402.0   0.11727

  403.0   0.11508

  404.0   0.11287

  405.0   0.11077

  406.0   0.10901

  407.0   0.10664

  408.0   0.10471

  409.0   0.10260

  410.0   0.10045

  411.0   0.09875

  412.0   0.09638

  413.0   0.09440

  414.0   0.09189

  415.0   0.09070

  416.0   0.08609

  417.0   0.08371

  418.0   0.08133

  419.0   0.07913

  420.0   0.07691

  421.0   0.07464

  422.0   0.07232

  423.0   0.07023

  424.0   0.06779

  425.0   0.06579

  426.0   0.06356

  427.0   0.06164

  428.0   0.05965

  429.0   0.05754

  430.0   0.05590

  431.0   0.05406

  432.0   0.05241

  433.0   0.05075

  434.0   0.04938

  435.0   0.04804

  436.0   0.04655

  437.0   0.04543

  438.0   0.04418

  439.0   0.04299

  440.0   0.04204

  441.0   0.04082

  442.0   0.03985

  443.0   0.03896

  444.0   0.03811

  445.0   0.03716

  446.0   0.03627

  447.0   0.03541

  448.0   0.03469

  449.0   0.03382

  450.0   0.03326

  451.0   0.03251

  452.0   0.03189

  453.0   0.03127

  454.0   0.03054

  455.0   0.03003

  456.0   0.02944

  457.0   0.02897

  458.0   0.02848

  459.0   0.02786

  460.0   0.02729

  461.0   0.02669

  462.0   0.02623

  463.0   0.02572

  464.0   0.02509

  465.0   0.02468

  466.0   0.02417

  467.0   0.02380

  468.0   0.02336

  469.0   0.02301

  470.0   0.02261

  471.0   0.02243

  472.0   0.02209

  473.0   0.02190

  474.0   0.02164

  475.0   0.02146

  476.0   0.02112

  477.0   0.02088

  478.0   0.02073

  479.0   0.02054

  480.0   0.02041

  481.0   0.02021

  482.0   0.02000

  483.0   0.01986

  484.0   0.01967

  485.0   0.01958

  486.0   0.01941

  487.0   0.01928

  488.0   0.01904

  489.0   0.01896

  490.0   0.01875

  491.0   0.01860

  492.0   0.01842

  493.0   0.01831

  494.0   0.01814

  495.0   0.01807

  496.0   0.01792

  497.0   0.01787

  498.0   0.01775

  499.0   0.01767

  500.0   0.01763

  501.0   0.01747

  502.0   0.01740

  503.0   0.01740

  504.0   0.01728

  505.0   0.01733

  506.0   0.01720

  507.0   0.01715

  508.0   0.01707

  509.0   0.01713

  510.0   0.01710

  511.0   0.01710

  512.0   0.01701

  513.0   0.01701

  514.0   0.01695

  515.0   0.01695

  516.0   0.01698

  517.0   0.01694

  518.0   0.01697

  519.0   0.01687

  520.0   0.01689

  521.0   0.01680

  522.0   0.01672

  523.0   0.01668

  524.0   0.01663

  525.0   0.01659

  526.0   0.01660

  527.0   0.01663

  528.0   0.01664

  529.0   0.01665

  530.0   0.01667

  531.0   0.01667

  532.0   0.01668

  533.0   0.01666

  534.0   0.01660

  535.0   0.01661

  536.0   0.01659

  537.0   0.01660

  538.0   0.01659

  539.0   0.01656

  540.0   0.01657

  541.0   0.01660

  542.0   0.01661

  543.0   0.01656

  544.0   0.01658

  545.0   0.01660

  546.0   0.01659

  547.0   0.01669

  548.0   0.01670

  549.0   0.01676

  550.0   0.01683

  551.0   0.01685

  552.0   0.01690

  553.0   0.01695

  554.0   0.01701

  555.0   0.01698

  556.0   0.01698

  557.0   0.01804

  558.0   0.01802

  559.0   0.01798

  560.0   0.01796

  561.0   0.01793

  562.0   0.01791

  563.0   0.01787

  564.0   0.01784

  565.0   0.01779

  566.0   0.01776

  567.0   0.01781

  568.0   0.01778

  569.0   0.01782

  570.0   0.01783

  571.0   0.01787

  572.0   0.01788

  573.0   0.01793

  574.0   0.01793

  575.0   0.01789

  576.0   0.01791

  577.0   0.01791

  578.0   0.01789

  579.0   0.01785

  580.0   0.01781

  581.0   0.01775

  582.0   0.01770

  583.0   0.01770

  584.0   0.01773

  585.0   0.01775

  586.0   0.01774

  587.0   0.01773

  588.0   0.01774

  589.0   0.01772

  590.0   0.01772

  591.0   0.01768

  592.0   0.01766

  593.0   0.01771

  594.0   0.01772

  595.0   0.01776

  596.0   0.01783

  597.0   0.01786

  598.0   0.01785

  599.0   0.01787

  600.0   0.01794

  601.0   0.01796

  602.0   0.01800

  603.0   0.01803

  604.0   0.01804

  605.0   0.01810

  606.0   0.01810

  607.0   0.01817

  608.0   0.01818

  609.0   0.01821

  610.0   0.01829

  611.0   0.01833

  612.0   0.01844

  613.0   0.01839

  614.0   0.01841

  615.0   0.01839

  616.0   0.01838

  617.0   0.01835

  618.0   0.01839

  619.0   0.01844

  620.0   0.01843

  621.0   0.01845

  622.0   0.01851

  623.0   0.01856

  624.0   0.01856

  625.0   0.01861

  626.0   0.01860

  627.0   0.01863

  628.0   0.01864

  629.0   0.01866

  630.0   0.01865

  631.0   0.01863

  632.0   0.01863

  633.0   0.01869

  634.0   0.01869

  635.0   0.01864

  636.0   0.01859

  637.0   0.01856

  638.0   0.01853

  639.0   0.01846

  640.0   0.01847

  641.0   0.01843

  642.0   0.01842

  643.0   0.01838

  644.0   0.01838

  645.0   0.01840

  646.0   0.01837

  647.0   0.01832

  648.0   0.01831

  649.0   0.01827

  650.0   0.01824

  651.0   0.01822

  652.0   0.01821

  653.0   0.01821

  654.0   0.01818

  655.0   0.01817

  656.0   0.01817

  657.0   0.01814

  658.0   0.01818

  659.0   0.01816

  660.0   0.01815

  661.0   0.01816

  662.0   0.01817

  663.0   0.01813

  664.0   0.01815

  665.0   0.01815

  666.0   0.01812

  667.0   0.01811

  668.0   0.01809

  669.0   0.01812

  670.0   0.01811

  671.0   0.01815

  672.0   0.01822

  673.0   0.01825

  674.0   0.01828

  675.0   0.01824

  676.0   0.01819

  677.0   0.01816

  678.0   0.01818

  679.0   0.01814

  680.0   0.01818

  681.0   0.01818

  682.0   0.01815

  683.0   0.01814

  684.0   0.01816

  685.0   0.01820

  686.0   0.01816

  687.0   0.01814

  688.0   0.01809

  689.0   0.01805

  690.0   0.01804

  691.0   0.01806

  692.0   0.01805

  693.0   0.01807

  694.0   0.01806

  695.0   0.01814

  696.0   0.01812

  697.0   0.01808

  698.0   0.01806

  699.0   0.01804

  700.0   0.01802

  701.0   0.01799

  702.0   0.01796

  703.0   0.01798

  704.0   0.01799

  705.0   0.01797

  706.0   0.01798

  707.0   0.01796

  708.0   0.01797

  709.0   0.01793

  710.0   0.01798

  711.0   0.01792

  712.0   0.01791

  713.0   0.01787

  714.0   0.01787

  715.0   0.01789

  716.0   0.01783

  717.0   0.01777

  718.0   0.01775

  719.0   0.01773

  720.0   0.01769

  721.0   0.01766

  722.0   0.01765

  723.0   0.01758

  724.0   0.01755

  725.0   0.01748

  726.0   0.01747

  727.0   0.01746

  728.0   0.01746

  729.0   0.01742

  730.0   0.01742

  731.0   0.01738

  732.0   0.01737

  733.0   0.01730

  734.0   0.01724

  735.0   0.01722

  736.0   0.01838

  737.0   0.01821

  738.0   0.01819

  739.0   0.01812

  740.0   0.01803

  741.0   0.01797

  742.0   0.01791

  743.0   0.01786

  744.0   0.01781

  745.0   0.01774

  746.0   0.01773

  747.0   0.01758

  748.0   0.01760

  749.0   0.01752

  750.0   0.01752

  751.0   0.01744

  752.0   0.01739

  753.0   0.01731

  754.0   0.01721

  755.0   0.01722

  756.0   0.01718

  757.0   0.01711

  758.0   0.01703

  759.0   0.01696

  760.0   0.01689

  761.0   0.01683

  762.0   0.01676

  763.0   0.01672

  764.0   0.01674

  765.0   0.01665

  766.0   0.01664

  767.0   0.01661

  768.0   0.01652

  769.0   0.01647

  770.0   0.01644

  771.0   0.01635

  772.0   0.01627

  773.0   0.01618

  774.0   0.01604

  775.0   0.01604

  776.0   0.01602

  777.0   0.01599

  778.0   0.01591

  779.0   0.01591

  780.0   0.01585

  781.0   0.01577

  782.0   0.01574

  783.0   0.01577

  784.0   0.01566

  785.0   0.01561

  786.0   0.01561

  787.0   0.01553

  788.0   0.01551

  789.0   0.01546

  790.0   0.01543

  791.0   0.01541

  792.0   0.01535

  793.0   0.01536

  794.0   0.01522

  795.0   0.01525

  796.0   0.01516

  797.0   0.01519

  798.0   0.01515

  799.0   0.01508

  800.0   0.01503

 
