ser ID: DU600

Method ID: A:\DEFAULT

Date: 07/30/00

Time: 06:58

 200.0   2.38489

  201.0   2.54839

  202.0   2.40824

  203.0   2.74507

  204.0   3.25864

  205.0   2.59726

  206.0   3.32797

  207.0   3.36286

  208.0   3.39967

  209.0   3.43965

  210.0   2.99724

  211.0   3.50947

  212.0   3.54851

  213.0   2.98767

  214.0   3.32315

  215.0   3.65418

  216.0   2.98731

  217.0   3.12000

  218.0   3.45079

  219.0   3.29863

  220.0   3.09649

  221.0   2.96708

  222.0   3.04993

  223.0   2.88780

  224.0   2.90018

  225.0   2.82566

  226.0   2.76601

  227.0   2.71595

  228.0   2.60244

  229.0   2.68426

  230.0   2.51142

  231.0   2.45899

  232.0   2.46820

  233.0   2.42097

  234.0   2.36888

  235.0   2.36295

  236.0   2.27017

  237.0   2.23152

  238.0   2.22563

  239.0   2.17536

  240.0   2.09963

  241.0   2.06529

  242.0   1.99485

  243.0   1.94129

  244.0   1.88911

  245.0   1.83501

  246.0   1.77692

  247.0   1.70680

  248.0   1.66068

  249.0   1.60633

  250.0   1.55095

  251.0   1.50340

  252.0   1.45716

  253.0   1.41931

  254.0   1.38560

  255.0   1.35358

  256.0   1.31919

  257.0   1.29245

  258.0   1.26375

  259.0   1.23579

  260.0   1.20594

  261.0   1.17770

  262.0   1.13976

  263.0   1.10907

  264.0   1.07882

  265.0   1.04364

  266.0   1.01292

  267.0   0.98586

  268.0   0.94906

  269.0   0.91745

  270.0   0.87744

  271.0   0.84307

  272.0   0.80851

  273.0   0.77603

  274.0   0.74020

  275.0   0.70575

  276.0   0.67375

  277.0   0.64325

  278.0   0.61026

  279.0   0.58289

  280.0   0.55700

  281.0   0.52969

  282.0   0.50775

  283.0   0.48643

  284.0   0.46725

  285.0   0.44649

  286.0   0.42900

  287.0   0.41285

  288.0   0.39596

  289.0   0.38330

  290.0   0.37102

  291.0   0.35897

  292.0   0.34796

  293.0   0.33889

  294.0   0.33133

  295.0   0.32240

  296.0   0.31540

  297.0   0.30821

  298.0   0.30268

  299.0   0.29562

  300.0   0.29064

  301.0   0.28662

  302.0   0.28142

  303.0   0.27784

  304.0   0.27386

  305.0   0.27117

  306.0   0.26751

  307.0   0.26487

  308.0   0.26164

  309.0   0.25841

  310.0   0.25579

  311.0   0.25225

  312.0   0.24899

  313.0   0.24625

  314.0   0.24378

  315.0   0.23965

  316.0   0.23692

  317.0   0.23401

  318.0   0.23119

  319.0   0.22885

  320.0   0.22797

  321.0   0.22792

  322.0   0.22295

  323.0   0.22142

  324.0   0.22105

  325.0   0.22095

  326.0   0.21931

  327.0   0.21924

  328.0   0.21970

  329.0   0.21877

  330.0   0.21927

  331.0   0.21851

  332.0   0.21806

  333.0   0.21706

  334.0   0.21742

  335.0   0.21756

  336.0   0.21686

  337.0   0.21709

  338.0   0.21652

  339.0   0.21717

  340.0   0.21672

  341.0   0.21816

  342.0   0.21771

  343.0   0.21921

  344.0   0.21902

  345.0   0.21967

  346.0   0.21915

  347.0   0.21928

  348.0   0.21928

  349.0   0.21920

  350.0   0.21860

  351.0   0.21806

  352.0   0.21754

  353.0   0.21641

  354.0   0.21546

  355.0   0.21388

  356.0   0.21277

  357.0   0.21368

  358.0   0.20928

  359.0   0.20822

  360.0   0.20515

  361.0   0.20216

  362.0   0.20002

  363.0   0.19636

  364.0   0.19380

  365.0   0.19001

  366.0   0.18711

  367.0   0.18345

  368.0   0.18049

  369.0   0.17704

  370.0   0.17374

  371.0   0.17046

  372.0   0.16716

  373.0   0.16420

  374.0   0.16096

  375.0   0.15826

  376.0   0.15521

  377.0   0.15235

  378.0   0.14858

  379.0   0.14636

  380.0   0.14406

  381.0   0.14072

  382.0   0.13789

  383.0   0.13523

  384.0   0.13331

  385.0   0.13096

  386.0   0.12904

  387.0   0.12664

  388.0   0.12447

  389.0   0.12255

  390.0   0.12125

  391.0   0.11964

  392.0   0.11754

  393.0   0.11625

  394.0   0.11477

  395.0   0.11339

  396.0   0.11169

  397.0   0.11033

  398.0   0.10883

  399.0   0.10716

  400.0   0.10559

  401.0   0.10412

  402.0   0.10265

  403.0   0.10102

  404.0   0.09952

  405.0   0.09787

  406.0   0.09619

  407.0   0.09448

  408.0   0.09312

  409.0   0.09094

  410.0   0.08912

  411.0   0.08769

  412.0   0.08531

  413.0   0.08343

  414.0   0.08118

  415.0   0.08025

  416.0   0.07536

  417.0   0.07316

  418.0   0.07071

  419.0   0.06867

  420.0   0.06640

  421.0   0.06408

  422.0   0.06209

  423.0   0.05995

  424.0   0.05767

  425.0   0.05564

  426.0   0.05356

  427.0   0.05169

  428.0   0.05003

  429.0   0.04806

  430.0   0.04653

  431.0   0.04489

  432.0   0.04354

  433.0   0.04206

  434.0   0.04078

  435.0   0.03971

  436.0   0.03845

  437.0   0.03756

  438.0   0.03656

  439.0   0.03575

  440.0   0.03490

  441.0   0.03408

  442.0   0.03344

  443.0   0.03271

  444.0   0.03211

  445.0   0.03136

  446.0   0.03080

  447.0   0.03031

  448.0   0.02979

  449.0   0.02936

  450.0   0.02889

  451.0   0.02847

  452.0   0.02802

  453.0   0.02765

  454.0   0.02713

  455.0   0.02686

  456.0   0.02652

  457.0   0.02610

  458.0   0.02585

  459.0   0.02537

  460.0   0.02506

  461.0   0.02456

  462.0   0.02429

  463.0   0.02388

  464.0   0.02343

  465.0   0.02305

  466.0   0.02268

  467.0   0.02242

  468.0   0.02223

  469.0   0.02198

  470.0   0.02174

  471.0   0.02163

  472.0   0.02144

  473.0   0.02133

  474.0   0.02115

  475.0   0.02107

  476.0   0.02094

  477.0   0.02083

  478.0   0.02076

  479.0   0.02073

  480.0   0.02070

  481.0   0.02058

  482.0   0.02044

  483.0   0.02033

  484.0   0.02023

  485.0   0.02018

  486.0   0.02005

  487.0   0.01996

  488.0   0.01987

  489.0   0.01982

  490.0   0.01967

  491.0   0.01962

  492.0   0.01954

  493.0   0.01950

  494.0   0.01932

  495.0   0.01926

  496.0   0.01916

  497.0   0.01903

  498.0   0.01901

  499.0   0.01894

  500.0   0.01897

  501.0   0.01892

  502.0   0.01896

  503.0   0.01905

  504.0   0.01901

  505.0   0.01903

  506.0   0.01899

  507.0   0.01896

  508.0   0.01893

  509.0   0.01896

  510.0   0.01894

  511.0   0.01895

  512.0   0.01893

  513.0   0.01897

  514.0   0.01894

  515.0   0.01889

  516.0   0.01897

  517.0   0.01893

  518.0   0.01899

  519.0   0.01896

  520.0   0.01895

  521.0   0.01899

  522.0   0.01900

  523.0   0.01897

  524.0   0.01896

  525.0   0.01893

  526.0   0.01900

  527.0   0.01903

  528.0   0.01902

  529.0   0.01907

  530.0   0.01911

  531.0   0.01911

  532.0   0.01914

  533.0   0.01916

  534.0   0.01921

  535.0   0.01924

  536.0   0.01930

  537.0   0.01936

  538.0   0.01933

  539.0   0.01935

  540.0   0.01943

  541.0   0.01943

  542.0   0.01945

  543.0   0.01950

  544.0   0.01951

  545.0   0.01959

  546.0   0.01960

  547.0   0.01972

  548.0   0.01980

  549.0   0.01990

  550.0   0.02001

  551.0   0.02010

  552.0   0.02024

  553.0   0.02033

  554.0   0.02040

  555.0   0.02040

  556.0   0.02041

  557.0   0.02258

  558.0   0.02252

  559.0   0.02240

  560.0   0.02235

  561.0   0.02235

  562.0   0.02232

  563.0   0.02233

  564.0   0.02233

  565.0   0.02223

  566.0   0.02221

  567.0   0.02223

  568.0   0.02217

  569.0   0.02213

  570.0   0.02209

  571.0   0.02204

  572.0   0.02204

  573.0   0.02202

  574.0   0.02199

  575.0   0.02197

  576.0   0.02193

  577.0   0.02193

  578.0   0.02192

  579.0   0.02190

  580.0   0.02192

  581.0   0.02183

  582.0   0.02178

  583.0   0.02178

  584.0   0.02181

  585.0   0.02188

  586.0   0.02193

  587.0   0.02198

  588.0   0.02200

  589.0   0.02200

  590.0   0.02200

  591.0   0.02199

  592.0   0.02203

  593.0   0.02209

  594.0   0.02216

  595.0   0.02220

  596.0   0.02235

  597.0   0.02243

  598.0   0.02249

  599.0   0.02259

  600.0   0.02266

  601.0   0.02271

  602.0   0.02276

  603.0   0.02279

  604.0   0.02284

  605.0   0.02295

  606.0   0.02296

  607.0   0.02305

  608.0   0.02304

  609.0   0.02306

  610.0   0.02310

  611.0   0.02310

  612.0   0.02316

  613.0   0.02306

  614.0   0.02311

  615.0   0.02308

  616.0   0.02312

  617.0   0.02310

  618.0   0.02315

  619.0   0.02315

  620.0   0.02320

  621.0   0.02317

  622.0   0.02321

  623.0   0.02322

  624.0   0.02325

  625.0   0.02324

  626.0   0.02324

  627.0   0.02324

  628.0   0.02323

  629.0   0.02326

  630.0   0.02323

  631.0   0.02324

  632.0   0.02320

  633.0   0.02319

  634.0   0.02320

  635.0   0.02317

  636.0   0.02312

  637.0   0.02313

  638.0   0.02315

  639.0   0.02306

  640.0   0.02303

  641.0   0.02301

  642.0   0.02296

  643.0   0.02296

  644.0   0.02294

  645.0   0.02294

  646.0   0.02295

  647.0   0.02293

  648.0   0.02292

  649.0   0.02291

  650.0   0.02292

  651.0   0.02288

  652.0   0.02291

  653.0   0.02292

  654.0   0.02289

  655.0   0.02283

  656.0   0.02284

  657.0   0.02285

  658.0   0.02284

  659.0   0.02282

  660.0   0.02283

  661.0   0.02281

  662.0   0.02279

  663.0   0.02275

  664.0   0.02281

  665.0   0.02277

  666.0   0.02277

  667.0   0.02275

  668.0   0.02272

  669.0   0.02273

  670.0   0.02267

  671.0   0.02270

  672.0   0.02263

  673.0   0.02260

  674.0   0.02262

  675.0   0.02261

  676.0   0.02254

  677.0   0.02249

  678.0   0.02244

  679.0   0.02240

  680.0   0.02240

  681.0   0.02237

  682.0   0.02238

  683.0   0.02232

  684.0   0.02232

  685.0   0.02228

  686.0   0.02222

  687.0   0.02220

  688.0   0.02216

  689.0   0.02218

  690.0   0.02216

  691.0   0.02213

  692.0   0.02214

  693.0   0.02210

  694.0   0.02207

  695.0   0.02210

  696.0   0.02211

  697.0   0.02207

  698.0   0.02207

  699.0   0.02205

  700.0   0.02205

  701.0   0.02201

  702.0   0.02192

  703.0   0.02193

  704.0   0.02187

  705.0   0.02182

  706.0   0.02183

  707.0   0.02179

  708.0   0.02177

  709.0   0.02169

  710.0   0.02170

  711.0   0.02156

  712.0   0.02147

  713.0   0.02139

  714.0   0.02133

  715.0   0.02133

  716.0   0.02123

  717.0   0.02122

  718.0   0.02111

  719.0   0.02108

  720.0   0.02102

  721.0   0.02093

  722.0   0.02092

  723.0   0.02081

  724.0   0.02072

  725.0   0.02063

  726.0   0.02058

  727.0   0.02052

  728.0   0.02048

  729.0   0.02042

  730.0   0.02044

  731.0   0.02038

  732.0   0.02038

  733.0   0.02029

  734.0   0.02022

  735.0   0.02019

  736.0   0.02240

  737.0   0.02219

  738.0   0.02199

  739.0   0.02186

  740.0   0.02167

  741.0   0.02152

  742.0   0.02137

  743.0   0.02118

  744.0   0.02102

  745.0   0.02089

  746.0   0.02082

  747.0   0.02064

  748.0   0.02068

  749.0   0.02060

  750.0   0.02051

  751.0   0.02041

  752.0   0.02030

  753.0   0.02023

  754.0   0.02004

  755.0   0.02000

  756.0   0.01985

  757.0   0.01976

  758.0   0.01971

  759.0   0.01956

  760.0   0.01949

  761.0   0.01946

  762.0   0.01942

  763.0   0.01938

  764.0   0.01929

  765.0   0.01923

  766.0   0.01915

  767.0   0.01912

  768.0   0.01903

  769.0   0.01898

  770.0   0.01890

  771.0   0.01881

  772.0   0.01871

  773.0   0.01860

  774.0   0.01852

  775.0   0.01847

  776.0   0.01841

  777.0   0.01831

  778.0   0.01823

  779.0   0.01818

  780.0   0.01821

  781.0   0.01811

  782.0   0.01805

  783.0   0.01803

  784.0   0.01792

  785.0   0.01787

  786.0   0.01780

  787.0   0.01772

  788.0   0.01773

  789.0   0.01763

  790.0   0.01761

  791.0   0.01761

  792.0   0.01756

  793.0   0.01754

  794.0   0.01741

  795.0   0.01739

  796.0   0.01733

  797.0   0.01727

  798.0   0.01726

  799.0   0.01723

  800.0   0.01715

 
