ser ID: DU600

Method ID: A:\DEFAULT

Date: 07/30/00

Time: 10:36

 200.0   2.60674

  201.0   2.37230

  202.0   2.88536

  203.0   2.92117

  204.0   2.65658

  205.0   3.29623

  206.0   3.32797

  207.0   3.06183

  208.0   3.09864

  209.0   3.43965

  210.0   3.47436

  211.0   2.90741

  212.0   2.64542

  213.0   2.68664

  214.0   2.77908

  215.0   3.35315

  216.0   3.20916

  217.0   2.87696

  218.0   2.84873

  219.0   2.99760

  220.0   3.79546

  221.0   3.03403

  222.0   2.82808

  223.0   2.66596

  224.0   2.55340

  225.0   2.48684

  226.0   2.48202

  227.0   2.36056

  228.0   2.33527

  229.0   2.24262

  230.0   2.19400

  231.0   2.11657

  232.0   2.03684

  233.0   1.96568

  234.0   1.89925

  235.0   1.85442

  236.0   1.79887

  237.0   1.75703

  238.0   1.72340

  239.0   1.69594

  240.0   1.65663

  241.0   1.62159

  242.0   1.59418

  243.0   1.55072

  244.0   1.51498

  245.0   1.46841

  246.0   1.42379

  247.0   1.37516

  248.0   1.32763

  249.0   1.28694

  250.0   1.24641

  251.0   1.20638

  252.0   1.17619

  253.0   1.15192

  254.0   1.13046

  255.0   1.10902

  256.0   1.09202

  257.0   1.07810

  258.0   1.06572

  259.0   1.05082

  260.0   1.03504

  261.0   1.01867

  262.0   0.99421

  263.0   0.97159

  264.0   0.94412

  265.0   0.91603

  266.0   0.88671

  267.0   0.85926

  268.0   0.82795

  269.0   0.79119

  270.0   0.75201

  271.0   0.71745

  272.0   0.68188

  273.0   0.64881

  274.0   0.61214

  275.0   0.57749

  276.0   0.54572

  277.0   0.51690

  278.0   0.48706

  279.0   0.46278

  280.0   0.44190

  281.0   0.42070

  282.0   0.40370

  283.0   0.38869

  284.0   0.37571

  285.0   0.36337

  286.0   0.35237

  287.0   0.34338

  288.0   0.33376

  289.0   0.32734

  290.0   0.32060

  291.0   0.31426

  292.0   0.30921

  293.0   0.30500

  294.0   0.30198

  295.0   0.29926

  296.0   0.29661

  297.0   0.29518

  298.0   0.29395

  299.0   0.29250

  300.0   0.29186

  301.0   0.29162

  302.0   0.29033

  303.0   0.29000

  304.0   0.28888

  305.0   0.28909

  306.0   0.28784

  307.0   0.28765

  308.0   0.28736

  309.0   0.28587

  310.0   0.28503

  311.0   0.28288

  312.0   0.28134

  313.0   0.27888

  314.0   0.27734

  315.0   0.27313

  316.0   0.26983

  317.0   0.26677

  318.0   0.26299

  319.0   0.26039

  320.0   0.25799

  321.0   0.25673

  322.0   0.25079

  323.0   0.24846

  324.0   0.24589

  325.0   0.24264

  326.0   0.24004

  327.0   0.23645

  328.0   0.23310

  329.0   0.23007

  330.0   0.22739

  331.0   0.22409

  332.0   0.21990

  333.0   0.21599

  334.0   0.21303

  335.0   0.20753

  336.0   0.20383

  337.0   0.20094

  338.0   0.19631

  339.0   0.19184

  340.0   0.18876

  341.0   0.18521

  342.0   0.18112

  343.0   0.17826

  344.0   0.17469

  345.0   0.17209

  346.0   0.16823

  347.0   0.16519

  348.0   0.16239

  349.0   0.15909

  350.0   0.15655

  351.0   0.15271

  352.0   0.14992

  353.0   0.14696

  354.0   0.14479

  355.0   0.14145

  356.0   0.14029

  357.0   0.13899

  358.0   0.13612

  359.0   0.13356

  360.0   0.13033

  361.0   0.12845

  362.0   0.12612

  363.0   0.12381

  364.0   0.12180

  365.0   0.11950

  366.0   0.11730

  367.0   0.11508

  368.0   0.11311

  369.0   0.11111

  370.0   0.10935

  371.0   0.10799

  372.0   0.10578

  373.0   0.10486

  374.0   0.10305

  375.0   0.10140

  376.0   0.10015

  377.0   0.09849

  378.0   0.09667

  379.0   0.09565

  380.0   0.09410

  381.0   0.09247

  382.0   0.09126

  383.0   0.09006

  384.0   0.08935

  385.0   0.08870

  386.0   0.08778

  387.0   0.08687

  388.0   0.08613

  389.0   0.08542

  390.0   0.08512

  391.0   0.08449

  392.0   0.08400

  393.0   0.08381

  394.0   0.08311

  395.0   0.08295

  396.0   0.08255

  397.0   0.08211

  398.0   0.08137

  399.0   0.08070

  400.0   0.08002

  401.0   0.07932

  402.0   0.07883

  403.0   0.07753

  404.0   0.07664

  405.0   0.07546

  406.0   0.07470

  407.0   0.07313

  408.0   0.07226

  409.0   0.07097

  410.0   0.06964

  411.0   0.06841

  412.0   0.06667

  413.0   0.06514

  414.0   0.06321

  415.0   0.06252

  416.0   0.05819

  417.0   0.05637

  418.0   0.05433

  419.0   0.05237

  420.0   0.05065

  421.0   0.04870

  422.0   0.04677

  423.0   0.04498

  424.0   0.04308

  425.0   0.04159

  426.0   0.03985

  427.0   0.03827

  428.0   0.03696

  429.0   0.03542

  430.0   0.03414

  431.0   0.03291

  432.0   0.03185

  433.0   0.03093

  434.0   0.03010

  435.0   0.02935

  436.0   0.02858

  437.0   0.02808

  438.0   0.02752

  439.0   0.02694

  440.0   0.02643

  441.0   0.02598

  442.0   0.02559

  443.0   0.02514

  444.0   0.02490

  445.0   0.02446

  446.0   0.02423

  447.0   0.02402

  448.0   0.02381

  449.0   0.02355

  450.0   0.02333

  451.0   0.02319

  452.0   0.02293

  453.0   0.02287

  454.0   0.02260

  455.0   0.02259

  456.0   0.02235

  457.0   0.02222

  458.0   0.02219

  459.0   0.02190

  460.0   0.02171

  461.0   0.02148

  462.0   0.02135

  463.0   0.02105

  464.0   0.02081

  465.0   0.02073

  466.0   0.02049

  467.0   0.02041

  468.0   0.02028

  469.0   0.02018

  470.0   0.02002

  471.0   0.02005

  472.0   0.02001

  473.0   0.02003

  474.0   0.01998

  475.0   0.01999

  476.0   0.01993

  477.0   0.01992

  478.0   0.01998

  479.0   0.02000

  480.0   0.02006

  481.0   0.02001

  482.0   0.01998

  483.0   0.01986

  484.0   0.01982

  485.0   0.01977

  486.0   0.01979

  487.0   0.01974

  488.0   0.01967

  489.0   0.01964

  490.0   0.01963

  491.0   0.01962

  492.0   0.01960

  493.0   0.01961

  494.0   0.01954

  495.0   0.01960

  496.0   0.01954

  497.0   0.01949

  498.0   0.01947

  499.0   0.01945

  500.0   0.01954

  501.0   0.01947

  502.0   0.01952

  503.0   0.01960

  504.0   0.01967

  505.0   0.01971

  506.0   0.01976

  507.0   0.01981

  508.0   0.01981

  509.0   0.01988

  510.0   0.01989

  511.0   0.01999

  512.0   0.01996

  513.0   0.02004

  514.0   0.02004

  515.0   0.02007

  516.0   0.02016

  517.0   0.02012

  518.0   0.02024

  519.0   0.02023

  520.0   0.02033

  521.0   0.02038

  522.0   0.02039

  523.0   0.02040

  524.0   0.02044

  525.0   0.02044

  526.0   0.02053

  527.0   0.02062

  528.0   0.02068

  529.0   0.02077

  530.0   0.02083

  531.0   0.02092

  532.0   0.02101

  533.0   0.02104

  534.0   0.02109

  535.0   0.02118

  536.0   0.02124

  537.0   0.02131

  538.0   0.02142

  539.0   0.02149

  540.0   0.02154

  541.0   0.02159

  542.0   0.02166

  543.0   0.02169

  544.0   0.02178

  545.0   0.02194

  546.0   0.02202

  547.0   0.02218

  548.0   0.02230

  549.0   0.02243

  550.0   0.02260

  551.0   0.02276

  552.0   0.02289

  553.0   0.02298

  554.0   0.02309

  555.0   0.02312

  556.0   0.02319

  557.0   0.02593

  558.0   0.02582

  559.0   0.02564

  560.0   0.02560

  561.0   0.02557

  562.0   0.02552

  563.0   0.02551

  564.0   0.02544

  565.0   0.02536

  566.0   0.02534

  567.0   0.02534

  568.0   0.02533

  569.0   0.02531

  570.0   0.02531

  571.0   0.02527

  572.0   0.02532

  573.0   0.02530

  574.0   0.02529

  575.0   0.02527

  576.0   0.02527

  577.0   0.02525

  578.0   0.02524

  579.0   0.02518

  580.0   0.02519

  581.0   0.02515

  582.0   0.02512

  583.0   0.02514

  584.0   0.02519

  585.0   0.02530

  586.0   0.02541

  587.0   0.02544

  588.0   0.02551

  589.0   0.02551

  590.0   0.02553

  591.0   0.02554

  592.0   0.02562

  593.0   0.02568

  594.0   0.02577

  595.0   0.02587

  596.0   0.02599

  597.0   0.02610

  598.0   0.02619

  599.0   0.02628

  600.0   0.02643

  601.0   0.02647

  602.0   0.02655

  603.0   0.02661

  604.0   0.02662

  605.0   0.02668

  606.0   0.02669

  607.0   0.02679

  608.0   0.02683

  609.0   0.02685

  610.0   0.02692

  611.0   0.02692

  612.0   0.02699

  613.0   0.02694

  614.0   0.02699

  615.0   0.02699

  616.0   0.02704

  617.0   0.02701

  618.0   0.02708

  619.0   0.02709

  620.0   0.02709

  621.0   0.02713

  622.0   0.02715

  623.0   0.02713

  624.0   0.02714

  625.0   0.02714

  626.0   0.02708

  627.0   0.02708

  628.0   0.02707

  629.0   0.02707

  630.0   0.02711

  631.0   0.02711

  632.0   0.02710

  633.0   0.02712

  634.0   0.02716

  635.0   0.02710

  636.0   0.02706

  637.0   0.02705

  638.0   0.02701

  639.0   0.02692

  640.0   0.02691

  641.0   0.02688

  642.0   0.02683

  643.0   0.02683

  644.0   0.02680

  645.0   0.02685

  646.0   0.02682

  647.0   0.02683

  648.0   0.02682

  649.0   0.02679

  650.0   0.02679

  651.0   0.02677

  652.0   0.02678

  653.0   0.02672

  654.0   0.02672

  655.0   0.02666

  656.0   0.02665

  657.0   0.02663

  658.0   0.02661

  659.0   0.02658

  660.0   0.02654

  661.0   0.02649

  662.0   0.02646

  663.0   0.02639

  664.0   0.02637

  665.0   0.02636

  666.0   0.02634

  667.0   0.02631

  668.0   0.02624

  669.0   0.02627

  670.0   0.02618

  671.0   0.02618

  672.0   0.02612

  673.0   0.02608

  674.0   0.02608

  675.0   0.02600

  676.0   0.02592

  677.0   0.02582

  678.0   0.02574

  679.0   0.02568

  680.0   0.02566

  681.0   0.02563

  682.0   0.02558

  683.0   0.02556

  684.0   0.02552

  685.0   0.02545

  686.0   0.02541

  687.0   0.02534

  688.0   0.02528

  689.0   0.02527

  690.0   0.02523

  691.0   0.02518

  692.0   0.02517

  693.0   0.02509

  694.0   0.02500

  695.0   0.02500

  696.0   0.02498

  697.0   0.02490

  698.0   0.02489

  699.0   0.02484

  700.0   0.02476

  701.0   0.02468

  702.0   0.02460

  703.0   0.02454

  704.0   0.02446

  705.0   0.02437

  706.0   0.02437

  707.0   0.02432

  708.0   0.02424

  709.0   0.02411

  710.0   0.02409

  711.0   0.02394

  712.0   0.02390

  713.0   0.02377

  714.0   0.02368

  715.0   0.02368

  716.0   0.02353

  717.0   0.02342

  718.0   0.02331

  719.0   0.02323

  720.0   0.02313

  721.0   0.02302

  722.0   0.02296

  723.0   0.02287

  724.0   0.02280

  725.0   0.02270

  726.0   0.02269

  727.0   0.02256

  728.0   0.02251

  729.0   0.02242

  730.0   0.02238

  731.0   0.02234

  732.0   0.02231

  733.0   0.02228

  734.0   0.02217

  735.0   0.02218

  736.0   0.02489

  737.0   0.02459

  738.0   0.02441

  739.0   0.02419

  740.0   0.02397

  741.0   0.02378

  742.0   0.02363

  743.0   0.02343

  744.0   0.02335

  745.0   0.02316

  746.0   0.02306

  747.0   0.02291

  748.0   0.02284

  749.0   0.02276

  750.0   0.02262

  751.0   0.02245

  752.0   0.02235

  753.0   0.02227

  754.0   0.02209

  755.0   0.02202

  756.0   0.02190

  757.0   0.02184

  758.0   0.02173

  759.0   0.02164

  760.0   0.02155

  761.0   0.02146

  762.0   0.02145

  763.0   0.02139

  764.0   0.02133

  765.0   0.02121

  766.0   0.02110

  767.0   0.02105

  768.0   0.02091

  769.0   0.02083

  770.0   0.02081

  771.0   0.02073

  772.0   0.02059

  773.0   0.02052

  774.0   0.02044

  775.0   0.02039

  776.0   0.02034

  777.0   0.02024

  778.0   0.02016

  779.0   0.02009

  780.0   0.02004

  781.0   0.01994

  782.0   0.01991

  783.0   0.01992

  784.0   0.01979

  785.0   0.01975

  786.0   0.01970

  787.0   0.01966

  788.0   0.01964

  789.0   0.01954

  790.0   0.01950

  791.0   0.01939

  792.0   0.01935

  793.0   0.01941

  794.0   0.01926

  795.0   0.01921

  796.0   0.01916

  797.0   0.01913

  798.0   0.01906

  799.0   0.01900

  800.0   0.01898

 
