ser ID: DU600

Method ID: A:\DEFAULT

Date: 07/30/00

Time: 09:48

 200.0   2.48180

  201.0   2.67333

  202.0   2.34129

  203.0   2.74507

  204.0   3.25864

  205.0   3.29623

  206.0   3.32797

  207.0   3.36286

  208.0   3.39967

  209.0   2.96253

  210.0   3.17333

  211.0   3.03235

  212.0   3.54851

  213.0   3.28870

  214.0   3.14706

  215.0   3.65418

  216.0   3.68628

  217.0   3.42103

  218.0   2.97367

  219.0   2.82151

  220.0   3.01731

  221.0   2.66605

  222.0   2.59763

  223.0   2.69592

  224.0   2.67834

  225.0   2.66293

  226.0   2.53753

  227.0   2.54962

  228.0   2.34717

  229.0   2.30193

  230.0   2.24515

  231.0   2.15078

  232.0   2.08799

  233.0   2.00797

  234.0   1.94291

  235.0   1.88583

  236.0   1.85186

  237.0   1.81352

  238.0   1.76699

  239.0   1.72184

  240.0   1.68689

  241.0   1.64744

  242.0   1.62427

  243.0   1.57622

  244.0   1.53854

  245.0   1.49552

  246.0   1.45782

  247.0   1.41316

  248.0   1.35965

  249.0   1.31731

  250.0   1.26970

  251.0   1.23211

  252.0   1.20285

  253.0   1.17898

  254.0   1.15500

  255.0   1.13054

  256.0   1.11507

  257.0   1.09935

  258.0   1.08599

  259.0   1.07204

  260.0   1.05580

  261.0   1.03517

  262.0   1.00943

  263.0   0.98054

  264.0   0.95424

  265.0   0.92821

  266.0   0.89878

  267.0   0.87215

  268.0   0.83966

  269.0   0.80326

  270.0   0.76429

  271.0   0.73135

  272.0   0.69607

  273.0   0.66053

  274.0   0.62380

  275.0   0.58934

  276.0   0.55773

  277.0   0.52771

  278.0   0.49736

  279.0   0.47394

  280.0   0.45198

  281.0   0.43066

  282.0   0.41383

  283.0   0.39763

  284.0   0.38341

  285.0   0.37006

  286.0   0.35859

  287.0   0.34947

  288.0   0.33897

  289.0   0.33099

  290.0   0.32418

  291.0   0.31865

  292.0   0.31368

  293.0   0.30873

  294.0   0.30582

  295.0   0.30198

  296.0   0.29878

  297.0   0.29721

  298.0   0.29571

  299.0   0.29358

  300.0   0.29199

  301.0   0.29162

  302.0   0.28992

  303.0   0.28973

  304.0   0.28957

  305.0   0.28881

  306.0   0.28714

  307.0   0.28667

  308.0   0.28622

  309.0   0.28444

  310.0   0.28401

  311.0   0.28127

  312.0   0.27971

  313.0   0.27753

  314.0   0.27567

  315.0   0.27207

  316.0   0.26890

  317.0   0.26522

  318.0   0.26283

  319.0   0.25897

  320.0   0.25688

  321.0   0.25577

  322.0   0.24981

  323.0   0.24667

  324.0   0.24426

  325.0   0.24167

  326.0   0.23778

  327.0   0.23597

  328.0   0.23326

  329.0   0.22991

  330.0   0.22818

  331.0   0.22425

  332.0   0.22067

  333.0   0.21706

  334.0   0.21379

  335.0   0.20946

  336.0   0.20617

  337.0   0.20253

  338.0   0.19816

  339.0   0.19450

  340.0   0.19139

  341.0   0.18863

  342.0   0.18396

  343.0   0.18226

  344.0   0.17838

  345.0   0.17522

  346.0   0.17262

  347.0   0.16992

  348.0   0.16746

  349.0   0.16438

  350.0   0.16167

  351.0   0.15903

  352.0   0.15682

  353.0   0.15347

  354.0   0.15127

  355.0   0.14804

  356.0   0.14701

  357.0   0.14566

  358.0   0.14200

  359.0   0.13940

  360.0   0.13615

  361.0   0.13390

  362.0   0.13142

  363.0   0.12974

  364.0   0.12757

  365.0   0.12530

  366.0   0.12394

  367.0   0.12114

  368.0   0.11959

  369.0   0.11741

  370.0   0.11484

  371.0   0.11350

  372.0   0.11153

  373.0   0.10993

  374.0   0.10772

  375.0   0.10636

  376.0   0.10464

  377.0   0.10290

  378.0   0.10113

  379.0   0.09972

  380.0   0.09830

  381.0   0.09684

  382.0   0.09573

  383.0   0.09435

  384.0   0.09344

  385.0   0.09240

  386.0   0.09130

  387.0   0.09045

  388.0   0.08954

  389.0   0.08851

  390.0   0.08837

  391.0   0.08775

  392.0   0.08697

  393.0   0.08672

  394.0   0.08629

  395.0   0.08564

  396.0   0.08503

  397.0   0.08480

  398.0   0.08391

  399.0   0.08318

  400.0   0.08242

  401.0   0.08158

  402.0   0.08096

  403.0   0.07992

  404.0   0.07886

  405.0   0.07770

  406.0   0.07678

  407.0   0.07532

  408.0   0.07418

  409.0   0.07289

  410.0   0.07163

  411.0   0.07044

  412.0   0.06865

  413.0   0.06708

  414.0   0.06506

  415.0   0.06418

  416.0   0.05986

  417.0   0.05798

  418.0   0.05589

  419.0   0.05406

  420.0   0.05212

  421.0   0.05013

  422.0   0.04816

  423.0   0.04649

  424.0   0.04438

  425.0   0.04279

  426.0   0.04094

  427.0   0.03954

  428.0   0.03827

  429.0   0.03676

  430.0   0.03532

  431.0   0.03411

  432.0   0.03303

  433.0   0.03196

  434.0   0.03099

  435.0   0.03022

  436.0   0.02942

  437.0   0.02874

  438.0   0.02816

  439.0   0.02767

  440.0   0.02721

  441.0   0.02678

  442.0   0.02639

  443.0   0.02597

  444.0   0.02562

  445.0   0.02522

  446.0   0.02493

  447.0   0.02466

  448.0   0.02445

  449.0   0.02418

  450.0   0.02391

  451.0   0.02376

  452.0   0.02340

  453.0   0.02326

  454.0   0.02303

  455.0   0.02301

  456.0   0.02281

  457.0   0.02263

  458.0   0.02257

  459.0   0.02227

  460.0   0.02212

  461.0   0.02184

  462.0   0.02163

  463.0   0.02141

  464.0   0.02116

  465.0   0.02096

  466.0   0.02075

  467.0   0.02060

  468.0   0.02049

  469.0   0.02035

  470.0   0.02020

  471.0   0.02026

  472.0   0.02017

  473.0   0.02015

  474.0   0.02014

  475.0   0.02017

  476.0   0.02004

  477.0   0.02003

  478.0   0.02007

  479.0   0.02003

  480.0   0.02012

  481.0   0.02006

  482.0   0.02006

  483.0   0.01996

  484.0   0.01994

  485.0   0.01987

  486.0   0.01988

  487.0   0.01986

  488.0   0.01976

  489.0   0.01978

  490.0   0.01974

  491.0   0.01971

  492.0   0.01965

  493.0   0.01963

  494.0   0.01960

  495.0   0.01966

  496.0   0.01965

  497.0   0.01962

  498.0   0.01963

  499.0   0.01959

  500.0   0.01962

  501.0   0.01959

  502.0   0.01962

  503.0   0.01968

  504.0   0.01970

  505.0   0.01979

  506.0   0.01978

  507.0   0.01981

  508.0   0.01983

  509.0   0.01990

  510.0   0.01997

  511.0   0.02011

  512.0   0.02009

  513.0   0.02011

  514.0   0.02018

  515.0   0.02018

  516.0   0.02027

  517.0   0.02025

  518.0   0.02030

  519.0   0.02029

  520.0   0.02033

  521.0   0.02033

  522.0   0.02035

  523.0   0.02038

  524.0   0.02040

  525.0   0.02037

  526.0   0.02044

  527.0   0.02056

  528.0   0.02059

  529.0   0.02073

  530.0   0.02081

  531.0   0.02091

  532.0   0.02098

  533.0   0.02104

  534.0   0.02107

  535.0   0.02118

  536.0   0.02120

  537.0   0.02129

  538.0   0.02129

  539.0   0.02136

  540.0   0.02146

  541.0   0.02152

  542.0   0.02156

  543.0   0.02158

  544.0   0.02169

  545.0   0.02184

  546.0   0.02189

  547.0   0.02207

  548.0   0.02219

  549.0   0.02229

  550.0   0.02246

  551.0   0.02264

  552.0   0.02273

  553.0   0.02283

  554.0   0.02291

  555.0   0.02294

  556.0   0.02298

  557.0   0.02583

  558.0   0.02573

  559.0   0.02562

  560.0   0.02553

  561.0   0.02550

  562.0   0.02550

  563.0   0.02542

  564.0   0.02535

  565.0   0.02525

  566.0   0.02520

  567.0   0.02521

  568.0   0.02517

  569.0   0.02520

  570.0   0.02518

  571.0   0.02510

  572.0   0.02515

  573.0   0.02511

  574.0   0.02510

  575.0   0.02508

  576.0   0.02502

  577.0   0.02496

  578.0   0.02495

  579.0   0.02495

  580.0   0.02493

  581.0   0.02491

  582.0   0.02489

  583.0   0.02488

  584.0   0.02495

  585.0   0.02505

  586.0   0.02514

  587.0   0.02519

  588.0   0.02525

  589.0   0.02529

  590.0   0.02531

  591.0   0.02537

  592.0   0.02545

  593.0   0.02551

  594.0   0.02558

  595.0   0.02566

  596.0   0.02578

  597.0   0.02584

  598.0   0.02589

  599.0   0.02598

  600.0   0.02610

  601.0   0.02616

  602.0   0.02622

  603.0   0.02626

  604.0   0.02628

  605.0   0.02637

  606.0   0.02637

  607.0   0.02645

  608.0   0.02648

  609.0   0.02651

  610.0   0.02659

  611.0   0.02660

  612.0   0.02667

  613.0   0.02664

  614.0   0.02666

  615.0   0.02663

  616.0   0.02671

  617.0   0.02669

  618.0   0.02673

  619.0   0.02680

  620.0   0.02677

  621.0   0.02680

  622.0   0.02684

  623.0   0.02687

  624.0   0.02682

  625.0   0.02681

  626.0   0.02679

  627.0   0.02680

  628.0   0.02680

  629.0   0.02677

  630.0   0.02678

  631.0   0.02677

  632.0   0.02676

  633.0   0.02679

  634.0   0.02675

  635.0   0.02671

  636.0   0.02665

  637.0   0.02665

  638.0   0.02664

  639.0   0.02658

  640.0   0.02660

  641.0   0.02658

  642.0   0.02655

  643.0   0.02655

  644.0   0.02655

  645.0   0.02657

  646.0   0.02652

  647.0   0.02651

  648.0   0.02649

  649.0   0.02647

  650.0   0.02648

  651.0   0.02644

  652.0   0.02646

  653.0   0.02641

  654.0   0.02641

  655.0   0.02634

  656.0   0.02633

  657.0   0.02627

  658.0   0.02627

  659.0   0.02625

  660.0   0.02623

  661.0   0.02618

  662.0   0.02616

  663.0   0.02612

  664.0   0.02612

  665.0   0.02605

  666.0   0.02599

  667.0   0.02595

  668.0   0.02589

  669.0   0.02588

  670.0   0.02579

  671.0   0.02578

  672.0   0.02572

  673.0   0.02568

  674.0   0.02567

  675.0   0.02561

  676.0   0.02551

  677.0   0.02543

  678.0   0.02537

  679.0   0.02536

  680.0   0.02529

  681.0   0.02523

  682.0   0.02522

  683.0   0.02515

  684.0   0.02514

  685.0   0.02507

  686.0   0.02502

  687.0   0.02498

  688.0   0.02497

  689.0   0.02496

  690.0   0.02495

  691.0   0.02490

  692.0   0.02489

  693.0   0.02485

  694.0   0.02478

  695.0   0.02480

  696.0   0.02473

  697.0   0.02465

  698.0   0.02466

  699.0   0.02453

  700.0   0.02451

  701.0   0.02446

  702.0   0.02435

  703.0   0.02431

  704.0   0.02427

  705.0   0.02421

  706.0   0.02421

  707.0   0.02414

  708.0   0.02409

  709.0   0.02398

  710.0   0.02395

  711.0   0.02378

  712.0   0.02369

  713.0   0.02356

  714.0   0.02347

  715.0   0.02343

  716.0   0.02327

  717.0   0.02319

  718.0   0.02312

  719.0   0.02303

  720.0   0.02297

  721.0   0.02293

  722.0   0.02285

  723.0   0.02274

  724.0   0.02264

  725.0   0.02257

  726.0   0.02253

  727.0   0.02242

  728.0   0.02235

  729.0   0.02232

  730.0   0.02224

  731.0   0.02219

  732.0   0.02214

  733.0   0.02211

  734.0   0.02203

  735.0   0.02200

  736.0   0.02472

  737.0   0.02442

  738.0   0.02424

  739.0   0.02407

  740.0   0.02382

  741.0   0.02367

  742.0   0.02346

  743.0   0.02329

  744.0   0.02316

  745.0   0.02303

  746.0   0.02295

  747.0   0.02275

  748.0   0.02262

  749.0   0.02253

  750.0   0.02242

  751.0   0.02232

  752.0   0.02218

  753.0   0.02208

  754.0   0.02193

  755.0   0.02191

  756.0   0.02176

  757.0   0.02176

  758.0   0.02162

  759.0   0.02150

  760.0   0.02138

  761.0   0.02129

  762.0   0.02120

  763.0   0.02117

  764.0   0.02108

  765.0   0.02099

  766.0   0.02091

  767.0   0.02082

  768.0   0.02069

  769.0   0.02060

  770.0   0.02055

  771.0   0.02047

  772.0   0.02034

  773.0   0.02023

  774.0   0.02016

  775.0   0.02011

  776.0   0.02006

  777.0   0.01998

  778.0   0.01988

  779.0   0.01980

  780.0   0.01975

  781.0   0.01971

  782.0   0.01968

  783.0   0.01963

  784.0   0.01956

  785.0   0.01951

  786.0   0.01944

  787.0   0.01945

  788.0   0.01947

  789.0   0.01934

  790.0   0.01929

  791.0   0.01925

  792.0   0.01914

  793.0   0.01918

  794.0   0.01908

  795.0   0.01906

  796.0   0.01898

  797.0   0.01895

  798.0   0.01892

  799.0   0.01885

  800.0   0.01881

 
