ser ID: DU600

Method ID: A:\DEFAULT

Date: 07/30/00

Time: 05:55

 200.0   2.78283

  201.0   3.15045

  202.0   3.18639

  203.0   3.22220

  204.0   2.65658

  205.0   3.29623

  206.0   3.32797

  207.0   3.36286

  208.0   2.70070

  209.0   3.13862

  210.0   2.62926

  211.0   3.50947

  212.0   2.94645

  213.0   3.58973

  214.0   3.62418

  215.0   3.65418

  216.0   3.68628

  217.0   3.72206

  218.0   3.14976

  219.0   3.77576

  220.0   3.49443

  221.0   3.81218

  222.0   3.82808

  223.0   3.14308

  224.0   3.15546

  225.0   3.02196

  226.0   2.97687

  227.0   3.19307

  228.0   3.30141

  229.0   3.01162

  230.0   3.14824

  231.0   3.63508

  232.0   2.94532

  233.0   2.77636

  234.0   2.72950

  235.0   2.88583

  236.0   2.88996

  237.0   2.85794

  238.0   2.76970

  239.0   2.79860

  240.0   2.61297

  241.0   2.54241

  242.0   2.45406

  243.0   2.35789

  244.0   2.26933

  245.0   2.21715

  246.0   2.11651

  247.0   2.05960

  248.0   1.97067

  249.0   1.87687

  250.0   1.83643

  251.0   1.76771

  252.0   1.69983

  253.0   1.64613

  254.0   1.59787

  255.0   1.53566

  256.0   1.48050

  257.0   1.42850

  258.0   1.38769

  259.0   1.33704

  260.0   1.29451

  261.0   1.25207

  262.0   1.20377

  263.0   1.15804

  264.0   1.12180

  265.0   1.08888

  266.0   1.05502

  267.0   1.02859

  268.0   0.99936

  269.0   0.96807

  270.0   0.93494

  271.0   0.90322

  272.0   0.87645

  273.0   0.85086

  274.0   0.82255

  275.0   0.79613

  276.0   0.76908

  277.0   0.74053

  278.0   0.70904

  279.0   0.68221

  280.0   0.65342

  281.0   0.62424

  282.0   0.59867

  283.0   0.57372

  284.0   0.54792

  285.0   0.52122

  286.0   0.49597

  287.0   0.47323

  288.0   0.44944

  289.0   0.42823

  290.0   0.40996

  291.0   0.39134

  292.0   0.37424

  293.0   0.35961

  294.0   0.34513

  295.0   0.32976

  296.0   0.31681

  297.0   0.30474

  298.0   0.29341

  299.0   0.28130

  300.0   0.27135

  301.0   0.26219

  302.0   0.25197

  303.0   0.24390

  304.0   0.23605

  305.0   0.22973

  306.0   0.22247

  307.0   0.21670

  308.0   0.21161

  309.0   0.20545

  310.0   0.20009

  311.0   0.19404

  312.0   0.18952

  313.0   0.18558

  314.0   0.18247

  315.0   0.17883

  316.0   0.17588

  317.0   0.17308

  318.0   0.17193

  319.0   0.17087

  320.0   0.17010

  321.0   0.17111

  322.0   0.17049

  323.0   0.17206

  324.0   0.17346

  325.0   0.17623

  326.0   0.17932

  327.0   0.18117

  328.0   0.18426

  329.0   0.18799

  330.0   0.19288

  331.0   0.19598

  332.0   0.20016

  333.0   0.20427

  334.0   0.20959

  335.0   0.21364

  336.0   0.21837

  337.0   0.22312

  338.0   0.22783

  339.0   0.23363

  340.0   0.23863

  341.0   0.24560

  342.0   0.25066

  343.0   0.25466

  344.0   0.25953

  345.0   0.26419

  346.0   0.26836

  347.0   0.27301

  348.0   0.27617

  349.0   0.27964

  350.0   0.28281

  351.0   0.28422

  352.0   0.28613

  353.0   0.28652

  354.0   0.28741

  355.0   0.28777

  356.0   0.28739

  357.0   0.28800

  358.0   0.28513

  359.0   0.28345

  360.0   0.28031

  361.0   0.27775

  362.0   0.27436

  363.0   0.27041

  364.0   0.26627

  365.0   0.26116

  366.0   0.25657

  367.0   0.25161

  368.0   0.24677

  369.0   0.24211

  370.0   0.23679

  371.0   0.23262

  372.0   0.22767

  373.0   0.22309

  374.0   0.21770

  375.0   0.21285

  376.0   0.20754

  377.0   0.20406

  378.0   0.19921

  379.0   0.19491

  380.0   0.19094

  381.0   0.18611

  382.0   0.18195

  383.0   0.17752

  384.0   0.17408

  385.0   0.16994

  386.0   0.16573

  387.0   0.16228

  388.0   0.15896

  389.0   0.15506

  390.0   0.15174

  391.0   0.14870

  392.0   0.14510

  393.0   0.14257

  394.0   0.13964

  395.0   0.13681

  396.0   0.13396

  397.0   0.13154

  398.0   0.12873

  399.0   0.12601

  400.0   0.12362

  401.0   0.12144

  402.0   0.11934

  403.0   0.11711

  404.0   0.11496

  405.0   0.11269

  406.0   0.11091

  407.0   0.10832

  408.0   0.10616

  409.0   0.10389

  410.0   0.10184

  411.0   0.10007

  412.0   0.09779

  413.0   0.09566

  414.0   0.09352

  415.0   0.09244

  416.0   0.08786

  417.0   0.08543

  418.0   0.08309

  419.0   0.08093

  420.0   0.07857

  421.0   0.07634

  422.0   0.07405

  423.0   0.07208

  424.0   0.06983

  425.0   0.06769

  426.0   0.06556

  427.0   0.06351

  428.0   0.06176

  429.0   0.05966

  430.0   0.05804

  431.0   0.05620

  432.0   0.05463

  433.0   0.05284

  434.0   0.05129

  435.0   0.04996

  436.0   0.04843

  437.0   0.04726

  438.0   0.04591

  439.0   0.04474

  440.0   0.04369

  441.0   0.04250

  442.0   0.04144

  443.0   0.04037

  444.0   0.03944

  445.0   0.03838

  446.0   0.03757

  447.0   0.03678

  448.0   0.03599

  449.0   0.03515

  450.0   0.03435

  451.0   0.03367

  452.0   0.03286

  453.0   0.03218

  454.0   0.03153

  455.0   0.03088

  456.0   0.03025

  457.0   0.02964

  458.0   0.02911

  459.0   0.02840

  460.0   0.02782

  461.0   0.02718

  462.0   0.02659

  463.0   0.02616

  464.0   0.02548

  465.0   0.02503

  466.0   0.02451

  467.0   0.02410

  468.0   0.02358

  469.0   0.02312

  470.0   0.02268

  471.0   0.02247

  472.0   0.02209

  473.0   0.02183

  474.0   0.02155

  475.0   0.02131

  476.0   0.02100

  477.0   0.02077

  478.0   0.02062

  479.0   0.02038

  480.0   0.02019

  481.0   0.02001

  482.0   0.01980

  483.0   0.01961

  484.0   0.01943

  485.0   0.01929

  486.0   0.01917

  487.0   0.01897

  488.0   0.01879

  489.0   0.01864

  490.0   0.01844

  491.0   0.01831

  492.0   0.01817

  493.0   0.01811

  494.0   0.01791

  495.0   0.01781

  496.0   0.01765

  497.0   0.01745

  498.0   0.01730

  499.0   0.01720

  500.0   0.01712

  501.0   0.01701

  502.0   0.01697

  503.0   0.01689

  504.0   0.01677

  505.0   0.01677

  506.0   0.01670

  507.0   0.01661

  508.0   0.01659

  509.0   0.01658

  510.0   0.01656

  511.0   0.01652

  512.0   0.01641

  513.0   0.01643

  514.0   0.01634

  515.0   0.01628

  516.0   0.01631

  517.0   0.01626

  518.0   0.01623

  519.0   0.01616

  520.0   0.01618

  521.0   0.01616

  522.0   0.01612

  523.0   0.01608

  524.0   0.01605

  525.0   0.01601

  526.0   0.01597

  527.0   0.01600

  528.0   0.01599

  529.0   0.01598

  530.0   0.01598

  531.0   0.01596

  532.0   0.01599

  533.0   0.01593

  534.0   0.01589

  535.0   0.01590

  536.0   0.01592

  537.0   0.01594

  538.0   0.01594

  539.0   0.01591

  540.0   0.01590

  541.0   0.01589

  542.0   0.01583

  543.0   0.01578

  544.0   0.01573

  545.0   0.01575

  546.0   0.01571

  547.0   0.01576

  548.0   0.01580

  549.0   0.01584

  550.0   0.01589

  551.0   0.01598

  552.0   0.01606

  553.0   0.01608

  554.0   0.01613

  555.0   0.01613

  556.0   0.01607

  557.0   0.01678

  558.0   0.01674

  559.0   0.01668

  560.0   0.01667

  561.0   0.01664

  562.0   0.01667

  563.0   0.01665

  564.0   0.01666

  565.0   0.01665

  566.0   0.01662

  567.0   0.01666

  568.0   0.01668

  569.0   0.01669

  570.0   0.01670

  571.0   0.01673

  572.0   0.01675

  573.0   0.01676

  574.0   0.01677

  575.0   0.01674

  576.0   0.01672

  577.0   0.01667

  578.0   0.01668

  579.0   0.01665

  580.0   0.01664

  581.0   0.01658

  582.0   0.01658

  583.0   0.01659

  584.0   0.01662

  585.0   0.01660

  586.0   0.01662

  587.0   0.01660

  588.0   0.01663

  589.0   0.01656

  590.0   0.01655

  591.0   0.01653

  592.0   0.01651

  593.0   0.01650

  594.0   0.01650

  595.0   0.01655

  596.0   0.01656

  597.0   0.01658

  598.0   0.01658

  599.0   0.01660

  600.0   0.01666

  601.0   0.01670

  602.0   0.01671

  603.0   0.01678

  604.0   0.01679

  605.0   0.01682

  606.0   0.01678

  607.0   0.01684

  608.0   0.01683

  609.0   0.01687

  610.0   0.01696

  611.0   0.01699

  612.0   0.01705

  613.0   0.01713

  614.0   0.01724

  615.0   0.01727

  616.0   0.01736

  617.0   0.01734

  618.0   0.01743

  619.0   0.01746

  620.0   0.01744

  621.0   0.01746

  622.0   0.01747

  623.0   0.01751

  624.0   0.01753

  625.0   0.01755

  626.0   0.01755

  627.0   0.01756

  628.0   0.01761

  629.0   0.01762

  630.0   0.01766

  631.0   0.01765

  632.0   0.01766

  633.0   0.01767

  634.0   0.01769

  635.0   0.01766

  636.0   0.01758

  637.0   0.01758

  638.0   0.01745

  639.0   0.01733

  640.0   0.01729

  641.0   0.01727

  642.0   0.01722

  643.0   0.01722

  644.0   0.01723

  645.0   0.01723

  646.0   0.01724

  647.0   0.01722

  648.0   0.01726

  649.0   0.01728

  650.0   0.01731

  651.0   0.01728

  652.0   0.01731

  653.0   0.01731

  654.0   0.01729

  655.0   0.01726

  656.0   0.01730

  657.0   0.01728

  658.0   0.01728

  659.0   0.01727

  660.0   0.01724

  661.0   0.01722

  662.0   0.01722

  663.0   0.01718

  664.0   0.01719

  665.0   0.01720

  666.0   0.01720

  667.0   0.01719

  668.0   0.01716

  669.0   0.01722

  670.0   0.01720

  671.0   0.01724

  672.0   0.01719

  673.0   0.01720

  674.0   0.01719

  675.0   0.01715

  676.0   0.01715

  677.0   0.01713

  678.0   0.01714

  679.0   0.01714

  680.0   0.01713

  681.0   0.01713

  682.0   0.01705

  683.0   0.01706

  684.0   0.01704

  685.0   0.01703

  686.0   0.01699

  687.0   0.01700

  688.0   0.01695

  689.0   0.01696

  690.0   0.01694

  691.0   0.01696

  692.0   0.01700

  693.0   0.01701

  694.0   0.01702

  695.0   0.01706

  696.0   0.01705

  697.0   0.01703

  698.0   0.01702

  699.0   0.01699

  700.0   0.01698

  701.0   0.01698

  702.0   0.01696

  703.0   0.01697

  704.0   0.01695

  705.0   0.01695

  706.0   0.01701

  707.0   0.01705

  708.0   0.01703

  709.0   0.01696

  710.0   0.01697

  711.0   0.01692

  712.0   0.01691

  713.0   0.01684

  714.0   0.01685

  715.0   0.01684

  716.0   0.01680

  717.0   0.01679

  718.0   0.01677

  719.0   0.01672

  720.0   0.01670

  721.0   0.01668

  722.0   0.01668

  723.0   0.01660

  724.0   0.01659

  725.0   0.01655

  726.0   0.01658

  727.0   0.01652

  728.0   0.01654

  729.0   0.01651

  730.0   0.01650

  731.0   0.01649

  732.0   0.01646

  733.0   0.01641

  734.0   0.01639

  735.0   0.01642

  736.0   0.01729

  737.0   0.01721

  738.0   0.01725

  739.0   0.01712

  740.0   0.01709

  741.0   0.01703

  742.0   0.01698

  743.0   0.01690

  744.0   0.01683

  745.0   0.01681

  746.0   0.01680

  747.0   0.01668

  748.0   0.01670

  749.0   0.01669

  750.0   0.01664

  751.0   0.01659

  752.0   0.01654

  753.0   0.01652

  754.0   0.01639

  755.0   0.01642

  756.0   0.01638

  757.0   0.01637

  758.0   0.01629

  759.0   0.01622

  760.0   0.01612

  761.0   0.01608

  762.0   0.01607

  763.0   0.01600

  764.0   0.01597

  765.0   0.01593

  766.0   0.01590

  767.0   0.01586

  768.0   0.01580

  769.0   0.01577

  770.0   0.01571

  771.0   0.01565

  772.0   0.01557

  773.0   0.01554

  774.0   0.01540

  775.0   0.01537

  776.0   0.01534

  777.0   0.01526

  778.0   0.01520

  779.0   0.01517

  780.0   0.01512

  781.0   0.01501

  782.0   0.01501

  783.0   0.01500

  784.0   0.01495

  785.0   0.01484

  786.0   0.01484

  787.0   0.01479

  788.0   0.01482

  789.0   0.01474

  790.0   0.01466

  791.0   0.01460

  792.0   0.01457

  793.0   0.01460

  794.0   0.01449

  795.0   0.01449

  796.0   0.01438

  797.0   0.01437

  798.0   0.01436

  799.0   0.01432

  800.0   0.01424

 
