ser ID: DU600

Method ID: A:\DEFAULT

Date: 07/30/00

Time: 05:50

 200.0   2.30571

  201.0   2.37230

  202.0   3.18639

  203.0   2.92117

  204.0   2.55967

  205.0   2.69417

  206.0   3.32797

  207.0   3.36286

  208.0   3.39967

  209.0   3.43965

  210.0   2.69621

  211.0   3.03235

  212.0   3.54851

  213.0   3.11261

  214.0   3.62418

  215.0   3.65418

  216.0   3.08422

  217.0   3.12000

  218.0   3.75182

  219.0   3.77576

  220.0   3.79546

  221.0   3.51115

  222.0   3.35096

  223.0   2.99695

  224.0   3.25237

  225.0   3.38993

  226.0   3.18099

  227.0   3.11389

  228.0   3.12532

  229.0   3.13656

  230.0   2.97215

  231.0   2.98187

  232.0   2.99108

  233.0   3.17430

  234.0   3.95995

  235.0   2.92362

  236.0   2.82301

  237.0   2.82575

  238.0   2.85988

  239.0   2.82857

  240.0   2.79860

  241.0   2.61205

  242.0   2.52541

  243.0   2.36861

  244.0   2.29620

  245.0   2.25777

  246.0   2.17628

  247.0   2.11213

  248.0   2.00355

  249.0   1.92345

  250.0   1.84327

  251.0   1.79184

  252.0   1.72600

  253.0   1.67189

  254.0   1.61252

  255.0   1.54296

  256.0   1.48374

  257.0   1.43142

  258.0   1.39308

  259.0   1.33947

  260.0   1.29674

  261.0   1.24192

  262.0   1.19638

  263.0   1.14963

  264.0   1.11785

  265.0   1.08223

  266.0   1.05013

  267.0   1.02526

  268.0   0.99244

  269.0   0.96156

  270.0   0.92883

  271.0   0.90480

  272.0   0.88296

  273.0   0.85800

  274.0   0.83153

  275.0   0.80419

  276.0   0.77627

  277.0   0.74994

  278.0   0.72170

  279.0   0.69411

  280.0   0.66772

  281.0   0.63821

  282.0   0.60934

  283.0   0.58225

  284.0   0.55744

  285.0   0.52901

  286.0   0.50334

  287.0   0.48001

  288.0   0.45468

  289.0   0.43284

  290.0   0.41313

  291.0   0.39403

  292.0   0.37489

  293.0   0.35929

  294.0   0.34437

  295.0   0.32816

  296.0   0.31371

  297.0   0.29939

  298.0   0.28845

  299.0   0.27476

  300.0   0.26367

  301.0   0.25364

  302.0   0.24271

  303.0   0.23439

  304.0   0.22593

  305.0   0.21887

  306.0   0.21097

  307.0   0.20547

  308.0   0.19887

  309.0   0.19191

  310.0   0.18632

  311.0   0.18094

  312.0   0.17601

  313.0   0.17189

  314.0   0.16831

  315.0   0.16516

  316.0   0.16137

  317.0   0.15915

  318.0   0.15710

  319.0   0.15720

  320.0   0.15727

  321.0   0.15803

  322.0   0.15857

  323.0   0.15992

  324.0   0.16231

  325.0   0.16550

  326.0   0.16750

  327.0   0.17052

  328.0   0.17492

  329.0   0.17971

  330.0   0.18395

  331.0   0.18872

  332.0   0.19445

  333.0   0.19794

  334.0   0.20381

  335.0   0.20946

  336.0   0.21551

  337.0   0.22176

  338.0   0.22752

  339.0   0.23379

  340.0   0.23817

  341.0   0.24545

  342.0   0.25224

  343.0   0.25784

  344.0   0.26321

  345.0   0.26968

  346.0   0.27357

  347.0   0.27842

  348.0   0.28294

  349.0   0.28562

  350.0   0.29052

  351.0   0.29331

  352.0   0.29544

  353.0   0.29637

  354.0   0.29817

  355.0   0.29789

  356.0   0.29754

  357.0   0.29850

  358.0   0.29625

  359.0   0.29429

  360.0   0.29122

  361.0   0.28805

  362.0   0.28420

  363.0   0.28074

  364.0   0.27730

  365.0   0.27179

  366.0   0.26823

  367.0   0.26167

  368.0   0.25690

  369.0   0.25166

  370.0   0.24609

  371.0   0.24217

  372.0   0.23631

  373.0   0.23167

  374.0   0.22645

  375.0   0.22183

  376.0   0.21668

  377.0   0.21203

  378.0   0.20711

  379.0   0.20277

  380.0   0.19811

  381.0   0.19353

  382.0   0.18881

  383.0   0.18399

  384.0   0.18035

  385.0   0.17618

  386.0   0.17184

  387.0   0.16821

  388.0   0.16402

  389.0   0.15978

  390.0   0.15609

  391.0   0.15303

  392.0   0.14952

  393.0   0.14664

  394.0   0.14317

  395.0   0.14005

  396.0   0.13684

  397.0   0.13404

  398.0   0.13142

  399.0   0.12862

  400.0   0.12619

  401.0   0.12375

  402.0   0.12129

  403.0   0.11884

  404.0   0.11673

  405.0   0.11433

  406.0   0.11258

  407.0   0.11009

  408.0   0.10773

  409.0   0.10544

  410.0   0.10324

  411.0   0.10162

  412.0   0.09927

  413.0   0.09727

  414.0   0.09501

  415.0   0.09388

  416.0   0.08944

  417.0   0.08725

  418.0   0.08486

  419.0   0.08265

  420.0   0.08023

  421.0   0.07804

  422.0   0.07596

  423.0   0.07385

  424.0   0.07147

  425.0   0.06952

  426.0   0.06733

  427.0   0.06539

  428.0   0.06359

  429.0   0.06158

  430.0   0.05976

  431.0   0.05788

  432.0   0.05627

  433.0   0.05456

  434.0   0.05303

  435.0   0.05160

  436.0   0.05001

  437.0   0.04886

  438.0   0.04743

  439.0   0.04616

  440.0   0.04498

  441.0   0.04376

  442.0   0.04252

  443.0   0.04158

  444.0   0.04059

  445.0   0.03950

  446.0   0.03863

  447.0   0.03759

  448.0   0.03678

  449.0   0.03580

  450.0   0.03503

  451.0   0.03434

  452.0   0.03357

  453.0   0.03280

  454.0   0.03201

  455.0   0.03140

  456.0   0.03072

  457.0   0.03011

  458.0   0.02949

  459.0   0.02878

  460.0   0.02820

  461.0   0.02743

  462.0   0.02700

  463.0   0.02640

  464.0   0.02568

  465.0   0.02530

  466.0   0.02474

  467.0   0.02428

  468.0   0.02380

  469.0   0.02333

  470.0   0.02292

  471.0   0.02260

  472.0   0.02219

  473.0   0.02190

  474.0   0.02161

  475.0   0.02131

  476.0   0.02094

  477.0   0.02071

  478.0   0.02054

  479.0   0.02035

  480.0   0.02017

  481.0   0.01990

  482.0   0.01965

  483.0   0.01946

  484.0   0.01921

  485.0   0.01905

  486.0   0.01884

  487.0   0.01871

  488.0   0.01847

  489.0   0.01834

  490.0   0.01815

  491.0   0.01802

  492.0   0.01787

  493.0   0.01774

  494.0   0.01750

  495.0   0.01737

  496.0   0.01723

  497.0   0.01710

  498.0   0.01699

  499.0   0.01683

  500.0   0.01672

  501.0   0.01661

  502.0   0.01649

  503.0   0.01645

  504.0   0.01634

  505.0   0.01632

  506.0   0.01625

  507.0   0.01613

  508.0   0.01611

  509.0   0.01607

  510.0   0.01603

  511.0   0.01601

  512.0   0.01594

  513.0   0.01593

  514.0   0.01588

  515.0   0.01586

  516.0   0.01583

  517.0   0.01577

  518.0   0.01579

  519.0   0.01569

  520.0   0.01568

  521.0   0.01566

  522.0   0.01563

  523.0   0.01558

  524.0   0.01553

  525.0   0.01550

  526.0   0.01544

  527.0   0.01548

  528.0   0.01543

  529.0   0.01542

  530.0   0.01542

  531.0   0.01540

  532.0   0.01541

  533.0   0.01540

  534.0   0.01531

  535.0   0.01531

  536.0   0.01528

  537.0   0.01532

  538.0   0.01529

  539.0   0.01530

  540.0   0.01531

  541.0   0.01529

  542.0   0.01527

  543.0   0.01520

  544.0   0.01521

  545.0   0.01521

  546.0   0.01515

  547.0   0.01520

  548.0   0.01518

  549.0   0.01526

  550.0   0.01531

  551.0   0.01535

  552.0   0.01539

  553.0   0.01545

  554.0   0.01548

  555.0   0.01547

  556.0   0.01545

  557.0   0.01609

  558.0   0.01605

  559.0   0.01597

  560.0   0.01601

  561.0   0.01599

  562.0   0.01597

  563.0   0.01602

  564.0   0.01600

  565.0   0.01597

  566.0   0.01596

  567.0   0.01596

  568.0   0.01597

  569.0   0.01598

  570.0   0.01596

  571.0   0.01597

  572.0   0.01598

  573.0   0.01604

  574.0   0.01602

  575.0   0.01600

  576.0   0.01601

  577.0   0.01598

  578.0   0.01599

  579.0   0.01599

  580.0   0.01600

  581.0   0.01597

  582.0   0.01597

  583.0   0.01594

  584.0   0.01594

  585.0   0.01596

  586.0   0.01599

  587.0   0.01595

  588.0   0.01595

  589.0   0.01590

  590.0   0.01589

  591.0   0.01586

  592.0   0.01587

  593.0   0.01585

  594.0   0.01589

  595.0   0.01590

  596.0   0.01597

  597.0   0.01598

  598.0   0.01600

  599.0   0.01600

  600.0   0.01601

  601.0   0.01600

  602.0   0.01604

  603.0   0.01607

  604.0   0.01608

  605.0   0.01611

  606.0   0.01607

  607.0   0.01610

  608.0   0.01612

  609.0   0.01614

  610.0   0.01618

  611.0   0.01617

  612.0   0.01622

  613.0   0.01618

  614.0   0.01620

  615.0   0.01624

  616.0   0.01628

  617.0   0.01628

  618.0   0.01631

  619.0   0.01637

  620.0   0.01641

  621.0   0.01644

  622.0   0.01647

  623.0   0.01651

  624.0   0.01650

  625.0   0.01650

  626.0   0.01648

  627.0   0.01651

  628.0   0.01653

  629.0   0.01655

  630.0   0.01659

  631.0   0.01657

  632.0   0.01662

  633.0   0.01664

  634.0   0.01665

  635.0   0.01664

  636.0   0.01660

  637.0   0.01659

  638.0   0.01658

  639.0   0.01651

  640.0   0.01647

  641.0   0.01648

  642.0   0.01647

  643.0   0.01647

  644.0   0.01647

  645.0   0.01647

  646.0   0.01647

  647.0   0.01644

  648.0   0.01646

  649.0   0.01645

  650.0   0.01641

  651.0   0.01640

  652.0   0.01639

  653.0   0.01641

  654.0   0.01639

  655.0   0.01638

  656.0   0.01638

  657.0   0.01638

  658.0   0.01645

  659.0   0.01640

  660.0   0.01640

  661.0   0.01634

  662.0   0.01635

  663.0   0.01634

  664.0   0.01636

  665.0   0.01639

  666.0   0.01640

  667.0   0.01641

  668.0   0.01642

  669.0   0.01645

  670.0   0.01640

  671.0   0.01642

  672.0   0.01640

  673.0   0.01643

  674.0   0.01647

  675.0   0.01643

  676.0   0.01640

  677.0   0.01639

  678.0   0.01641

  679.0   0.01641

  680.0   0.01641

  681.0   0.01640

  682.0   0.01634

  683.0   0.01633

  684.0   0.01633

  685.0   0.01632

  686.0   0.01631

  687.0   0.01629

  688.0   0.01628

  689.0   0.01627

  690.0   0.01627

  691.0   0.01629

  692.0   0.01630

  693.0   0.01631

  694.0   0.01635

  695.0   0.01639

  696.0   0.01638

  697.0   0.01637

  698.0   0.01638

  699.0   0.01637

  700.0   0.01637

  701.0   0.01636

  702.0   0.01634

  703.0   0.01637

  704.0   0.01635

  705.0   0.01637

  706.0   0.01634

  707.0   0.01633

  708.0   0.01632

  709.0   0.01624

  710.0   0.01634

  711.0   0.01627

  712.0   0.01623

  713.0   0.01622

  714.0   0.01619

  715.0   0.01622

  716.0   0.01615

  717.0   0.01618

  718.0   0.01613

  719.0   0.01612

  720.0   0.01611

  721.0   0.01611

  722.0   0.01609

  723.0   0.01605

  724.0   0.01601

  725.0   0.01597

  726.0   0.01599

  727.0   0.01595

  728.0   0.01596

  729.0   0.01593

  730.0   0.01596

  731.0   0.01592

  732.0   0.01587

  733.0   0.01586

  734.0   0.01581

  735.0   0.01581

  736.0   0.01656

  737.0   0.01646

  738.0   0.01650

  739.0   0.01646

  740.0   0.01640

  741.0   0.01637

  742.0   0.01629

  743.0   0.01624

  744.0   0.01625

  745.0   0.01621

  746.0   0.01622

  747.0   0.01610

  748.0   0.01621

  749.0   0.01615

  750.0   0.01607

  751.0   0.01601

  752.0   0.01599

  753.0   0.01594

  754.0   0.01587

  755.0   0.01588

  756.0   0.01581

  757.0   0.01580

  758.0   0.01574

  759.0   0.01564

  760.0   0.01563

  761.0   0.01556

  762.0   0.01555

  763.0   0.01551

  764.0   0.01544

  765.0   0.01540

  766.0   0.01540

  767.0   0.01528

  768.0   0.01525

  769.0   0.01524

  770.0   0.01524

  771.0   0.01524

  772.0   0.01523

  773.0   0.01518

  774.0   0.01509

  775.0   0.01506

  776.0   0.01506

  777.0   0.01495

  778.0   0.01489

  779.0   0.01489

  780.0   0.01486

  781.0   0.01475

  782.0   0.01472

  783.0   0.01475

  784.0   0.01464

  785.0   0.01467

  786.0   0.01461

  787.0   0.01456

  788.0   0.01456

  789.0   0.01454

  790.0   0.01454

  791.0   0.01451

  792.0   0.01446

  793.0   0.01457

  794.0   0.01443

  795.0   0.01440

  796.0   0.01432

  797.0   0.01431

  798.0   0.01430

  799.0   0.01420

  800.0   0.01418

 
