ser ID: DU600

Method ID: A:\DEFAULT

Date: 07/30/00

Time: 08:34

 200.0   2.38489

  201.0   3.15045

  202.0   3.18639

  203.0   2.74507

  204.0   2.95761

  205.0   2.69417

  206.0   3.32797

  207.0   3.36286

  208.0   3.39967

  209.0   2.66150

  210.0   3.17333

  211.0   2.81050

  212.0   3.54851

  213.0   2.74463

  214.0   2.62418

  215.0   2.87603

  216.0   2.84118

  217.0   2.81897

  218.0   3.14976

  219.0   3.77576

  220.0   3.01731

  221.0   3.03403

  222.0   2.87384

  223.0   2.80065

  224.0   2.77525

  225.0   2.63661

  226.0   2.46498

  227.0   2.47707

  228.0   2.38496

  229.0   2.33493

  230.0   2.31361

  231.0   2.24592

  232.0   2.16717

  233.0   2.13954

  234.0   2.06232

  235.0   2.00123

  236.0   1.96054

  237.0   1.88909

  238.0   1.87691

  239.0   1.82857

  240.0   1.79000

  241.0   1.75367

  242.0   1.71250

  243.0   1.68064

  244.0   1.63788

  245.0   1.59243

  246.0   1.54001

  247.0   1.49333

  248.0   1.43574

  249.0   1.38291

  250.0   1.34050

  251.0   1.29848

  252.0   1.26538

  253.0   1.23697

  254.0   1.21288

  255.0   1.19078

  256.0   1.16831

  257.0   1.15136

  258.0   1.13555

  259.0   1.11205

  260.0   1.09699

  261.0   1.07087

  262.0   1.04543

  263.0   1.01705

  264.0   0.98959

  265.0   0.96079

  266.0   0.93184

  267.0   0.90466

  268.0   0.87063

  269.0   0.83545

  270.0   0.79638

  271.0   0.75942

  272.0   0.72629

  273.0   0.68949

  274.0   0.65228

  275.0   0.61794

  276.0   0.58617

  277.0   0.55792

  278.0   0.52664

  279.0   0.50146

  280.0   0.47773

  281.0   0.45576

  282.0   0.43687

  283.0   0.41931

  284.0   0.40390

  285.0   0.38957

  286.0   0.37650

  287.0   0.36506

  288.0   0.35388

  289.0   0.34455

  290.0   0.33617

  291.0   0.32900

  292.0   0.32161

  293.0   0.31671

  294.0   0.31206

  295.0   0.30679

  296.0   0.30329

  297.0   0.30007

  298.0   0.29748

  299.0   0.29562

  300.0   0.29335

  301.0   0.29107

  302.0   0.28856

  303.0   0.28822

  304.0   0.28641

  305.0   0.28550

  306.0   0.28353

  307.0   0.28275

  308.0   0.28170

  309.0   0.28030

  310.0   0.27896

  311.0   0.27588

  312.0   0.27383

  313.0   0.27071

  314.0   0.26863

  315.0   0.26527

  316.0   0.26189

  317.0   0.25877

  318.0   0.25647

  319.0   0.25318

  320.0   0.25072

  321.0   0.25053

  322.0   0.24462

  323.0   0.24230

  324.0   0.23991

  325.0   0.23764

  326.0   0.23552

  327.0   0.23340

  328.0   0.23102

  329.0   0.22785

  330.0   0.22676

  331.0   0.22347

  332.0   0.22114

  333.0   0.21828

  334.0   0.21499

  335.0   0.21139

  336.0   0.20941

  337.0   0.20630

  338.0   0.20232

  339.0   0.19974

  340.0   0.19699

  341.0   0.19499

  342.0   0.19270

  343.0   0.19176

  344.0   0.18883

  345.0   0.18742

  346.0   0.18392

  347.0   0.18257

  348.0   0.18067

  349.0   0.17722

  350.0   0.17492

  351.0   0.17260

  352.0   0.17058

  353.0   0.16856

  354.0   0.16696

  355.0   0.16419

  356.0   0.16241

  357.0   0.16153

  358.0   0.15784

  359.0   0.15580

  360.0   0.15298

  361.0   0.15102

  362.0   0.14876

  363.0   0.14622

  364.0   0.14424

  365.0   0.14094

  366.0   0.13845

  367.0   0.13643

  368.0   0.13440

  369.0   0.13136

  370.0   0.12888

  371.0   0.12703

  372.0   0.12466

  373.0   0.12339

  374.0   0.12073

  375.0   0.11918

  376.0   0.11659

  377.0   0.11509

  378.0   0.11304

  379.0   0.11107

  380.0   0.10910

  381.0   0.10746

  382.0   0.10580

  383.0   0.10436

  384.0   0.10334

  385.0   0.10187

  386.0   0.10057

  387.0   0.09939

  388.0   0.09819

  389.0   0.09700

  390.0   0.09636

  391.0   0.09564

  392.0   0.09477

  393.0   0.09440

  394.0   0.09330

  395.0   0.09271

  396.0   0.09184

  397.0   0.09104

  398.0   0.09013

  399.0   0.08896

  400.0   0.08794

  401.0   0.08727

  402.0   0.08662

  403.0   0.08547

  404.0   0.08430

  405.0   0.08305

  406.0   0.08195

  407.0   0.08046

  408.0   0.07909

  409.0   0.07758

  410.0   0.07596

  411.0   0.07483

  412.0   0.07294

  413.0   0.07132

  414.0   0.06922

  415.0   0.06836

  416.0   0.06380

  417.0   0.06189

  418.0   0.05959

  419.0   0.05746

  420.0   0.05543

  421.0   0.05343

  422.0   0.05160

  423.0   0.04975

  424.0   0.04771

  425.0   0.04602

  426.0   0.04415

  427.0   0.04246

  428.0   0.04097

  429.0   0.03932

  430.0   0.03788

  431.0   0.03673

  432.0   0.03552

  433.0   0.03432

  434.0   0.03323

  435.0   0.03247

  436.0   0.03151

  437.0   0.03083

  438.0   0.03005

  439.0   0.02931

  440.0   0.02896

  441.0   0.02841

  442.0   0.02783

  443.0   0.02734

  444.0   0.02697

  445.0   0.02655

  446.0   0.02610

  447.0   0.02577

  448.0   0.02549

  449.0   0.02516

  450.0   0.02501

  451.0   0.02477

  452.0   0.02449

  453.0   0.02425

  454.0   0.02405

  455.0   0.02389

  456.0   0.02365

  457.0   0.02347

  458.0   0.02319

  459.0   0.02289

  460.0   0.02277

  461.0   0.02237

  462.0   0.02219

  463.0   0.02192

  464.0   0.02155

  465.0   0.02142

  466.0   0.02113

  467.0   0.02101

  468.0   0.02093

  469.0   0.02074

  470.0   0.02064

  471.0   0.02052

  472.0   0.02046

  473.0   0.02041

  474.0   0.02032

  475.0   0.02032

  476.0   0.02027

  477.0   0.02026

  478.0   0.02026

  479.0   0.02027

  480.0   0.02022

  481.0   0.02019

  482.0   0.02008

  483.0   0.01996

  484.0   0.01996

  485.0   0.01994

  486.0   0.01988

  487.0   0.01984

  488.0   0.01978

  489.0   0.01978

  490.0   0.01972

  491.0   0.01973

  492.0   0.01973

  493.0   0.01970

  494.0   0.01963

  495.0   0.01964

  496.0   0.01957

  497.0   0.01947

  498.0   0.01947

  499.0   0.01945

  500.0   0.01947

  501.0   0.01947

  502.0   0.01946

  503.0   0.01954

  504.0   0.01953

  505.0   0.01960

  506.0   0.01965

  507.0   0.01963

  508.0   0.01964

  509.0   0.01967

  510.0   0.01972

  511.0   0.01977

  512.0   0.01970

  513.0   0.01979

  514.0   0.01978

  515.0   0.01982

  516.0   0.01992

  517.0   0.01991

  518.0   0.01996

  519.0   0.01990

  520.0   0.01994

  521.0   0.01998

  522.0   0.02002

  523.0   0.02002

  524.0   0.02005

  525.0   0.02006

  526.0   0.02007

  527.0   0.02013

  528.0   0.02019

  529.0   0.02027

  530.0   0.02042

  531.0   0.02048

  532.0   0.02052

  533.0   0.02058

  534.0   0.02059

  535.0   0.02063

  536.0   0.02068

  537.0   0.02075

  538.0   0.02079

  539.0   0.02091

  540.0   0.02099

  541.0   0.02101

  542.0   0.02109

  543.0   0.02108

  544.0   0.02112

  545.0   0.02123

  546.0   0.02128

  547.0   0.02152

  548.0   0.02160

  549.0   0.02172

  550.0   0.02195

  551.0   0.02209

  552.0   0.02217

  553.0   0.02224

  554.0   0.02236

  555.0   0.02239

  556.0   0.02239

  557.0   0.02518

  558.0   0.02510

  559.0   0.02497

  560.0   0.02486

  561.0   0.02481

  562.0   0.02477

  563.0   0.02471

  564.0   0.02467

  565.0   0.02458

  566.0   0.02451

  567.0   0.02450

  568.0   0.02449

  569.0   0.02448

  570.0   0.02442

  571.0   0.02439

  572.0   0.02442

  573.0   0.02445

  574.0   0.02438

  575.0   0.02434

  576.0   0.02437

  577.0   0.02432

  578.0   0.02432

  579.0   0.02434

  580.0   0.02438

  581.0   0.02430

  582.0   0.02429

  583.0   0.02430

  584.0   0.02437

  585.0   0.02449

  586.0   0.02455

  587.0   0.02460

  588.0   0.02461

  589.0   0.02462

  590.0   0.02462

  591.0   0.02464

  592.0   0.02469

  593.0   0.02473

  594.0   0.02483

  595.0   0.02491

  596.0   0.02502

  597.0   0.02510

  598.0   0.02519

  599.0   0.02530

  600.0   0.02534

  601.0   0.02539

  602.0   0.02547

  603.0   0.02553

  604.0   0.02559

  605.0   0.02565

  606.0   0.02568

  607.0   0.02573

  608.0   0.02575

  609.0   0.02572

  610.0   0.02579

  611.0   0.02582

  612.0   0.02587

  613.0   0.02590

  614.0   0.02590

  615.0   0.02590

  616.0   0.02597

  617.0   0.02598

  618.0   0.02596

  619.0   0.02601

  620.0   0.02601

  621.0   0.02602

  622.0   0.02606

  623.0   0.02610

  624.0   0.02610

  625.0   0.02612

  626.0   0.02610

  627.0   0.02613

  628.0   0.02608

  629.0   0.02610

  630.0   0.02610

  631.0   0.02609

  632.0   0.02607

  633.0   0.02604

  634.0   0.02607

  635.0   0.02596

  636.0   0.02588

  637.0   0.02589

  638.0   0.02586

  639.0   0.02576

  640.0   0.02577

  641.0   0.02578

  642.0   0.02575

  643.0   0.02576

  644.0   0.02578

  645.0   0.02580

  646.0   0.02575

  647.0   0.02576

  648.0   0.02576

  649.0   0.02577

  650.0   0.02577

  651.0   0.02573

  652.0   0.02573

  653.0   0.02570

  654.0   0.02566

  655.0   0.02564

  656.0   0.02560

  657.0   0.02562

  658.0   0.02558

  659.0   0.02558

  660.0   0.02555

  661.0   0.02551

  662.0   0.02551

  663.0   0.02546

  664.0   0.02545

  665.0   0.02539

  666.0   0.02535

  667.0   0.02531

  668.0   0.02525

  669.0   0.02528

  670.0   0.02517

  671.0   0.02519

  672.0   0.02512

  673.0   0.02508

  674.0   0.02507

  675.0   0.02500

  676.0   0.02495

  677.0   0.02486

  678.0   0.02477

  679.0   0.02474

  680.0   0.02473

  681.0   0.02471

  682.0   0.02471

  683.0   0.02471

  684.0   0.02471

  685.0   0.02467

  686.0   0.02464

  687.0   0.02457

  688.0   0.02451

  689.0   0.02452

  690.0   0.02445

  691.0   0.02441

  692.0   0.02443

  693.0   0.02440

  694.0   0.02431

  695.0   0.02434

  696.0   0.02431

  697.0   0.02427

  698.0   0.02427

  699.0   0.02419

  700.0   0.02418

  701.0   0.02415

  702.0   0.02403

  703.0   0.02405

  704.0   0.02399

  705.0   0.02393

  706.0   0.02391

  707.0   0.02382

  708.0   0.02371

  709.0   0.02358

  710.0   0.02358

  711.0   0.02345

  712.0   0.02336

  713.0   0.02327

  714.0   0.02318

  715.0   0.02317

  716.0   0.02306

  717.0   0.02295

  718.0   0.02288

  719.0   0.02281

  720.0   0.02275

  721.0   0.02271

  722.0   0.02267

  723.0   0.02260

  724.0   0.02250

  725.0   0.02238

  726.0   0.02235

  727.0   0.02224

  728.0   0.02219

  729.0   0.02213

  730.0   0.02210

  731.0   0.02203

  732.0   0.02202

  733.0   0.02196

  734.0   0.02188

  735.0   0.02188

  736.0   0.02449

  737.0   0.02419

  738.0   0.02402

  739.0   0.02376

  740.0   0.02363

  741.0   0.02339

  742.0   0.02321

  743.0   0.02304

  744.0   0.02288

  745.0   0.02275

  746.0   0.02270

  747.0   0.02250

  748.0   0.02248

  749.0   0.02237

  750.0   0.02220

  751.0   0.02209

  752.0   0.02193

  753.0   0.02183

  754.0   0.02168

  755.0   0.02163

  756.0   0.02157

  757.0   0.02148

  758.0   0.02134

  759.0   0.02123

  760.0   0.02116

  761.0   0.02101

  762.0   0.02095

  763.0   0.02091

  764.0   0.02082

  765.0   0.02077

  766.0   0.02065

  767.0   0.02054

  768.0   0.02052

  769.0   0.02044

  770.0   0.02036

  771.0   0.02030

  772.0   0.02017

  773.0   0.02012

  774.0   0.02004

  775.0   0.01994

  776.0   0.01991

  777.0   0.01984

  778.0   0.01976

  779.0   0.01966

  780.0   0.01961

  781.0   0.01953

  782.0   0.01954

  783.0   0.01949

  784.0   0.01939

  785.0   0.01934

  786.0   0.01927

  787.0   0.01925

  788.0   0.01929

  789.0   0.01919

  790.0   0.01912

  791.0   0.01904

  792.0   0.01899

  793.0   0.01903

  794.0   0.01887

  795.0   0.01885

  796.0   0.01874

  797.0   0.01874

  798.0   0.01874

  799.0   0.01864

  800.0   0.01866

 
