ser ID: DU600

Method ID: A:\DEFAULT

Date: 07/30/00

Time: 06:01

 200.0   2.60674

  201.0   3.15045

  202.0   3.18639

  203.0   3.22220

  204.0   3.25864

  205.0   3.29623

  206.0   3.32797

  207.0   3.36286

  208.0   3.09864

  209.0   2.83759

  210.0   3.47436

  211.0   2.90741

  212.0   3.54851

  213.0   3.58973

  214.0   3.32315

  215.0   3.17706

  216.0   3.68628

  217.0   3.72206

  218.0   3.27470

  219.0   3.47473

  220.0   3.01731

  221.0   3.21012

  222.0   3.35096

  223.0   3.06390

  224.0   3.15546

  225.0   3.26499

  226.0   3.87996

  227.0   3.19307

  228.0   3.90347

  229.0   2.87332

  230.0   2.88500

  231.0   2.82217

  232.0   2.94532

  233.0   2.83851

  234.0   2.88077

  235.0   2.88583

  236.0   2.96914

  237.0   2.74143

  238.0   2.61209

  239.0   2.61297

  240.0   2.51230

  241.0   2.48241

  242.0   2.39279

  243.0   2.28943

  244.0   2.22793

  245.0   2.15916

  246.0   2.11035

  247.0   2.01274

  248.0   1.93175

  249.0   1.85185

  250.0   1.78528

  251.0   1.73931

  252.0   1.67276

  253.0   1.61967

  254.0   1.56997

  255.0   1.51620

  256.0   1.47250

  257.0   1.43142

  258.0   1.37840

  259.0   1.33222

  260.0   1.29006

  261.0   1.24696

  262.0   1.20377

  263.0   1.16576

  264.0   1.12658

  265.0   1.09488

  266.0   1.06067

  267.0   1.03399

  268.0   0.99746

  269.0   0.96748

  270.0   0.92994

  271.0   0.90322

  272.0   0.87595

  273.0   0.84710

  274.0   0.81637

  275.0   0.78822

  276.0   0.75851

  277.0   0.73096

  278.0   0.69877

  279.0   0.67030

  280.0   0.64135

  281.0   0.61238

  282.0   0.58693

  283.0   0.56162

  284.0   0.53694

  285.0   0.51134

  286.0   0.48831

  287.0   0.46676

  288.0   0.44312

  289.0   0.42367

  290.0   0.40455

  291.0   0.38799

  292.0   0.37151

  293.0   0.35727

  294.0   0.34437

  295.0   0.33078

  296.0   0.31837

  297.0   0.30751

  298.0   0.29734

  299.0   0.28553

  300.0   0.27603

  301.0   0.26781

  302.0   0.25826

  303.0   0.25123

  304.0   0.24330

  305.0   0.23815

  306.0   0.23170

  307.0   0.22674

  308.0   0.22141

  309.0   0.21561

  310.0   0.21063

  311.0   0.20544

  312.0   0.20073

  313.0   0.19686

  314.0   0.19345

  315.0   0.19003

  316.0   0.18719

  317.0   0.18514

  318.0   0.18375

  319.0   0.18260

  320.0   0.18092

  321.0   0.18135

  322.0   0.18024

  323.0   0.18132

  324.0   0.18364

  325.0   0.18510

  326.0   0.18657

  327.0   0.18918

  328.0   0.19220

  329.0   0.19468

  330.0   0.19786

  331.0   0.20113

  332.0   0.20356

  333.0   0.20724

  334.0   0.21273

  335.0   0.21605

  336.0   0.21852

  337.0   0.22297

  338.0   0.22737

  339.0   0.23256

  340.0   0.23585

  341.0   0.24078

  342.0   0.24501

  343.0   0.24946

  344.0   0.25335

  345.0   0.25845

  346.0   0.26114

  347.0   0.26574

  348.0   0.26854

  349.0   0.27098

  350.0   0.27329

  351.0   0.27450

  352.0   0.27539

  353.0   0.27623

  354.0   0.27675

  355.0   0.27672

  356.0   0.27665

  357.0   0.27638

  358.0   0.27395

  359.0   0.27189

  360.0   0.26904

  361.0   0.26722

  362.0   0.26353

  363.0   0.25959

  364.0   0.25593

  365.0   0.25147

  366.0   0.24745

  367.0   0.24203

  368.0   0.23737

  369.0   0.23264

  370.0   0.22699

  371.0   0.22260

  372.0   0.21855

  373.0   0.21436

  374.0   0.20942

  375.0   0.20576

  376.0   0.20122

  377.0   0.19702

  378.0   0.19229

  379.0   0.18807

  380.0   0.18403

  381.0   0.17971

  382.0   0.17585

  383.0   0.17227

  384.0   0.16869

  385.0   0.16515

  386.0   0.16131

  387.0   0.15805

  388.0   0.15473

  389.0   0.15118

  390.0   0.14809

  391.0   0.14521

  392.0   0.14198

  393.0   0.13982

  394.0   0.13660

  395.0   0.13417

  396.0   0.13171

  397.0   0.12944

  398.0   0.12684

  399.0   0.12423

  400.0   0.12205

  401.0   0.11976

  402.0   0.11761

  403.0   0.11555

  404.0   0.11332

  405.0   0.11137

  406.0   0.10932

  407.0   0.10716

  408.0   0.10522

  409.0   0.10288

  410.0   0.10106

  411.0   0.09938

  412.0   0.09676

  413.0   0.09469

  414.0   0.09229

  415.0   0.09106

  416.0   0.08661

  417.0   0.08431

  418.0   0.08182

  419.0   0.07961

  420.0   0.07746

  421.0   0.07518

  422.0   0.07284

  423.0   0.07065

  424.0   0.06828

  425.0   0.06619

  426.0   0.06387

  427.0   0.06201

  428.0   0.06008

  429.0   0.05825

  430.0   0.05645

  431.0   0.05460

  432.0   0.05313

  433.0   0.05138

  434.0   0.04987

  435.0   0.04852

  436.0   0.04702

  437.0   0.04588

  438.0   0.04446

  439.0   0.04343

  440.0   0.04241

  441.0   0.04129

  442.0   0.04026

  443.0   0.03936

  444.0   0.03850

  445.0   0.03750

  446.0   0.03661

  447.0   0.03579

  448.0   0.03506

  449.0   0.03424

  450.0   0.03353

  451.0   0.03291

  452.0   0.03220

  453.0   0.03157

  454.0   0.03088

  455.0   0.03037

  456.0   0.02978

  457.0   0.02926

  458.0   0.02869

  459.0   0.02803

  460.0   0.02745

  461.0   0.02685

  462.0   0.02647

  463.0   0.02588

  464.0   0.02529

  465.0   0.02483

  466.0   0.02428

  467.0   0.02383

  468.0   0.02340

  469.0   0.02305

  470.0   0.02264

  471.0   0.02237

  472.0   0.02203

  473.0   0.02174

  474.0   0.02149

  475.0   0.02125

  476.0   0.02097

  477.0   0.02083

  478.0   0.02070

  479.0   0.02046

  480.0   0.02035

  481.0   0.02016

  482.0   0.01998

  483.0   0.01976

  484.0   0.01952

  485.0   0.01941

  486.0   0.01924

  487.0   0.01911

  488.0   0.01893

  489.0   0.01882

  490.0   0.01866

  491.0   0.01858

  492.0   0.01844

  493.0   0.01835

  494.0   0.01817

  495.0   0.01809

  496.0   0.01794

  497.0   0.01776

  498.0   0.01765

  499.0   0.01754

  500.0   0.01751

  501.0   0.01741

  502.0   0.01730

  503.0   0.01732

  504.0   0.01724

  505.0   0.01721

  506.0   0.01716

  507.0   0.01705

  508.0   0.01703

  509.0   0.01698

  510.0   0.01697

  511.0   0.01694

  512.0   0.01686

  513.0   0.01684

  514.0   0.01678

  515.0   0.01674

  516.0   0.01679

  517.0   0.01676

  518.0   0.01676

  519.0   0.01669

  520.0   0.01670

  521.0   0.01667

  522.0   0.01663

  523.0   0.01657

  524.0   0.01656

  525.0   0.01651

  526.0   0.01649

  527.0   0.01651

  528.0   0.01653

  529.0   0.01658

  530.0   0.01659

  531.0   0.01656

  532.0   0.01659

  533.0   0.01653

  534.0   0.01651

  535.0   0.01652

  536.0   0.01649

  537.0   0.01651

  538.0   0.01646

  539.0   0.01648

  540.0   0.01648

  541.0   0.01647

  542.0   0.01646

  543.0   0.01638

  544.0   0.01633

  545.0   0.01641

  546.0   0.01638

  547.0   0.01643

  548.0   0.01651

  549.0   0.01657

  550.0   0.01663

  551.0   0.01670

  552.0   0.01677

  553.0   0.01678

  554.0   0.01681

  555.0   0.01680

  556.0   0.01684

  557.0   0.01769

  558.0   0.01763

  559.0   0.01761

  560.0   0.01760

  561.0   0.01762

  562.0   0.01766

  563.0   0.01770

  564.0   0.01768

  565.0   0.01766

  566.0   0.01762

  567.0   0.01763

  568.0   0.01763

  569.0   0.01765

  570.0   0.01764

  571.0   0.01766

  572.0   0.01769

  573.0   0.01772

  574.0   0.01772

  575.0   0.01767

  576.0   0.01766

  577.0   0.01761

  578.0   0.01760

  579.0   0.01757

  580.0   0.01757

  581.0   0.01749

  582.0   0.01749

  583.0   0.01745

  584.0   0.01750

  585.0   0.01749

  586.0   0.01753

  587.0   0.01754

  588.0   0.01753

  589.0   0.01751

  590.0   0.01754

  591.0   0.01753

  592.0   0.01753

  593.0   0.01752

  594.0   0.01755

  595.0   0.01758

  596.0   0.01764

  597.0   0.01770

  598.0   0.01771

  599.0   0.01774

  600.0   0.01778

  601.0   0.01780

  602.0   0.01780

  603.0   0.01785

  604.0   0.01786

  605.0   0.01786

  606.0   0.01784

  607.0   0.01791

  608.0   0.01792

  609.0   0.01792

  610.0   0.01799

  611.0   0.01803

  612.0   0.01811

  613.0   0.01808

  614.0   0.01810

  615.0   0.01810

  616.0   0.01814

  617.0   0.01813

  618.0   0.01815

  619.0   0.01821

  620.0   0.01819

  621.0   0.01821

  622.0   0.01820

  623.0   0.01826

  624.0   0.01826

  625.0   0.01829

  626.0   0.01828

  627.0   0.01832

  628.0   0.01833

  629.0   0.01834

  630.0   0.01839

  631.0   0.01835

  632.0   0.01833

  633.0   0.01836

  634.0   0.01837

  635.0   0.01836

  636.0   0.01829

  637.0   0.01829

  638.0   0.01825

  639.0   0.01821

  640.0   0.01819

  641.0   0.01815

  642.0   0.01815

  643.0   0.01812

  644.0   0.01812

  645.0   0.01810

  646.0   0.01809

  647.0   0.01802

  648.0   0.01801

  649.0   0.01798

  650.0   0.01792

  651.0   0.01787

  652.0   0.01789

  653.0   0.01786

  654.0   0.01788

  655.0   0.01785

  656.0   0.01790

  657.0   0.01790

  658.0   0.01794

  659.0   0.01791

  660.0   0.01792

  661.0   0.01789

  662.0   0.01791

  663.0   0.01792

  664.0   0.01793

  665.0   0.01795

  666.0   0.01791

  667.0   0.01791

  668.0   0.01787

  669.0   0.01794

  670.0   0.01790

  671.0   0.01794

  672.0   0.01791

  673.0   0.01791

  674.0   0.01795

  675.0   0.01790

  676.0   0.01788

  677.0   0.01783

  678.0   0.01776

  679.0   0.01774

  680.0   0.01772

  681.0   0.01771

  682.0   0.01772

  683.0   0.01769

  684.0   0.01768

  685.0   0.01771

  686.0   0.01769

  687.0   0.01769

  688.0   0.01767

  689.0   0.01769

  690.0   0.01764

  691.0   0.01762

  692.0   0.01764

  693.0   0.01762

  694.0   0.01763

  695.0   0.01768

  696.0   0.01769

  697.0   0.01765

  698.0   0.01766

  699.0   0.01764

  700.0   0.01763

  701.0   0.01761

  702.0   0.01757

  703.0   0.01760

  704.0   0.01758

  705.0   0.01762

  706.0   0.01764

  707.0   0.01766

  708.0   0.01771

  709.0   0.01765

  710.0   0.01770

  711.0   0.01757

  712.0   0.01754

  713.0   0.01752

  714.0   0.01750

  715.0   0.01749

  716.0   0.01741

  717.0   0.01736

  718.0   0.01734

  719.0   0.01732

  720.0   0.01730

  721.0   0.01729

  722.0   0.01730

  723.0   0.01722

  724.0   0.01712

  725.0   0.01707

  726.0   0.01708

  727.0   0.01700

  728.0   0.01702

  729.0   0.01698

  730.0   0.01702

  731.0   0.01701

  732.0   0.01699

  733.0   0.01697

  734.0   0.01690

  735.0   0.01693

  736.0   0.01793

  737.0   0.01780

  738.0   0.01775

  739.0   0.01768

  740.0   0.01759

  741.0   0.01750

  742.0   0.01744

  743.0   0.01737

  744.0   0.01735

  745.0   0.01728

  746.0   0.01726

  747.0   0.01712

  748.0   0.01719

  749.0   0.01710

  750.0   0.01702

  751.0   0.01697

  752.0   0.01697

  753.0   0.01690

  754.0   0.01677

  755.0   0.01675

  756.0   0.01674

  757.0   0.01667

  758.0   0.01664

  759.0   0.01655

  760.0   0.01651

  761.0   0.01644

  762.0   0.01646

  763.0   0.01639

  764.0   0.01635

  765.0   0.01626

  766.0   0.01617

  767.0   0.01617

  768.0   0.01608

  769.0   0.01605

  770.0   0.01596

  771.0   0.01590

  772.0   0.01585

  773.0   0.01576

  774.0   0.01574

  775.0   0.01562

  776.0   0.01565

  777.0   0.01557

  778.0   0.01551

  779.0   0.01543

  780.0   0.01537

  781.0   0.01535

  782.0   0.01535

  783.0   0.01532

  784.0   0.01521

  785.0   0.01512

  786.0   0.01510

  787.0   0.01502

  788.0   0.01502

  789.0   0.01494

  790.0   0.01489

  791.0   0.01480

  792.0   0.01469

  793.0   0.01469

  794.0   0.01461

  795.0   0.01467

  796.0   0.01455

  797.0   0.01457

  798.0   0.01459

  799.0   0.01470

  800.0   0.01477

 
