ser ID: DU600

Method ID: A:\DEFAULT

Date: 07/31/00

Time: 09:56

 200.0   1.54346

  201.0   1.56384

  202.0   1.55866

  203.0   1.50024

  204.0   1.46531

  205.0   1.41816

  206.0   1.40153

  207.0   1.35534

  208.0   1.32318

  209.0   1.26434

  210.0   1.23306

  211.0   1.20468

  212.0   1.17389

  213.0   1.14356

  214.0   1.12434

  215.0   1.10574

  216.0   1.08378

  217.0   1.05983

  218.0   1.03784

  219.0   1.01287

  220.0   0.98893

  221.0   0.96523

  222.0   0.93721

  223.0   0.91612

  224.0   0.89371

  225.0   0.86957

  226.0   0.84731

  227.0   0.82993

  228.0   0.81184

  229.0   0.79468

  230.0   0.77980

  231.0   0.76628

  232.0   0.75510

  233.0   0.74493

  234.0   0.73060

  235.0   0.72102

  236.0   0.70770

  237.0   0.69363

  238.0   0.67672

  239.0   0.65525

  240.0   0.63254

  241.0   0.60728

  242.0   0.58238

  243.0   0.55414

  244.0   0.52953

  245.0   0.50684

  246.0   0.48570

  247.0   0.46368

  248.0   0.44510

  249.0   0.42678

  250.0   0.40938

  251.0   0.39265

  252.0   0.37986

  253.0   0.36747

  254.0   0.35675

  255.0   0.34577

  256.0   0.33581

  257.0   0.32773

  258.0   0.32012

  259.0   0.31142

  260.0   0.30288

  261.0   0.29456

  262.0   0.28508

  263.0   0.27556

  264.0   0.26779

  265.0   0.25797

  266.0   0.24947

  267.0   0.24157

  268.0   0.23342

  269.0   0.22507

  270.0   0.21526

  271.0   0.20619

  272.0   0.19749

  273.0   0.18904

  274.0   0.17865

  275.0   0.16951

  276.0   0.16095

  277.0   0.15267

  278.0   0.14418

  279.0   0.13699

  280.0   0.13020

  281.0   0.12268

  282.0   0.11683

  283.0   0.11100

  284.0   0.10563

  285.0   0.09991

  286.0   0.09573

  287.0   0.09108

  288.0   0.08668

  289.0   0.08344

  290.0   0.07989

  291.0   0.07705

  292.0   0.07476

  293.0   0.07168

  294.0   0.06939

  295.0   0.06677

  296.0   0.06435

  297.0   0.06310

  298.0   0.06152

  299.0   0.06007

  300.0   0.05900

  301.0   0.05792

  302.0   0.05638

  303.0   0.05529

  304.0   0.05501

  305.0   0.05381

  306.0   0.05309

  307.0   0.05271

  308.0   0.05174

  309.0   0.05137

  310.0   0.05116

  311.0   0.05021

  312.0   0.04958

  313.0   0.04919

  314.0   0.04907

  315.0   0.04827

  316.0   0.04780

  317.0   0.04728

  318.0   0.04723

  319.0   0.04711

  320.0   0.04755

  321.0   0.04684

  322.0   0.04667

  323.0   0.04651

  324.0   0.04687

  325.0   0.04658

  326.0   0.04589

  327.0   0.04670

  328.0   0.04688

  329.0   0.04727

  330.0   0.04771

  331.0   0.04759

  332.0   0.04844

  333.0   0.04855

  334.0   0.04832

  335.0   0.04889

  336.0   0.04809

  337.0   0.04925

  338.0   0.04936

  339.0   0.05009

  340.0   0.05056

  341.0   0.05156

  342.0   0.05191

  343.0   0.05249

  344.0   0.05244

  345.0   0.05238

  346.0   0.05326

  347.0   0.05390

  348.0   0.05524

  349.0   0.05505

  350.0   0.05573

  351.0   0.05544

  352.0   0.05623

  353.0   0.05569

  354.0   0.05562

  355.0   0.05530

  356.0   0.05524

  357.0   0.05621

  358.0   0.05543

  359.0   0.05550

  360.0   0.05436

  361.0   0.05413

  362.0   0.05343

  363.0   0.05331

  364.0   0.05295

  365.0   0.05248

  366.0   0.05141

  367.0   0.05020

  368.0   0.04933

  369.0   0.04833

  370.0   0.04741

  371.0   0.04643

  372.0   0.04558

  373.0   0.04515

  374.0   0.04432

  375.0   0.04368

  376.0   0.04242

  377.0   0.04167

  378.0   0.04065

  379.0   0.03993

  380.0   0.03886

  381.0   0.03815

  382.0   0.03761

  383.0   0.03709

  384.0   0.03652

  385.0   0.03575

  386.0   0.03490

  387.0   0.03476

  388.0   0.03386

  389.0   0.03342

  390.0   0.03304

  391.0   0.03266

  392.0   0.03229

  393.0   0.03181

  394.0   0.03113

  395.0   0.03117

  396.0   0.03049

  397.0   0.03021

  398.0   0.02980

  399.0   0.02937

  400.0   0.02905

  401.0   0.02859

  402.0   0.02834

  403.0   0.02795

  404.0   0.02745

  405.0   0.02699

  406.0   0.02655

  407.0   0.02558

  408.0   0.02545

  409.0   0.02487

  410.0   0.02437

  411.0   0.02390

  412.0   0.02334

  413.0   0.02255

  414.0   0.02204

  415.0   0.02185

  416.0   0.02085

  417.0   0.02032

  418.0   0.01962

  419.0   0.01882

  420.0   0.01834

  421.0   0.01789

  422.0   0.01703

  423.0   0.01654

  424.0   0.01582

  425.0   0.01531

  426.0   0.01471

  427.0   0.01410

  428.0   0.01351

  429.0   0.01318

  430.0   0.01269

  431.0   0.01213

  432.0   0.01168

  433.0   0.01122

  434.0   0.01097

  435.0   0.01061

  436.0   0.01030

  437.0   0.00987

  438.0   0.00961

  439.0   0.00932

  440.0   0.00909

  441.0   0.00874

  442.0   0.00853

  443.0   0.00830

  444.0   0.00808

  445.0   0.00791

  446.0   0.00772

  447.0   0.00739

  448.0   0.00725

  449.0   0.00698

  450.0   0.00687

  451.0   0.00657

  452.0   0.00638

  453.0   0.00603

  454.0   0.00590

  455.0   0.00569

  456.0   0.00549

  457.0   0.00529

  458.0   0.00522

  459.0   0.00507

  460.0   0.00503

  461.0   0.00480

  462.0   0.00467

  463.0   0.00451

  464.0   0.00433

  465.0   0.00420

  466.0   0.00393

  467.0   0.00386

  468.0   0.00362

  469.0   0.00347

  470.0   0.00341

  471.0   0.00319

  472.0   0.00297

  473.0   0.00280

  474.0   0.00262

  475.0   0.00253

  476.0   0.00240

  477.0   0.00223

  478.0   0.00209

  479.0   0.00200

  480.0   0.00177

  481.0   0.00163

  482.0   0.00148

  483.0   0.00135

  484.0   0.00121

  485.0   0.00109

  486.0   0.00094

  487.0   0.00085

  488.0   0.00061

  489.0   0.00052

  490.0   0.00038

  491.0   0.00029

  492.0   0.00015

  493.0   0.00011

  494.0   0.00008

  495.0   0.00002

  496.0  -0.00002

  497.0  -0.00012

  498.0  -0.00016

  499.0  -0.00020

  500.0  -0.00020

  501.0  -0.00024

  502.0  -0.00032

  503.0  -0.00035

  504.0  -0.00047

  505.0  -0.00047

  506.0  -0.00052

  507.0  -0.00056

  508.0  -0.00059

  509.0  -0.00064

  510.0  -0.00066

  511.0  -0.00073

  512.0  -0.00075

  513.0  -0.00080

  514.0  -0.00085

  515.0  -0.00087

  516.0  -0.00096

  517.0  -0.00103

  518.0  -0.00106

  519.0  -0.00117

  520.0  -0.00119

  521.0  -0.00122

  522.0  -0.00137

  523.0  -0.00138

  524.0  -0.00147

  525.0  -0.00156

  526.0  -0.00162

  527.0  -0.00165

  528.0  -0.00169

  529.0  -0.00169

  530.0  -0.00173

  531.0  -0.00173

  532.0  -0.00174

  533.0  -0.00185

  534.0  -0.00182

  535.0  -0.00194

  536.0  -0.00196

  537.0  -0.00197

  538.0  -0.00196

  539.0  -0.00198

  540.0  -0.00197

  541.0  -0.00196

  542.0  -0.00192

  543.0  -0.00197

  544.0  -0.00201

  545.0  -0.00199

  546.0  -0.00193

  547.0  -0.00199

  548.0  -0.00199

  549.0  -0.00199

  550.0  -0.00196

  551.0  -0.00199

  552.0  -0.00203

  553.0  -0.00199

  554.0  -0.00198

  555.0  -0.00200

  556.0  -0.00191

  557.0  -0.00189

  558.0  -0.00193

  559.0  -0.00193

  560.0  -0.00187

  561.0  -0.00184

  562.0  -0.00183

  563.0  -0.00182

  564.0  -0.00183

  565.0  -0.00180

  566.0  -0.00183

  567.0  -0.00186

  568.0  -0.00178

  569.0  -0.00181

  570.0  -0.00176

  571.0  -0.00177

  572.0  -0.00169

  573.0  -0.00172

  574.0  -0.00169

  575.0  -0.00162

  576.0  -0.00156

  577.0  -0.00151

  578.0  -0.00148

  579.0  -0.00141

  580.0  -0.00136

  581.0  -0.00129

  582.0  -0.00127

  583.0  -0.00116

  584.0  -0.00115

  585.0  -0.00109

  586.0  -0.00108

  587.0  -0.00108

  588.0  -0.00099

  589.0  -0.00097

  590.0  -0.00089

  591.0  -0.00088

  592.0  -0.00088

  593.0  -0.00088

  594.0  -0.00083

  595.0  -0.00087

  596.0  -0.00086

  597.0  -0.00090

  598.0  -0.00089

  599.0  -0.00087

  600.0  -0.00091

  601.0  -0.00090

  602.0  -0.00088

  603.0  -0.00086

  604.0  -0.00084

  605.0  -0.00084

  606.0  -0.00085

  607.0  -0.00083

  608.0  -0.00079

  609.0  -0.00077

  610.0  -0.00071

  611.0  -0.00071

  612.0  -0.00069

  613.0  -0.00075

  614.0  -0.00074

  615.0  -0.00072

  616.0  -0.00072

  617.0  -0.00079

  618.0  -0.00079

  619.0  -0.00077

  620.0  -0.00080

  621.0  -0.00082

  622.0  -0.00083

  623.0  -0.00085

  624.0  -0.00081

  625.0  -0.00078

  626.0  -0.00079

  627.0  -0.00074

  628.0  -0.00072

  629.0  -0.00072

  630.0  -0.00067

  631.0  -0.00062

  632.0  -0.00062

  633.0  -0.00060

  634.0  -0.00056

  635.0  -0.00055

  636.0  -0.00056

  637.0  -0.00053

  638.0  -0.00051

  639.0  -0.00050

  640.0  -0.00051

  641.0  -0.00049

  642.0  -0.00046

  643.0  -0.00046

  644.0  -0.00044

  645.0  -0.00044

  646.0  -0.00043

  647.0  -0.00044

  648.0  -0.00036

  649.0  -0.00039

  650.0  -0.00034

  651.0  -0.00034

  652.0  -0.00032

  653.0  -0.00031

  654.0  -0.00033

  655.0  -0.00029

  656.0  -0.00027

  657.0  -0.00021

  658.0  -0.00015

  659.0  -0.00012

  660.0  -0.00010

  661.0  -0.00010

  662.0  -0.00003

  663.0  -0.00003

  664.0  -0.00002

  665.0  -0.00005

  666.0  -0.00002

  667.0  -0.00000

  668.0  -0.00002

  669.0  -0.00002

  670.0  -0.00002

  671.0  -0.00000

  672.0  -0.00002

  673.0  -0.00004

  674.0  -0.00002

  675.0  -0.00004

  676.0  -0.00002

  677.0   0.00002

  678.0   0.00004

  679.0   0.00002

  680.0  -0.00000

  681.0  -0.00000

  682.0  -0.00004

  683.0  -0.00005

  684.0  -0.00013

  685.0  -0.00011

  686.0  -0.00013

  687.0  -0.00011

  688.0  -0.00011

  689.0  -0.00009

  690.0  -0.00009

  691.0  -0.00006

  692.0  -0.00002

  693.0  -0.00006

  694.0  -0.00004

  695.0  -0.00006

  696.0  -0.00010

  697.0  -0.00010

  698.0  -0.00004

  699.0  -0.00008

  700.0  -0.00006

  701.0  -0.00006

  702.0  -0.00010

  703.0  -0.00008

  704.0  -0.00008

  705.0  -0.00012

  706.0  -0.00016

  707.0  -0.00014

  708.0  -0.00018

  709.0  -0.00016

  710.0  -0.00019

  711.0  -0.00010

  712.0  -0.00004

  713.0  -0.00006

  714.0  -0.00002

  715.0  -0.00006

  716.0  -0.00002

  717.0  -0.00002

  718.0  -0.00009

  719.0  -0.00011

  720.0  -0.00007

  721.0  -0.00009

  722.0  -0.00011

  723.0  -0.00009

  724.0  -0.00005

  725.0  -0.00002

  726.0  -0.00002

  727.0  -0.00002

  728.0  -0.00005

  729.0  -0.00007

  730.0  -0.00005

  731.0  -0.00002

  732.0  -0.00000

  733.0  -0.00000

  734.0  -0.00000

  735.0  -0.00000

  736.0   0.00026

  737.0   0.00026

  738.0   0.00017

  739.0   0.00014

  740.0   0.00020

  741.0   0.00011

  742.0   0.00017

  743.0   0.00011

  744.0   0.00008

  745.0   0.00003

  746.0   0.00003

  747.0   0.00003

  748.0  -0.00006

  749.0  -0.00011

  750.0  -0.00020

  751.0  -0.00014

  752.0  -0.00017

  753.0  -0.00014

  754.0  -0.00014

  755.0  -0.00025

  756.0  -0.00022

  757.0  -0.00028

  758.0  -0.00028

  759.0  -0.00031

  760.0  -0.00034

  761.0  -0.00042

  762.0  -0.00037

  763.0  -0.00042

  764.0  -0.00042

  765.0  -0.00042

  766.0  -0.00048

  767.0  -0.00043

  768.0  -0.00040

  769.0  -0.00043

  770.0  -0.00043

  771.0  -0.00046

  772.0  -0.00043

  773.0  -0.00046

  774.0  -0.00052

  775.0  -0.00052

  776.0  -0.00055

  777.0  -0.00058

  778.0  -0.00066

  779.0  -0.00072

  780.0  -0.00070

  781.0  -0.00078

  782.0  -0.00079

  783.0  -0.00082

  784.0  -0.00079

  785.0  -0.00079

  786.0  -0.00079

  787.0  -0.00079

  788.0  -0.00076

  789.0  -0.00074

  790.0  -0.00068

  791.0  -0.00074

  792.0  -0.00080

  793.0  -0.00080

  794.0  -0.00080

  795.0  -0.00069

  796.0  -0.00084

  797.0  -0.00093

  798.0  -0.00087

  799.0  -0.00087

  800.0  -0.00093

 
