ser ID: DU600

Method ID: A:\DEFAULT

Date: 07/31/00

Time: 08:18

 200.0   1.56518

  201.0   1.58315

  202.0   1.54196

  203.0   1.54300

  204.0   1.52572

  205.0   1.45679

  206.0   1.43120

  207.0   1.37264

  208.0   1.30615

  209.0   1.28576

  210.0   1.23711

  211.0   1.21005

  212.0   1.17704

  213.0   1.14633

  214.0   1.11564

  215.0   1.09777

  216.0   1.07344

  217.0   1.04313

  218.0   1.02505

  219.0   1.00740

  220.0   0.99618

  221.0   0.98271

  222.0   0.97262

  223.0   0.96323

  224.0   0.95535

  225.0   0.95053

  226.0   0.94282

  227.0   0.94138

  228.0   0.93590

  229.0   0.93382

  230.0   0.93301

  231.0   0.93368

  232.0   0.93314

  233.0   0.92723

  234.0   0.91986

  235.0   0.90915

  236.0   0.89419

  237.0   0.87179

  238.0   0.84461

  239.0   0.80829

  240.0   0.77069

  241.0   0.72677

  242.0   0.68099

  243.0   0.63247

  244.0   0.59236

  245.0   0.55544

  246.0   0.52274

  247.0   0.49362

  248.0   0.46886

  249.0   0.44800

  250.0   0.42717

  251.0   0.40876

  252.0   0.39209

  253.0   0.37730

  254.0   0.36327

  255.0   0.34836

  256.0   0.33459

  257.0   0.32278

  258.0   0.31068

  259.0   0.29828

  260.0   0.28726

  261.0   0.27650

  262.0   0.26499

  263.0   0.25607

  264.0   0.24760

  265.0   0.23958

  266.0   0.23213

  267.0   0.22641

  268.0   0.22122

  269.0   0.21583

  270.0   0.21022

  271.0   0.20475

  272.0   0.19970

  273.0   0.19562

  274.0   0.18927

  275.0   0.18397

  276.0   0.17817

  277.0   0.17185

  278.0   0.16583

  279.0   0.15934

  280.0   0.15334

  281.0   0.14587

  282.0   0.13962

  283.0   0.13233

  284.0   0.12586

  285.0   0.11905

  286.0   0.11253

  287.0   0.10632

  288.0   0.09992

  289.0   0.09492

  290.0   0.09010

  291.0   0.08471

  292.0   0.08054

  293.0   0.07638

  294.0   0.07236

  295.0   0.06854

  296.0   0.06460

  297.0   0.06160

  298.0   0.05902

  299.0   0.05590

  300.0   0.05333

  301.0   0.05084

  302.0   0.04863

  303.0   0.04644

  304.0   0.04520

  305.0   0.04295

  306.0   0.04155

  307.0   0.04033

  308.0   0.03898

  309.0   0.03786

  310.0   0.03636

  311.0   0.03559

  312.0   0.03519

  313.0   0.03396

  314.0   0.03473

  315.0   0.03420

  316.0   0.03350

  317.0   0.03346

  318.0   0.03350

  319.0   0.03366

  320.0   0.03411

  321.0   0.03412

  322.0   0.03515

  323.0   0.03611

  324.0   0.03706

  325.0   0.03779

  326.0   0.03932

  327.0   0.04108

  328.0   0.04135

  329.0   0.04336

  330.0   0.04467

  331.0   0.04596

  332.0   0.04822

  333.0   0.05028

  334.0   0.05166

  335.0   0.05297

  336.0   0.05441

  337.0   0.05663

  338.0   0.05798

  339.0   0.06060

  340.0   0.06135

  341.0   0.06401

  342.0   0.06635

  343.0   0.06785

  344.0   0.07029

  345.0   0.07102

  346.0   0.07239

  347.0   0.07354

  348.0   0.07508

  349.0   0.07582

  350.0   0.07745

  351.0   0.07800

  352.0   0.07968

  353.0   0.07929

  354.0   0.07960

  355.0   0.07938

  356.0   0.07971

  357.0   0.08052

  358.0   0.07935

  359.0   0.07900

  360.0   0.07808

  361.0   0.07726

  362.0   0.07600

  363.0   0.07501

  364.0   0.07422

  365.0   0.07289

  366.0   0.07140

  367.0   0.06949

  368.0   0.06774

  369.0   0.06611

  370.0   0.06442

  371.0   0.06287

  372.0   0.06131

  373.0   0.06034

  374.0   0.05852

  375.0   0.05703

  376.0   0.05521

  377.0   0.05384

  378.0   0.05191

  379.0   0.05057

  380.0   0.04895

  381.0   0.04813

  382.0   0.04692

  383.0   0.04582

  384.0   0.04440

  385.0   0.04319

  386.0   0.04166

  387.0   0.04089

  388.0   0.03977

  389.0   0.03865

  390.0   0.03805

  391.0   0.03712

  392.0   0.03607

  393.0   0.03553

  394.0   0.03414

  395.0   0.03350

  396.0   0.03278

  397.0   0.03239

  398.0   0.03162

  399.0   0.03098

  400.0   0.03058

  401.0   0.02984

  402.0   0.02924

  403.0   0.02869

  404.0   0.02797

  405.0   0.02746

  406.0   0.02691

  407.0   0.02625

  408.0   0.02594

  409.0   0.02541

  410.0   0.02498

  411.0   0.02432

  412.0   0.02356

  413.0   0.02304

  414.0   0.02269

  415.0   0.02257

  416.0   0.02177

  417.0   0.02121

  418.0   0.02066

  419.0   0.02025

  420.0   0.01982

  421.0   0.01925

  422.0   0.01874

  423.0   0.01821

  424.0   0.01744

  425.0   0.01704

  426.0   0.01667

  427.0   0.01615

  428.0   0.01545

  429.0   0.01506

  430.0   0.01466

  431.0   0.01405

  432.0   0.01368

  433.0   0.01317

  434.0   0.01281

  435.0   0.01258

  436.0   0.01217

  437.0   0.01186

  438.0   0.01145

  439.0   0.01118

  440.0   0.01066

  441.0   0.01028

  442.0   0.00999

  443.0   0.00965

  444.0   0.00945

  445.0   0.00912

  446.0   0.00877

  447.0   0.00851

  448.0   0.00823

  449.0   0.00791

  450.0   0.00774

  451.0   0.00735

  452.0   0.00732

  453.0   0.00692

  454.0   0.00678

  455.0   0.00644

  456.0   0.00623

  457.0   0.00603

  458.0   0.00587

  459.0   0.00555

  460.0   0.00547

  461.0   0.00527

  462.0   0.00503

  463.0   0.00486

  464.0   0.00464

  465.0   0.00454

  466.0   0.00427

  467.0   0.00404

  468.0   0.00377

  469.0   0.00364

  470.0   0.00341

  471.0   0.00325

  472.0   0.00300

  473.0   0.00286

  474.0   0.00259

  475.0   0.00253

  476.0   0.00229

  477.0   0.00220

  478.0   0.00199

  479.0   0.00192

  480.0   0.00172

  481.0   0.00156

  482.0   0.00138

  483.0   0.00120

  484.0   0.00106

  485.0   0.00093

  486.0   0.00075

  487.0   0.00069

  488.0   0.00050

  489.0   0.00040

  490.0   0.00027

  491.0   0.00011

  492.0  -0.00002

  493.0  -0.00013

  494.0  -0.00013

  495.0  -0.00017

  496.0  -0.00021

  497.0  -0.00029

  498.0  -0.00039

  499.0  -0.00041

  500.0  -0.00042

  501.0  -0.00048

  502.0  -0.00055

  503.0  -0.00059

  504.0  -0.00064

  505.0  -0.00070

  506.0  -0.00073

  507.0  -0.00077

  508.0  -0.00078

  509.0  -0.00085

  510.0  -0.00091

  511.0  -0.00090

  512.0  -0.00097

  513.0  -0.00104

  514.0  -0.00115

  515.0  -0.00120

  516.0  -0.00131

  517.0  -0.00136

  518.0  -0.00136

  519.0  -0.00145

  520.0  -0.00148

  521.0  -0.00153

  522.0  -0.00166

  523.0  -0.00169

  524.0  -0.00173

  525.0  -0.00182

  526.0  -0.00187

  527.0  -0.00194

  528.0  -0.00196

  529.0  -0.00202

  530.0  -0.00210

  531.0  -0.00212

  532.0  -0.00210

  533.0  -0.00216

  534.0  -0.00217

  535.0  -0.00227

  536.0  -0.00229

  537.0  -0.00232

  538.0  -0.00231

  539.0  -0.00228

  540.0  -0.00227

  541.0  -0.00228

  542.0  -0.00228

  543.0  -0.00231

  544.0  -0.00233

  545.0  -0.00233

  546.0  -0.00227

  547.0  -0.00227

  548.0  -0.00225

  549.0  -0.00226

  550.0  -0.00227

  551.0  -0.00232

  552.0  -0.00238

  553.0  -0.00234

  554.0  -0.00234

  555.0  -0.00236

  556.0  -0.00228

  557.0  -0.00229

  558.0  -0.00230

  559.0  -0.00227

  560.0  -0.00224

  561.0  -0.00224

  562.0  -0.00222

  563.0  -0.00223

  564.0  -0.00224

  565.0  -0.00220

  566.0  -0.00225

  567.0  -0.00228

  568.0  -0.00222

  569.0  -0.00223

  570.0  -0.00223

  571.0  -0.00222

  572.0  -0.00218

  573.0  -0.00217

  574.0  -0.00209

  575.0  -0.00205

  576.0  -0.00198

  577.0  -0.00192

  578.0  -0.00193

  579.0  -0.00190

  580.0  -0.00183

  581.0  -0.00182

  582.0  -0.00179

  583.0  -0.00174

  584.0  -0.00171

  585.0  -0.00162

  586.0  -0.00161

  587.0  -0.00157

  588.0  -0.00148

  589.0  -0.00147

  590.0  -0.00141

  591.0  -0.00140

  592.0  -0.00141

  593.0  -0.00143

  594.0  -0.00140

  595.0  -0.00138

  596.0  -0.00141

  597.0  -0.00142

  598.0  -0.00142

  599.0  -0.00147

  600.0  -0.00146

  601.0  -0.00145

  602.0  -0.00145

  603.0  -0.00143

  604.0  -0.00138

  605.0  -0.00138

  606.0  -0.00141

  607.0  -0.00137

  608.0  -0.00138

  609.0  -0.00134

  610.0  -0.00132

  611.0  -0.00128

  612.0  -0.00124

  613.0  -0.00122

  614.0  -0.00122

  615.0  -0.00120

  616.0  -0.00120

  617.0  -0.00125

  618.0  -0.00130

  619.0  -0.00126

  620.0  -0.00129

  621.0  -0.00131

  622.0  -0.00134

  623.0  -0.00135

  624.0  -0.00132

  625.0  -0.00128

  626.0  -0.00126

  627.0  -0.00124

  628.0  -0.00124

  629.0  -0.00127

  630.0  -0.00124

  631.0  -0.00122

  632.0  -0.00120

  633.0  -0.00115

  634.0  -0.00111

  635.0  -0.00109

  636.0  -0.00104

  637.0  -0.00108

  638.0  -0.00106

  639.0  -0.00102

  640.0  -0.00107

  641.0  -0.00101

  642.0  -0.00099

  643.0  -0.00095

  644.0  -0.00094

  645.0  -0.00092

  646.0  -0.00092

  647.0  -0.00094

  648.0  -0.00092

  649.0  -0.00094

  650.0  -0.00085

  651.0  -0.00085

  652.0  -0.00082

  653.0  -0.00082

  654.0  -0.00082

  655.0  -0.00077

  656.0  -0.00077

  657.0  -0.00074

  658.0  -0.00070

  659.0  -0.00067

  660.0  -0.00064

  661.0  -0.00064

  662.0  -0.00055

  663.0  -0.00055

  664.0  -0.00055

  665.0  -0.00056

  666.0  -0.00054

  667.0  -0.00049

  668.0  -0.00047

  669.0  -0.00051

  670.0  -0.00051

  671.0  -0.00051

  672.0  -0.00049

  673.0  -0.00048

  674.0  -0.00042

  675.0  -0.00042

  676.0  -0.00041

  677.0  -0.00036

  678.0  -0.00039

  679.0  -0.00039

  680.0  -0.00041

  681.0  -0.00043

  682.0  -0.00045

  683.0  -0.00049

  684.0  -0.00051

  685.0  -0.00049

  686.0  -0.00055

  687.0  -0.00048

  688.0  -0.00052

  689.0  -0.00054

  690.0  -0.00052

  691.0  -0.00045

  692.0  -0.00045

  693.0  -0.00045

  694.0  -0.00046

  695.0  -0.00046

  696.0  -0.00050

  697.0  -0.00050

  698.0  -0.00050

  699.0  -0.00051

  700.0  -0.00051

  701.0  -0.00053

  702.0  -0.00051

  703.0  -0.00052

  704.0  -0.00052

  705.0  -0.00052

  706.0  -0.00053

  707.0  -0.00055

  708.0  -0.00061

  709.0  -0.00062

  710.0  -0.00064

  711.0  -0.00056

  712.0  -0.00050

  713.0  -0.00049

  714.0  -0.00038

  715.0  -0.00043

  716.0  -0.00041

  717.0  -0.00039

  718.0  -0.00042

  719.0  -0.00042

  720.0  -0.00040

  721.0  -0.00040

  722.0  -0.00038

  723.0  -0.00036

  724.0  -0.00030

  725.0  -0.00025

  726.0  -0.00023

  727.0  -0.00021

  728.0  -0.00019

  729.0  -0.00019

  730.0  -0.00019

  731.0  -0.00015

  732.0  -0.00015

  733.0  -0.00010

  734.0  -0.00012

  735.0  -0.00010

  736.0   0.00011

  737.0   0.00011

  738.0   0.00009

  739.0   0.00003

  740.0  -0.00000

  741.0  -0.00000

  742.0   0.00006

  743.0   0.00003

  744.0   0.00006

  745.0   0.00003

  746.0  -0.00000

  747.0  -0.00003

  748.0  -0.00003

  749.0  -0.00011

  750.0  -0.00017

  751.0  -0.00020

  752.0  -0.00022

  753.0  -0.00017

  754.0  -0.00022

  755.0  -0.00028

  756.0  -0.00031

  757.0  -0.00037

  758.0  -0.00034

  759.0  -0.00028

  760.0  -0.00031

  761.0  -0.00040

  762.0  -0.00037

  763.0  -0.00045

  764.0  -0.00042

  765.0  -0.00048

  766.0  -0.00051

  767.0  -0.00048

  768.0  -0.00045

  769.0  -0.00046

  770.0  -0.00048

  771.0  -0.00051

  772.0  -0.00051

  773.0  -0.00054

  774.0  -0.00052

  775.0  -0.00046

  776.0  -0.00055

  777.0  -0.00058

  778.0  -0.00066

  779.0  -0.00072

  780.0  -0.00078

  781.0  -0.00084

  782.0  -0.00087

  783.0  -0.00084

  784.0  -0.00067

  785.0  -0.00064

  786.0  -0.00047

  787.0  -0.00035

  788.0  -0.00029

  789.0  -0.00038

  790.0  -0.00035

  791.0  -0.00047

  792.0  -0.00056

  793.0  -0.00054

  794.0  -0.00048

  795.0  -0.00045

  796.0  -0.00042

  797.0  -0.00039

  798.0  -0.00039

  799.0  -0.00021

  800.0  -0.00018

 
