ser ID: DU600

Method ID: A:\DEFAULT

Date: 07/31/00

Time: 08:19

 200.0   1.55419

  201.0   1.76420

  202.0   1.68645

  203.0   1.55824

  204.0   1.45417

  205.0   1.44681

  206.0   1.40980

  207.0   1.36564

  208.0   1.32901

  209.0   1.27850

  210.0   1.23711

  211.0   1.20468

  212.0   1.17077

  213.0   1.14081

  214.0   1.11197

  215.0   1.09440

  216.0   1.07140

  217.0   1.04862

  218.0   1.03012

  219.0   1.01051

  220.0   0.99765

  221.0   0.98203

  222.0   0.97004

  223.0   0.96078

  224.0   0.95359

  225.0   0.94829

  226.0   0.94497

  227.0   0.94138

  228.0   0.93841

  229.0   0.93479

  230.0   0.92925

  231.0   0.92955

  232.0   0.92777

  233.0   0.92202

  234.0   0.91649

  235.0   0.90793

  236.0   0.89224

  237.0   0.87179

  238.0   0.84392

  239.0   0.80735

  240.0   0.76810

  241.0   0.72365

  242.0   0.67911

  243.0   0.63058

  244.0   0.59101

  245.0   0.55508

  246.0   0.52409

  247.0   0.49362

  248.0   0.46931

  249.0   0.44756

  250.0   0.42731

  251.0   0.40795

  252.0   0.39170

  253.0   0.37704

  254.0   0.36277

  255.0   0.34885

  256.0   0.33581

  257.0   0.32278

  258.0   0.31091

  259.0   0.29851

  260.0   0.28680

  261.0   0.27616

  262.0   0.26533

  263.0   0.25584

  264.0   0.24816

  265.0   0.24080

  266.0   0.23279

  267.0   0.22685

  268.0   0.22145

  269.0   0.21594

  270.0   0.20955

  271.0   0.20486

  272.0   0.19937

  273.0   0.19573

  274.0   0.18971

  275.0   0.18354

  276.0   0.17817

  277.0   0.17206

  278.0   0.16499

  279.0   0.15913

  280.0   0.15273

  281.0   0.14536

  282.0   0.13912

  283.0   0.13282

  284.0   0.12644

  285.0   0.11915

  286.0   0.11272

  287.0   0.10585

  288.0   0.09973

  289.0   0.09420

  290.0   0.08930

  291.0   0.08497

  292.0   0.08097

  293.0   0.07672

  294.0   0.07321

  295.0   0.06854

  296.0   0.06469

  297.0   0.06176

  298.0   0.05860

  299.0   0.05590

  300.0   0.05317

  301.0   0.05109

  302.0   0.04937

  303.0   0.04686

  304.0   0.04595

  305.0   0.04328

  306.0   0.04113

  307.0   0.04075

  308.0   0.03864

  309.0   0.03829

  310.0   0.03697

  311.0   0.03664

  312.0   0.03528

  313.0   0.03469

  314.0   0.03473

  315.0   0.03365

  316.0   0.03303

  317.0   0.03317

  318.0   0.03301

  319.0   0.03376

  320.0   0.03472

  321.0   0.03472

  322.0   0.03577

  323.0   0.03674

  324.0   0.03748

  325.0   0.03800

  326.0   0.03868

  327.0   0.04001

  328.0   0.04125

  329.0   0.04315

  330.0   0.04532

  331.0   0.04640

  332.0   0.04898

  333.0   0.04953

  334.0   0.05155

  335.0   0.05286

  336.0   0.05398

  337.0   0.05631

  338.0   0.05830

  339.0   0.06050

  340.0   0.06221

  341.0   0.06466

  342.0   0.06635

  343.0   0.06828

  344.0   0.06900

  345.0   0.06974

  346.0   0.07154

  347.0   0.07386

  348.0   0.07551

  349.0   0.07603

  350.0   0.07755

  351.0   0.07779

  352.0   0.07936

  353.0   0.07854

  354.0   0.07916

  355.0   0.07873

  356.0   0.07927

  357.0   0.07950

  358.0   0.07879

  359.0   0.07878

  360.0   0.07808

  361.0   0.07715

  362.0   0.07600

  363.0   0.07501

  364.0   0.07374

  365.0   0.07195

  366.0   0.07049

  367.0   0.06887

  368.0   0.06774

  369.0   0.06662

  370.0   0.06466

  371.0   0.06279

  372.0   0.06123

  373.0   0.05967

  374.0   0.05809

  375.0   0.05696

  376.0   0.05515

  377.0   0.05391

  378.0   0.05223

  379.0   0.05082

  380.0   0.04913

  381.0   0.04779

  382.0   0.04692

  383.0   0.04528

  384.0   0.04430

  385.0   0.04329

  386.0   0.04185

  387.0   0.04117

  388.0   0.03986

  389.0   0.03874

  390.0   0.03766

  391.0   0.03704

  392.0   0.03607

  393.0   0.03553

  394.0   0.03423

  395.0   0.03366

  396.0   0.03270

  397.0   0.03235

  398.0   0.03162

  399.0   0.03083

  400.0   0.03028

  401.0   0.02977

  402.0   0.02935

  403.0   0.02872

  404.0   0.02804

  405.0   0.02753

  406.0   0.02684

  407.0   0.02609

  408.0   0.02591

  409.0   0.02547

  410.0   0.02492

  411.0   0.02430

  412.0   0.02364

  413.0   0.02309

  414.0   0.02274

  415.0   0.02241

  416.0   0.02177

  417.0   0.02121

  418.0   0.02057

  419.0   0.02000

  420.0   0.01957

  421.0   0.01917

  422.0   0.01881

  423.0   0.01821

  424.0   0.01759

  425.0   0.01696

  426.0   0.01653

  427.0   0.01588

  428.0   0.01538

  429.0   0.01506

  430.0   0.01472

  431.0   0.01424

  432.0   0.01380

  433.0   0.01323

  434.0   0.01281

  435.0   0.01241

  436.0   0.01195

  437.0   0.01176

  438.0   0.01134

  439.0   0.01113

  440.0   0.01061

  441.0   0.01018

  442.0   0.00990

  443.0   0.00960

  444.0   0.00941

  445.0   0.00908

  446.0   0.00882

  447.0   0.00856

  448.0   0.00828

  449.0   0.00804

  450.0   0.00774

  451.0   0.00748

  452.0   0.00728

  453.0   0.00704

  454.0   0.00682

  455.0   0.00660

  456.0   0.00639

  457.0   0.00619

  458.0   0.00579

  459.0   0.00559

  460.0   0.00543

  461.0   0.00523

  462.0   0.00499

  463.0   0.00482

  464.0   0.00460

  465.0   0.00446

  466.0   0.00412

  467.0   0.00397

  468.0   0.00377

  469.0   0.00361

  470.0   0.00351

  471.0   0.00329

  472.0   0.00300

  473.0   0.00283

  474.0   0.00256

  475.0   0.00256

  476.0   0.00234

  477.0   0.00223

  478.0   0.00204

  479.0   0.00194

  480.0   0.00177

  481.0   0.00158

  482.0   0.00140

  483.0   0.00125

  484.0   0.00114

  485.0   0.00098

  486.0   0.00082

  487.0   0.00074

  488.0   0.00057

  489.0   0.00040

  490.0   0.00029

  491.0   0.00020

  492.0   0.00011

  493.0   0.00002

  494.0  -0.00000

  495.0  -0.00008

  496.0  -0.00015

  497.0  -0.00033

  498.0  -0.00037

  499.0  -0.00041

  500.0  -0.00042

  501.0  -0.00044

  502.0  -0.00052

  503.0  -0.00055

  504.0  -0.00064

  505.0  -0.00068

  506.0  -0.00071

  507.0  -0.00073

  508.0  -0.00074

  509.0  -0.00080

  510.0  -0.00087

  511.0  -0.00090

  512.0  -0.00099

  513.0  -0.00106

  514.0  -0.00113

  515.0  -0.00118

  516.0  -0.00120

  517.0  -0.00125

  518.0  -0.00132

  519.0  -0.00139

  520.0  -0.00141

  521.0  -0.00142

  522.0  -0.00155

  523.0  -0.00160

  524.0  -0.00169

  525.0  -0.00178

  526.0  -0.00185

  527.0  -0.00187

  528.0  -0.00189

  529.0  -0.00200

  530.0  -0.00210

  531.0  -0.00210

  532.0  -0.00216

  533.0  -0.00222

  534.0  -0.00221

  535.0  -0.00227

  536.0  -0.00229

  537.0  -0.00230

  538.0  -0.00235

  539.0  -0.00234

  540.0  -0.00231

  541.0  -0.00226

  542.0  -0.00219

  543.0  -0.00227

  544.0  -0.00229

  545.0  -0.00235

  546.0  -0.00231

  547.0  -0.00237

  548.0  -0.00233

  549.0  -0.00231

  550.0  -0.00234

  551.0  -0.00236

  552.0  -0.00234

  553.0  -0.00231

  554.0  -0.00226

  555.0  -0.00232

  556.0  -0.00228

  557.0  -0.00198

  558.0  -0.00200

  559.0  -0.00202

  560.0  -0.00194

  561.0  -0.00189

  562.0  -0.00181

  563.0  -0.00178

  564.0  -0.00172

  565.0  -0.00171

  566.0  -0.00172

  567.0  -0.00175

  568.0  -0.00172

  569.0  -0.00179

  570.0  -0.00174

  571.0  -0.00175

  572.0  -0.00163

  573.0  -0.00166

  574.0  -0.00160

  575.0  -0.00159

  576.0  -0.00158

  577.0  -0.00161

  578.0  -0.00156

  579.0  -0.00151

  580.0  -0.00146

  581.0  -0.00141

  582.0  -0.00135

  583.0  -0.00128

  584.0  -0.00125

  585.0  -0.00123

  586.0  -0.00120

  587.0  -0.00120

  588.0  -0.00111

  589.0  -0.00111

  590.0  -0.00100

  591.0  -0.00102

  592.0  -0.00099

  593.0  -0.00101

  594.0  -0.00100

  595.0  -0.00102

  596.0  -0.00103

  597.0  -0.00110

  598.0  -0.00108

  599.0  -0.00110

  600.0  -0.00115

  601.0  -0.00112

  602.0  -0.00108

  603.0  -0.00106

  604.0  -0.00102

  605.0  -0.00100

  606.0  -0.00105

  607.0  -0.00101

  608.0  -0.00104

  609.0  -0.00104

  610.0  -0.00102

  611.0  -0.00100

  612.0  -0.00094

  613.0  -0.00101

  614.0  -0.00101

  615.0  -0.00101

  616.0  -0.00100

  617.0  -0.00107

  618.0  -0.00105

  619.0  -0.00103

  620.0  -0.00101

  621.0  -0.00105

  622.0  -0.00110

  623.0  -0.00106

  624.0  -0.00102

  625.0  -0.00102

  626.0  -0.00097

  627.0  -0.00091

  628.0  -0.00090

  629.0  -0.00089

  630.0  -0.00086

  631.0  -0.00082

  632.0  -0.00079

  633.0  -0.00075

  634.0  -0.00070

  635.0  -0.00065

  636.0  -0.00063

  637.0  -0.00060

  638.0  -0.00067

  639.0  -0.00067

  640.0  -0.00070

  641.0  -0.00070

  642.0  -0.00070

  643.0  -0.00065

  644.0  -0.00067

  645.0  -0.00063

  646.0  -0.00060

  647.0  -0.00061

  648.0  -0.00056

  649.0  -0.00060

  650.0  -0.00055

  651.0  -0.00056

  652.0  -0.00056

  653.0  -0.00053

  654.0  -0.00051

  655.0  -0.00046

  656.0  -0.00046

  657.0  -0.00040

  658.0  -0.00036

  659.0  -0.00029

  660.0  -0.00024

  661.0  -0.00021

  662.0  -0.00017

  663.0  -0.00012

  664.0  -0.00014

  665.0  -0.00012

  666.0  -0.00007

  667.0  -0.00003

  668.0  -0.00005

  669.0  -0.00003

  670.0  -0.00005

  671.0  -0.00002

  672.0  -0.00002

  673.0   0.00002

  674.0   0.00002

  675.0  -0.00002

  676.0  -0.00004

  677.0  -0.00002

  678.0  -0.00004

  679.0  -0.00004

  680.0  -0.00002

  681.0  -0.00007

  682.0  -0.00009

  683.0  -0.00015

  684.0  -0.00018

  685.0  -0.00015

  686.0  -0.00018

  687.0  -0.00011

  688.0  -0.00011

  689.0  -0.00011

  690.0  -0.00007

  691.0  -0.00004

  692.0  -0.00002

  693.0  -0.00004

  694.0  -0.00002

  695.0  -0.00000

  696.0  -0.00004

  697.0  -0.00006

  698.0  -0.00006

  699.0  -0.00008

  700.0  -0.00014

  701.0  -0.00018

  702.0  -0.00026

  703.0  -0.00028

  704.0  -0.00028

  705.0  -0.00028

  706.0  -0.00026

  707.0  -0.00018

  708.0  -0.00023

  709.0  -0.00014

  710.0  -0.00017

  711.0  -0.00008

  712.0  -0.00004

  713.0  -0.00000

  714.0   0.00004

  715.0   0.00002

  716.0   0.00006

  717.0   0.00009

  718.0   0.00011

  719.0   0.00011

  720.0   0.00013

  721.0   0.00013

  722.0   0.00009

  723.0   0.00011

  724.0   0.00016

  725.0   0.00014

  726.0   0.00016

  727.0   0.00014

  728.0   0.00019

  729.0   0.00019

  730.0   0.00022

  731.0   0.00022

  732.0   0.00024

  733.0   0.00027

  734.0   0.00027

  735.0   0.00027

  736.0   0.00037

  737.0   0.00037

  738.0   0.00034

  739.0   0.00031

  740.0   0.00031

  741.0   0.00031

  742.0   0.00037

  743.0   0.00034

  744.0   0.00037

  745.0   0.00028

  746.0   0.00028

  747.0   0.00031

  748.0   0.00028

  749.0   0.00025

  750.0   0.00020

  751.0   0.00020

  752.0   0.00020

  753.0   0.00028

  754.0   0.00022

  755.0   0.00017

  756.0   0.00014

  757.0   0.00006

  758.0   0.00006

  759.0   0.00008

  760.0  -0.00000

  761.0  -0.00008

  762.0  -0.00003

  763.0  -0.00008

  764.0  -0.00008

  765.0  -0.00014

  766.0  -0.00023

  767.0  -0.00020

  768.0  -0.00017

  769.0  -0.00020

  770.0  -0.00014

  771.0  -0.00017

  772.0  -0.00026

  773.0  -0.00020

  774.0  -0.00026

  775.0  -0.00023

  776.0  -0.00029

  777.0  -0.00032

  778.0  -0.00038

  779.0  -0.00049

  780.0  -0.00049

  781.0  -0.00055

  782.0  -0.00058

  783.0  -0.00061

  784.0  -0.00061

  785.0  -0.00058

  786.0  -0.00062

  787.0  -0.00059

  788.0  -0.00056

  789.0  -0.00059

  790.0  -0.00053

  791.0  -0.00056

  792.0  -0.00065

  793.0  -0.00062

  794.0  -0.00063

  795.0  -0.00063

  796.0  -0.00072

  797.0  -0.00078

  798.0  -0.00075

  799.0  -0.00081

  800.0  -0.00090

 
