ser ID: DU600

Method ID: A:\DEFAULT

Date: 07/31/00

Time: 08:21

 200.0   1.61218

  201.0   1.57339

  202.0   1.52587

  203.0   1.55055

  204.0   1.50670

  205.0   1.47221

  206.0   1.42252

  207.0   1.36913

  208.0   1.32030

  209.0   1.27850

  210.0   1.24743

  211.0   1.20825

  212.0   1.17862

  213.0   1.14356

  214.0   1.11564

  215.0   1.09552

  216.0   1.06937

  217.0   1.04313

  218.0   1.02674

  219.0   1.01208

  220.0   0.99691

  221.0   0.98409

  222.0   0.97068

  223.0   0.96261

  224.0   0.95243

  225.0   0.94438

  226.0   0.93643

  227.0   0.93364

  228.0   0.93242

  229.0   0.93092

  230.0   0.92879

  231.0   0.92682

  232.0   0.92333

  233.0   0.91816

  234.0   0.90984

  235.0   0.89989

  236.0   0.88608

  237.0   0.86524

  238.0   0.83847

  239.0   0.80235

  240.0   0.76467

  241.0   0.72158

  242.0   0.67747

  243.0   0.62785

  244.0   0.58985

  245.0   0.55347

  246.0   0.52291

  247.0   0.49283

  248.0   0.46976

  249.0   0.44800

  250.0   0.42731

  251.0   0.40822

  252.0   0.39222

  253.0   0.37704

  254.0   0.36290

  255.0   0.34823

  256.0   0.33532

  257.0   0.32362

  258.0   0.31162

  259.0   0.29933

  260.0   0.28761

  261.0   0.27753

  262.0   0.26590

  263.0   0.25618

  264.0   0.24849

  265.0   0.24080

  266.0   0.23402

  267.0   0.22752

  268.0   0.22200

  269.0   0.21594

  270.0   0.20966

  271.0   0.20452

  272.0   0.19915

  273.0   0.19496

  274.0   0.18916

  275.0   0.18375

  276.0   0.17752

  277.0   0.17131

  278.0   0.16478

  279.0   0.15903

  280.0   0.15263

  281.0   0.14446

  282.0   0.13793

  283.0   0.13213

  284.0   0.12557

  285.0   0.11886

  286.0   0.11272

  287.0   0.10558

  288.0   0.09937

  289.0   0.09456

  290.0   0.08921

  291.0   0.08480

  292.0   0.08080

  293.0   0.07638

  294.0   0.07287

  295.0   0.06871

  296.0   0.06519

  297.0   0.06193

  298.0   0.05919

  299.0   0.05615

  300.0   0.05300

  301.0   0.05084

  302.0   0.04921

  303.0   0.04694

  304.0   0.04628

  305.0   0.04386

  306.0   0.04164

  307.0   0.04092

  308.0   0.03932

  309.0   0.03803

  310.0   0.03741

  311.0   0.03647

  312.0   0.03635

  313.0   0.03514

  314.0   0.03501

  315.0   0.03448

  316.0   0.03322

  317.0   0.03384

  318.0   0.03311

  319.0   0.03386

  320.0   0.03502

  321.0   0.03493

  322.0   0.03609

  323.0   0.03695

  324.0   0.03716

  325.0   0.03811

  326.0   0.03900

  327.0   0.04119

  328.0   0.04157

  329.0   0.04369

  330.0   0.04467

  331.0   0.04650

  332.0   0.04822

  333.0   0.04974

  334.0   0.05090

  335.0   0.05319

  336.0   0.05398

  337.0   0.05641

  338.0   0.05819

  339.0   0.05996

  340.0   0.06125

  341.0   0.06348

  342.0   0.06560

  343.0   0.06721

  344.0   0.06890

  345.0   0.07028

  346.0   0.07165

  347.0   0.07290

  348.0   0.07466

  349.0   0.07496

  350.0   0.07627

  351.0   0.07714

  352.0   0.07754

  353.0   0.07800

  354.0   0.07938

  355.0   0.07895

  356.0   0.07895

  357.0   0.07961

  358.0   0.07902

  359.0   0.07814

  360.0   0.07734

  361.0   0.07643

  362.0   0.07549

  363.0   0.07442

  364.0   0.07287

  365.0   0.07223

  366.0   0.07085

  367.0   0.06843

  368.0   0.06722

  369.0   0.06552

  370.0   0.06376

  371.0   0.06207

  372.0   0.06039

  373.0   0.05937

  374.0   0.05802

  375.0   0.05647

  376.0   0.05441

  377.0   0.05333

  378.0   0.05173

  379.0   0.05045

  380.0   0.04848

  381.0   0.04762

  382.0   0.04626

  383.0   0.04571

  384.0   0.04420

  385.0   0.04294

  386.0   0.04147

  387.0   0.04089

  388.0   0.03945

  389.0   0.03833

  390.0   0.03774

  391.0   0.03708

  392.0   0.03620

  393.0   0.03532

  394.0   0.03410

  395.0   0.03358

  396.0   0.03270

  397.0   0.03205

  398.0   0.03147

  399.0   0.03106

  400.0   0.03046

  401.0   0.03002

  402.0   0.02931

  403.0   0.02872

  404.0   0.02797

  405.0   0.02736

  406.0   0.02678

  407.0   0.02619

  408.0   0.02594

  409.0   0.02544

  410.0   0.02495

  411.0   0.02435

  412.0   0.02367

  413.0   0.02304

  414.0   0.02271

  415.0   0.02265

  416.0   0.02177

  417.0   0.02112

  418.0   0.02057

  419.0   0.02000

  420.0   0.01965

  421.0   0.01909

  422.0   0.01858

  423.0   0.01813

  424.0   0.01737

  425.0   0.01682

  426.0   0.01632

  427.0   0.01594

  428.0   0.01545

  429.0   0.01500

  430.0   0.01466

  431.0   0.01411

  432.0   0.01362

  433.0   0.01317

  434.0   0.01275

  435.0   0.01236

  436.0   0.01206

  437.0   0.01176

  438.0   0.01129

  439.0   0.01113

  440.0   0.01061

  441.0   0.01023

  442.0   0.00990

  443.0   0.00974

  444.0   0.00950

  445.0   0.00917

  446.0   0.00887

  447.0   0.00861

  448.0   0.00832

  449.0   0.00804

  450.0   0.00774

  451.0   0.00748

  452.0   0.00737

  453.0   0.00692

  454.0   0.00674

  455.0   0.00648

  456.0   0.00623

  457.0   0.00603

  458.0   0.00583

  459.0   0.00567

  460.0   0.00555

  461.0   0.00531

  462.0   0.00503

  463.0   0.00482

  464.0   0.00468

  465.0   0.00446

  466.0   0.00423

  467.0   0.00404

  468.0   0.00384

  469.0   0.00364

  470.0   0.00347

  471.0   0.00332

  472.0   0.00303

  473.0   0.00289

  474.0   0.00271

  475.0   0.00262

  476.0   0.00234

  477.0   0.00223

  478.0   0.00196

  479.0   0.00192

  480.0   0.00169

  481.0   0.00153

  482.0   0.00135

  483.0   0.00118

  484.0   0.00104

  485.0   0.00093

  486.0   0.00080

  487.0   0.00072

  488.0   0.00055

  489.0   0.00036

  490.0   0.00027

  491.0   0.00018

  492.0   0.00007

  493.0  -0.00002

  494.0  -0.00008

  495.0  -0.00011

  496.0  -0.00017

  497.0  -0.00031

  498.0  -0.00041

  499.0  -0.00045

  500.0  -0.00046

  501.0  -0.00048

  502.0  -0.00057

  503.0  -0.00059

  504.0  -0.00068

  505.0  -0.00072

  506.0  -0.00081

  507.0  -0.00086

  508.0  -0.00086

  509.0  -0.00091

  510.0  -0.00092

  511.0  -0.00096

  512.0  -0.00101

  513.0  -0.00110

  514.0  -0.00119

  515.0  -0.00122

  516.0  -0.00123

  517.0  -0.00134

  518.0  -0.00134

  519.0  -0.00143

  520.0  -0.00144

  521.0  -0.00151

  522.0  -0.00162

  523.0  -0.00165

  524.0  -0.00176

  525.0  -0.00182

  526.0  -0.00187

  527.0  -0.00194

  528.0  -0.00196

  529.0  -0.00202

  530.0  -0.00213

  531.0  -0.00217

  532.0  -0.00214

  533.0  -0.00222

  534.0  -0.00224

  535.0  -0.00234

  536.0  -0.00235

  537.0  -0.00236

  538.0  -0.00237

  539.0  -0.00232

  540.0  -0.00231

  541.0  -0.00233

  542.0  -0.00230

  543.0  -0.00236

  544.0  -0.00236

  545.0  -0.00235

  546.0  -0.00235

  547.0  -0.00237

  548.0  -0.00237

  549.0  -0.00237

  550.0  -0.00238

  551.0  -0.00237

  552.0  -0.00242

  553.0  -0.00236

  554.0  -0.00236

  555.0  -0.00234

  556.0  -0.00226

  557.0  -0.00240

  558.0  -0.00244

  559.0  -0.00241

  560.0  -0.00236

  561.0  -0.00230

  562.0  -0.00229

  563.0  -0.00230

  564.0  -0.00226

  565.0  -0.00225

  566.0  -0.00227

  567.0  -0.00230

  568.0  -0.00227

  569.0  -0.00227

  570.0  -0.00223

  571.0  -0.00226

  572.0  -0.00216

  573.0  -0.00217

  574.0  -0.00215

  575.0  -0.00212

  576.0  -0.00206

  577.0  -0.00201

  578.0  -0.00202

  579.0  -0.00196

  580.0  -0.00191

  581.0  -0.00190

  582.0  -0.00185

  583.0  -0.00180

  584.0  -0.00177

  585.0  -0.00174

  586.0  -0.00169

  587.0  -0.00166

  588.0  -0.00162

  589.0  -0.00155

  590.0  -0.00150

  591.0  -0.00148

  592.0  -0.00145

  593.0  -0.00148

  594.0  -0.00148

  595.0  -0.00147

  596.0  -0.00145

  597.0  -0.00150

  598.0  -0.00149

  599.0  -0.00147

  600.0  -0.00153

  601.0  -0.00147

  602.0  -0.00145

  603.0  -0.00144

  604.0  -0.00142

  605.0  -0.00140

  606.0  -0.00145

  607.0  -0.00137

  608.0  -0.00137

  609.0  -0.00134

  610.0  -0.00134

  611.0  -0.00135

  612.0  -0.00133

  613.0  -0.00138

  614.0  -0.00138

  615.0  -0.00134

  616.0  -0.00137

  617.0  -0.00140

  618.0  -0.00142

  619.0  -0.00140

  620.0  -0.00138

  621.0  -0.00138

  622.0  -0.00137

  623.0  -0.00139

  624.0  -0.00132

  625.0  -0.00131

  626.0  -0.00129

  627.0  -0.00126

  628.0  -0.00126

  629.0  -0.00129

  630.0  -0.00127

  631.0  -0.00122

  632.0  -0.00123

  633.0  -0.00120

  634.0  -0.00113

  635.0  -0.00111

  636.0  -0.00109

  637.0  -0.00109

  638.0  -0.00109

  639.0  -0.00109

  640.0  -0.00114

  641.0  -0.00114

  642.0  -0.00113

  643.0  -0.00107

  644.0  -0.00106

  645.0  -0.00101

  646.0  -0.00097

  647.0  -0.00097

  648.0  -0.00092

  649.0  -0.00096

  650.0  -0.00090

  651.0  -0.00090

  652.0  -0.00091

  653.0  -0.00089

  654.0  -0.00086

  655.0  -0.00082

  656.0  -0.00082

  657.0  -0.00077

  658.0  -0.00072

  659.0  -0.00071

  660.0  -0.00071

  661.0  -0.00072

  662.0  -0.00067

  663.0  -0.00069

  664.0  -0.00069

  665.0  -0.00071

  666.0  -0.00070

  667.0  -0.00063

  668.0  -0.00063

  669.0  -0.00063

  670.0  -0.00065

  671.0  -0.00058

  672.0  -0.00060

  673.0  -0.00055

  674.0  -0.00055

  675.0  -0.00055

  676.0  -0.00053

  677.0  -0.00048

  678.0  -0.00053

  679.0  -0.00055

  680.0  -0.00056

  681.0  -0.00060

  682.0  -0.00062

  683.0  -0.00069

  684.0  -0.00069

  685.0  -0.00070

  686.0  -0.00072

  687.0  -0.00066

  688.0  -0.00063

  689.0  -0.00067

  690.0  -0.00065

  691.0  -0.00062

  692.0  -0.00064

  693.0  -0.00064

  694.0  -0.00065

  695.0  -0.00067

  696.0  -0.00071

  697.0  -0.00071

  698.0  -0.00072

  699.0  -0.00066

  700.0  -0.00061

  701.0  -0.00065

  702.0  -0.00067

  703.0  -0.00068

  704.0  -0.00072

  705.0  -0.00070

  706.0  -0.00071

  707.0  -0.00071

  708.0  -0.00074

  709.0  -0.00072

  710.0  -0.00073

  711.0  -0.00063

  712.0  -0.00055

  713.0  -0.00053

  714.0  -0.00047

  715.0  -0.00049

  716.0  -0.00047

  717.0  -0.00043

  718.0  -0.00046

  719.0  -0.00048

  720.0  -0.00044

  721.0  -0.00042

  722.0  -0.00041

  723.0  -0.00034

  724.0  -0.00034

  725.0  -0.00032

  726.0  -0.00028

  727.0  -0.00028

  728.0  -0.00026

  729.0  -0.00024

  730.0  -0.00024

  731.0  -0.00017

  732.0  -0.00017

  733.0  -0.00012

  734.0  -0.00007

  735.0  -0.00010

  736.0   0.00009

  737.0   0.00011

  738.0   0.00009

  739.0   0.00009

  740.0   0.00009

  741.0   0.00014

  742.0   0.00014

  743.0   0.00014

  744.0   0.00014

  745.0   0.00011

  746.0   0.00011

  747.0   0.00006

  748.0  -0.00006

  749.0  -0.00003

  750.0  -0.00006

  751.0  -0.00006

  752.0  -0.00008

  753.0  -0.00008

  754.0  -0.00008

  755.0  -0.00011

  756.0  -0.00014

  757.0  -0.00017

  758.0  -0.00023

  759.0  -0.00020

  760.0  -0.00023

  761.0  -0.00025

  762.0  -0.00028

  763.0  -0.00040

  764.0  -0.00042

  765.0  -0.00045

  766.0  -0.00043

  767.0  -0.00045

  768.0  -0.00043

  769.0  -0.00048

  770.0  -0.00048

  771.0  -0.00043

  772.0  -0.00043

  773.0  -0.00046

  774.0  -0.00052

  775.0  -0.00055

  776.0  -0.00063

  777.0  -0.00061

  778.0  -0.00069

  779.0  -0.00084

  780.0  -0.00084

  781.0  -0.00081

  782.0  -0.00084

  783.0  -0.00084

  784.0  -0.00079

  785.0  -0.00076

  786.0  -0.00079

  787.0  -0.00079

  788.0  -0.00074

  789.0  -0.00080

  790.0  -0.00074

  791.0  -0.00080

  792.0  -0.00086

  793.0  -0.00089

  794.0  -0.00095

  795.0  -0.00090

  796.0  -0.00096

  797.0  -0.00102

  798.0  -0.00105

  799.0  -0.00111

  800.0  -0.00117

 
