ser ID: DU600

Method ID: A:\DEFAULT

Date: 07/31/00

Time: 08:23

 200.0   1.56518

  201.0   1.42726

  202.0   1.55023

  203.0   1.84403

  204.0   1.86043

  205.0   1.47747

  206.0   1.38544

  207.0   1.34860

  208.0   1.32318

  209.0   1.27373

  210.0   1.24743

  211.0   1.21005

  212.0   1.17077

  213.0   1.13944

  214.0   1.10954

  215.0   1.09777

  216.0   1.07242

  217.0   1.04862

  218.0   1.02589

  219.0   1.01444

  220.0   0.99691

  221.0   0.98340

  222.0   0.97004

  223.0   0.96017

  224.0   0.95011

  225.0   0.94383

  226.0   0.93695

  227.0   0.93160

  228.0   0.92994

  229.0   0.92660

  230.0   0.92369

  231.0   0.92051

  232.0   0.91677

  233.0   0.91264

  234.0   0.90574

  235.0   0.89554

  236.0   0.87888

  237.0   0.85985

  238.0   0.83409

  239.0   0.80018

  240.0   0.76127

  241.0   0.71875

  242.0   0.67444

  243.0   0.62639

  244.0   0.58793

  245.0   0.55222

  246.0   0.52191

  247.0   0.49219

  248.0   0.46870

  249.0   0.44742

  250.0   0.42731

  251.0   0.40768

  252.0   0.39170

  253.0   0.37678

  254.0   0.36252

  255.0   0.34823

  256.0   0.33496

  257.0   0.32278

  258.0   0.31186

  259.0   0.29910

  260.0   0.28795

  261.0   0.27707

  262.0   0.26646

  263.0   0.25730

  264.0   0.24827

  265.0   0.24058

  266.0   0.23335

  267.0   0.22752

  268.0   0.22178

  269.0   0.21594

  270.0   0.20988

  271.0   0.20463

  272.0   0.19915

  273.0   0.19452

  274.0   0.18806

  275.0   0.18201

  276.0   0.17656

  277.0   0.17067

  278.0   0.16447

  279.0   0.15768

  280.0   0.15130

  281.0   0.14416

  282.0   0.13744

  283.0   0.13144

  284.0   0.12412

  285.0   0.11743

  286.0   0.11159

  287.0   0.10520

  288.0   0.09946

  289.0   0.09411

  290.0   0.08877

  291.0   0.08462

  292.0   0.07984

  293.0   0.07612

  294.0   0.07177

  295.0   0.06811

  296.0   0.06477

  297.0   0.06168

  298.0   0.05952

  299.0   0.05649

  300.0   0.05342

  301.0   0.05134

  302.0   0.04871

  303.0   0.04669

  304.0   0.04578

  305.0   0.04328

  306.0   0.04197

  307.0   0.04125

  308.0   0.03957

  309.0   0.03838

  310.0   0.03732

  311.0   0.03647

  312.0   0.03528

  313.0   0.03451

  314.0   0.03464

  315.0   0.03393

  316.0   0.03398

  317.0   0.03403

  318.0   0.03398

  319.0   0.03455

  320.0   0.03482

  321.0   0.03452

  322.0   0.03598

  323.0   0.03684

  324.0   0.03790

  325.0   0.03811

  326.0   0.03921

  327.0   0.04065

  328.0   0.04146

  329.0   0.04261

  330.0   0.04478

  331.0   0.04607

  332.0   0.04844

  333.0   0.05018

  334.0   0.05133

  335.0   0.05286

  336.0   0.05366

  337.0   0.05555

  338.0   0.05712

  339.0   0.05921

  340.0   0.06039

  341.0   0.06380

  342.0   0.06560

  343.0   0.06689

  344.0   0.06794

  345.0   0.06921

  346.0   0.07047

  347.0   0.07268

  348.0   0.07423

  349.0   0.07539

  350.0   0.07542

  351.0   0.07661

  352.0   0.07786

  353.0   0.07778

  354.0   0.07787

  355.0   0.07678

  356.0   0.07678

  357.0   0.07860

  358.0   0.07769

  359.0   0.07652

  360.0   0.07597

  361.0   0.07519

  362.0   0.07449

  363.0   0.07422

  364.0   0.07316

  365.0   0.07130

  366.0   0.07012

  367.0   0.06781

  368.0   0.06575

  369.0   0.06493

  370.0   0.06327

  371.0   0.06184

  372.0   0.06008

  373.0   0.05900

  374.0   0.05745

  375.0   0.05606

  376.0   0.05415

  377.0   0.05242

  378.0   0.05123

  379.0   0.04997

  380.0   0.04872

  381.0   0.04740

  382.0   0.04637

  383.0   0.04523

  384.0   0.04352

  385.0   0.04234

  386.0   0.04103

  387.0   0.04046

  388.0   0.03945

  389.0   0.03847

  390.0   0.03748

  391.0   0.03678

  392.0   0.03586

  393.0   0.03512

  394.0   0.03398

  395.0   0.03327

  396.0   0.03270

  397.0   0.03227

  398.0   0.03162

  399.0   0.03095

  400.0   0.03035

  401.0   0.02969

  402.0   0.02913

  403.0   0.02862

  404.0   0.02783

  405.0   0.02736

  406.0   0.02665

  407.0   0.02628

  408.0   0.02582

  409.0   0.02535

  410.0   0.02475

  411.0   0.02418

  412.0   0.02367

  413.0   0.02301

  414.0   0.02269

  415.0   0.02255

  416.0   0.02167

  417.0   0.02121

  418.0   0.02057

  419.0   0.02000

  420.0   0.01957

  421.0   0.01909

  422.0   0.01850

  423.0   0.01790

  424.0   0.01729

  425.0   0.01689

  426.0   0.01646

  427.0   0.01594

  428.0   0.01545

  429.0   0.01493

  430.0   0.01447

  431.0   0.01399

  432.0   0.01356

  433.0   0.01311

  434.0   0.01275

  435.0   0.01247

  436.0   0.01206

  437.0   0.01165

  438.0   0.01124

  439.0   0.01103

  440.0   0.01071

  441.0   0.01038

  442.0   0.00994

  443.0   0.00969

  444.0   0.00936

  445.0   0.00908

  446.0   0.00877

  447.0   0.00851

  448.0   0.00828

  449.0   0.00800

  450.0   0.00778

  451.0   0.00739

  452.0   0.00724

  453.0   0.00679

  454.0   0.00661

  455.0   0.00639

  456.0   0.00615

  457.0   0.00599

  458.0   0.00583

  459.0   0.00567

  460.0   0.00559

  461.0   0.00535

  462.0   0.00511

  463.0   0.00490

  464.0   0.00476

  465.0   0.00454

  466.0   0.00427

  467.0   0.00408

  468.0   0.00387

  469.0   0.00368

  470.0   0.00347

  471.0   0.00332

  472.0   0.00303

  473.0   0.00280

  474.0   0.00265

  475.0   0.00256

  476.0   0.00229

  477.0   0.00220

  478.0   0.00204

  479.0   0.00194

  480.0   0.00177

  481.0   0.00161

  482.0   0.00143

  483.0   0.00130

  484.0   0.00114

  485.0   0.00102

  486.0   0.00089

  487.0   0.00079

  488.0   0.00059

  489.0   0.00047

  490.0   0.00031

  491.0   0.00020

  492.0   0.00009

  493.0  -0.00004

  494.0  -0.00006

  495.0  -0.00013

  496.0  -0.00015

  497.0  -0.00027

  498.0  -0.00037

  499.0  -0.00043

  500.0  -0.00038

  501.0  -0.00044

  502.0  -0.00053

  503.0  -0.00055

  504.0  -0.00063

  505.0  -0.00066

  506.0  -0.00069

  507.0  -0.00073

  508.0  -0.00074

  509.0  -0.00078

  510.0  -0.00081

  511.0  -0.00085

  512.0  -0.00094

  513.0  -0.00099

  514.0  -0.00108

  515.0  -0.00111

  516.0  -0.00120

  517.0  -0.00127

  518.0  -0.00126

  519.0  -0.00137

  520.0  -0.00142

  521.0  -0.00146

  522.0  -0.00164

  523.0  -0.00167

  524.0  -0.00178

  525.0  -0.00184

  526.0  -0.00182

  527.0  -0.00191

  528.0  -0.00195

  529.0  -0.00204

  530.0  -0.00210

  531.0  -0.00214

  532.0  -0.00212

  533.0  -0.00218

  534.0  -0.00217

  535.0  -0.00227

  536.0  -0.00231

  537.0  -0.00234

  538.0  -0.00237

  539.0  -0.00232

  540.0  -0.00233

  541.0  -0.00231

  542.0  -0.00226

  543.0  -0.00231

  544.0  -0.00233

  545.0  -0.00231

  546.0  -0.00221

  547.0  -0.00227

  548.0  -0.00225

  549.0  -0.00230

  550.0  -0.00227

  551.0  -0.00230

  552.0  -0.00234

  553.0  -0.00231

  554.0  -0.00230

  555.0  -0.00228

  556.0  -0.00224

  557.0  -0.00226

  558.0  -0.00233

  559.0  -0.00230

  560.0  -0.00224

  561.0  -0.00219

  562.0  -0.00218

  563.0  -0.00219

  564.0  -0.00222

  565.0  -0.00216

  566.0  -0.00219

  567.0  -0.00222

  568.0  -0.00220

  569.0  -0.00221

  570.0  -0.00213

  571.0  -0.00215

  572.0  -0.00207

  573.0  -0.00206

  574.0  -0.00203

  575.0  -0.00201

  576.0  -0.00189

  577.0  -0.00190

  578.0  -0.00191

  579.0  -0.00186

  580.0  -0.00179

  581.0  -0.00178

  582.0  -0.00173

  583.0  -0.00168

  584.0  -0.00167

  585.0  -0.00160

  586.0  -0.00156

  587.0  -0.00153

  588.0  -0.00146

  589.0  -0.00144

  590.0  -0.00133

  591.0  -0.00134

  592.0  -0.00132

  593.0  -0.00137

  594.0  -0.00133

  595.0  -0.00134

  596.0  -0.00133

  597.0  -0.00135

  598.0  -0.00136

  599.0  -0.00137

  600.0  -0.00140

  601.0  -0.00138

  602.0  -0.00138

  603.0  -0.00135

  604.0  -0.00131

  605.0  -0.00129

  606.0  -0.00128

  607.0  -0.00128

  608.0  -0.00129

  609.0  -0.00129

  610.0  -0.00125

  611.0  -0.00130

  612.0  -0.00126

  613.0  -0.00128

  614.0  -0.00126

  615.0  -0.00124

  616.0  -0.00125

  617.0  -0.00126

  618.0  -0.00130

  619.0  -0.00126

  620.0  -0.00126

  621.0  -0.00127

  622.0  -0.00129

  623.0  -0.00125

  624.0  -0.00125

  625.0  -0.00123

  626.0  -0.00119

  627.0  -0.00117

  628.0  -0.00117

  629.0  -0.00122

  630.0  -0.00117

  631.0  -0.00118

  632.0  -0.00120

  633.0  -0.00116

  634.0  -0.00115

  635.0  -0.00113

  636.0  -0.00108

  637.0  -0.00104

  638.0  -0.00102

  639.0  -0.00104

  640.0  -0.00106

  641.0  -0.00104

  642.0  -0.00102

  643.0  -0.00101

  644.0  -0.00097

  645.0  -0.00095

  646.0  -0.00090

  647.0  -0.00092

  648.0  -0.00084

  649.0  -0.00085

  650.0  -0.00084

  651.0  -0.00084

  652.0  -0.00084

  653.0  -0.00086

  654.0  -0.00086

  655.0  -0.00084

  656.0  -0.00081

  657.0  -0.00076

  658.0  -0.00067

  659.0  -0.00067

  660.0  -0.00064

  661.0  -0.00062

  662.0  -0.00059

  663.0  -0.00055

  664.0  -0.00054

  665.0  -0.00050

  666.0  -0.00047

  667.0  -0.00042

  668.0  -0.00049

  669.0  -0.00049

  670.0  -0.00046

  671.0  -0.00049

  672.0  -0.00051

  673.0  -0.00049

  674.0  -0.00046

  675.0  -0.00044

  676.0  -0.00043

  677.0  -0.00037

  678.0  -0.00041

  679.0  -0.00043

  680.0  -0.00045

  681.0  -0.00047

  682.0  -0.00047

  683.0  -0.00047

  684.0  -0.00053

  685.0  -0.00053

  686.0  -0.00053

  687.0  -0.00046

  688.0  -0.00046

  689.0  -0.00050

  690.0  -0.00050

  691.0  -0.00047

  692.0  -0.00053

  693.0  -0.00055

  694.0  -0.00053

  695.0  -0.00057

  696.0  -0.00059

  697.0  -0.00058

  698.0  -0.00058

  699.0  -0.00056

  700.0  -0.00053

  701.0  -0.00057

  702.0  -0.00057

  703.0  -0.00054

  704.0  -0.00052

  705.0  -0.00054

  706.0  -0.00053

  707.0  -0.00051

  708.0  -0.00053

  709.0  -0.00047

  710.0  -0.00046

  711.0  -0.00040

  712.0  -0.00036

  713.0  -0.00032

  714.0  -0.00034

  715.0  -0.00041

  716.0  -0.00041

  717.0  -0.00043

  718.0  -0.00046

  719.0  -0.00048

  720.0  -0.00042

  721.0  -0.00038

  722.0  -0.00036

  723.0  -0.00027

  724.0  -0.00025

  725.0  -0.00025

  726.0  -0.00023

  727.0  -0.00021

  728.0  -0.00017

  729.0  -0.00019

  730.0  -0.00017

  731.0  -0.00012

  732.0  -0.00015

  733.0  -0.00012

  734.0  -0.00007

  735.0  -0.00010

  736.0   0.00011

  737.0   0.00011

  738.0   0.00011

  739.0   0.00009

  740.0   0.00014

  741.0   0.00003

  742.0   0.00008

  743.0   0.00006

  744.0   0.00003

  745.0   0.00003

  746.0  -0.00000

  747.0  -0.00003

  748.0  -0.00008

  749.0  -0.00017

  750.0  -0.00017

  751.0  -0.00014

  752.0  -0.00014

  753.0  -0.00014

  754.0  -0.00020

  755.0  -0.00020

  756.0  -0.00017

  757.0  -0.00025

  758.0  -0.00023

  759.0  -0.00028

  760.0  -0.00031

  761.0  -0.00028

  762.0  -0.00023

  763.0  -0.00034

  764.0  -0.00037

  765.0  -0.00042

  766.0  -0.00045

  767.0  -0.00048

  768.0  -0.00048

  769.0  -0.00048

  770.0  -0.00057

  771.0  -0.00057

  772.0  -0.00057

  773.0  -0.00060

  774.0  -0.00057

  775.0  -0.00060

  776.0  -0.00069

  777.0  -0.00066

  778.0  -0.00072

  779.0  -0.00087

  780.0  -0.00084

  781.0  -0.00087

  782.0  -0.00090

  783.0  -0.00087

  784.0  -0.00082

  785.0  -0.00085

  786.0  -0.00088

  787.0  -0.00076

  788.0  -0.00059

  789.0  -0.00047

  790.0  -0.00041

  791.0  -0.00036

  792.0  -0.00039

  793.0  -0.00036

  794.0  -0.00036

  795.0  -0.00033

  796.0  -0.00045

  797.0  -0.00042

  798.0  -0.00048

  799.0  -0.00051

  800.0  -0.00057

 
