ser ID: DU600

Method ID: A:\DEFAULT

Date: 07/31/00

Time: 10:56

 200.0   1.57646

  201.0   1.51903

  202.0   1.52587

  203.0   1.52827

  204.0   1.46531

  205.0   1.44190

  206.0   1.39341

  207.0   1.34528

  208.0   1.30062

  209.0   1.26202

  210.0   1.23306

  211.0   1.20290

  212.0   1.17389

  213.0   1.14772

  214.0   1.12686

  215.0   1.10689

  216.0   1.08588

  217.0   1.05889

  218.0   1.03182

  219.0   1.00817

  220.0   0.98393

  221.0   0.95804

  222.0   0.92718

  223.0   0.90042

  224.0   0.87141

  225.0   0.84371

  226.0   0.81494

  227.0   0.79214

  228.0   0.76925

  229.0   0.74829

  230.0   0.72748

  231.0   0.71128

  232.0   0.69692

  233.0   0.68426

  234.0   0.67029

  235.0   0.65737

  236.0   0.64502

  237.0   0.63154

  238.0   0.61730

  239.0   0.59967

  240.0   0.58321

  241.0   0.56447

  242.0   0.54500

  243.0   0.52380

  244.0   0.50509

  245.0   0.48619

  246.0   0.46866

  247.0   0.44846

  248.0   0.43176

  249.0   0.41480

  250.0   0.39852

  251.0   0.38309

  252.0   0.37147

  253.0   0.36071

  254.0   0.35106

  255.0   0.34258

  256.0   0.33435

  257.0   0.32724

  258.0   0.32048

  259.0   0.31299

  260.0   0.30648

  261.0   0.29898

  262.0   0.28995

  263.0   0.28205

  264.0   0.27296

  265.0   0.26381

  266.0   0.25400

  267.0   0.24550

  268.0   0.23595

  269.0   0.22644

  270.0   0.21560

  271.0   0.20619

  272.0   0.19583

  273.0   0.18643

  274.0   0.17513

  275.0   0.16490

  276.0   0.15539

  277.0   0.14590

  278.0   0.13654

  279.0   0.12898

  280.0   0.12240

  281.0   0.11454

  282.0   0.10888

  283.0   0.10378

  284.0   0.09876

  285.0   0.09339

  286.0   0.08980

  287.0   0.08511

  288.0   0.08166

  289.0   0.07872

  290.0   0.07582

  291.0   0.07361

  292.0   0.07195

  293.0   0.06990

  294.0   0.06779

  295.0   0.06559

  296.0   0.06410

  297.0   0.06293

  298.0   0.06211

  299.0   0.06116

  300.0   0.05984

  301.0   0.06002

  302.0   0.05874

  303.0   0.05817

  304.0   0.05832

  305.0   0.05740

  306.0   0.05671

  307.0   0.05706

  308.0   0.05640

  309.0   0.05627

  310.0   0.05585

  311.0   0.05587

  312.0   0.05560

  313.0   0.05445

  314.0   0.05459

  315.0   0.05368

  316.0   0.05330

  317.0   0.05305

  318.0   0.05218

  319.0   0.05183

  320.0   0.05202

  321.0   0.05155

  322.0   0.05086

  323.0   0.05061

  324.0   0.05055

  325.0   0.04995

  326.0   0.04948

  327.0   0.04954

  328.0   0.04939

  329.0   0.04924

  330.0   0.04913

  331.0   0.04857

  332.0   0.04887

  333.0   0.04823

  334.0   0.04810

  335.0   0.04793

  336.0   0.04703

  337.0   0.04703

  338.0   0.04684

  339.0   0.04695

  340.0   0.04671

  341.0   0.04741

  342.0   0.04789

  343.0   0.04818

  344.0   0.04753

  345.0   0.04739

  346.0   0.04757

  347.0   0.04812

  348.0   0.04835

  349.0   0.04808

  350.0   0.04866

  351.0   0.04847

  352.0   0.04945

  353.0   0.04900

  354.0   0.04872

  355.0   0.04817

  356.0   0.04880

  357.0   0.04837

  358.0   0.04702

  359.0   0.04807

  360.0   0.04720

  361.0   0.04652

  362.0   0.04666

  363.0   0.04622

  364.0   0.04638

  365.0   0.04565

  366.0   0.04501

  367.0   0.04420

  368.0   0.04339

  369.0   0.04294

  370.0   0.04249

  371.0   0.04217

  372.0   0.04107

  373.0   0.04100

  374.0   0.04037

  375.0   0.03926

  376.0   0.03835

  377.0   0.03798

  378.0   0.03750

  379.0   0.03693

  380.0   0.03617

  381.0   0.03577

  382.0   0.03535

  383.0   0.03484

  384.0   0.03424

  385.0   0.03364

  386.0   0.03319

  387.0   0.03290

  388.0   0.03259

  389.0   0.03222

  390.0   0.03191

  391.0   0.03173

  392.0   0.03130

  393.0   0.03120

  394.0   0.03049

  395.0   0.03039

  396.0   0.02991

  397.0   0.02976

  398.0   0.02961

  399.0   0.02933

  400.0   0.02905

  401.0   0.02885

  402.0   0.02841

  403.0   0.02802

  404.0   0.02752

  405.0   0.02706

  406.0   0.02665

  407.0   0.02606

  408.0   0.02579

  409.0   0.02529

  410.0   0.02484

  411.0   0.02430

  412.0   0.02348

  413.0   0.02282

  414.0   0.02231

  415.0   0.02188

  416.0   0.02103

  417.0   0.02032

  418.0   0.01962

  419.0   0.01890

  420.0   0.01834

  421.0   0.01765

  422.0   0.01695

  423.0   0.01631

  424.0   0.01553

  425.0   0.01481

  426.0   0.01429

  427.0   0.01376

  428.0   0.01311

  429.0   0.01272

  430.0   0.01224

  431.0   0.01170

  432.0   0.01126

  433.0   0.01081

  434.0   0.01045

  435.0   0.01010

  436.0   0.00975

  437.0   0.00950

  438.0   0.00914

  439.0   0.00901

  440.0   0.00874

  441.0   0.00844

  442.0   0.00824

  443.0   0.00792

  444.0   0.00775

  445.0   0.00754

  446.0   0.00726

  447.0   0.00711

  448.0   0.00694

  449.0   0.00676

  450.0   0.00652

  451.0   0.00632

  452.0   0.00621

  453.0   0.00590

  454.0   0.00586

  455.0   0.00569

  456.0   0.00549

  457.0   0.00529

  458.0   0.00510

  459.0   0.00503

  460.0   0.00499

  461.0   0.00480

  462.0   0.00459

  463.0   0.00455

  464.0   0.00441

  465.0   0.00427

  466.0   0.00401

  467.0   0.00386

  468.0   0.00362

  469.0   0.00350

  470.0   0.00341

  471.0   0.00322

  472.0   0.00300

  473.0   0.00280

  474.0   0.00259

  475.0   0.00256

  476.0   0.00237

  477.0   0.00226

  478.0   0.00209

  479.0   0.00205

  480.0   0.00190

  481.0   0.00176

  482.0   0.00160

  483.0   0.00143

  484.0   0.00135

  485.0   0.00119

  486.0   0.00110

  487.0   0.00095

  488.0   0.00082

  489.0   0.00070

  490.0   0.00056

  491.0   0.00051

  492.0   0.00035

  493.0   0.00026

  494.0   0.00023

  495.0   0.00019

  496.0   0.00017

  497.0   0.00006

  498.0  -0.00002

  499.0  -0.00004

  500.0  -0.00008

  501.0  -0.00008

  502.0  -0.00018

  503.0  -0.00020

  504.0  -0.00029

  505.0  -0.00033

  506.0  -0.00039

  507.0  -0.00042

  508.0  -0.00042

  509.0  -0.00047

  510.0  -0.00055

  511.0  -0.00060

  512.0  -0.00064

  513.0  -0.00071

  514.0  -0.00080

  515.0  -0.00083

  516.0  -0.00092

  517.0  -0.00097

  518.0  -0.00099

  519.0  -0.00106

  520.0  -0.00110

  521.0  -0.00113

  522.0  -0.00127

  523.0  -0.00135

  524.0  -0.00144

  525.0  -0.00149

  526.0  -0.00149

  527.0  -0.00153

  528.0  -0.00155

  529.0  -0.00158

  530.0  -0.00164

  531.0  -0.00168

  532.0  -0.00165

  533.0  -0.00178

  534.0  -0.00171

  535.0  -0.00184

  536.0  -0.00189

  537.0  -0.00193

  538.0  -0.00196

  539.0  -0.00195

  540.0  -0.00193

  541.0  -0.00186

  542.0  -0.00183

  543.0  -0.00183

  544.0  -0.00184

  545.0  -0.00187

  546.0  -0.00180

  547.0  -0.00180

  548.0  -0.00180

  549.0  -0.00180

  550.0  -0.00185

  551.0  -0.00186

  552.0  -0.00184

  553.0  -0.00184

  554.0  -0.00183

  555.0  -0.00187

  556.0  -0.00183

  557.0  -0.00177

  558.0  -0.00184

  559.0  -0.00181

  560.0  -0.00178

  561.0  -0.00173

  562.0  -0.00172

  563.0  -0.00171

  564.0  -0.00172

  565.0  -0.00168

  566.0  -0.00172

  567.0  -0.00175

  568.0  -0.00163

  569.0  -0.00162

  570.0  -0.00158

  571.0  -0.00162

  572.0  -0.00156

  573.0  -0.00151

  574.0  -0.00148

  575.0  -0.00145

  576.0  -0.00138

  577.0  -0.00132

  578.0  -0.00132

  579.0  -0.00127

  580.0  -0.00122

  581.0  -0.00121

  582.0  -0.00115

  583.0  -0.00108

  584.0  -0.00107

  585.0  -0.00101

  586.0  -0.00095

  587.0  -0.00092

  588.0  -0.00084

  589.0  -0.00083

  590.0  -0.00075

  591.0  -0.00071

  592.0  -0.00075

  593.0  -0.00074

  594.0  -0.00072

  595.0  -0.00068

  596.0  -0.00068

  597.0  -0.00073

  598.0  -0.00071

  599.0  -0.00072

  600.0  -0.00078

  601.0  -0.00076

  602.0  -0.00075

  603.0  -0.00075

  604.0  -0.00071

  605.0  -0.00069

  606.0  -0.00069

  607.0  -0.00067

  608.0  -0.00067

  609.0  -0.00063

  610.0  -0.00061

  611.0  -0.00062

  612.0  -0.00060

  613.0  -0.00066

  614.0  -0.00067

  615.0  -0.00067

  616.0  -0.00067

  617.0  -0.00070

  618.0  -0.00070

  619.0  -0.00068

  620.0  -0.00068

  621.0  -0.00066

  622.0  -0.00064

  623.0  -0.00064

  624.0  -0.00062

  625.0  -0.00067

  626.0  -0.00064

  627.0  -0.00066

  628.0  -0.00065

  629.0  -0.00067

  630.0  -0.00064

  631.0  -0.00060

  632.0  -0.00055

  633.0  -0.00051

  634.0  -0.00045

  635.0  -0.00044

  636.0  -0.00044

  637.0  -0.00043

  638.0  -0.00043

  639.0  -0.00046

  640.0  -0.00046

  641.0  -0.00044

  642.0  -0.00044

  643.0  -0.00041

  644.0  -0.00036

  645.0  -0.00032

  646.0  -0.00031

  647.0  -0.00036

  648.0  -0.00031

  649.0  -0.00032

  650.0  -0.00031

  651.0  -0.00027

  652.0  -0.00029

  653.0  -0.00026

  654.0  -0.00027

  655.0  -0.00022

  656.0  -0.00021

  657.0  -0.00017

  658.0  -0.00012

  659.0  -0.00009

  660.0  -0.00009

  661.0  -0.00007

  662.0  -0.00005

  663.0  -0.00007

  664.0  -0.00007

  665.0  -0.00012

  666.0  -0.00009

  667.0  -0.00000

  668.0  -0.00002

  669.0  -0.00000

  670.0  -0.00000

  671.0  -0.00002

  672.0  -0.00004

  673.0  -0.00005

  674.0  -0.00004

  675.0  -0.00007

  676.0  -0.00005

  677.0  -0.00005

  678.0  -0.00002

  679.0  -0.00005

  680.0  -0.00007

  681.0  -0.00009

  682.0  -0.00013

  683.0  -0.00015

  684.0  -0.00020

  685.0  -0.00018

  686.0  -0.00018

  687.0  -0.00015

  688.0  -0.00020

  689.0  -0.00026

  690.0  -0.00024

  691.0  -0.00021

  692.0  -0.00019

  693.0  -0.00021

  694.0  -0.00019

  695.0  -0.00023

  696.0  -0.00023

  697.0  -0.00021

  698.0  -0.00021

  699.0  -0.00023

  700.0  -0.00018

  701.0  -0.00022

  702.0  -0.00024

  703.0  -0.00020

  704.0  -0.00022

  705.0  -0.00024

  706.0  -0.00026

  707.0  -0.00028

  708.0  -0.00033

  709.0  -0.00029

  710.0  -0.00029

  711.0  -0.00023

  712.0  -0.00023

  713.0  -0.00021

  714.0  -0.00019

  715.0  -0.00024

  716.0  -0.00019

  717.0  -0.00015

  718.0  -0.00015

  719.0  -0.00018

  720.0  -0.00011

  721.0  -0.00009

  722.0  -0.00009

  723.0  -0.00011

  724.0  -0.00005

  725.0  -0.00012

  726.0  -0.00007

  727.0  -0.00005

  728.0  -0.00005

  729.0  -0.00005

  730.0  -0.00007

  731.0  -0.00002

  732.0  -0.00002

  733.0  -0.00000

  734.0  -0.00000

  735.0  -0.00002

  736.0   0.00023

  737.0   0.00023

  738.0   0.00020

  739.0   0.00011

  740.0   0.00011

  741.0   0.00008

  742.0   0.00011

  743.0   0.00008

  744.0   0.00011

  745.0   0.00006

  746.0   0.00006

  747.0   0.00003

  748.0  -0.00000

  749.0  -0.00008

  750.0  -0.00011

  751.0  -0.00011

  752.0  -0.00008

  753.0  -0.00006

  754.0  -0.00008

  755.0  -0.00011

  756.0  -0.00017

  757.0  -0.00028

  758.0  -0.00031

  759.0  -0.00028

  760.0  -0.00037

  761.0  -0.00042

  762.0  -0.00040

  763.0  -0.00048

  764.0  -0.00045

  765.0  -0.00048

  766.0  -0.00048

  767.0  -0.00045

  768.0  -0.00045

  769.0  -0.00048

  770.0  -0.00048

  771.0  -0.00051

  772.0  -0.00057

  773.0  -0.00054

  774.0  -0.00060

  775.0  -0.00057

  776.0  -0.00066

  777.0  -0.00072

  778.0  -0.00078

  779.0  -0.00084

  780.0  -0.00084

  781.0  -0.00084

  782.0  -0.00084

  783.0  -0.00082

  784.0  -0.00073

  785.0  -0.00073

  786.0  -0.00076

  787.0  -0.00076

  788.0  -0.00076

  789.0  -0.00077

  790.0  -0.00074

  791.0  -0.00077

  792.0  -0.00083

  793.0  -0.00080

  794.0  -0.00083

  795.0  -0.00081

  796.0  -0.00084

  797.0  -0.00090

  798.0  -0.00090

  799.0  -0.00096

  800.0  -0.00096

 
