ser ID: DU600

Method ID: A:\DEFAULT

Date: 07/31/00

Time: 08:24

 200.0   1.59994

  201.0   1.54536

  202.0   1.54196

  203.0   1.55824

  204.0   1.51929

  205.0   1.45679

  206.0   1.39745

  207.0   1.35534

  208.0   1.32318

  209.0   1.29067

  210.0   1.24327

  211.0   1.21005

  212.0   1.17233

  213.0   1.14218

  214.0   1.11935

  215.0   1.09216

  216.0   1.07242

  217.0   1.04404

  218.0   1.03268

  219.0   1.00973

  220.0   0.99618

  221.0   0.98478

  222.0   0.97004

  223.0   0.95834

  224.0   0.95011

  225.0   0.94106

  226.0   0.93274

  227.0   0.92856

  228.0   0.92357

  229.0   0.92327

  230.0   0.92323

  231.0   0.92007

  232.0   0.91590

  233.0   0.91306

  234.0   0.90248

  235.0   0.89240

  236.0   0.87888

  237.0   0.85700

  238.0   0.82943

  239.0   0.79649

  240.0   0.75874

  241.0   0.71747

  242.0   0.67398

  243.0   0.62722

  244.0   0.58812

  245.0   0.55293

  246.0   0.52191

  247.0   0.49219

  248.0   0.46765

  249.0   0.44597

  250.0   0.42647

  251.0   0.40863

  252.0   0.39249

  253.0   0.37704

  254.0   0.36340

  255.0   0.34860

  256.0   0.33520

  257.0   0.32350

  258.0   0.31127

  259.0   0.29945

  260.0   0.28795

  261.0   0.27776

  262.0   0.26680

  263.0   0.25798

  264.0   0.24939

  265.0   0.24125

  266.0   0.23357

  267.0   0.22797

  268.0   0.22100

  269.0   0.21561

  270.0   0.20988

  271.0   0.20530

  272.0   0.19959

  273.0   0.19518

  274.0   0.18883

  275.0   0.18310

  276.0   0.17720

  277.0   0.17036

  278.0   0.16311

  279.0   0.15727

  280.0   0.15109

  281.0   0.14426

  282.0   0.13783

  283.0   0.13144

  284.0   0.12489

  285.0   0.11781

  286.0   0.11197

  287.0   0.10520

  288.0   0.09882

  289.0   0.09366

  290.0   0.08859

  291.0   0.08453

  292.0   0.08089

  293.0   0.07672

  294.0   0.07304

  295.0   0.06845

  296.0   0.06452

  297.0   0.06201

  298.0   0.05869

  299.0   0.05624

  300.0   0.05375

  301.0   0.05158

  302.0   0.04987

  303.0   0.04752

  304.0   0.04636

  305.0   0.04411

  306.0   0.04205

  307.0   0.04117

  308.0   0.03906

  309.0   0.03855

  310.0   0.03801

  311.0   0.03726

  312.0   0.03626

  313.0   0.03577

  314.0   0.03528

  315.0   0.03467

  316.0   0.03417

  317.0   0.03432

  318.0   0.03379

  319.0   0.03425

  320.0   0.03512

  321.0   0.03564

  322.0   0.03588

  323.0   0.03716

  324.0   0.03833

  325.0   0.03864

  326.0   0.03921

  327.0   0.04129

  328.0   0.04168

  329.0   0.04304

  330.0   0.04446

  331.0   0.04564

  332.0   0.04800

  333.0   0.04964

  334.0   0.05133

  335.0   0.05297

  336.0   0.05366

  337.0   0.05587

  338.0   0.05744

  339.0   0.05878

  340.0   0.06050

  341.0   0.06284

  342.0   0.06507

  343.0   0.06721

  344.0   0.06815

  345.0   0.06910

  346.0   0.07047

  347.0   0.07183

  348.0   0.07316

  349.0   0.07401

  350.0   0.07531

  351.0   0.07597

  352.0   0.07743

  353.0   0.07703

  354.0   0.07798

  355.0   0.07732

  356.0   0.07721

  357.0   0.07849

  358.0   0.07714

  359.0   0.07673

  360.0   0.07565

  361.0   0.07457

  362.0   0.07418

  363.0   0.07323

  364.0   0.07277

  365.0   0.07111

  366.0   0.06948

  367.0   0.06728

  368.0   0.06592

  369.0   0.06468

  370.0   0.06303

  371.0   0.06104

  372.0   0.05954

  373.0   0.05870

  374.0   0.05716

  375.0   0.05578

  376.0   0.05395

  377.0   0.05249

  378.0   0.05086

  379.0   0.04967

  380.0   0.04819

  381.0   0.04723

  382.0   0.04610

  383.0   0.04496

  384.0   0.04352

  385.0   0.04249

  386.0   0.04123

  387.0   0.04056

  388.0   0.03926

  389.0   0.03784

  390.0   0.03726

  391.0   0.03670

  392.0   0.03599

  393.0   0.03528

  394.0   0.03398

  395.0   0.03339

  396.0   0.03259

  397.0   0.03197

  398.0   0.03128

  399.0   0.03057

  400.0   0.03013

  401.0   0.02962

  402.0   0.02910

  403.0   0.02869

  404.0   0.02800

  405.0   0.02743

  406.0   0.02675

  407.0   0.02596

  408.0   0.02576

  409.0   0.02532

  410.0   0.02478

  411.0   0.02432

  412.0   0.02356

  413.0   0.02301

  414.0   0.02266

  415.0   0.02233

  416.0   0.02158

  417.0   0.02103

  418.0   0.02049

  419.0   0.01991

  420.0   0.01941

  421.0   0.01901

  422.0   0.01843

  423.0   0.01783

  424.0   0.01729

  425.0   0.01675

  426.0   0.01646

  427.0   0.01594

  428.0   0.01532

  429.0   0.01487

  430.0   0.01440

  431.0   0.01393

  432.0   0.01356

  433.0   0.01305

  434.0   0.01270

  435.0   0.01230

  436.0   0.01189

  437.0   0.01159

  438.0   0.01119

  439.0   0.01097

  440.0   0.01061

  441.0   0.01018

  442.0   0.00990

  443.0   0.00955

  444.0   0.00931

  445.0   0.00903

  446.0   0.00873

  447.0   0.00838

  448.0   0.00814

  449.0   0.00791

  450.0   0.00765

  451.0   0.00735

  452.0   0.00728

  453.0   0.00683

  454.0   0.00665

  455.0   0.00639

  456.0   0.00615

  457.0   0.00595

  458.0   0.00575

  459.0   0.00555

  460.0   0.00551

  461.0   0.00523

  462.0   0.00499

  463.0   0.00482

  464.0   0.00456

  465.0   0.00438

  466.0   0.00408

  467.0   0.00393

  468.0   0.00366

  469.0   0.00354

  470.0   0.00341

  471.0   0.00319

  472.0   0.00294

  473.0   0.00276

  474.0   0.00259

  475.0   0.00253

  476.0   0.00229

  477.0   0.00218

  478.0   0.00199

  479.0   0.00192

  480.0   0.00169

  481.0   0.00153

  482.0   0.00138

  483.0   0.00123

  484.0   0.00109

  485.0   0.00098

  486.0   0.00082

  487.0   0.00072

  488.0   0.00050

  489.0   0.00045

  490.0   0.00033

  491.0   0.00026

  492.0   0.00013

  493.0   0.00004

  494.0  -0.00000

  495.0  -0.00006

  496.0  -0.00010

  497.0  -0.00025

  498.0  -0.00031

  499.0  -0.00032

  500.0  -0.00036

  501.0  -0.00036

  502.0  -0.00046

  503.0  -0.00055

  504.0  -0.00064

  505.0  -0.00066

  506.0  -0.00071

  507.0  -0.00077

  508.0  -0.00074

  509.0  -0.00083

  510.0  -0.00091

  511.0  -0.00096

  512.0  -0.00103

  513.0  -0.00108

  514.0  -0.00111

  515.0  -0.00115

  516.0  -0.00120

  517.0  -0.00125

  518.0  -0.00132

  519.0  -0.00139

  520.0  -0.00144

  521.0  -0.00151

  522.0  -0.00162

  523.0  -0.00167

  524.0  -0.00176

  525.0  -0.00185

  526.0  -0.00191

  527.0  -0.00196

  528.0  -0.00198

  529.0  -0.00200

  530.0  -0.00208

  531.0  -0.00208

  532.0  -0.00210

  533.0  -0.00218

  534.0  -0.00215

  535.0  -0.00223

  536.0  -0.00224

  537.0  -0.00225

  538.0  -0.00224

  539.0  -0.00224

  540.0  -0.00223

  541.0  -0.00226

  542.0  -0.00223

  543.0  -0.00229

  544.0  -0.00225

  545.0  -0.00227

  546.0  -0.00220

  547.0  -0.00225

  548.0  -0.00227

  549.0  -0.00235

  550.0  -0.00230

  551.0  -0.00234

  552.0  -0.00232

  553.0  -0.00231

  554.0  -0.00230

  555.0  -0.00230

  556.0  -0.00224

  557.0  -0.00229

  558.0  -0.00230

  559.0  -0.00227

  560.0  -0.00222

  561.0  -0.00221

  562.0  -0.00218

  563.0  -0.00221

  564.0  -0.00219

  565.0  -0.00216

  566.0  -0.00216

  567.0  -0.00217

  568.0  -0.00211

  569.0  -0.00214

  570.0  -0.00208

  571.0  -0.00211

  572.0  -0.00207

  573.0  -0.00208

  574.0  -0.00207

  575.0  -0.00203

  576.0  -0.00194

  577.0  -0.00192

  578.0  -0.00187

  579.0  -0.00182

  580.0  -0.00177

  581.0  -0.00170

  582.0  -0.00165

  583.0  -0.00158

  584.0  -0.00155

  585.0  -0.00152

  586.0  -0.00150

  587.0  -0.00147

  588.0  -0.00142

  589.0  -0.00138

  590.0  -0.00131

  591.0  -0.00133

  592.0  -0.00130

  593.0  -0.00133

  594.0  -0.00127

  595.0  -0.00128

  596.0  -0.00130

  597.0  -0.00131

  598.0  -0.00132

  599.0  -0.00134

  600.0  -0.00139

  601.0  -0.00138

  602.0  -0.00138

  603.0  -0.00132

  604.0  -0.00129

  605.0  -0.00127

  606.0  -0.00132

  607.0  -0.00130

  608.0  -0.00128

  609.0  -0.00124

  610.0  -0.00123

  611.0  -0.00125

  612.0  -0.00121

  613.0  -0.00121

  614.0  -0.00120

  615.0  -0.00116

  616.0  -0.00116

  617.0  -0.00119

  618.0  -0.00121

  619.0  -0.00121

  620.0  -0.00122

  621.0  -0.00122

  622.0  -0.00125

  623.0  -0.00127

  624.0  -0.00125

  625.0  -0.00123

  626.0  -0.00119

  627.0  -0.00116

  628.0  -0.00115

  629.0  -0.00117

  630.0  -0.00115

  631.0  -0.00112

  632.0  -0.00113

  633.0  -0.00110

  634.0  -0.00104

  635.0  -0.00101

  636.0  -0.00099

  637.0  -0.00099

  638.0  -0.00102

  639.0  -0.00101

  640.0  -0.00104

  641.0  -0.00102

  642.0  -0.00101

  643.0  -0.00099

  644.0  -0.00094

  645.0  -0.00090

  646.0  -0.00089

  647.0  -0.00089

  648.0  -0.00084

  649.0  -0.00090

  650.0  -0.00085

  651.0  -0.00087

  652.0  -0.00087

  653.0  -0.00084

  654.0  -0.00084

  655.0  -0.00077

  656.0  -0.00077

  657.0  -0.00076

  658.0  -0.00070

  659.0  -0.00067

  660.0  -0.00065

  661.0  -0.00066

  662.0  -0.00059

  663.0  -0.00059

  664.0  -0.00054

  665.0  -0.00050

  666.0  -0.00049

  667.0  -0.00044

  668.0  -0.00044

  669.0  -0.00047

  670.0  -0.00047

  671.0  -0.00046

  672.0  -0.00051

  673.0  -0.00048

  674.0  -0.00044

  675.0  -0.00048

  676.0  -0.00046

  677.0  -0.00043

  678.0  -0.00041

  679.0  -0.00041

  680.0  -0.00043

  681.0  -0.00047

  682.0  -0.00049

  683.0  -0.00049

  684.0  -0.00053

  685.0  -0.00053

  686.0  -0.00059

  687.0  -0.00054

  688.0  -0.00056

  689.0  -0.00054

  690.0  -0.00058

  691.0  -0.00051

  692.0  -0.00051

  693.0  -0.00053

  694.0  -0.00053

  695.0  -0.00053

  696.0  -0.00058

  697.0  -0.00060

  698.0  -0.00056

  699.0  -0.00058

  700.0  -0.00055

  701.0  -0.00059

  702.0  -0.00059

  703.0  -0.00060

  704.0  -0.00056

  705.0  -0.00058

  706.0  -0.00061

  707.0  -0.00057

  708.0  -0.00065

  709.0  -0.00062

  710.0  -0.00062

  711.0  -0.00054

  712.0  -0.00048

  713.0  -0.00042

  714.0  -0.00040

  715.0  -0.00045

  716.0  -0.00043

  717.0  -0.00037

  718.0  -0.00037

  719.0  -0.00037

  720.0  -0.00033

  721.0  -0.00029

  722.0  -0.00029

  723.0  -0.00023

  724.0  -0.00018

  725.0  -0.00016

  726.0  -0.00012

  727.0  -0.00009

  728.0  -0.00005

  729.0  -0.00005

  730.0  -0.00002

  731.0   0.00005

  732.0   0.00002

  733.0   0.00002

  734.0   0.00002

  735.0   0.00002

  736.0   0.00092

  737.0   0.00092

  738.0   0.00089

  739.0   0.00085

  740.0   0.00088

  741.0   0.00082

  742.0   0.00079

  743.0   0.00079

  744.0   0.00079

  745.0   0.00073

  746.0   0.00076

  747.0   0.00073

  748.0   0.00067

  749.0   0.00059

  750.0   0.00053

  751.0   0.00051

  752.0   0.00051

  753.0   0.00053

  754.0   0.00048

  755.0   0.00045

  756.0   0.00048

  757.0   0.00045

  758.0   0.00039

  759.0   0.00039

  760.0   0.00031

  761.0   0.00028

  762.0   0.00031

  763.0   0.00020

  764.0   0.00025

  765.0   0.00017

  766.0   0.00017

  767.0   0.00023

  768.0   0.00023

  769.0   0.00023

  770.0   0.00017

  771.0   0.00014

  772.0   0.00009

  773.0   0.00009

  774.0  -0.00003

  775.0  -0.00003

  776.0  -0.00014

  777.0  -0.00014

  778.0  -0.00020

  779.0  -0.00023

  780.0  -0.00026

  781.0  -0.00029

  782.0  -0.00029

  783.0  -0.00029

  784.0  -0.00026

  785.0  -0.00023

  786.0  -0.00026

  787.0  -0.00023

  788.0  -0.00024

  789.0  -0.00032

  790.0  -0.00027

  791.0  -0.00033

  792.0  -0.00039

  793.0  -0.00042

  794.0  -0.00042

  795.0  -0.00036

  796.0  -0.00042

  797.0  -0.00045

  798.0  -0.00048

  799.0  -0.00054

  800.0  -0.00063

 
