ser ID: DU600

Method ID: A:\DEFAULT

Date: 07/31/00

Time: 11:08

 200.0   1.52278

  201.0   1.54536

  202.0   1.49538

  203.0   1.50024

  204.0   1.46531

  205.0   1.42750

  206.0   1.38544

  207.0   1.35196

  208.0   1.30615

  209.0   1.26667

  210.0   1.23306

  211.0   1.19761

  212.0   1.16766

  213.0   1.14356

  214.0   1.12059

  215.0   1.10230

  216.0   1.08378

  217.0   1.05794

  218.0   1.03097

  219.0   1.00895

  220.0   0.98251

  221.0   0.95289

  222.0   0.92312

  223.0   0.89567

  224.0   0.86280

  225.0   0.83629

  226.0   0.80780

  227.0   0.78409

  228.0   0.76081

  229.0   0.74045

  230.0   0.71847

  231.0   0.70253

  232.0   0.68811

  233.0   0.67342

  234.0   0.65858

  235.0   0.64702

  236.0   0.63418

  237.0   0.62091

  238.0   0.60745

  239.0   0.59061

  240.0   0.57431

  241.0   0.55717

  242.0   0.53868

  243.0   0.51856

  244.0   0.50005

  245.0   0.48148

  246.0   0.46484

  247.0   0.44505

  248.0   0.42749

  249.0   0.41132

  250.0   0.39617

  251.0   0.38118

  252.0   0.36908

  253.0   0.35947

  254.0   0.35032

  255.0   0.34099

  256.0   0.33338

  257.0   0.32616

  258.0   0.31976

  259.0   0.31299

  260.0   0.30588

  261.0   0.29862

  262.0   0.29019

  263.0   0.28194

  264.0   0.27343

  265.0   0.26381

  266.0   0.25376

  267.0   0.24597

  268.0   0.23676

  269.0   0.22667

  270.0   0.21571

  271.0   0.20541

  272.0   0.19474

  273.0   0.18503

  274.0   0.17355

  275.0   0.16323

  276.0   0.15417

  277.0   0.14460

  278.0   0.13506

  279.0   0.12773

  280.0   0.12097

  281.0   0.11285

  282.0   0.10703

  283.0   0.10194

  284.0   0.09649

  285.0   0.09177

  286.0   0.08793

  287.0   0.08379

  288.0   0.08043

  289.0   0.07742

  290.0   0.07496

  291.0   0.07310

  292.0   0.07110

  293.0   0.06905

  294.0   0.06711

  295.0   0.06500

  296.0   0.06335

  297.0   0.06252

  298.0   0.06161

  299.0   0.06091

  300.0   0.05984

  301.0   0.05952

  302.0   0.05908

  303.0   0.05834

  304.0   0.05875

  305.0   0.05783

  306.0   0.05706

  307.0   0.05724

  308.0   0.05596

  309.0   0.05635

  310.0   0.05585

  311.0   0.05606

  312.0   0.05588

  313.0   0.05549

  314.0   0.05536

  315.0   0.05475

  316.0   0.05350

  317.0   0.05365

  318.0   0.05289

  319.0   0.05203

  320.0   0.05223

  321.0   0.05187

  322.0   0.05184

  323.0   0.05083

  324.0   0.05066

  325.0   0.04973

  326.0   0.04948

  327.0   0.04998

  328.0   0.04950

  329.0   0.04891

  330.0   0.04913

  331.0   0.04911

  332.0   0.04919

  333.0   0.04888

  334.0   0.04778

  335.0   0.04814

  336.0   0.04650

  337.0   0.04587

  338.0   0.04568

  339.0   0.04602

  340.0   0.04650

  341.0   0.04669

  342.0   0.04686

  343.0   0.04695

  344.0   0.04682

  345.0   0.04678

  346.0   0.04656

  347.0   0.04721

  348.0   0.04695

  349.0   0.04668

  350.0   0.04726

  351.0   0.04657

  352.0   0.04715

  353.0   0.04670

  354.0   0.04711

  355.0   0.04685

  356.0   0.04688

  357.0   0.04690

  358.0   0.04620

  359.0   0.04586

  360.0   0.04572

  361.0   0.04517

  362.0   0.04525

  363.0   0.04548

  364.0   0.04521

  365.0   0.04442

  366.0   0.04364

  367.0   0.04286

  368.0   0.04265

  369.0   0.04158

  370.0   0.04155

  371.0   0.04066

  372.0   0.03982

  373.0   0.03973

  374.0   0.03886

  375.0   0.03853

  376.0   0.03732

  377.0   0.03698

  378.0   0.03659

  379.0   0.03605

  380.0   0.03537

  381.0   0.03516

  382.0   0.03471

  383.0   0.03406

  384.0   0.03338

  385.0   0.03286

  386.0   0.03258

  387.0   0.03226

  388.0   0.03173

  389.0   0.03147

  390.0   0.03148

  391.0   0.03127

  392.0   0.03080

  393.0   0.03087

  394.0   0.03013

  395.0   0.03007

  396.0   0.02983

  397.0   0.02979

  398.0   0.02924

  399.0   0.02896

  400.0   0.02868

  401.0   0.02826

  402.0   0.02798

  403.0   0.02788

  404.0   0.02728

  405.0   0.02696

  406.0   0.02655

  407.0   0.02587

  408.0   0.02560

  409.0   0.02505

  410.0   0.02469

  411.0   0.02404

  412.0   0.02334

  413.0   0.02263

  414.0   0.02212

  415.0   0.02183

  416.0   0.02085

  417.0   0.02014

  418.0   0.01945

  419.0   0.01874

  420.0   0.01810

  421.0   0.01749

  422.0   0.01679

  423.0   0.01616

  424.0   0.01538

  425.0   0.01488

  426.0   0.01408

  427.0   0.01369

  428.0   0.01291

  429.0   0.01253

  430.0   0.01212

  431.0   0.01145

  432.0   0.01108

  433.0   0.01057

  434.0   0.01028

  435.0   0.00993

  436.0   0.00964

  437.0   0.00939

  438.0   0.00898

  439.0   0.00886

  440.0   0.00853

  441.0   0.00814

  442.0   0.00795

  443.0   0.00768

  444.0   0.00761

  445.0   0.00731

  446.0   0.00712

  447.0   0.00702

  448.0   0.00689

  449.0   0.00668

  450.0   0.00652

  451.0   0.00619

  452.0   0.00613

  453.0   0.00582

  454.0   0.00569

  455.0   0.00552

  456.0   0.00528

  457.0   0.00513

  458.0   0.00501

  459.0   0.00486

  460.0   0.00487

  461.0   0.00472

  462.0   0.00452

  463.0   0.00439

  464.0   0.00426

  465.0   0.00408

  466.0   0.00393

  467.0   0.00378

  468.0   0.00355

  469.0   0.00336

  470.0   0.00327

  471.0   0.00312

  472.0   0.00287

  473.0   0.00270

  474.0   0.00250

  475.0   0.00244

  476.0   0.00223

  477.0   0.00215

  478.0   0.00199

  479.0   0.00192

  480.0   0.00174

  481.0   0.00163

  482.0   0.00143

  483.0   0.00135

  484.0   0.00121

  485.0   0.00107

  486.0   0.00098

  487.0   0.00083

  488.0   0.00066

  489.0   0.00058

  490.0   0.00044

  491.0   0.00040

  492.0   0.00028

  493.0   0.00021

  494.0   0.00015

  495.0   0.00011

  496.0   0.00006

  497.0  -0.00006

  498.0  -0.00016

  499.0  -0.00020

  500.0  -0.00018

  501.0  -0.00020

  502.0  -0.00026

  503.0  -0.00028

  504.0  -0.00037

  505.0  -0.00039

  506.0  -0.00048

  507.0  -0.00050

  508.0  -0.00050

  509.0  -0.00057

  510.0  -0.00057

  511.0  -0.00066

  512.0  -0.00075

  513.0  -0.00086

  514.0  -0.00093

  515.0  -0.00094

  516.0  -0.00100

  517.0  -0.00105

  518.0  -0.00110

  519.0  -0.00115

  520.0  -0.00121

  521.0  -0.00122

  522.0  -0.00135

  523.0  -0.00140

  524.0  -0.00147

  525.0  -0.00160

  526.0  -0.00160

  527.0  -0.00167

  528.0  -0.00171

  529.0  -0.00178

  530.0  -0.00184

  531.0  -0.00186

  532.0  -0.00187

  533.0  -0.00198

  534.0  -0.00195

  535.0  -0.00201

  536.0  -0.00202

  537.0  -0.00208

  538.0  -0.00209

  539.0  -0.00206

  540.0  -0.00207

  541.0  -0.00205

  542.0  -0.00204

  543.0  -0.00208

  544.0  -0.00208

  545.0  -0.00206

  546.0  -0.00204

  547.0  -0.00199

  548.0  -0.00193

  549.0  -0.00197

  550.0  -0.00198

  551.0  -0.00199

  552.0  -0.00201

  553.0  -0.00199

  554.0  -0.00200

  555.0  -0.00204

  556.0  -0.00199

  557.0  -0.00191

  558.0  -0.00193

  559.0  -0.00195

  560.0  -0.00190

  561.0  -0.00187

  562.0  -0.00186

  563.0  -0.00185

  564.0  -0.00183

  565.0  -0.00177

  566.0  -0.00181

  567.0  -0.00182

  568.0  -0.00176

  569.0  -0.00177

  570.0  -0.00176

  571.0  -0.00177

  572.0  -0.00167

  573.0  -0.00168

  574.0  -0.00167

  575.0  -0.00164

  576.0  -0.00156

  577.0  -0.00151

  578.0  -0.00150

  579.0  -0.00143

  580.0  -0.00138

  581.0  -0.00133

  582.0  -0.00131

  583.0  -0.00122

  584.0  -0.00119

  585.0  -0.00117

  586.0  -0.00112

  587.0  -0.00110

  588.0  -0.00103

  589.0  -0.00097

  590.0  -0.00089

  591.0  -0.00088

  592.0  -0.00084

  593.0  -0.00088

  594.0  -0.00085

  595.0  -0.00083

  596.0  -0.00086

  597.0  -0.00088

  598.0  -0.00086

  599.0  -0.00087

  600.0  -0.00091

  601.0  -0.00088

  602.0  -0.00090

  603.0  -0.00086

  604.0  -0.00082

  605.0  -0.00080

  606.0  -0.00085

  607.0  -0.00083

  608.0  -0.00083

  609.0  -0.00079

  610.0  -0.00077

  611.0  -0.00078

  612.0  -0.00075

  613.0  -0.00078

  614.0  -0.00078

  615.0  -0.00074

  616.0  -0.00076

  617.0  -0.00079

  618.0  -0.00082

  619.0  -0.00080

  620.0  -0.00079

  621.0  -0.00078

  622.0  -0.00082

  623.0  -0.00082

  624.0  -0.00073

  625.0  -0.00076

  626.0  -0.00076

  627.0  -0.00076

  628.0  -0.00076

  629.0  -0.00076

  630.0  -0.00076

  631.0  -0.00072

  632.0  -0.00070

  633.0  -0.00069

  634.0  -0.00063

  635.0  -0.00062

  636.0  -0.00060

  637.0  -0.00058

  638.0  -0.00058

  639.0  -0.00058

  640.0  -0.00061

  641.0  -0.00060

  642.0  -0.00058

  643.0  -0.00053

  644.0  -0.00049

  645.0  -0.00046

  646.0  -0.00046

  647.0  -0.00051

  648.0  -0.00044

  649.0  -0.00050

  650.0  -0.00041

  651.0  -0.00039

  652.0  -0.00043

  653.0  -0.00039

  654.0  -0.00039

  655.0  -0.00038

  656.0  -0.00038

  657.0  -0.00034

  658.0  -0.00031

  659.0  -0.00028

  660.0  -0.00028

  661.0  -0.00024

  662.0  -0.00022

  663.0  -0.00021

  664.0  -0.00023

  665.0  -0.00019

  666.0  -0.00017

  667.0  -0.00014

  668.0  -0.00016

  669.0  -0.00016

  670.0  -0.00016

  671.0  -0.00014

  672.0  -0.00014

  673.0  -0.00011

  674.0  -0.00009

  675.0  -0.00011

  676.0  -0.00012

  677.0  -0.00011

  678.0  -0.00012

  679.0  -0.00016

  680.0  -0.00018

  681.0  -0.00022

  682.0  -0.00025

  683.0  -0.00029

  684.0  -0.00033

  685.0  -0.00031

  686.0  -0.00033

  687.0  -0.00028

  688.0  -0.00024

  689.0  -0.00028

  690.0  -0.00028

  691.0  -0.00023

  692.0  -0.00026

  693.0  -0.00030

  694.0  -0.00029

  695.0  -0.00032

  696.0  -0.00038

  697.0  -0.00037

  698.0  -0.00031

  699.0  -0.00033

  700.0  -0.00033

  701.0  -0.00035

  702.0  -0.00038

  703.0  -0.00038

  704.0  -0.00042

  705.0  -0.00042

  706.0  -0.00045

  707.0  -0.00047

  708.0  -0.00051

  709.0  -0.00047

  710.0  -0.00048

  711.0  -0.00038

  712.0  -0.00038

  713.0  -0.00038

  714.0  -0.00034

  715.0  -0.00039

  716.0  -0.00039

  717.0  -0.00037

  718.0  -0.00039

  719.0  -0.00042

  720.0  -0.00033

  721.0  -0.00036

  722.0  -0.00036

  723.0  -0.00032

  724.0  -0.00030

  725.0  -0.00028

  726.0  -0.00021

  727.0  -0.00023

  728.0  -0.00021

  729.0  -0.00024

  730.0  -0.00029

  731.0  -0.00022

  732.0  -0.00020

  733.0  -0.00020

  734.0  -0.00017

  735.0  -0.00017

  736.0  -0.00000

  737.0  -0.00000

  738.0  -0.00003

  739.0  -0.00009

  740.0  -0.00006

  741.0  -0.00011

  742.0  -0.00006

  743.0  -0.00011

  744.0  -0.00006

  745.0  -0.00014

  746.0  -0.00014

  747.0  -0.00011

  748.0  -0.00017

  749.0  -0.00022

  750.0  -0.00025

  751.0  -0.00028

  752.0  -0.00022

  753.0  -0.00020

  754.0  -0.00028

  755.0  -0.00034

  756.0  -0.00034

  757.0  -0.00045

  758.0  -0.00042

  759.0  -0.00045

  760.0  -0.00051

  761.0  -0.00059

  762.0  -0.00054

  763.0  -0.00062

  764.0  -0.00065

  765.0  -0.00065

  766.0  -0.00068

  767.0  -0.00060

  768.0  -0.00060

  769.0  -0.00063

  770.0  -0.00060

  771.0  -0.00066

  772.0  -0.00066

  773.0  -0.00069

  774.0  -0.00072

  775.0  -0.00069

  776.0  -0.00078

  777.0  -0.00078

  778.0  -0.00084

  779.0  -0.00087

  780.0  -0.00087

  781.0  -0.00090

  782.0  -0.00090

  783.0  -0.00096

  784.0  -0.00093

  785.0  -0.00091

  786.0  -0.00091

  787.0  -0.00088

  788.0  -0.00091

  789.0  -0.00094

  790.0  -0.00089

  791.0  -0.00092

  792.0  -0.00101

  793.0  -0.00095

  794.0  -0.00098

  795.0  -0.00092

  796.0  -0.00105

  797.0  -0.00108

  798.0  -0.00108

  799.0  -0.00108

  800.0  -0.00114

 
