ser ID: DU600

Method ID: A:\DEFAULT

Date: 07/31/00

Time: 08:26

 200.0   1.62477

  201.0   1.56384

  202.0   1.53384

  203.0   1.50024

  204.0   1.53225

  205.0   1.45679

  206.0   1.42684

  207.0   1.35874

  208.0   1.31458

  209.0   1.27373

  210.0   1.22903

  211.0   1.19937

  212.0   1.16766

  213.0   1.13944

  214.0   1.12309

  215.0   1.09664

  216.0   1.07549

  217.0   1.04862

  218.0   1.02674

  219.0   1.01208

  220.0   0.99327

  221.0   0.97998

  222.0   0.96811

  223.0   0.95471

  224.0   0.94550

  225.0   0.93941

  226.0   0.93274

  227.0   0.92957

  228.0   0.92309

  229.0   0.91903

  230.0   0.91456

  231.0   0.91122

  232.0   0.90945

  233.0   0.90221

  234.0   0.89724

  235.0   0.88734

  236.0   0.87439

  237.0   0.85382

  238.0   0.82711

  239.0   0.79283

  240.0   0.75483

  241.0   0.71341

  242.0   0.67098

  243.0   0.62389

  244.0   0.58506

  245.0   0.55098

  246.0   0.52091

  247.0   0.49235

  248.0   0.46780

  249.0   0.44655

  250.0   0.42689

  251.0   0.40741

  252.0   0.39156

  253.0   0.37652

  254.0   0.36226

  255.0   0.34811

  256.0   0.33520

  257.0   0.32314

  258.0   0.31210

  259.0   0.29968

  260.0   0.28865

  261.0   0.27833

  262.0   0.26703

  263.0   0.25775

  264.0   0.24961

  265.0   0.24103

  266.0   0.23368

  267.0   0.22774

  268.0   0.22167

  269.0   0.21639

  270.0   0.20966

  271.0   0.20519

  272.0   0.19892

  273.0   0.19463

  274.0   0.18883

  275.0   0.18136

  276.0   0.17613

  277.0   0.16908

  278.0   0.16279

  279.0   0.15706

  280.0   0.15028

  281.0   0.14325

  282.0   0.13714

  283.0   0.13086

  284.0   0.12422

  285.0   0.11677

  286.0   0.11093

  287.0   0.10419

  288.0   0.09873

  289.0   0.09357

  290.0   0.08877

  291.0   0.08462

  292.0   0.08045

  293.0   0.07586

  294.0   0.07236

  295.0   0.06837

  296.0   0.06460

  297.0   0.06168

  298.0   0.05860

  299.0   0.05615

  300.0   0.05383

  301.0   0.05225

  302.0   0.04971

  303.0   0.04744

  304.0   0.04636

  305.0   0.04403

  306.0   0.04189

  307.0   0.04134

  308.0   0.03966

  309.0   0.03906

  310.0   0.03819

  311.0   0.03752

  312.0   0.03680

  313.0   0.03595

  314.0   0.03602

  315.0   0.03495

  316.0   0.03407

  317.0   0.03413

  318.0   0.03359

  319.0   0.03425

  320.0   0.03562

  321.0   0.03564

  322.0   0.03588

  323.0   0.03684

  324.0   0.03790

  325.0   0.03811

  326.0   0.03910

  327.0   0.04065

  328.0   0.04157

  329.0   0.04315

  330.0   0.04478

  331.0   0.04650

  332.0   0.04811

  333.0   0.04909

  334.0   0.05090

  335.0   0.05179

  336.0   0.05291

  337.0   0.05491

  338.0   0.05701

  339.0   0.05910

  340.0   0.06093

  341.0   0.06284

  342.0   0.06464

  343.0   0.06582

  344.0   0.06740

  345.0   0.06804

  346.0   0.06920

  347.0   0.07087

  348.0   0.07274

  349.0   0.07337

  350.0   0.07478

  351.0   0.07533

  352.0   0.07615

  353.0   0.07628

  354.0   0.07658

  355.0   0.07624

  356.0   0.07613

  357.0   0.07770

  358.0   0.07626

  359.0   0.07576

  360.0   0.07492

  361.0   0.07447

  362.0   0.07368

  363.0   0.07225

  364.0   0.07133

  365.0   0.06962

  366.0   0.06894

  367.0   0.06692

  368.0   0.06558

  369.0   0.06426

  370.0   0.06262

  371.0   0.06104

  372.0   0.05901

  373.0   0.05774

  374.0   0.05666

  375.0   0.05515

  376.0   0.05335

  377.0   0.05236

  378.0   0.05067

  379.0   0.04955

  380.0   0.04801

  381.0   0.04649

  382.0   0.04566

  383.0   0.04448

  384.0   0.04327

  385.0   0.04194

  386.0   0.04113

  387.0   0.04023

  388.0   0.03908

  389.0   0.03798

  390.0   0.03718

  391.0   0.03652

  392.0   0.03553

  393.0   0.03479

  394.0   0.03362

  395.0   0.03327

  396.0   0.03255

  397.0   0.03193

  398.0   0.03135

  399.0   0.03053

  400.0   0.03002

  401.0   0.02955

  402.0   0.02885

  403.0   0.02851

  404.0   0.02780

  405.0   0.02723

  406.0   0.02652

  407.0   0.02584

  408.0   0.02557

  409.0   0.02496

  410.0   0.02466

  411.0   0.02407

  412.0   0.02359

  413.0   0.02298

  414.0   0.02269

  415.0   0.02252

  416.0   0.02158

  417.0   0.02094

  418.0   0.02057

  419.0   0.02000

  420.0   0.01957

  421.0   0.01893

  422.0   0.01843

  423.0   0.01790

  424.0   0.01722

  425.0   0.01682

  426.0   0.01632

  427.0   0.01581

  428.0   0.01518

  429.0   0.01487

  430.0   0.01447

  431.0   0.01393

  432.0   0.01344

  433.0   0.01293

  434.0   0.01258

  435.0   0.01230

  436.0   0.01184

  437.0   0.01149

  438.0   0.01113

  439.0   0.01087

  440.0   0.01045

  441.0   0.01003

  442.0   0.00970

  443.0   0.00950

  444.0   0.00936

  445.0   0.00903

  446.0   0.00868

  447.0   0.00847

  448.0   0.00814

  449.0   0.00782

  450.0   0.00761

  451.0   0.00726

  452.0   0.00719

  453.0   0.00675

  454.0   0.00661

  455.0   0.00631

  456.0   0.00606

  457.0   0.00595

  458.0   0.00562

  459.0   0.00547

  460.0   0.00535

  461.0   0.00523

  462.0   0.00499

  463.0   0.00486

  464.0   0.00464

  465.0   0.00446

  466.0   0.00412

  467.0   0.00393

  468.0   0.00377

  469.0   0.00361

  470.0   0.00347

  471.0   0.00332

  472.0   0.00306

  473.0   0.00286

  474.0   0.00262

  475.0   0.00256

  476.0   0.00232

  477.0   0.00223

  478.0   0.00204

  479.0   0.00202

  480.0   0.00174

  481.0   0.00161

  482.0   0.00135

  483.0   0.00120

  484.0   0.00106

  485.0   0.00090

  486.0   0.00075

  487.0   0.00067

  488.0   0.00046

  489.0   0.00040

  490.0   0.00024

  491.0   0.00013

  492.0   0.00002

  493.0  -0.00004

  494.0  -0.00000

  495.0  -0.00008

  496.0  -0.00021

  497.0  -0.00031

  498.0  -0.00033

  499.0  -0.00037

  500.0  -0.00038

  501.0  -0.00038

  502.0  -0.00046

  503.0  -0.00051

  504.0  -0.00059

  505.0  -0.00062

  506.0  -0.00068

  507.0  -0.00075

  508.0  -0.00069

  509.0  -0.00076

  510.0  -0.00081

  511.0  -0.00085

  512.0  -0.00092

  513.0  -0.00101

  514.0  -0.00106

  515.0  -0.00111

  516.0  -0.00120

  517.0  -0.00129

  518.0  -0.00137

  519.0  -0.00143

  520.0  -0.00148

  521.0  -0.00151

  522.0  -0.00164

  523.0  -0.00164

  524.0  -0.00171

  525.0  -0.00174

  526.0  -0.00180

  527.0  -0.00187

  528.0  -0.00193

  529.0  -0.00197

  530.0  -0.00206

  531.0  -0.00210

  532.0  -0.00205

  533.0  -0.00214

  534.0  -0.00211

  535.0  -0.00218

  536.0  -0.00224

  537.0  -0.00228

  538.0  -0.00229

  539.0  -0.00224

  540.0  -0.00225

  541.0  -0.00222

  542.0  -0.00223

  543.0  -0.00223

  544.0  -0.00227

  545.0  -0.00227

  546.0  -0.00221

  547.0  -0.00223

  548.0  -0.00220

  549.0  -0.00218

  550.0  -0.00225

  551.0  -0.00228

  552.0  -0.00228

  553.0  -0.00236

  554.0  -0.00230

  555.0  -0.00232

  556.0  -0.00226

  557.0  -0.00229

  558.0  -0.00233

  559.0  -0.00230

  560.0  -0.00224

  561.0  -0.00224

  562.0  -0.00220

  563.0  -0.00216

  564.0  -0.00217

  565.0  -0.00216

  566.0  -0.00216

  567.0  -0.00219

  568.0  -0.00213

  569.0  -0.00216

  570.0  -0.00213

  571.0  -0.00213

  572.0  -0.00210

  573.0  -0.00206

  574.0  -0.00205

  575.0  -0.00197

  576.0  -0.00192

  577.0  -0.00190

  578.0  -0.00191

  579.0  -0.00188

  580.0  -0.00183

  581.0  -0.00180

  582.0  -0.00173

  583.0  -0.00160

  584.0  -0.00159

  585.0  -0.00154

  586.0  -0.00148

  587.0  -0.00145

  588.0  -0.00135

  589.0  -0.00130

  590.0  -0.00125

  591.0  -0.00121

  592.0  -0.00120

  593.0  -0.00122

  594.0  -0.00121

  595.0  -0.00126

  596.0  -0.00124

  597.0  -0.00131

  598.0  -0.00130

  599.0  -0.00130

  600.0  -0.00137

  601.0  -0.00131

  602.0  -0.00132

  603.0  -0.00130

  604.0  -0.00128

  605.0  -0.00127

  606.0  -0.00128

  607.0  -0.00130

  608.0  -0.00129

  609.0  -0.00125

  610.0  -0.00121

  611.0  -0.00121

  612.0  -0.00119

  613.0  -0.00122

  614.0  -0.00126

  615.0  -0.00125

  616.0  -0.00120

  617.0  -0.00123

  618.0  -0.00119

  619.0  -0.00115

  620.0  -0.00115

  621.0  -0.00117

  622.0  -0.00120

  623.0  -0.00118

  624.0  -0.00113

  625.0  -0.00116

  626.0  -0.00114

  627.0  -0.00112

  628.0  -0.00110

  629.0  -0.00110

  630.0  -0.00108

  631.0  -0.00105

  632.0  -0.00103

  633.0  -0.00104

  634.0  -0.00103

  635.0  -0.00101

  636.0  -0.00099

  637.0  -0.00101

  638.0  -0.00099

  639.0  -0.00099

  640.0  -0.00101

  641.0  -0.00099

  642.0  -0.00097

  643.0  -0.00094

  644.0  -0.00089

  645.0  -0.00087

  646.0  -0.00085

  647.0  -0.00087

  648.0  -0.00084

  649.0  -0.00085

  650.0  -0.00080

  651.0  -0.00080

  652.0  -0.00080

  653.0  -0.00079

  654.0  -0.00082

  655.0  -0.00077

  656.0  -0.00075

  657.0  -0.00070

  658.0  -0.00064

  659.0  -0.00060

  660.0  -0.00062

  661.0  -0.00059

  662.0  -0.00054

  663.0  -0.00045

  664.0  -0.00033

  665.0  -0.00007

  666.0   0.00002

  667.0   0.00007

  668.0   0.00003

  669.0   0.00005

  670.0   0.00007

  671.0   0.00009

  672.0   0.00009

  673.0   0.00011

  674.0   0.00016

  675.0   0.00014

  676.0   0.00014

  677.0   0.00016

  678.0   0.00012

  679.0   0.00014

  680.0   0.00013

  681.0   0.00013

  682.0   0.00015

  683.0   0.00013

  684.0   0.00009

  685.0   0.00013

  686.0   0.00007

  687.0   0.00013

  688.0   0.00011

  689.0   0.00009

  690.0   0.00009

  691.0   0.00013

  692.0   0.00015

  693.0   0.00013

  694.0   0.00011

  695.0   0.00011

  696.0   0.00006

  697.0   0.00006

  698.0   0.00006

  699.0   0.00010

  700.0   0.00012

  701.0   0.00008

  702.0   0.00006

  703.0   0.00002

  704.0   0.00002

  705.0   0.00002

  706.0   0.00002

  707.0   0.00002

  708.0  -0.00004

  709.0  -0.00004

  710.0  -0.00002

  711.0   0.00006

  712.0   0.00013

  713.0   0.00017

  714.0   0.00019

  715.0   0.00019

  716.0   0.00022

  717.0   0.00022

  718.0   0.00022

  719.0   0.00018

  720.0   0.00024

  721.0   0.00027

  722.0   0.00020

  723.0   0.00025

  724.0   0.00027

  725.0   0.00030

  726.0   0.00033

  727.0   0.00033

  728.0   0.00036

  729.0   0.00033

  730.0   0.00034

  731.0   0.00036

  732.0   0.00034

  733.0   0.00037

  734.0   0.00040

  735.0   0.00042

  736.0   0.00069

  737.0   0.00066

  738.0   0.00063

  739.0   0.00054

  740.0   0.00054

  741.0   0.00048

  742.0   0.00057

  743.0   0.00051

  744.0   0.00048

  745.0   0.00042

  746.0   0.00042

  747.0   0.00039

  748.0   0.00034

  749.0   0.00025

  750.0   0.00022

  751.0   0.00017

  752.0   0.00017

  753.0   0.00017

  754.0   0.00017

  755.0   0.00014

  756.0   0.00006

  757.0  -0.00003

  758.0  -0.00003

  759.0  -0.00006

  760.0  -0.00011

  761.0  -0.00014

  762.0  -0.00011

  763.0  -0.00023

  764.0  -0.00014

  765.0  -0.00014

  766.0  -0.00017

  767.0  -0.00020

  768.0  -0.00017

  769.0  -0.00023

  770.0  -0.00023

  771.0  -0.00029

  772.0  -0.00026

  773.0  -0.00020

  774.0  -0.00014

  775.0  -0.00011

  776.0  -0.00026

  777.0  -0.00023

  778.0  -0.00029

  779.0  -0.00035

  780.0  -0.00035

  781.0  -0.00041

  782.0  -0.00038

  783.0  -0.00050

  784.0  -0.00044

  785.0  -0.00035

  786.0  -0.00041

  787.0  -0.00041

  788.0  -0.00032

  789.0  -0.00035

  790.0  -0.00024

  791.0  -0.00030

  792.0  -0.00033

  793.0  -0.00036

  794.0  -0.00042

  795.0  -0.00039

  796.0  -0.00042

  797.0  -0.00051

  798.0  -0.00048

  799.0  -0.00051

  800.0  -0.00060

 
