ser ID: DU600

Method ID: A:\DEFAULT

Date: 07/31/00

Time: 11:22

 200.0   1.55419

  201.0   1.53640

  202.0   1.50280

  203.0   1.50708

  204.0   1.44871

  205.0   1.42281

  206.0   1.40153

  207.0   1.35196

  208.0   1.29515

  209.0   1.24614

  210.0   1.22307

  211.0   1.19587

  212.0   1.17389

  213.0   1.13944

  214.0   1.12184

  215.0   1.09664

  216.0   1.08065

  217.0   1.05606

  218.0   1.03097

  219.0   1.00507

  220.0   0.97828

  221.0   0.95033

  222.0   0.91796

  223.0   0.89252

  224.0   0.86138

  225.0   0.83284

  226.0   0.80272

  227.0   0.77655

  228.0   0.75123

  229.0   0.73152

  230.0   0.71022

  231.0   0.69183

  232.0   0.67847

  233.0   0.66308

  234.0   0.64784

  235.0   0.63560

  236.0   0.62361

  237.0   0.61053

  238.0   0.59684

  239.0   0.58137

  240.0   0.56541

  241.0   0.54808

  242.0   0.53111

  243.0   0.51211

  244.0   0.49538

  245.0   0.47847

  246.0   0.46119

  247.0   0.44195

  248.0   0.42435

  249.0   0.40919

  250.0   0.39370

  251.0   0.37940

  252.0   0.36734

  253.0   0.35700

  254.0   0.34751

  255.0   0.33966

  256.0   0.33217

  257.0   0.32555

  258.0   0.31952

  259.0   0.31299

  260.0   0.30600

  261.0   0.29886

  262.0   0.29031

  263.0   0.28182

  264.0   0.27343

  265.0   0.26404

  266.0   0.25388

  267.0   0.24504

  268.0   0.23618

  269.0   0.22690

  270.0   0.21560

  271.0   0.20564

  272.0   0.19452

  273.0   0.18481

  274.0   0.17259

  275.0   0.16178

  276.0   0.15284

  277.0   0.14280

  278.0   0.13369

  279.0   0.12542

  280.0   0.11813

  281.0   0.11117

  282.0   0.10583

  283.0   0.10048

  284.0   0.09595

  285.0   0.09096

  286.0   0.08668

  287.0   0.08238

  288.0   0.07938

  289.0   0.07672

  290.0   0.07401

  291.0   0.07233

  292.0   0.07025

  293.0   0.06770

  294.0   0.06619

  295.0   0.06467

  296.0   0.06309

  297.0   0.06252

  298.0   0.06177

  299.0   0.06074

  300.0   0.05933

  301.0   0.05935

  302.0   0.05883

  303.0   0.05826

  304.0   0.05866

  305.0   0.05740

  306.0   0.05697

  307.0   0.05776

  308.0   0.05684

  309.0   0.05716

  310.0   0.05730

  311.0   0.05670

  312.0   0.05616

  313.0   0.05539

  314.0   0.05545

  315.0   0.05495

  316.0   0.05409

  317.0   0.05426

  318.0   0.05330

  319.0   0.05224

  320.0   0.05244

  321.0   0.05197

  322.0   0.05151

  323.0   0.05115

  324.0   0.05153

  325.0   0.05071

  326.0   0.05102

  327.0   0.05031

  328.0   0.04972

  329.0   0.04902

  330.0   0.04957

  331.0   0.04911

  332.0   0.04909

  333.0   0.04823

  334.0   0.04746

  335.0   0.04718

  336.0   0.04576

  337.0   0.04661

  338.0   0.04579

  339.0   0.04643

  340.0   0.04547

  341.0   0.04577

  342.0   0.04553

  343.0   0.04573

  344.0   0.04561

  345.0   0.04526

  346.0   0.04596

  347.0   0.04521

  348.0   0.04555

  349.0   0.04558

  350.0   0.04597

  351.0   0.04608

  352.0   0.04705

  353.0   0.04630

  354.0   0.04591

  355.0   0.04494

  356.0   0.04557

  357.0   0.04554

  358.0   0.04507

  359.0   0.04526

  360.0   0.04503

  361.0   0.04469

  362.0   0.04440

  363.0   0.04364

  364.0   0.04413

  365.0   0.04337

  366.0   0.04295

  367.0   0.04186

  368.0   0.04143

  369.0   0.04070

  370.0   0.03985

  371.0   0.03960

  372.0   0.03916

  373.0   0.03895

  374.0   0.03858

  375.0   0.03806

  376.0   0.03662

  377.0   0.03630

  378.0   0.03545

  379.0   0.03535

  380.0   0.03464

  381.0   0.03456

  382.0   0.03407

  383.0   0.03323

  384.0   0.03283

  385.0   0.03271

  386.0   0.03225

  387.0   0.03221

  388.0   0.03177

  389.0   0.03147

  390.0   0.03109

  391.0   0.03080

  392.0   0.03055

  393.0   0.03047

  394.0   0.03005

  395.0   0.02987

  396.0   0.02956

  397.0   0.02949

  398.0   0.02920

  399.0   0.02896

  400.0   0.02876

  401.0   0.02845

  402.0   0.02824

  403.0   0.02784

  404.0   0.02721

  405.0   0.02682

  406.0   0.02632

  407.0   0.02571

  408.0   0.02542

  409.0   0.02502

  410.0   0.02463

  411.0   0.02381

  412.0   0.02315

  413.0   0.02260

  414.0   0.02212

  415.0   0.02191

  416.0   0.02085

  417.0   0.02005

  418.0   0.01945

  419.0   0.01865

  420.0   0.01818

  421.0   0.01733

  422.0   0.01672

  423.0   0.01616

  424.0   0.01531

  425.0   0.01474

  426.0   0.01401

  427.0   0.01335

  428.0   0.01271

  429.0   0.01246

  430.0   0.01193

  431.0   0.01145

  432.0   0.01102

  433.0   0.01045

  434.0   0.01010

  435.0   0.00977

  436.0   0.00942

  437.0   0.00912

  438.0   0.00882

  439.0   0.00871

  440.0   0.00838

  441.0   0.00799

  442.0   0.00780

  443.0   0.00763

  444.0   0.00747

  445.0   0.00722

  446.0   0.00703

  447.0   0.00689

  448.0   0.00667

  449.0   0.00646

  450.0   0.00630

  451.0   0.00606

  452.0   0.00592

  453.0   0.00565

  454.0   0.00565

  455.0   0.00540

  456.0   0.00524

  457.0   0.00513

  458.0   0.00501

  459.0   0.00482

  460.0   0.00483

  461.0   0.00468

  462.0   0.00448

  463.0   0.00427

  464.0   0.00414

  465.0   0.00401

  466.0   0.00375

  467.0   0.00364

  468.0   0.00341

  469.0   0.00319

  470.0   0.00310

  471.0   0.00286

  472.0   0.00268

  473.0   0.00261

  474.0   0.00238

  475.0   0.00235

  476.0   0.00217

  477.0   0.00201

  478.0   0.00190

  479.0   0.00184

  480.0   0.00169

  481.0   0.00156

  482.0   0.00143

  483.0   0.00128

  484.0   0.00109

  485.0   0.00093

  486.0   0.00082

  487.0   0.00076

  488.0   0.00052

  489.0   0.00043

  490.0   0.00033

  491.0   0.00024

  492.0   0.00007

  493.0  -0.00000

  494.0  -0.00000

  495.0  -0.00004

  496.0  -0.00008

  497.0  -0.00017

  498.0  -0.00025

  499.0  -0.00024

  500.0  -0.00026

  501.0  -0.00030

  502.0  -0.00040

  503.0  -0.00043

  504.0  -0.00055

  505.0  -0.00056

  506.0  -0.00064

  507.0  -0.00067

  508.0  -0.00067

  509.0  -0.00072

  510.0  -0.00074

  511.0  -0.00075

  512.0  -0.00084

  513.0  -0.00088

  514.0  -0.00093

  515.0  -0.00098

  516.0  -0.00107

  517.0  -0.00118

  518.0  -0.00123

  519.0  -0.00128

  520.0  -0.00133

  521.0  -0.00135

  522.0  -0.00147

  523.0  -0.00155

  524.0  -0.00164

  525.0  -0.00173

  526.0  -0.00171

  527.0  -0.00178

  528.0  -0.00180

  529.0  -0.00186

  530.0  -0.00193

  531.0  -0.00199

  532.0  -0.00201

  533.0  -0.00205

  534.0  -0.00202

  535.0  -0.00210

  536.0  -0.00215

  537.0  -0.00219

  538.0  -0.00220

  539.0  -0.00215

  540.0  -0.00220

  541.0  -0.00216

  542.0  -0.00209

  543.0  -0.00212

  544.0  -0.00214

  545.0  -0.00210

  546.0  -0.00214

  547.0  -0.00214

  548.0  -0.00216

  549.0  -0.00212

  550.0  -0.00211

  551.0  -0.00209

  552.0  -0.00211

  553.0  -0.00207

  554.0  -0.00204

  555.0  -0.00200

  556.0  -0.00199

  557.0  -0.00208

  558.0  -0.00216

  559.0  -0.00214

  560.0  -0.00211

  561.0  -0.00207

  562.0  -0.00206

  563.0  -0.00207

  564.0  -0.00206

  565.0  -0.00202

  566.0  -0.00203

  567.0  -0.00204

  568.0  -0.00194

  569.0  -0.00194

  570.0  -0.00193

  571.0  -0.00194

  572.0  -0.00188

  573.0  -0.00187

  574.0  -0.00184

  575.0  -0.00180

  576.0  -0.00173

  577.0  -0.00170

  578.0  -0.00173

  579.0  -0.00166

  580.0  -0.00156

  581.0  -0.00154

  582.0  -0.00147

  583.0  -0.00140

  584.0  -0.00135

  585.0  -0.00133

  586.0  -0.00130

  587.0  -0.00125

  588.0  -0.00119

  589.0  -0.00114

  590.0  -0.00108

  591.0  -0.00102

  592.0  -0.00099

  593.0  -0.00101

  594.0  -0.00097

  595.0  -0.00096

  596.0  -0.00096

  597.0  -0.00099

  598.0  -0.00097

  599.0  -0.00102

  600.0  -0.00105

  601.0  -0.00105

  602.0  -0.00105

  603.0  -0.00104

  604.0  -0.00102

  605.0  -0.00100

  606.0  -0.00098

  607.0  -0.00096

  608.0  -0.00092

  609.0  -0.00090

  610.0  -0.00091

  611.0  -0.00091

  612.0  -0.00089

  613.0  -0.00089

  614.0  -0.00092

  615.0  -0.00090

  616.0  -0.00092

  617.0  -0.00095

  618.0  -0.00095

  619.0  -0.00094

  620.0  -0.00096

  621.0  -0.00096

  622.0  -0.00101

  623.0  -0.00099

  624.0  -0.00099

  625.0  -0.00097

  626.0  -0.00093

  627.0  -0.00088

  628.0  -0.00091

  629.0  -0.00093

  630.0  -0.00089

  631.0  -0.00086

  632.0  -0.00086

  633.0  -0.00084

  634.0  -0.00082

  635.0  -0.00080

  636.0  -0.00079

  637.0  -0.00079

  638.0  -0.00079

  639.0  -0.00077

  640.0  -0.00082

  641.0  -0.00078

  642.0  -0.00075

  643.0  -0.00072

  644.0  -0.00070

  645.0  -0.00065

  646.0  -0.00063

  647.0  -0.00060

  648.0  -0.00055

  649.0  -0.00058

  650.0  -0.00051

  651.0  -0.00055

  652.0  -0.00055

  653.0  -0.00056

  654.0  -0.00058

  655.0  -0.00057

  656.0  -0.00055

  657.0  -0.00048

  658.0  -0.00045

  659.0  -0.00041

  660.0  -0.00036

  661.0  -0.00038

  662.0  -0.00031

  663.0  -0.00029

  664.0  -0.00029

  665.0  -0.00035

  666.0  -0.00033

  667.0  -0.00030

  668.0  -0.00033

  669.0  -0.00035

  670.0  -0.00033

  671.0  -0.00033

  672.0  -0.00035

  673.0  -0.00030

  674.0  -0.00030

  675.0  -0.00035

  676.0  -0.00032

  677.0  -0.00028

  678.0  -0.00030

  679.0  -0.00027

  680.0  -0.00031

  681.0  -0.00034

  682.0  -0.00038

  683.0  -0.00044

  684.0  -0.00049

  685.0  -0.00049

  686.0  -0.00051

  687.0  -0.00048

  688.0  -0.00046

  689.0  -0.00048

  690.0  -0.00049

  691.0  -0.00045

  692.0  -0.00047

  693.0  -0.00049

  694.0  -0.00053

  695.0  -0.00053

  696.0  -0.00058

  697.0  -0.00056

  698.0  -0.00056

  699.0  -0.00056

  700.0  -0.00057

  701.0  -0.00059

  702.0  -0.00055

  703.0  -0.00052

  704.0  -0.00052

  705.0  -0.00054

  706.0  -0.00061

  707.0  -0.00061

  708.0  -0.00070

  709.0  -0.00068

  710.0  -0.00068

  711.0  -0.00063

  712.0  -0.00059

  713.0  -0.00061

  714.0  -0.00057

  715.0  -0.00058

  716.0  -0.00058

  717.0  -0.00054

  718.0  -0.00057

  719.0  -0.00059

  720.0  -0.00055

  721.0  -0.00056

  722.0  -0.00056

  723.0  -0.00054

  724.0  -0.00050

  725.0  -0.00051

  726.0  -0.00049

  727.0  -0.00052

  728.0  -0.00050

  729.0  -0.00050

  730.0  -0.00050

  731.0  -0.00044

  732.0  -0.00044

  733.0  -0.00042

  734.0  -0.00037

  735.0  -0.00042

  736.0  -0.00023

  737.0  -0.00023

  738.0  -0.00020

  739.0  -0.00031

  740.0  -0.00026

  741.0  -0.00028

  742.0  -0.00025

  743.0  -0.00028

  744.0  -0.00025

  745.0  -0.00031

  746.0  -0.00028

  747.0  -0.00025

  748.0  -0.00031

  749.0  -0.00036

  750.0  -0.00045

  751.0  -0.00045

  752.0  -0.00045

  753.0  -0.00042

  754.0  -0.00042

  755.0  -0.00051

  756.0  -0.00051

  757.0  -0.00059

  758.0  -0.00062

  759.0  -0.00062

  760.0  -0.00065

  761.0  -0.00076

  762.0  -0.00068

  763.0  -0.00079

  764.0  -0.00076

  765.0  -0.00082

  766.0  -0.00085

  767.0  -0.00079

  768.0  -0.00077

  769.0  -0.00080

  770.0  -0.00074

  771.0  -0.00071

  772.0  -0.00074

  773.0  -0.00080

  774.0  -0.00080

  775.0  -0.00080

  776.0  -0.00086

  777.0  -0.00086

  778.0  -0.00095

  779.0  -0.00098

  780.0  -0.00098

  781.0  -0.00104

  782.0  -0.00105

  783.0  -0.00108

  784.0  -0.00105

  785.0  -0.00102

  786.0  -0.00105

  787.0  -0.00106

  788.0  -0.00109

  789.0  -0.00109

  790.0  -0.00103

  791.0  -0.00107

  792.0  -0.00113

  793.0  -0.00113

  794.0  -0.00113

  795.0  -0.00107

  796.0  -0.00120

  797.0  -0.00123

  798.0  -0.00123

  799.0  -0.00123

  800.0  -0.00126

 
