ser ID: DU600

Method ID: A:\DEFAULT

Date: 07/31/00

Time: 08:09

 200.0   1.52278

  201.0   1.58315

  202.0   1.58499

  203.0   1.53557

  204.0   1.46531

  205.0   1.46701

  206.0   1.42684

  207.0   1.37264

  208.0   1.33492

  209.0   1.29067

  210.0   1.24743

  211.0   1.21185

  212.0   1.17077

  213.0   1.13672

  214.0   1.11319

  215.0   1.08773

  216.0   1.06534

  217.0   1.05047

  218.0   1.02338

  219.0   1.01366

  220.0   0.99838

  221.0   0.98409

  222.0   0.97327

  223.0   0.96446

  224.0   0.96006

  225.0   0.95677

  226.0   0.95701

  227.0   0.95299

  228.0   0.95535

  229.0   0.95368

  230.0   0.95276

  231.0   0.95301

  232.0   0.94922

  233.0   0.94733

  234.0   0.93839

  235.0   0.92997

  236.0   0.91127

  237.0   0.89132

  238.0   0.86391

  239.0   0.82301

  240.0   0.78149

  241.0   0.73414

  242.0   0.68715

  243.0   0.63608

  244.0   0.59411

  245.0   0.55669

  246.0   0.52425

  247.0   0.49314

  248.0   0.46901

  249.0   0.44684

  250.0   0.42661

  251.0   0.40673

  252.0   0.39117

  253.0   0.37614

  254.0   0.36239

  255.0   0.34848

  256.0   0.33496

  257.0   0.32219

  258.0   0.30973

  259.0   0.29688

  260.0   0.28565

  261.0   0.27411

  262.0   0.26319

  263.0   0.25417

  264.0   0.24582

  265.0   0.23869

  266.0   0.23102

  267.0   0.22563

  268.0   0.22022

  269.0   0.21516

  270.0   0.20955

  271.0   0.20419

  272.0   0.20037

  273.0   0.19606

  274.0   0.19136

  275.0   0.18583

  276.0   0.18087

  277.0   0.17473

  278.0   0.16784

  279.0   0.16121

  280.0   0.15498

  281.0   0.14759

  282.0   0.14142

  283.0   0.13508

  284.0   0.12809

  285.0   0.12077

  286.0   0.11347

  287.0   0.10715

  288.0   0.10046

  289.0   0.09456

  290.0   0.08957

  291.0   0.08462

  292.0   0.08063

  293.0   0.07595

  294.0   0.07211

  295.0   0.06761

  296.0   0.06351

  297.0   0.06035

  298.0   0.05670

  299.0   0.05384

  300.0   0.05160

  301.0   0.04894

  302.0   0.04690

  303.0   0.04504

  304.0   0.04338

  305.0   0.04079

  306.0   0.03897

  307.0   0.03773

  308.0   0.03610

  309.0   0.03470

  310.0   0.03420

  311.0   0.03314

  312.0   0.03244

  313.0   0.03199

  314.0   0.03172

  315.0   0.03152

  316.0   0.03059

  317.0   0.02993

  318.0   0.03039

  319.0   0.03129

  320.0   0.03281

  321.0   0.03250

  322.0   0.03421

  323.0   0.03401

  324.0   0.03601

  325.0   0.03609

  326.0   0.03655

  327.0   0.03904

  328.0   0.04028

  329.0   0.04228

  330.0   0.04424

  331.0   0.04575

  332.0   0.04800

  333.0   0.04942

  334.0   0.05187

  335.0   0.05459

  336.0   0.05441

  337.0   0.05717

  338.0   0.05841

  339.0   0.06103

  340.0   0.06286

  341.0   0.06562

  342.0   0.06731

  343.0   0.06913

  344.0   0.07050

  345.0   0.07156

  346.0   0.07454

  347.0   0.07589

  348.0   0.07798

  349.0   0.07915

  350.0   0.08002

  351.0   0.08101

  352.0   0.08173

  353.0   0.08178

  354.0   0.08242

  355.0   0.08221

  356.0   0.08299

  357.0   0.08336

  358.0   0.08224

  359.0   0.08204

  360.0   0.08096

  361.0   0.08059

  362.0   0.07894

  363.0   0.07808

  364.0   0.07702

  365.0   0.07609

  366.0   0.07433

  367.0   0.07225

  368.0   0.07043

  369.0   0.06899

  370.0   0.06737

  371.0   0.06558

  372.0   0.06370

  373.0   0.06272

  374.0   0.06054

  375.0   0.05933

  376.0   0.05703

  377.0   0.05553

  378.0   0.05379

  379.0   0.05258

  380.0   0.05124

  381.0   0.05013

  382.0   0.04863

  383.0   0.04753

  384.0   0.04575

  385.0   0.04454

  386.0   0.04302

  387.0   0.04216

  388.0   0.04106

  389.0   0.04018

  390.0   0.03919

  391.0   0.03815

  392.0   0.03712

  393.0   0.03623

  394.0   0.03483

  395.0   0.03418

  396.0   0.03352

  397.0   0.03289

  398.0   0.03242

  399.0   0.03162

  400.0   0.03110

  401.0   0.03035

  402.0   0.02971

  403.0   0.02904

  404.0   0.02842

  405.0   0.02790

  406.0   0.02740

  407.0   0.02663

  408.0   0.02634

  409.0   0.02588

  410.0   0.02519

  411.0   0.02469

  412.0   0.02409

  413.0   0.02342

  414.0   0.02322

  415.0   0.02297

  416.0   0.02213

  417.0   0.02139

  418.0   0.02092

  419.0   0.02042

  420.0   0.02007

  421.0   0.01941

  422.0   0.01905

  423.0   0.01859

  424.0   0.01781

  425.0   0.01725

  426.0   0.01674

  427.0   0.01622

  428.0   0.01572

  429.0   0.01539

  430.0   0.01504

  431.0   0.01448

  432.0   0.01404

  433.0   0.01340

  434.0   0.01304

  435.0   0.01269

  436.0   0.01233

  437.0   0.01197

  438.0   0.01161

  439.0   0.01128

  440.0   0.01086

  441.0   0.01043

  442.0   0.01004

  443.0   0.00969

  444.0   0.00955

  445.0   0.00917

  446.0   0.00896

  447.0   0.00861

  448.0   0.00837

  449.0   0.00804

  450.0   0.00774

  451.0   0.00744

  452.0   0.00724

  453.0   0.00692

  454.0   0.00669

  455.0   0.00644

  456.0   0.00615

  457.0   0.00603

  458.0   0.00566

  459.0   0.00543

  460.0   0.00543

  461.0   0.00520

  462.0   0.00495

  463.0   0.00470

  464.0   0.00449

  465.0   0.00435

  466.0   0.00397

  467.0   0.00386

  468.0   0.00362

  469.0   0.00354

  470.0   0.00334

  471.0   0.00322

  472.0   0.00294

  473.0   0.00273

  474.0   0.00244

  475.0   0.00238

  476.0   0.00214

  477.0   0.00201

  478.0   0.00179

  479.0   0.00173

  480.0   0.00151

  481.0   0.00135

  482.0   0.00115

  483.0   0.00103

  484.0   0.00092

  485.0   0.00076

  486.0   0.00063

  487.0   0.00053

  488.0   0.00030

  489.0   0.00011

  490.0  -0.00004

  491.0  -0.00018

  492.0  -0.00033

  493.0  -0.00041

  494.0  -0.00047

  495.0  -0.00057

  496.0  -0.00062

  497.0  -0.00074

  498.0  -0.00086

  499.0  -0.00091

  500.0  -0.00092

  501.0  -0.00096

  502.0  -0.00105

  503.0  -0.00114

  504.0  -0.00121

  505.0  -0.00124

  506.0  -0.00127

  507.0  -0.00130

  508.0  -0.00133

  509.0  -0.00140

  510.0  -0.00143

  511.0  -0.00154

  512.0  -0.00161

  513.0  -0.00169

  514.0  -0.00171

  515.0  -0.00174

  516.0  -0.00182

  517.0  -0.00186

  518.0  -0.00196

  519.0  -0.00201

  520.0  -0.00204

  521.0  -0.00209

  522.0  -0.00220

  523.0  -0.00231

  524.0  -0.00240

  525.0  -0.00254

  526.0  -0.00258

  527.0  -0.00261

  528.0  -0.00262

  529.0  -0.00271

  530.0  -0.00280

  531.0  -0.00285

  532.0  -0.00287

  533.0  -0.00295

  534.0  -0.00294

  535.0  -0.00302

  536.0  -0.00309

  537.0  -0.00313

  538.0  -0.00320

  539.0  -0.00319

  540.0  -0.00322

  541.0  -0.00320

  542.0  -0.00315

  543.0  -0.00321

  544.0  -0.00329

  545.0  -0.00325

  546.0  -0.00318

  547.0  -0.00319

  548.0  -0.00320

  549.0  -0.00318

  550.0  -0.00321

  551.0  -0.00325

  552.0  -0.00336

  553.0  -0.00334

  554.0  -0.00335

  555.0  -0.00334

  556.0  -0.00325

  557.0  -0.00328

  558.0  -0.00328

  559.0  -0.00327

  560.0  -0.00319

  561.0  -0.00313

  562.0  -0.00311

  563.0  -0.00312

  564.0  -0.00305

  565.0  -0.00301

  566.0  -0.00301

  567.0  -0.00303

  568.0  -0.00301

  569.0  -0.00303

  570.0  -0.00301

  571.0  -0.00308

  572.0  -0.00299

  573.0  -0.00301

  574.0  -0.00297

  575.0  -0.00293

  576.0  -0.00287

  577.0  -0.00283

  578.0  -0.00286

  579.0  -0.00282

  580.0  -0.00272

  581.0  -0.00274

  582.0  -0.00271

  583.0  -0.00265

  584.0  -0.00264

  585.0  -0.00261

  586.0  -0.00252

  587.0  -0.00254

  588.0  -0.00251

  589.0  -0.00248

  590.0  -0.00241

  591.0  -0.00240

  592.0  -0.00239

  593.0  -0.00236

  594.0  -0.00231

  595.0  -0.00236

  596.0  -0.00234

  597.0  -0.00245

  598.0  -0.00247

  599.0  -0.00250

  600.0  -0.00253

  601.0  -0.00250

  602.0  -0.00251

  603.0  -0.00250

  604.0  -0.00249

  605.0  -0.00245

  606.0  -0.00247

  607.0  -0.00248

  608.0  -0.00246

  609.0  -0.00247

  610.0  -0.00244

  611.0  -0.00246

  612.0  -0.00241

  613.0  -0.00243

  614.0  -0.00242

  615.0  -0.00238

  616.0  -0.00243

  617.0  -0.00247

  618.0  -0.00247

  619.0  -0.00250

  620.0  -0.00247

  621.0  -0.00249

  622.0  -0.00253

  623.0  -0.00250

  624.0  -0.00249

  625.0  -0.00243

  626.0  -0.00245

  627.0  -0.00243

  628.0  -0.00242

  629.0  -0.00249

  630.0  -0.00247

  631.0  -0.00245

  632.0  -0.00241

  633.0  -0.00241

  634.0  -0.00239

  635.0  -0.00237

  636.0  -0.00235

  637.0  -0.00232

  638.0  -0.00228

  639.0  -0.00227

  640.0  -0.00225

  641.0  -0.00223

  642.0  -0.00223

  643.0  -0.00220

  644.0  -0.00218

  645.0  -0.00215

  646.0  -0.00215

  647.0  -0.00215

  648.0  -0.00210

  649.0  -0.00213

  650.0  -0.00206

  651.0  -0.00208

  652.0  -0.00206

  653.0  -0.00205

  654.0  -0.00207

  655.0  -0.00205

  656.0  -0.00202

  657.0  -0.00197

  658.0  -0.00194

  659.0  -0.00191

  660.0  -0.00189

  661.0  -0.00191

  662.0  -0.00186

  663.0  -0.00183

  664.0  -0.00183

  665.0  -0.00182

  666.0  -0.00179

  667.0  -0.00176

  668.0  -0.00172

  669.0  -0.00173

  670.0  -0.00175

  671.0  -0.00175

  672.0  -0.00179

  673.0  -0.00174

  674.0  -0.00171

  675.0  -0.00170

  676.0  -0.00168

  677.0  -0.00165

  678.0  -0.00167

  679.0  -0.00168

  680.0  -0.00169

  681.0  -0.00171

  682.0  -0.00174

  683.0  -0.00180

  684.0  -0.00182

  685.0  -0.00179

  686.0  -0.00180

  687.0  -0.00170

  688.0  -0.00172

  689.0  -0.00173

  690.0  -0.00175

  691.0  -0.00172

  692.0  -0.00175

  693.0  -0.00176

  694.0  -0.00177

  695.0  -0.00179

  696.0  -0.00182

  697.0  -0.00179

  698.0  -0.00180

  699.0  -0.00183

  700.0  -0.00176

  701.0  -0.00181

  702.0  -0.00178

  703.0  -0.00179

  704.0  -0.00176

  705.0  -0.00181

  706.0  -0.00182

  707.0  -0.00183

  708.0  -0.00186

  709.0  -0.00187

  710.0  -0.00190

  711.0  -0.00183

  712.0  -0.00184

  713.0  -0.00183

  714.0  -0.00180

  715.0  -0.00182

  716.0  -0.00181

  717.0  -0.00178

  718.0  -0.00181

  719.0  -0.00182

  720.0  -0.00175

  721.0  -0.00176

  722.0  -0.00175

  723.0  -0.00175

  724.0  -0.00169

  725.0  -0.00166

  726.0  -0.00160

  727.0  -0.00162

  728.0  -0.00168

  729.0  -0.00171

  730.0  -0.00173

  731.0  -0.00162

  732.0  -0.00163

  733.0  -0.00164

  734.0  -0.00158

  735.0  -0.00159

  736.0  -0.00146

  737.0  -0.00146

  738.0  -0.00148

  739.0  -0.00150

  740.0  -0.00153

  741.0  -0.00158

  742.0  -0.00155

  743.0  -0.00161

  744.0  -0.00160

  745.0  -0.00171

  746.0  -0.00168

  747.0  -0.00171

  748.0  -0.00171

  749.0  -0.00177

  750.0  -0.00179

  751.0  -0.00182

  752.0  -0.00179

  753.0  -0.00174

  754.0  -0.00177

  755.0  -0.00182

  756.0  -0.00182

  757.0  -0.00188

  758.0  -0.00188

  759.0  -0.00186

  760.0  -0.00191

  761.0  -0.00194

  762.0  -0.00195

  763.0  -0.00206

  764.0  -0.00203

  765.0  -0.00206

  766.0  -0.00212

  767.0  -0.00210

  768.0  -0.00207

  769.0  -0.00207

  770.0  -0.00205

  771.0  -0.00211

  772.0  -0.00214

  773.0  -0.00217

  774.0  -0.00218

  775.0  -0.00218

  776.0  -0.00227

  777.0  -0.00227

  778.0  -0.00239

  779.0  -0.00245

  780.0  -0.00243

  781.0  -0.00252

  782.0  -0.00250

  783.0  -0.00250

  784.0  -0.00248

  785.0  -0.00242

  786.0  -0.00249

  787.0  -0.00252

  788.0  -0.00250

  789.0  -0.00247

  790.0  -0.00242

  791.0  -0.00248

  792.0  -0.00258

  793.0  -0.00258

  794.0  -0.00262

  795.0  -0.00256

  796.0  -0.00263

  797.0  -0.00269

  798.0  -0.00269

  799.0  -0.00270

  800.0  -0.00273

 
