ser ID: DU600

Method ID: A:\DEFAULT

Date: 07/31/00

Time: 11:34

 200.0   1.57646

  201.0   1.53640

  202.0   1.52587

  203.0   1.46133

  204.0   1.44871

  205.0   1.42281

  206.0   1.36993

  207.0   1.33221

  208.0   1.30338

  209.0   1.25972

  210.0   1.22505

  211.0   1.20290

  212.0   1.16612

  213.0   1.14356

  214.0   1.11564

  215.0   1.10230

  216.0   1.08169

  217.0   1.05606

  218.0   1.03268

  219.0   1.00584

  220.0   0.97688

  221.0   0.94590

  222.0   0.91455

  223.0   0.88837

  224.0   0.85809

  225.0   0.82941

  226.0   0.79692

  227.0   0.77264

  228.0   0.74797

  229.0   0.72458

  230.0   0.70239

  231.0   0.68424

  232.0   0.66953

  233.0   0.65484

  234.0   0.64112

  235.0   0.62851

  236.0   0.61451

  237.0   0.60117

  238.0   0.58895

  239.0   0.57324

  240.0   0.55828

  241.0   0.54343

  242.0   0.52597

  243.0   0.50828

  244.0   0.49137

  245.0   0.47384

  246.0   0.45786

  247.0   0.43971

  248.0   0.42272

  249.0   0.40734

  250.0   0.39189

  251.0   0.37712

  252.0   0.36597

  253.0   0.35602

  254.0   0.34702

  255.0   0.33857

  256.0   0.33169

  257.0   0.32459

  258.0   0.31988

  259.0   0.31323

  260.0   0.30564

  261.0   0.29874

  262.0   0.29007

  263.0   0.28229

  264.0   0.27379

  265.0   0.26440

  266.0   0.25458

  267.0   0.24620

  268.0   0.23618

  269.0   0.22575

  270.0   0.21481

  271.0   0.20497

  272.0   0.19419

  273.0   0.18449

  274.0   0.17270

  275.0   0.16126

  276.0   0.15142

  277.0   0.14131

  278.0   0.13184

  279.0   0.12427

  280.0   0.11709

  281.0   0.10977

  282.0   0.10408

  283.0   0.09921

  284.0   0.09415

  285.0   0.08918

  286.0   0.08518

  287.0   0.08168

  288.0   0.07825

  289.0   0.07595

  290.0   0.07333

  291.0   0.07113

  292.0   0.06957

  293.0   0.06754

  294.0   0.06577

  295.0   0.06408

  296.0   0.06309

  297.0   0.06218

  298.0   0.06144

  299.0   0.06099

  300.0   0.06009

  301.0   0.05901

  302.0   0.05857

  303.0   0.05843

  304.0   0.05858

  305.0   0.05826

  306.0   0.05793

  307.0   0.05811

  308.0   0.05728

  309.0   0.05716

  310.0   0.05675

  311.0   0.05633

  312.0   0.05672

  313.0   0.05615

  314.0   0.05651

  315.0   0.05563

  316.0   0.05488

  317.0   0.05375

  318.0   0.05360

  319.0   0.05296

  320.0   0.05317

  321.0   0.05303

  322.0   0.05195

  323.0   0.05202

  324.0   0.05185

  325.0   0.05093

  326.0   0.05080

  327.0   0.05097

  328.0   0.04994

  329.0   0.04913

  330.0   0.04924

  331.0   0.04879

  332.0   0.04941

  333.0   0.04855

  334.0   0.04799

  335.0   0.04750

  336.0   0.04586

  337.0   0.04535

  338.0   0.04516

  339.0   0.04529

  340.0   0.04495

  341.0   0.04474

  342.0   0.04584

  343.0   0.04573

  344.0   0.04520

  345.0   0.04426

  346.0   0.04405

  347.0   0.04451

  348.0   0.04515

  349.0   0.04478

  350.0   0.04507

  351.0   0.04478

  352.0   0.04526

  353.0   0.04450

  354.0   0.04451

  355.0   0.04364

  356.0   0.04416

  357.0   0.04470

  358.0   0.04436

  359.0   0.04436

  360.0   0.04375

  361.0   0.04344

  362.0   0.04318

  363.0   0.04290

  364.0   0.04278

  365.0   0.04215

  366.0   0.04218

  367.0   0.04120

  368.0   0.04110

  369.0   0.04007

  370.0   0.03954

  371.0   0.03923

  372.0   0.03836

  373.0   0.03852

  374.0   0.03762

  375.0   0.03700

  376.0   0.03636

  377.0   0.03624

  378.0   0.03563

  379.0   0.03488

  380.0   0.03401

  381.0   0.03379

  382.0   0.03369

  383.0   0.03328

  384.0   0.03273

  385.0   0.03242

  386.0   0.03196

  387.0   0.03175

  388.0   0.03128

  389.0   0.03107

  390.0   0.03088

  391.0   0.03084

  392.0   0.03039

  393.0   0.03031

  394.0   0.02989

  395.0   0.02991

  396.0   0.02945

  397.0   0.02937

  398.0   0.02905

  399.0   0.02889

  400.0   0.02887

  401.0   0.02834

  402.0   0.02813

  403.0   0.02788

  404.0   0.02745

  405.0   0.02689

  406.0   0.02635

  407.0   0.02577

  408.0   0.02551

  409.0   0.02514

  410.0   0.02452

  411.0   0.02390

  412.0   0.02331

  413.0   0.02255

  414.0   0.02196

  415.0   0.02175

  416.0   0.02076

  417.0   0.02005

  418.0   0.01936

  419.0   0.01874

  420.0   0.01810

  421.0   0.01749

  422.0   0.01679

  423.0   0.01609

  424.0   0.01523

  425.0   0.01452

  426.0   0.01394

  427.0   0.01342

  428.0   0.01278

  429.0   0.01246

  430.0   0.01199

  431.0   0.01145

  432.0   0.01090

  433.0   0.01040

  434.0   0.01005

  435.0   0.00977

  436.0   0.00942

  437.0   0.00912

  438.0   0.00877

  439.0   0.00860

  440.0   0.00828

  441.0   0.00799

  442.0   0.00775

  443.0   0.00749

  444.0   0.00738

  445.0   0.00717

  446.0   0.00699

  447.0   0.00689

  448.0   0.00676

  449.0   0.00650

  450.0   0.00626

  451.0   0.00593

  452.0   0.00592

  453.0   0.00557

  454.0   0.00556

  455.0   0.00544

  456.0   0.00528

  457.0   0.00513

  458.0   0.00497

  459.0   0.00478

  460.0   0.00475

  461.0   0.00464

  462.0   0.00440

  463.0   0.00431

  464.0   0.00418

  465.0   0.00404

  466.0   0.00375

  467.0   0.00364

  468.0   0.00348

  469.0   0.00333

  470.0   0.00320

  471.0   0.00306

  472.0   0.00284

  473.0   0.00264

  474.0   0.00244

  475.0   0.00235

  476.0   0.00214

  477.0   0.00201

  478.0   0.00182

  479.0   0.00178

  480.0   0.00161

  481.0   0.00151

  482.0   0.00135

  483.0   0.00125

  484.0   0.00116

  485.0   0.00100

  486.0   0.00089

  487.0   0.00081

  488.0   0.00057

  489.0   0.00047

  490.0   0.00036

  491.0   0.00029

  492.0   0.00013

  493.0   0.00006

  494.0  -0.00000

  495.0  -0.00008

  496.0  -0.00010

  497.0  -0.00025

  498.0  -0.00035

  499.0  -0.00034

  500.0  -0.00038

  501.0  -0.00038

  502.0  -0.00044

  503.0  -0.00047

  504.0  -0.00053

  505.0  -0.00056

  506.0  -0.00060

  507.0  -0.00061

  508.0  -0.00067

  509.0  -0.00076

  510.0  -0.00081

  511.0  -0.00086

  512.0  -0.00094

  513.0  -0.00097

  514.0  -0.00102

  515.0  -0.00105

  516.0  -0.00114

  517.0  -0.00123

  518.0  -0.00134

  519.0  -0.00141

  520.0  -0.00144

  521.0  -0.00146

  522.0  -0.00155

  523.0  -0.00160

  524.0  -0.00165

  525.0  -0.00178

  526.0  -0.00176

  527.0  -0.00187

  528.0  -0.00191

  529.0  -0.00198

  530.0  -0.00206

  531.0  -0.00208

  532.0  -0.00209

  533.0  -0.00214

  534.0  -0.00211

  535.0  -0.00221

  536.0  -0.00224

  537.0  -0.00225

  538.0  -0.00229

  539.0  -0.00230

  540.0  -0.00233

  541.0  -0.00230

  542.0  -0.00223

  543.0  -0.00227

  544.0  -0.00225

  545.0  -0.00225

  546.0  -0.00221

  547.0  -0.00221

  548.0  -0.00225

  549.0  -0.00226

  550.0  -0.00227

  551.0  -0.00224

  552.0  -0.00224

  553.0  -0.00225

  554.0  -0.00222

  555.0  -0.00220

  556.0  -0.00211

  557.0  -0.00226

  558.0  -0.00228

  559.0  -0.00223

  560.0  -0.00222

  561.0  -0.00219

  562.0  -0.00218

  563.0  -0.00216

  564.0  -0.00213

  565.0  -0.00213

  566.0  -0.00214

  567.0  -0.00217

  568.0  -0.00211

  569.0  -0.00212

  570.0  -0.00210

  571.0  -0.00209

  572.0  -0.00201

  573.0  -0.00202

  574.0  -0.00198

  575.0  -0.00197

  576.0  -0.00189

  577.0  -0.00184

  578.0  -0.00177

  579.0  -0.00174

  580.0  -0.00167

  581.0  -0.00166

  582.0  -0.00163

  583.0  -0.00158

  584.0  -0.00153

  585.0  -0.00150

  586.0  -0.00148

  587.0  -0.00145

  588.0  -0.00138

  589.0  -0.00134

  590.0  -0.00124

  591.0  -0.00121

  592.0  -0.00120

  593.0  -0.00120

  594.0  -0.00118

  595.0  -0.00113

  596.0  -0.00113

  597.0  -0.00116

  598.0  -0.00114

  599.0  -0.00117

  600.0  -0.00116

  601.0  -0.00114

  602.0  -0.00114

  603.0  -0.00112

  604.0  -0.00109

  605.0  -0.00107

  606.0  -0.00112

  607.0  -0.00108

  608.0  -0.00106

  609.0  -0.00102

  610.0  -0.00102

  611.0  -0.00102

  612.0  -0.00098

  613.0  -0.00098

  614.0  -0.00097

  615.0  -0.00101

  616.0  -0.00099

  617.0  -0.00105

  618.0  -0.00102

  619.0  -0.00103

  620.0  -0.00106

  621.0  -0.00108

  622.0  -0.00111

  623.0  -0.00109

  624.0  -0.00107

  625.0  -0.00109

  626.0  -0.00107

  627.0  -0.00107

  628.0  -0.00107

  629.0  -0.00110

  630.0  -0.00105

  631.0  -0.00103

  632.0  -0.00101

  633.0  -0.00099

  634.0  -0.00098

  635.0  -0.00096

  636.0  -0.00097

  637.0  -0.00094

  638.0  -0.00092

  639.0  -0.00092

  640.0  -0.00090

  641.0  -0.00089

  642.0  -0.00087

  643.0  -0.00080

  644.0  -0.00078

  645.0  -0.00078

  646.0  -0.00077

  647.0  -0.00077

  648.0  -0.00068

  649.0  -0.00072

  650.0  -0.00067

  651.0  -0.00067

  652.0  -0.00070

  653.0  -0.00070

  654.0  -0.00072

  655.0  -0.00070

  656.0  -0.00070

  657.0  -0.00064

  658.0  -0.00064

  659.0  -0.00059

  660.0  -0.00059

  661.0  -0.00057

  662.0  -0.00054

  663.0  -0.00050

  664.0  -0.00049

  665.0  -0.00049

  666.0  -0.00045

  667.0  -0.00040

  668.0  -0.00042

  669.0  -0.00042

  670.0  -0.00044

  671.0  -0.00046

  672.0  -0.00046

  673.0  -0.00046

  674.0  -0.00049

  675.0  -0.00053

  676.0  -0.00051

  677.0  -0.00046

  678.0  -0.00050

  679.0  -0.00052

  680.0  -0.00052

  681.0  -0.00056

  682.0  -0.00060

  683.0  -0.00064

  684.0  -0.00067

  685.0  -0.00070

  686.0  -0.00072

  687.0  -0.00065

  688.0  -0.00069

  689.0  -0.00067

  690.0  -0.00067

  691.0  -0.00066

  692.0  -0.00066

  693.0  -0.00066

  694.0  -0.00065

  695.0  -0.00073

  696.0  -0.00077

  697.0  -0.00075

  698.0  -0.00078

  699.0  -0.00080

  700.0  -0.00074

  701.0  -0.00079

  702.0  -0.00081

  703.0  -0.00082

  704.0  -0.00080

  705.0  -0.00078

  706.0  -0.00083

  707.0  -0.00077

  708.0  -0.00084

  709.0  -0.00082

  710.0  -0.00083

  711.0  -0.00077

  712.0  -0.00073

  713.0  -0.00072

  714.0  -0.00070

  715.0  -0.00073

  716.0  -0.00071

  717.0  -0.00069

  718.0  -0.00074

  719.0  -0.00075

  720.0  -0.00069

  721.0  -0.00069

  722.0  -0.00068

  723.0  -0.00066

  724.0  -0.00060

  725.0  -0.00062

  726.0  -0.00061

  727.0  -0.00061

  728.0  -0.00062

  729.0  -0.00062

  730.0  -0.00062

  731.0  -0.00051

  732.0  -0.00054

  733.0  -0.00049

  734.0  -0.00049

  735.0  -0.00052

  736.0  -0.00037

  737.0  -0.00040

  738.0  -0.00043

  739.0  -0.00045

  740.0  -0.00043

  741.0  -0.00048

  742.0  -0.00042

  743.0  -0.00045

  744.0  -0.00048

  745.0  -0.00053

  746.0  -0.00048

  747.0  -0.00053

  748.0  -0.00056

  749.0  -0.00059

  750.0  -0.00062

  751.0  -0.00065

  752.0  -0.00067

  753.0  -0.00062

  754.0  -0.00065

  755.0  -0.00070

  756.0  -0.00073

  757.0  -0.00079

  758.0  -0.00076

  759.0  -0.00076

  760.0  -0.00079

  761.0  -0.00085

  762.0  -0.00079

  763.0  -0.00085

  764.0  -0.00082

  765.0  -0.00088

  766.0  -0.00091

  767.0  -0.00094

  768.0  -0.00094

  769.0  -0.00094

  770.0  -0.00091

  771.0  -0.00094

  772.0  -0.00091

  773.0  -0.00092

  774.0  -0.00095

  775.0  -0.00095

  776.0  -0.00101

  777.0  -0.00101

  778.0  -0.00110

  779.0  -0.00116

  780.0  -0.00116

  781.0  -0.00119

  782.0  -0.00125

  783.0  -0.00122

  784.0  -0.00117

  785.0  -0.00114

  786.0  -0.00114

  787.0  -0.00117

  788.0  -0.00115

  789.0  -0.00118

  790.0  -0.00115

  791.0  -0.00118

  792.0  -0.00125

  793.0  -0.00128

  794.0  -0.00134

  795.0  -0.00128

  796.0  -0.00134

  797.0  -0.00138

  798.0  -0.00138

  799.0  -0.00138

  800.0  -0.00141

 
