ser ID: DU600

Method ID: A:\DEFAULT

Date: 07/31/00

Time: 08:28

 200.0   1.61218

  201.0   1.57339

  202.0   1.52587

  203.0   1.52827

  204.0   1.50054

  205.0   1.45177

  206.0   1.41824

  207.0   1.35196

  208.0   1.29788

  209.0   1.27373

  210.0   1.23508

  211.0   1.21367

  212.0   1.18180

  213.0   1.13808

  214.0   1.11811

  215.0   1.09328

  216.0   1.07038

  217.0   1.04404

  218.0   1.02589

  219.0   1.00895

  220.0   0.99254

  221.0   0.98271

  222.0   0.96811

  223.0   0.95652

  224.0   0.94722

  225.0   0.93886

  226.0   0.92960

  227.0   0.92353

  228.0   0.92018

  229.0   0.91437

  230.0   0.91052

  231.0   0.90904

  232.0   0.90520

  233.0   0.90139

  234.0   0.89405

  235.0   0.88311

  236.0   0.86811

  237.0   0.84856

  238.0   0.82317

  239.0   0.78650

  240.0   0.75040

  241.0   0.71063

  242.0   0.66776

  243.0   0.62327

  244.0   0.58564

  245.0   0.54956

  246.0   0.52074

  247.0   0.49078

  248.0   0.46690

  249.0   0.44597

  250.0   0.42550

  251.0   0.40741

  252.0   0.39130

  253.0   0.37691

  254.0   0.36290

  255.0   0.34860

  256.0   0.33569

  257.0   0.32362

  258.0   0.31210

  259.0   0.29910

  260.0   0.28807

  261.0   0.27833

  262.0   0.26771

  263.0   0.25922

  264.0   0.25062

  265.0   0.24270

  266.0   0.23446

  267.0   0.22841

  268.0   0.22267

  269.0   0.21606

  270.0   0.21000

  271.0   0.20463

  272.0   0.19892

  273.0   0.19408

  274.0   0.18861

  275.0   0.18180

  276.0   0.17591

  277.0   0.16951

  278.0   0.16279

  279.0   0.15593

  280.0   0.14957

  281.0   0.14235

  282.0   0.13635

  283.0   0.13047

  284.0   0.12393

  285.0   0.11658

  286.0   0.11056

  287.0   0.10456

  288.0   0.09809

  289.0   0.09303

  290.0   0.08806

  291.0   0.08383

  292.0   0.08036

  293.0   0.07664

  294.0   0.07228

  295.0   0.06879

  296.0   0.06502

  297.0   0.06185

  298.0   0.05935

  299.0   0.05649

  300.0   0.05375

  301.0   0.05175

  302.0   0.04971

  303.0   0.04818

  304.0   0.04695

  305.0   0.04486

  306.0   0.04264

  307.0   0.04193

  308.0   0.04008

  309.0   0.03906

  310.0   0.03827

  311.0   0.03717

  312.0   0.03724

  313.0   0.03613

  314.0   0.03648

  315.0   0.03523

  316.0   0.03464

  317.0   0.03499

  318.0   0.03505

  319.0   0.03465

  320.0   0.03532

  321.0   0.03553

  322.0   0.03619

  323.0   0.03716

  324.0   0.03885

  325.0   0.03896

  326.0   0.03942

  327.0   0.04076

  328.0   0.04211

  329.0   0.04293

  330.0   0.04478

  331.0   0.04596

  332.0   0.04779

  333.0   0.04942

  334.0   0.05079

  335.0   0.05254

  336.0   0.05301

  337.0   0.05501

  338.0   0.05626

  339.0   0.05846

  340.0   0.05996

  341.0   0.06209

  342.0   0.06379

  343.0   0.06550

  344.0   0.06698

  345.0   0.06793

  346.0   0.06962

  347.0   0.07055

  348.0   0.07200

  349.0   0.07252

  350.0   0.07404

  351.0   0.07469

  352.0   0.07561

  353.0   0.07628

  354.0   0.07615

  355.0   0.07581

  356.0   0.07613

  357.0   0.07669

  358.0   0.07571

  359.0   0.07566

  360.0   0.07450

  361.0   0.07385

  362.0   0.07267

  363.0   0.07146

  364.0   0.07095

  365.0   0.06981

  366.0   0.06849

  367.0   0.06630

  368.0   0.06515

  369.0   0.06359

  370.0   0.06189

  371.0   0.06041

  372.0   0.05832

  373.0   0.05759

  374.0   0.05609

  375.0   0.05515

  376.0   0.05295

  377.0   0.05178

  378.0   0.05017

  379.0   0.04894

  380.0   0.04719

  381.0   0.04525

  382.0   0.04434

  383.0   0.04427

  384.0   0.04358

  385.0   0.04324

  386.0   0.04190

  387.0   0.04013

  388.0   0.03853

  389.0   0.03780

  390.0   0.03683

  391.0   0.03618

  392.0   0.03507

  393.0   0.03471

  394.0   0.03342

  395.0   0.03275

  396.0   0.03197

  397.0   0.03155

  398.0   0.03078

  399.0   0.03005

  400.0   0.02968

  401.0   0.02918

  402.0   0.02877

  403.0   0.02830

  404.0   0.02752

  405.0   0.02706

  406.0   0.02642

  407.0   0.02571

  408.0   0.02545

  409.0   0.02496

  410.0   0.02457

  411.0   0.02401

  412.0   0.02345

  413.0   0.02276

  414.0   0.02231

  415.0   0.02215

  416.0   0.02131

  417.0   0.02077

  418.0   0.02023

  419.0   0.01983

  420.0   0.01933

  421.0   0.01885

  422.0   0.01819

  423.0   0.01775

  424.0   0.01715

  425.0   0.01653

  426.0   0.01604

  427.0   0.01553

  428.0   0.01505

  429.0   0.01474

  430.0   0.01428

  431.0   0.01374

  432.0   0.01337

  433.0   0.01275

  434.0   0.01247

  435.0   0.01207

  436.0   0.01178

  437.0   0.01149

  438.0   0.01103

  439.0   0.01082

  440.0   0.01035

  441.0   0.00993

  442.0   0.00955

  443.0   0.00936

  444.0   0.00908

  445.0   0.00880

  446.0   0.00859

  447.0   0.00829

  448.0   0.00810

  449.0   0.00787

  450.0   0.00747

  451.0   0.00718

  452.0   0.00702

  453.0   0.00671

  454.0   0.00653

  455.0   0.00627

  456.0   0.00602

  457.0   0.00582

  458.0   0.00550

  459.0   0.00527

  460.0   0.00523

  461.0   0.00500

  462.0   0.00491

  463.0   0.00474

  464.0   0.00456

  465.0   0.00435

  466.0   0.00404

  467.0   0.00393

  468.0   0.00373

  469.0   0.00350

  470.0   0.00344

  471.0   0.00332

  472.0   0.00306

  473.0   0.00292

  474.0   0.00265

  475.0   0.00259

  476.0   0.00232

  477.0   0.00223

  478.0   0.00207

  479.0   0.00197

  480.0   0.00185

  481.0   0.00171

  482.0   0.00150

  483.0   0.00140

  484.0   0.00126

  485.0   0.00109

  486.0   0.00094

  487.0   0.00083

  488.0   0.00068

  489.0   0.00058

  490.0   0.00042

  491.0   0.00033

  492.0   0.00020

  493.0   0.00013

  494.0   0.00011

  495.0   0.00006

  496.0  -0.00000

  497.0  -0.00004

  498.0  -0.00010

  499.0  -0.00014

  500.0  -0.00012

  501.0  -0.00012

  502.0  -0.00022

  503.0  -0.00026

  504.0  -0.00033

  505.0  -0.00035

  506.0  -0.00041

  507.0  -0.00044

  508.0  -0.00040

  509.0  -0.00051

  510.0  -0.00057

  511.0  -0.00062

  512.0  -0.00069

  513.0  -0.00080

  514.0  -0.00087

  515.0  -0.00091

  516.0  -0.00098

  517.0  -0.00105

  518.0  -0.00108

  519.0  -0.00113

  520.0  -0.00115

  521.0  -0.00115

  522.0  -0.00124

  523.0  -0.00135

  524.0  -0.00142

  525.0  -0.00154

  526.0  -0.00158

  527.0  -0.00160

  528.0  -0.00164

  529.0  -0.00166

  530.0  -0.00173

  531.0  -0.00175

  532.0  -0.00177

  533.0  -0.00185

  534.0  -0.00184

  535.0  -0.00192

  536.0  -0.00192

  537.0  -0.00197

  538.0  -0.00196

  539.0  -0.00195

  540.0  -0.00197

  541.0  -0.00192

  542.0  -0.00183

  543.0  -0.00185

  544.0  -0.00180

  545.0  -0.00176

  546.0  -0.00170

  547.0  -0.00174

  548.0  -0.00174

  549.0  -0.00180

  550.0  -0.00185

  551.0  -0.00192

  552.0  -0.00193

  553.0  -0.00195

  554.0  -0.00192

  555.0  -0.00194

  556.0  -0.00187

  557.0  -0.00180

  558.0  -0.00182

  559.0  -0.00176

  560.0  -0.00176

  561.0  -0.00171

  562.0  -0.00167

  563.0  -0.00166

  564.0  -0.00167

  565.0  -0.00166

  566.0  -0.00172

  567.0  -0.00173

  568.0  -0.00167

  569.0  -0.00168

  570.0  -0.00163

  571.0  -0.00166

  572.0  -0.00154

  573.0  -0.00157

  574.0  -0.00154

  575.0  -0.00151

  576.0  -0.00144

  577.0  -0.00143

  578.0  -0.00142

  579.0  -0.00133

  580.0  -0.00124

  581.0  -0.00119

  582.0  -0.00115

  583.0  -0.00104

  584.0  -0.00099

  585.0  -0.00095

  586.0  -0.00087

  587.0  -0.00088

  588.0  -0.00080

  589.0  -0.00078

  590.0  -0.00073

  591.0  -0.00075

  592.0  -0.00075

  593.0  -0.00080

  594.0  -0.00082

  595.0  -0.00081

  596.0  -0.00086

  597.0  -0.00088

  598.0  -0.00088

  599.0  -0.00089

  600.0  -0.00089

  601.0  -0.00087

  602.0  -0.00083

  603.0  -0.00084

  604.0  -0.00080

  605.0  -0.00074

  606.0  -0.00076

  607.0  -0.00069

  608.0  -0.00068

  609.0  -0.00065

  610.0  -0.00064

  611.0  -0.00071

  612.0  -0.00066

  613.0  -0.00067

  614.0  -0.00069

  615.0  -0.00067

  616.0  -0.00070

  617.0  -0.00076

  618.0  -0.00081

  619.0  -0.00079

  620.0  -0.00077

  621.0  -0.00077

  622.0  -0.00078

  623.0  -0.00073

  624.0  -0.00071

  625.0  -0.00073

  626.0  -0.00069

  627.0  -0.00064

  628.0  -0.00065

  629.0  -0.00065

  630.0  -0.00064

  631.0  -0.00062

  632.0  -0.00058

  633.0  -0.00058

  634.0  -0.00056

  635.0  -0.00055

  636.0  -0.00053

  637.0  -0.00051

  638.0  -0.00048

  639.0  -0.00050

  640.0  -0.00051

  641.0  -0.00048

  642.0  -0.00046

  643.0  -0.00041

  644.0  -0.00038

  645.0  -0.00034

  646.0  -0.00031

  647.0  -0.00032

  648.0  -0.00029

  649.0  -0.00032

  650.0  -0.00027

  651.0  -0.00029

  652.0  -0.00027

  653.0  -0.00026

  654.0  -0.00027

  655.0  -0.00019

  656.0  -0.00017

  657.0  -0.00012

  658.0  -0.00005

  659.0  -0.00007

  660.0  -0.00002

  661.0  -0.00000

  662.0   0.00003

  663.0   0.00007

  664.0   0.00009

  665.0   0.00009

  666.0   0.00014

  667.0   0.00017

  668.0   0.00019

  669.0   0.00019

  670.0   0.00023

  671.0   0.00021

  672.0   0.00021

  673.0   0.00023

  674.0   0.00028

  675.0   0.00030

  676.0   0.00035

  677.0   0.00037

  678.0   0.00036

  679.0   0.00038

  680.0   0.00040

  681.0   0.00033

  682.0   0.00031

  683.0   0.00027

  684.0   0.00020

  685.0   0.00020

  686.0   0.00024

  687.0   0.00026

  688.0   0.00026

  689.0   0.00019

  690.0   0.00017

  691.0   0.00021

  692.0   0.00019

  693.0   0.00013

  694.0   0.00013

  695.0   0.00013

  696.0   0.00008

  697.0   0.00010

  698.0   0.00012

  699.0   0.00016

  700.0   0.00020

  701.0   0.00012

  702.0   0.00010

  703.0   0.00006

  704.0   0.00008

  705.0   0.00012

  706.0   0.00010

  707.0   0.00014

  708.0   0.00008

  709.0   0.00010

  710.0   0.00012

  711.0   0.00019

  712.0   0.00023

  713.0   0.00025

  714.0   0.00028

  715.0   0.00028

  716.0   0.00030

  717.0   0.00035

  718.0   0.00035

  719.0   0.00033

  720.0   0.00040

  721.0   0.00043

  722.0   0.00043

  723.0   0.00043

  724.0   0.00046

  725.0   0.00042

  726.0   0.00049

  727.0   0.00047

  728.0   0.00050

  729.0   0.00048

  730.0   0.00051

  731.0   0.00056

  732.0   0.00051

  733.0   0.00054

  734.0   0.00057

  735.0   0.00055

  736.0   0.00080

  737.0   0.00077

  738.0   0.00077

  739.0   0.00068

  740.0   0.00071

  741.0   0.00062

  742.0   0.00059

  743.0   0.00062

  744.0   0.00065

  745.0   0.00056

  746.0   0.00053

  747.0   0.00051

  748.0   0.00048

  749.0   0.00045

  750.0   0.00042

  751.0   0.00042

  752.0   0.00039

  753.0   0.00039

  754.0   0.00037

  755.0   0.00037

  756.0   0.00031

  757.0   0.00025

  758.0   0.00025

  759.0   0.00025

  760.0   0.00020

  761.0   0.00014

  762.0   0.00020

  763.0   0.00008

  764.0   0.00006

  765.0   0.00003

  766.0  -0.00000

  767.0   0.00003

  768.0   0.00003

  769.0  -0.00000

  770.0  -0.00000

  771.0  -0.00000

  772.0  -0.00003

  773.0  -0.00011

  774.0  -0.00020

  775.0  -0.00026

  776.0  -0.00043

  777.0  -0.00040

  778.0  -0.00049

  779.0  -0.00049

  780.0  -0.00049

  781.0  -0.00044

  782.0  -0.00044

  783.0  -0.00047

  784.0  -0.00044

  785.0  -0.00044

  786.0  -0.00044

  787.0  -0.00041

  788.0  -0.00041

  789.0  -0.00044

  790.0  -0.00041

  791.0  -0.00044

  792.0  -0.00053

  793.0  -0.00054

  794.0  -0.00054

  795.0  -0.00054

  796.0  -0.00066

  797.0  -0.00069

  798.0  -0.00063

  799.0  -0.00072

  800.0  -0.00072

 
