ser ID: DU600

Method ID: A:\DEFAULT

Date: 07/31/00

Time: 11:46

 200.0   1.54346

  201.0   1.52763

  202.0   1.49538

  203.0   1.48688

  204.0   1.45970

  205.0   1.41816

  206.0   1.38544

  207.0   1.34528

  208.0   1.29245

  209.0   1.24171

  210.0   1.21139

  211.0   1.19239

  212.0   1.16766

  213.0   1.14218

  214.0   1.12309

  215.0   1.09890

  216.0   1.07651

  217.0   1.05513

  218.0   1.03097

  219.0   1.00584

  220.0   0.97758

  221.0   0.94590

  222.0   0.91285

  223.0   0.88272

  224.0   0.85435

  225.0   0.82517

  226.0   0.79463

  227.0   0.76599

  228.0   0.74025

  229.0   0.71774

  230.0   0.69579

  231.0   0.67831

  232.0   0.66222

  233.0   0.64790

  234.0   0.63320

  235.0   0.61924

  236.0   0.60641

  237.0   0.59434

  238.0   0.58140

  239.0   0.56705

  240.0   0.55249

  241.0   0.53664

  242.0   0.52138

  243.0   0.50369

  244.0   0.48770

  245.0   0.47206

  246.0   0.45599

  247.0   0.43721

  248.0   0.42002

  249.0   0.40471

  250.0   0.38971

  251.0   0.37523

  252.0   0.36423

  253.0   0.35467

  254.0   0.34496

  255.0   0.33736

  256.0   0.33012

  257.0   0.32411

  258.0   0.31879

  259.0   0.31226

  260.0   0.30576

  261.0   0.29850

  262.0   0.29031

  263.0   0.28253

  264.0   0.27379

  265.0   0.26463

  266.0   0.25470

  267.0   0.24469

  268.0   0.23572

  269.0   0.22553

  270.0   0.21492

  271.0   0.20441

  272.0   0.19375

  273.0   0.18287

  274.0   0.17070

  275.0   0.15982

  276.0   0.15041

  277.0   0.14051

  278.0   0.13097

  279.0   0.12264

  280.0   0.11596

  281.0   0.10829

  282.0   0.10271

  283.0   0.09785

  284.0   0.09334

  285.0   0.08829

  286.0   0.08421

  287.0   0.08045

  288.0   0.07695

  289.0   0.07482

  290.0   0.07247

  291.0   0.07020

  292.0   0.06898

  293.0   0.06711

  294.0   0.06518

  295.0   0.06383

  296.0   0.06259

  297.0   0.06160

  298.0   0.06110

  299.0   0.06007

  300.0   0.05916

  301.0   0.05867

  302.0   0.05840

  303.0   0.05809

  304.0   0.05892

  305.0   0.05861

  306.0   0.05775

  307.0   0.05750

  308.0   0.05702

  309.0   0.05752

  310.0   0.05739

  311.0   0.05716

  312.0   0.05700

  313.0   0.05587

  314.0   0.05603

  315.0   0.05505

  316.0   0.05429

  317.0   0.05446

  318.0   0.05432

  319.0   0.05348

  320.0   0.05317

  321.0   0.05292

  322.0   0.05260

  323.0   0.05180

  324.0   0.05120

  325.0   0.05071

  326.0   0.05058

  327.0   0.05031

  328.0   0.05016

  329.0   0.04924

  330.0   0.04859

  331.0   0.04846

  332.0   0.04898

  333.0   0.04748

  334.0   0.04735

  335.0   0.04665

  336.0   0.04512

  337.0   0.04493

  338.0   0.04433

  339.0   0.04446

  340.0   0.04413

  341.0   0.04474

  342.0   0.04441

  343.0   0.04420

  344.0   0.04399

  345.0   0.04335

  346.0   0.04375

  347.0   0.04391

  348.0   0.04465

  349.0   0.04379

  350.0   0.04408

  351.0   0.04349

  352.0   0.04427

  353.0   0.04371

  354.0   0.04421

  355.0   0.04364

  356.0   0.04336

  357.0   0.04346

  358.0   0.04272

  359.0   0.04286

  360.0   0.04307

  361.0   0.04305

  362.0   0.04252

  363.0   0.04198

  364.0   0.04161

  365.0   0.04136

  366.0   0.04150

  367.0   0.04020

  368.0   0.04013

  369.0   0.03912

  370.0   0.03854

  371.0   0.03825

  372.0   0.03800

  373.0   0.03789

  374.0   0.03749

  375.0   0.03693

  376.0   0.03591

  377.0   0.03519

  378.0   0.03473

  379.0   0.03476

  380.0   0.03390

  381.0   0.03373

  382.0   0.03327

  383.0   0.03297

  384.0   0.03228

  385.0   0.03184

  386.0   0.03154

  387.0   0.03166

  388.0   0.03119

  389.0   0.03098

  390.0   0.03053

  391.0   0.03034

  392.0   0.03027

  393.0   0.03014

  394.0   0.02957

  395.0   0.02980

  396.0   0.02910

  397.0   0.02911

  398.0   0.02886

  399.0   0.02874

  400.0   0.02846

  401.0   0.02819

  402.0   0.02809

  403.0   0.02756

  404.0   0.02718

  405.0   0.02662

  406.0   0.02638

  407.0   0.02577

  408.0   0.02563

  409.0   0.02505

  410.0   0.02440

  411.0   0.02379

  412.0   0.02315

  413.0   0.02252

  414.0   0.02210

  415.0   0.02191

  416.0   0.02067

  417.0   0.02005

  418.0   0.01945

  419.0   0.01865

  420.0   0.01810

  421.0   0.01725

  422.0   0.01656

  423.0   0.01609

  424.0   0.01523

  425.0   0.01459

  426.0   0.01408

  427.0   0.01342

  428.0   0.01265

  429.0   0.01227

  430.0   0.01186

  431.0   0.01133

  432.0   0.01090

  433.0   0.01045

  434.0   0.01010

  435.0   0.00965

  436.0   0.00937

  437.0   0.00901

  438.0   0.00872

  439.0   0.00860

  440.0   0.00823

  441.0   0.00789

  442.0   0.00775

  443.0   0.00754

  444.0   0.00738

  445.0   0.00717

  446.0   0.00690

  447.0   0.00680

  448.0   0.00667

  449.0   0.00641

  450.0   0.00634

  451.0   0.00610

  452.0   0.00600

  453.0   0.00569

  454.0   0.00556

  455.0   0.00540

  456.0   0.00516

  457.0   0.00504

  458.0   0.00489

  459.0   0.00474

  460.0   0.00475

  461.0   0.00460

  462.0   0.00444

  463.0   0.00435

  464.0   0.00426

  465.0   0.00404

  466.0   0.00375

  467.0   0.00360

  468.0   0.00341

  469.0   0.00326

  470.0   0.00314

  471.0   0.00302

  472.0   0.00287

  473.0   0.00264

  474.0   0.00235

  475.0   0.00232

  476.0   0.00217

  477.0   0.00204

  478.0   0.00185

  479.0   0.00186

  480.0   0.00166

  481.0   0.00156

  482.0   0.00133

  483.0   0.00125

  484.0   0.00109

  485.0   0.00095

  486.0   0.00084

  487.0   0.00076

  488.0   0.00052

  489.0   0.00038

  490.0   0.00027

  491.0   0.00015

  492.0   0.00002

  493.0  -0.00002

  494.0  -0.00006

  495.0  -0.00015

  496.0  -0.00021

  497.0  -0.00029

  498.0  -0.00037

  499.0  -0.00043

  500.0  -0.00042

  501.0  -0.00042

  502.0  -0.00052

  503.0  -0.00059

  504.0  -0.00066

  505.0  -0.00070

  506.0  -0.00071

  507.0  -0.00077

  508.0  -0.00074

  509.0  -0.00082

  510.0  -0.00085

  511.0  -0.00092

  512.0  -0.00097

  513.0  -0.00106

  514.0  -0.00111

  515.0  -0.00115

  516.0  -0.00120

  517.0  -0.00123

  518.0  -0.00128

  519.0  -0.00137

  520.0  -0.00139

  521.0  -0.00142

  522.0  -0.00153

  523.0  -0.00155

  524.0  -0.00164

  525.0  -0.00174

  526.0  -0.00178

  527.0  -0.00185

  528.0  -0.00193

  529.0  -0.00202

  530.0  -0.00211

  531.0  -0.00215

  532.0  -0.00209

  533.0  -0.00218

  534.0  -0.00217

  535.0  -0.00227

  536.0  -0.00227

  537.0  -0.00234

  538.0  -0.00235

  539.0  -0.00236

  540.0  -0.00236

  541.0  -0.00233

  542.0  -0.00230

  543.0  -0.00234

  544.0  -0.00236

  545.0  -0.00235

  546.0  -0.00227

  547.0  -0.00227

  548.0  -0.00227

  549.0  -0.00228

  550.0  -0.00228

  551.0  -0.00232

  552.0  -0.00232

  553.0  -0.00231

  554.0  -0.00228

  555.0  -0.00226

  556.0  -0.00214

  557.0  -0.00235

  558.0  -0.00240

  559.0  -0.00237

  560.0  -0.00231

  561.0  -0.00228

  562.0  -0.00225

  563.0  -0.00228

  564.0  -0.00222

  565.0  -0.00222

  566.0  -0.00223

  567.0  -0.00228

  568.0  -0.00218

  569.0  -0.00218

  570.0  -0.00215

  571.0  -0.00218

  572.0  -0.00207

  573.0  -0.00206

  574.0  -0.00203

  575.0  -0.00199

  576.0  -0.00194

  577.0  -0.00192

  578.0  -0.00189

  579.0  -0.00190

  580.0  -0.00185

  581.0  -0.00182

  582.0  -0.00175

  583.0  -0.00166

  584.0  -0.00161

  585.0  -0.00156

  586.0  -0.00152

  587.0  -0.00149

  588.0  -0.00142

  589.0  -0.00140

  590.0  -0.00133

  591.0  -0.00133

  592.0  -0.00128

  593.0  -0.00129

  594.0  -0.00121

  595.0  -0.00121

  596.0  -0.00116

  597.0  -0.00120

  598.0  -0.00123

  599.0  -0.00122

  600.0  -0.00129

  601.0  -0.00127

  602.0  -0.00125

  603.0  -0.00121

  604.0  -0.00117

  605.0  -0.00114

  606.0  -0.00118

  607.0  -0.00115

  608.0  -0.00113

  609.0  -0.00113

  610.0  -0.00109

  611.0  -0.00111

  612.0  -0.00108

  613.0  -0.00112

  614.0  -0.00111

  615.0  -0.00108

  616.0  -0.00111

  617.0  -0.00114

  618.0  -0.00114

  619.0  -0.00114

  620.0  -0.00113

  621.0  -0.00111

  622.0  -0.00113

  623.0  -0.00111

  624.0  -0.00109

  625.0  -0.00112

  626.0  -0.00112

  627.0  -0.00110

  628.0  -0.00112

  629.0  -0.00117

  630.0  -0.00112

  631.0  -0.00108

  632.0  -0.00108

  633.0  -0.00110

  634.0  -0.00109

  635.0  -0.00109

  636.0  -0.00108

  637.0  -0.00106

  638.0  -0.00106

  639.0  -0.00106

  640.0  -0.00104

  641.0  -0.00097

  642.0  -0.00092

  643.0  -0.00085

  644.0  -0.00082

  645.0  -0.00078

  646.0  -0.00077

  647.0  -0.00078

  648.0  -0.00075

  649.0  -0.00077

  650.0  -0.00072

  651.0  -0.00072

  652.0  -0.00073

  653.0  -0.00074

  654.0  -0.00074

  655.0  -0.00070

  656.0  -0.00070

  657.0  -0.00064

  658.0  -0.00060

  659.0  -0.00060

  660.0  -0.00059

  661.0  -0.00059

  662.0  -0.00057

  663.0  -0.00057

  664.0  -0.00061

  665.0  -0.00059

  666.0  -0.00057

  667.0  -0.00051

  668.0  -0.00052

  669.0  -0.00056

  670.0  -0.00054

  671.0  -0.00053

  672.0  -0.00058

  673.0  -0.00058

  674.0  -0.00058

  675.0  -0.00060

  676.0  -0.00059

  677.0  -0.00057

  678.0  -0.00057

  679.0  -0.00057

  680.0  -0.00061

  681.0  -0.00065

  682.0  -0.00071

  683.0  -0.00078

  684.0  -0.00084

  685.0  -0.00084

  686.0  -0.00085

  687.0  -0.00083

  688.0  -0.00085

  689.0  -0.00087

  690.0  -0.00086

  691.0  -0.00083

  692.0  -0.00083

  693.0  -0.00085

  694.0  -0.00085

  695.0  -0.00088

  696.0  -0.00094

  697.0  -0.00094

  698.0  -0.00091

  699.0  -0.00092

  700.0  -0.00090

  701.0  -0.00094

  702.0  -0.00091

  703.0  -0.00091

  704.0  -0.00094

  705.0  -0.00095

  706.0  -0.00099

  707.0  -0.00098

  708.0  -0.00104

  709.0  -0.00101

  710.0  -0.00101

  711.0  -0.00096

  712.0  -0.00094

  713.0  -0.00095

  714.0  -0.00091

  715.0  -0.00094

  716.0  -0.00093

  717.0  -0.00091

  718.0  -0.00092

  719.0  -0.00095

  720.0  -0.00093

  721.0  -0.00092

  722.0  -0.00090

  723.0  -0.00089

  724.0  -0.00085

  725.0  -0.00083

  726.0  -0.00079

  727.0  -0.00080

  728.0  -0.00073

  729.0  -0.00076

  730.0  -0.00077

  731.0  -0.00070

  732.0  -0.00071

  733.0  -0.00074

  734.0  -0.00069

  735.0  -0.00070

  736.0  -0.00055

  737.0  -0.00057

  738.0  -0.00060

  739.0  -0.00063

  740.0  -0.00060

  741.0  -0.00062

  742.0  -0.00056

  743.0  -0.00062

  744.0  -0.00065

  745.0  -0.00068

  746.0  -0.00067

  747.0  -0.00062

  748.0  -0.00067

  749.0  -0.00070

  750.0  -0.00073

  751.0  -0.00073

  752.0  -0.00067

  753.0  -0.00067

  754.0  -0.00070

  755.0  -0.00073

  756.0  -0.00076

  757.0  -0.00079

  758.0  -0.00082

  759.0  -0.00073

  760.0  -0.00082

  761.0  -0.00087

  762.0  -0.00079

  763.0  -0.00088

  764.0  -0.00088

  765.0  -0.00091

  766.0  -0.00088

  767.0  -0.00091

  768.0  -0.00094

  769.0  -0.00091

  770.0  -0.00091

  771.0  -0.00094

  772.0  -0.00100

  773.0  -0.00100

  774.0  -0.00100

  775.0  -0.00098

  776.0  -0.00104

  777.0  -0.00104

  778.0  -0.00113

  779.0  -0.00116

  780.0  -0.00116

  781.0  -0.00125

  782.0  -0.00125

  783.0  -0.00125

  784.0  -0.00123

  785.0  -0.00120

  786.0  -0.00123

  787.0  -0.00123

  788.0  -0.00121

  789.0  -0.00124

  790.0  -0.00115

  791.0  -0.00124

  792.0  -0.00130

  793.0  -0.00131

  794.0  -0.00134

  795.0  -0.00128

  796.0  -0.00137

  797.0  -0.00138

  798.0  -0.00138

  799.0  -0.00144

  800.0  -0.00147

 
