ser ID: DU600

Method ID: A:\DEFAULT

Date: 07/31/00

Time: 08:31

 200.0   1.58804

  201.0   1.53640

  202.0   1.56726

  203.0   1.52827

  204.0   1.51929

  205.0   1.45679

  206.0   1.40153

  207.0   1.36913

  208.0   1.32318

  209.0   1.28821

  210.0   1.23916

  211.0   1.20113

  212.0   1.16766

  213.0   1.13401

  214.0   1.11441

  215.0   1.09328

  216.0   1.06836

  217.0   1.04495

  218.0   1.03012

  219.0   1.01287

  220.0   0.99691

  221.0   0.97794

  222.0   0.96619

  223.0   0.95471

  224.0   0.93981

  225.0   0.93179

  226.0   0.92494

  227.0   0.92054

  228.0   0.91300

  229.0   0.91067

  230.0   0.90740

  231.0   0.90212

  232.0   0.89682

  233.0   0.89123

  234.0   0.88344

  235.0   0.87438

  236.0   0.86047

  237.0   0.84063

  238.0   0.81604

  239.0   0.78203

  240.0   0.74684

  241.0   0.70638

  242.0   0.66390

  243.0   0.61956

  244.0   0.58146

  245.0   0.54850

  246.0   0.51875

  247.0   0.48999

  248.0   0.46645

  249.0   0.44554

  250.0   0.42578

  251.0   0.40592

  252.0   0.39117

  253.0   0.37601

  254.0   0.36214

  255.0   0.34811

  256.0   0.33532

  257.0   0.32411

  258.0   0.31245

  259.0   0.30015

  260.0   0.28934

  261.0   0.27868

  262.0   0.26782

  263.0   0.25843

  264.0   0.25040

  265.0   0.24203

  266.0   0.23469

  267.0   0.22908

  268.0   0.22245

  269.0   0.21628

  270.0   0.21000

  271.0   0.20386

  272.0   0.19804

  273.0   0.19331

  274.0   0.18664

  275.0   0.18028

  276.0   0.17473

  277.0   0.16845

  278.0   0.16123

  279.0   0.15500

  280.0   0.14815

  281.0   0.14075

  282.0   0.13467

  283.0   0.12842

  284.0   0.12220

  285.0   0.11572

  286.0   0.10944

  287.0   0.10382

  288.0   0.09782

  289.0   0.09303

  290.0   0.08788

  291.0   0.08357

  292.0   0.07967

  293.0   0.07561

  294.0   0.07168

  295.0   0.06828

  296.0   0.06427

  297.0   0.06176

  298.0   0.05869

  299.0   0.05624

  300.0   0.05391

  301.0   0.05142

  302.0   0.04946

  303.0   0.04760

  304.0   0.04653

  305.0   0.04486

  306.0   0.04281

  307.0   0.04235

  308.0   0.04042

  309.0   0.03949

  310.0   0.03827

  311.0   0.03700

  312.0   0.03644

  313.0   0.03631

  314.0   0.03657

  315.0   0.03541

  316.0   0.03492

  317.0   0.03480

  318.0   0.03457

  319.0   0.03475

  320.0   0.03522

  321.0   0.03553

  322.0   0.03682

  323.0   0.03695

  324.0   0.03843

  325.0   0.03821

  326.0   0.03878

  327.0   0.04022

  328.0   0.04135

  329.0   0.04271

  330.0   0.04511

  331.0   0.04618

  332.0   0.04768

  333.0   0.04866

  334.0   0.05004

  335.0   0.05179

  336.0   0.05205

  337.0   0.05416

  338.0   0.05669

  339.0   0.05803

  340.0   0.05922

  341.0   0.06124

  342.0   0.06304

  343.0   0.06422

  344.0   0.06560

  345.0   0.06634

  346.0   0.06751

  347.0   0.06981

  348.0   0.07136

  349.0   0.07167

  350.0   0.07297

  351.0   0.07395

  352.0   0.07434

  353.0   0.07361

  354.0   0.07454

  355.0   0.07398

  356.0   0.07440

  357.0   0.07512

  358.0   0.07384

  359.0   0.07373

  360.0   0.07313

  361.0   0.07282

  362.0   0.07157

  363.0   0.07097

  364.0   0.07018

  365.0   0.06832

  366.0   0.06695

  367.0   0.06481

  368.0   0.06368

  369.0   0.06258

  370.0   0.06116

  371.0   0.05978

  372.0   0.05809

  373.0   0.05693

  374.0   0.05544

  375.0   0.05377

  376.0   0.05241

  377.0   0.05114

  378.0   0.04992

  379.0   0.04882

  380.0   0.04719

  381.0   0.04587

  382.0   0.04500

  383.0   0.04395

  384.0   0.04244

  385.0   0.04134

  386.0   0.04031

  387.0   0.03957

  388.0   0.03862

  389.0   0.03762

  390.0   0.03665

  391.0   0.03606

  392.0   0.03494

  393.0   0.03434

  394.0   0.03318

  395.0   0.03299

  396.0   0.03235

  397.0   0.03174

  398.0   0.03101

  399.0   0.03038

  400.0   0.02987

  401.0   0.02918

  402.0   0.02867

  403.0   0.02820

  404.0   0.02759

  405.0   0.02719

  406.0   0.02645

  407.0   0.02584

  408.0   0.02570

  409.0   0.02499

  410.0   0.02455

  411.0   0.02396

  412.0   0.02331

  413.0   0.02298

  414.0   0.02242

  415.0   0.02217

  416.0   0.02131

  417.0   0.02085

  418.0   0.02040

  419.0   0.01974

  420.0   0.01941

  421.0   0.01893

  422.0   0.01827

  423.0   0.01783

  424.0   0.01715

  425.0   0.01660

  426.0   0.01618

  427.0   0.01560

  428.0   0.01505

  429.0   0.01461

  430.0   0.01415

  431.0   0.01362

  432.0   0.01337

  433.0   0.01281

  434.0   0.01247

  435.0   0.01207

  436.0   0.01162

  437.0   0.01127

  438.0   0.01092

  439.0   0.01061

  440.0   0.01040

  441.0   0.00993

  442.0   0.00965

  443.0   0.00941

  444.0   0.00912

  445.0   0.00884

  446.0   0.00850

  447.0   0.00829

  448.0   0.00801

  449.0   0.00778

  450.0   0.00756

  451.0   0.00722

  452.0   0.00702

  453.0   0.00666

  454.0   0.00644

  455.0   0.00627

  456.0   0.00598

  457.0   0.00582

  458.0   0.00562

  459.0   0.00547

  460.0   0.00535

  461.0   0.00516

  462.0   0.00495

  463.0   0.00474

  464.0   0.00456

  465.0   0.00446

  466.0   0.00416

  467.0   0.00400

  468.0   0.00380

  469.0   0.00361

  470.0   0.00351

  471.0   0.00332

  472.0   0.00306

  473.0   0.00295

  474.0   0.00278

  475.0   0.00267

  476.0   0.00249

  477.0   0.00234

  478.0   0.00212

  479.0   0.00205

  480.0   0.00187

  481.0   0.00174

  482.0   0.00150

  483.0   0.00135

  484.0   0.00116

  485.0   0.00105

  486.0   0.00089

  487.0   0.00079

  488.0   0.00061

  489.0   0.00054

  490.0   0.00040

  491.0   0.00031

  492.0   0.00020

  493.0   0.00013

  494.0   0.00008

  495.0   0.00004

  496.0   0.00004

  497.0  -0.00006

  498.0  -0.00014

  499.0  -0.00020

  500.0  -0.00022

  501.0  -0.00026

  502.0  -0.00032

  503.0  -0.00035

  504.0  -0.00039

  505.0  -0.00043

  506.0  -0.00050

  507.0  -0.00054

  508.0  -0.00055

  509.0  -0.00066

  510.0  -0.00068

  511.0  -0.00069

  512.0  -0.00077

  513.0  -0.00084

  514.0  -0.00089

  515.0  -0.00092

  516.0  -0.00100

  517.0  -0.00105

  518.0  -0.00108

  519.0  -0.00115

  520.0  -0.00119

  521.0  -0.00122

  522.0  -0.00140

  523.0  -0.00147

  524.0  -0.00160

  525.0  -0.00164

  526.0  -0.00162

  527.0  -0.00169

  528.0  -0.00169

  529.0  -0.00178

  530.0  -0.00184

  531.0  -0.00184

  532.0  -0.00185

  533.0  -0.00189

  534.0  -0.00186

  535.0  -0.00194

  536.0  -0.00194

  537.0  -0.00197

  538.0  -0.00201

  539.0  -0.00202

  540.0  -0.00195

  541.0  -0.00192

  542.0  -0.00191

  543.0  -0.00195

  544.0  -0.00195

  545.0  -0.00199

  546.0  -0.00195

  547.0  -0.00191

  548.0  -0.00191

  549.0  -0.00188

  550.0  -0.00192

  551.0  -0.00195

  552.0  -0.00201

  553.0  -0.00199

  554.0  -0.00202

  555.0  -0.00208

  556.0  -0.00199

  557.0  -0.00187

  558.0  -0.00189

  559.0  -0.00186

  560.0  -0.00183

  561.0  -0.00180

  562.0  -0.00174

  563.0  -0.00175

  564.0  -0.00172

  565.0  -0.00171

  566.0  -0.00174

  567.0  -0.00175

  568.0  -0.00169

  569.0  -0.00168

  570.0  -0.00163

  571.0  -0.00160

  572.0  -0.00152

  573.0  -0.00151

  574.0  -0.00148

  575.0  -0.00147

  576.0  -0.00140

  577.0  -0.00137

  578.0  -0.00138

  579.0  -0.00129

  580.0  -0.00126

  581.0  -0.00125

  582.0  -0.00123

  583.0  -0.00114

  584.0  -0.00109

  585.0  -0.00103

  586.0  -0.00097

  587.0  -0.00098

  588.0  -0.00096

  589.0  -0.00089

  590.0  -0.00085

  591.0  -0.00083

  592.0  -0.00082

  593.0  -0.00084

  594.0  -0.00082

  595.0  -0.00085

  596.0  -0.00085

  597.0  -0.00084

  598.0  -0.00082

  599.0  -0.00082

  600.0  -0.00087

  601.0  -0.00087

  602.0  -0.00086

  603.0  -0.00084

  604.0  -0.00082

  605.0  -0.00084

  606.0  -0.00087

  607.0  -0.00085

  608.0  -0.00083

  609.0  -0.00079

  610.0  -0.00075

  611.0  -0.00075

  612.0  -0.00073

  613.0  -0.00078

  614.0  -0.00081

  615.0  -0.00081

  616.0  -0.00081

  617.0  -0.00083

  618.0  -0.00084

  619.0  -0.00080

  620.0  -0.00079

  621.0  -0.00077

  622.0  -0.00077

  623.0  -0.00073

  624.0  -0.00071

  625.0  -0.00073

  626.0  -0.00069

  627.0  -0.00067

  628.0  -0.00064

  629.0  -0.00065

  630.0  -0.00060

  631.0  -0.00057

  632.0  -0.00055

  633.0  -0.00057

  634.0  -0.00055

  635.0  -0.00050

  636.0  -0.00046

  637.0  -0.00046

  638.0  -0.00048

  639.0  -0.00050

  640.0  -0.00049

  641.0  -0.00046

  642.0  -0.00044

  643.0  -0.00039

  644.0  -0.00036

  645.0  -0.00034

  646.0  -0.00031

  647.0  -0.00031

  648.0  -0.00027

  649.0  -0.00029

  650.0  -0.00024

  651.0  -0.00026

  652.0  -0.00026

  653.0  -0.00022

  654.0  -0.00021

  655.0  -0.00019

  656.0  -0.00019

  657.0  -0.00012

  658.0  -0.00009

  659.0  -0.00003

  660.0   0.00002

  661.0   0.00003

  662.0   0.00007

  663.0   0.00009

  664.0   0.00009

  665.0   0.00007

  666.0   0.00010

  667.0   0.00014

  668.0   0.00012

  669.0   0.00016

  670.0   0.00016

  671.0   0.00021

  672.0   0.00021

  673.0   0.00021

  674.0   0.00021

  675.0   0.00019

  676.0   0.00023

  677.0   0.00027

  678.0   0.00027

  679.0   0.00023

  680.0   0.00022

  681.0   0.00020

  682.0   0.00018

  683.0   0.00018

  684.0   0.00016

  685.0   0.00018

  686.0   0.00015

  687.0   0.00018

  688.0   0.00022

  689.0   0.00019

  690.0   0.00021

  691.0   0.00023

  692.0   0.00019

  693.0   0.00017

  694.0   0.00019

  695.0   0.00019

  696.0   0.00015

  697.0   0.00015

  698.0   0.00017

  699.0   0.00018

  700.0   0.00020

  701.0   0.00016

  702.0   0.00014

  703.0   0.00014

  704.0   0.00012

  705.0   0.00016

  706.0   0.00014

  707.0   0.00016

  708.0   0.00014

  709.0   0.00014

  710.0   0.00015

  711.0   0.00019

  712.0   0.00023

  713.0   0.00025

  714.0   0.00028

  715.0   0.00024

  716.0   0.00028

  717.0   0.00033

  718.0   0.00031

  719.0   0.00029

  720.0   0.00033

  721.0   0.00034

  722.0   0.00038

  723.0   0.00039

  724.0   0.00044

  725.0   0.00039

  726.0   0.00044

  727.0   0.00040

  728.0   0.00043

  729.0   0.00038

  730.0   0.00041

  731.0   0.00046

  732.0   0.00049

  733.0   0.00054

  734.0   0.00054

  735.0   0.00057

  736.0   0.00078

  737.0   0.00074

  738.0   0.00069

  739.0   0.00063

  740.0   0.00065

  741.0   0.00060

  742.0   0.00054

  743.0   0.00051

  744.0   0.00056

  745.0   0.00056

  746.0   0.00056

  747.0   0.00053

  748.0   0.00048

  749.0   0.00045

  750.0   0.00042

  751.0   0.00042

  752.0   0.00039

  753.0   0.00039

  754.0   0.00037

  755.0   0.00031

  756.0   0.00031

  757.0   0.00020

  758.0   0.00020

  759.0   0.00017

  760.0   0.00017

  761.0   0.00006

  762.0   0.00008

  763.0  -0.00008

  764.0  -0.00011

  765.0  -0.00011

  766.0  -0.00017

  767.0  -0.00020

  768.0  -0.00020

  769.0  -0.00020

  770.0  -0.00017

  771.0  -0.00014

  772.0  -0.00023

  773.0  -0.00011

  774.0  -0.00011

  775.0  -0.00003

  776.0  -0.00014

  777.0  -0.00012

  778.0  -0.00020

  779.0  -0.00026

  780.0  -0.00026

  781.0  -0.00020

  782.0  -0.00029

  783.0  -0.00029

  784.0  -0.00026

  785.0  -0.00023

  786.0  -0.00023

  787.0  -0.00023

  788.0  -0.00024

  789.0  -0.00027

  790.0  -0.00015

  791.0  -0.00027

  792.0  -0.00033

  793.0  -0.00036

  794.0  -0.00039

  795.0  -0.00027

  796.0  -0.00036

  797.0  -0.00042

  798.0  -0.00045

  799.0  -0.00045

  800.0  -0.00045

 
