ser ID: DU600

Method ID: A:\DEFAULT

Date: 07/31/00

Time: 08:32

 200.0   1.51279

  201.0   1.58315

  202.0   1.55866

  203.0   1.55055

  204.0   1.47673

  205.0   1.49366

  206.0   1.42684

  207.0   1.36913

  208.0   1.33196

  209.0   1.27373

  210.0   1.24121

  211.0   1.20290

  212.0   1.16458

  213.0   1.13808

  214.0   1.11688

  215.0   1.09328

  216.0   1.07754

  217.0   1.04862

  218.0   1.03097

  219.0   1.01051

  220.0   0.99399

  221.0   0.97658

  222.0   0.96238

  223.0   0.95231

  224.0   0.94264

  225.0   0.93613

  226.0   0.92597

  227.0   0.91757

  228.0   0.91205

  229.0   0.90655

  230.0   0.90210

  231.0   0.89913

  232.0   0.89434

  233.0   0.89043

  234.0   0.88500

  235.0   0.87364

  236.0   0.85653

  237.0   0.83791

  238.0   0.81444

  239.0   0.77967

  240.0   0.74304

  241.0   0.70389

  242.0   0.66299

  243.0   0.62059

  244.0   0.58146

  245.0   0.54798

  246.0   0.51875

  247.0   0.48984

  248.0   0.46645

  249.0   0.44482

  250.0   0.42522

  251.0   0.40606

  252.0   0.39064

  253.0   0.37614

  254.0   0.36252

  255.0   0.34799

  256.0   0.33605

  257.0   0.32362

  258.0   0.31245

  259.0   0.29933

  260.0   0.28888

  261.0   0.27879

  262.0   0.26885

  263.0   0.25967

  264.0   0.25096

  265.0   0.24259

  266.0   0.23480

  267.0   0.22797

  268.0   0.22245

  269.0   0.21572

  270.0   0.21011

  271.0   0.20397

  272.0   0.19870

  273.0   0.19397

  274.0   0.18730

  275.0   0.18028

  276.0   0.17441

  277.0   0.16824

  278.0   0.16060

  279.0   0.15439

  280.0   0.14795

  281.0   0.14095

  282.0   0.13497

  283.0   0.12891

  284.0   0.12239

  285.0   0.11516

  286.0   0.10925

  287.0   0.10299

  288.0   0.09718

  289.0   0.09222

  290.0   0.08771

  291.0   0.08366

  292.0   0.07984

  293.0   0.07569

  294.0   0.07202

  295.0   0.06744

  296.0   0.06435

  297.0   0.06151

  298.0   0.05877

  299.0   0.05615

  300.0   0.05408

  301.0   0.05175

  302.0   0.04954

  303.0   0.04818

  304.0   0.04670

  305.0   0.04486

  306.0   0.04281

  307.0   0.04168

  308.0   0.04025

  309.0   0.03984

  310.0   0.03906

  311.0   0.03770

  312.0   0.03733

  313.0   0.03613

  314.0   0.03602

  315.0   0.03560

  316.0   0.03502

  317.0   0.03528

  318.0   0.03496

  319.0   0.03554

  320.0   0.03592

  321.0   0.03614

  322.0   0.03630

  323.0   0.03684

  324.0   0.03780

  325.0   0.03874

  326.0   0.03985

  327.0   0.04129

  328.0   0.04211

  329.0   0.04304

  330.0   0.04413

  331.0   0.04531

  332.0   0.04735

  333.0   0.04834

  334.0   0.05004

  335.0   0.05168

  336.0   0.05237

  337.0   0.05426

  338.0   0.05594

  339.0   0.05760

  340.0   0.05900

  341.0   0.06124

  342.0   0.06262

  343.0   0.06454

  344.0   0.06592

  345.0   0.06634

  346.0   0.06803

  347.0   0.06949

  348.0   0.07051

  349.0   0.07104

  350.0   0.07266

  351.0   0.07320

  352.0   0.07423

  353.0   0.07415

  354.0   0.07486

  355.0   0.07398

  356.0   0.07419

  357.0   0.07445

  358.0   0.07417

  359.0   0.07405

  360.0   0.07324

  361.0   0.07241

  362.0   0.07147

  363.0   0.07029

  364.0   0.06980

  365.0   0.06841

  366.0   0.06668

  367.0   0.06516

  368.0   0.06394

  369.0   0.06233

  370.0   0.06091

  371.0   0.05947

  372.0   0.05786

  373.0   0.05627

  374.0   0.05480

  375.0   0.05370

  376.0   0.05248

  377.0   0.05107

  378.0   0.04949

  379.0   0.04834

  380.0   0.04673

  381.0   0.04576

  382.0   0.04478

  383.0   0.04358

  384.0   0.04224

  385.0   0.04144

  386.0   0.04012

  387.0   0.03971

  388.0   0.03844

  389.0   0.03730

  390.0   0.03656

  391.0   0.03584

  392.0   0.03507

  393.0   0.03463

  394.0   0.03350

  395.0   0.03299

  396.0   0.03212

  397.0   0.03166

  398.0   0.03067

  399.0   0.03016

  400.0   0.02972

  401.0   0.02929

  402.0   0.02881

  403.0   0.02823

  404.0   0.02766

  405.0   0.02726

  406.0   0.02632

  407.0   0.02574

  408.0   0.02542

  409.0   0.02499

  410.0   0.02466

  411.0   0.02415

  412.0   0.02339

  413.0   0.02279

  414.0   0.02228

  415.0   0.02199

  416.0   0.02131

  417.0   0.02085

  418.0   0.02031

  419.0   0.01983

  420.0   0.01941

  421.0   0.01885

  422.0   0.01819

  423.0   0.01768

  424.0   0.01707

  425.0   0.01660

  426.0   0.01604

  427.0   0.01560

  428.0   0.01505

  429.0   0.01461

  430.0   0.01434

  431.0   0.01362

  432.0   0.01325

  433.0   0.01281

  434.0   0.01241

  435.0   0.01213

  436.0   0.01167

  437.0   0.01127

  438.0   0.01087

  439.0   0.01056

  440.0   0.01030

  441.0   0.00993

  442.0   0.00970

  443.0   0.00941

  444.0   0.00917

  445.0   0.00889

  446.0   0.00850

  447.0   0.00829

  448.0   0.00796

  449.0   0.00782

  450.0   0.00747

  451.0   0.00718

  452.0   0.00698

  453.0   0.00662

  454.0   0.00649

  455.0   0.00623

  456.0   0.00598

  457.0   0.00586

  458.0   0.00562

  459.0   0.00539

  460.0   0.00527

  461.0   0.00504

  462.0   0.00483

  463.0   0.00467

  464.0   0.00456

  465.0   0.00442

  466.0   0.00416

  467.0   0.00404

  468.0   0.00377

  469.0   0.00364

  470.0   0.00347

  471.0   0.00325

  472.0   0.00306

  473.0   0.00292

  474.0   0.00268

  475.0   0.00262

  476.0   0.00240

  477.0   0.00229

  478.0   0.00207

  479.0   0.00205

  480.0   0.00185

  481.0   0.00174

  482.0   0.00155

  483.0   0.00138

  484.0   0.00123

  485.0   0.00107

  486.0   0.00094

  487.0   0.00081

  488.0   0.00064

  489.0   0.00054

  490.0   0.00042

  491.0   0.00031

  492.0   0.00013

  493.0   0.00004

  494.0   0.00002

  495.0  -0.00000

  496.0  -0.00004

  497.0  -0.00010

  498.0  -0.00016

  499.0  -0.00020

  500.0  -0.00020

  501.0  -0.00020

  502.0  -0.00028

  503.0  -0.00028

  504.0  -0.00035

  505.0  -0.00041

  506.0  -0.00044

  507.0  -0.00052

  508.0  -0.00051

  509.0  -0.00059

  510.0  -0.00060

  511.0  -0.00064

  512.0  -0.00071

  513.0  -0.00078

  514.0  -0.00091

  515.0  -0.00094

  516.0  -0.00100

  517.0  -0.00108

  518.0  -0.00112

  519.0  -0.00115

  520.0  -0.00117

  521.0  -0.00128

  522.0  -0.00142

  523.0  -0.00149

  524.0  -0.00156

  525.0  -0.00165

  526.0  -0.00169

  527.0  -0.00171

  528.0  -0.00169

  529.0  -0.00177

  530.0  -0.00181

  531.0  -0.00181

  532.0  -0.00181

  533.0  -0.00185

  534.0  -0.00184

  535.0  -0.00195

  536.0  -0.00202

  537.0  -0.00204

  538.0  -0.00203

  539.0  -0.00200

  540.0  -0.00197

  541.0  -0.00196

  542.0  -0.00187

  543.0  -0.00193

  544.0  -0.00197

  545.0  -0.00197

  546.0  -0.00191

  547.0  -0.00193

  548.0  -0.00186

  549.0  -0.00184

  550.0  -0.00189

  551.0  -0.00194

  552.0  -0.00199

  553.0  -0.00197

  554.0  -0.00191

  555.0  -0.00196

  556.0  -0.00189

  557.0  -0.00170

  558.0  -0.00179

  559.0  -0.00170

  560.0  -0.00164

  561.0  -0.00164

  562.0  -0.00158

  563.0  -0.00160

  564.0  -0.00158

  565.0  -0.00155

  566.0  -0.00158

  567.0  -0.00160

  568.0  -0.00156

  569.0  -0.00160

  570.0  -0.00156

  571.0  -0.00162

  572.0  -0.00152

  573.0  -0.00151

  574.0  -0.00150

  575.0  -0.00143

  576.0  -0.00133

  577.0  -0.00130

  578.0  -0.00128

  579.0  -0.00123

  580.0  -0.00118

  581.0  -0.00113

  582.0  -0.00111

  583.0  -0.00106

  584.0  -0.00099

  585.0  -0.00095

  586.0  -0.00085

  587.0  -0.00084

  588.0  -0.00076

  589.0  -0.00070

  590.0  -0.00066

  591.0  -0.00067

  592.0  -0.00067

  593.0  -0.00072

  594.0  -0.00070

  595.0  -0.00072

  596.0  -0.00070

  597.0  -0.00073

  598.0  -0.00075

  599.0  -0.00074

  600.0  -0.00078

  601.0  -0.00077

  602.0  -0.00073

  603.0  -0.00068

  604.0  -0.00066

  605.0  -0.00067

  606.0  -0.00072

  607.0  -0.00070

  608.0  -0.00072

  609.0  -0.00068

  610.0  -0.00063

  611.0  -0.00066

  612.0  -0.00060

  613.0  -0.00064

  614.0  -0.00064

  615.0  -0.00062

  616.0  -0.00060

  617.0  -0.00062

  618.0  -0.00060

  619.0  -0.00060

  620.0  -0.00061

  621.0  -0.00063

  622.0  -0.00068

  623.0  -0.00066

  624.0  -0.00064

  625.0  -0.00064

  626.0  -0.00060

  627.0  -0.00055

  628.0  -0.00055

  629.0  -0.00055

  630.0  -0.00048

  631.0  -0.00046

  632.0  -0.00041

  633.0  -0.00041

  634.0  -0.00038

  635.0  -0.00036

  636.0  -0.00036

  637.0  -0.00036

  638.0  -0.00038

  639.0  -0.00032

  640.0  -0.00038

  641.0  -0.00032

  642.0  -0.00031

  643.0  -0.00027

  644.0  -0.00022

  645.0  -0.00020

  646.0  -0.00019

  647.0  -0.00020

  648.0  -0.00014

  649.0  -0.00015

  650.0  -0.00007

  651.0  -0.00009

  652.0  -0.00005

  653.0  -0.00002

  654.0  -0.00003

  655.0   0.00002

  656.0   0.00005

  657.0   0.00009

  658.0   0.00014

  659.0   0.00016

  660.0   0.00017

  661.0   0.00016

  662.0   0.00019

  663.0   0.00017

  664.0   0.00019

  665.0   0.00019

  666.0   0.00023

  667.0   0.00033

  668.0   0.00031

  669.0   0.00030

  670.0   0.00026

  671.0   0.00025

  672.0   0.00025

  673.0   0.00026

  674.0   0.00025

  675.0   0.00018

  676.0   0.00014

  677.0   0.00014

  678.0   0.00014

  679.0   0.00014

  680.0   0.00014

  681.0   0.00014

  682.0   0.00009

  683.0   0.00007

  684.0   0.00004

  685.0   0.00002

  686.0  -0.00002

  687.0   0.00002

  688.0  -0.00004

  689.0  -0.00007

  690.0  -0.00006

  691.0  -0.00002

  692.0  -0.00006

  693.0  -0.00006

  694.0  -0.00006

  695.0  -0.00008

  696.0  -0.00008

  697.0  -0.00006

  698.0  -0.00004

  699.0  -0.00004

  700.0  -0.00006

  701.0  -0.00006

  702.0  -0.00004

  703.0  -0.00006

  704.0  -0.00004

  705.0  -0.00006

  706.0  -0.00006

  707.0  -0.00002

  708.0  -0.00006

  709.0  -0.00004

  710.0  -0.00008

  711.0  -0.00004

  712.0   0.00004

  713.0   0.00002

  714.0   0.00011

  715.0   0.00006

  716.0   0.00013

  717.0   0.00015

  718.0   0.00013

  719.0   0.00015

  720.0   0.00022

  721.0   0.00025

  722.0   0.00025

  723.0   0.00041

  724.0   0.00050

  725.0   0.00051

  726.0   0.00056

  727.0   0.00054

  728.0   0.00054

  729.0   0.00057

  730.0   0.00063

  731.0   0.00068

  732.0   0.00068

  733.0   0.00066

  734.0   0.00064

  735.0   0.00070

  736.0   0.00095

  737.0   0.00097

  738.0   0.00091

  739.0   0.00088

  740.0   0.00085

  741.0   0.00085

  742.0   0.00082

  743.0   0.00082

  744.0   0.00079

  745.0   0.00070

  746.0   0.00068

  747.0   0.00070

  748.0   0.00065

  749.0   0.00062

  750.0   0.00059

  751.0   0.00059

  752.0   0.00056

  753.0   0.00059

  754.0   0.00053

  755.0   0.00045

  756.0   0.00045

  757.0   0.00037

  758.0   0.00037

  759.0   0.00042

  760.0   0.00040

  761.0   0.00031

  762.0   0.00034

  763.0   0.00025

  764.0   0.00025

  765.0   0.00023

  766.0   0.00014

  767.0   0.00017

  768.0   0.00014

  769.0   0.00014

  770.0   0.00017

  771.0   0.00020

  772.0   0.00011

  773.0   0.00009

  774.0   0.00006

  775.0   0.00006

  776.0  -0.00003

  777.0  -0.00006

  778.0  -0.00014

  779.0  -0.00026

  780.0  -0.00023

  781.0  -0.00026

  782.0  -0.00032

  783.0  -0.00035

  784.0  -0.00026

  785.0  -0.00020

  786.0  -0.00026

  787.0  -0.00032

  788.0  -0.00026

  789.0  -0.00029

  790.0  -0.00021

  791.0  -0.00033

  792.0  -0.00039

  793.0  -0.00036

  794.0  -0.00036

  795.0  -0.00033

  796.0  -0.00042

  797.0  -0.00048

  798.0  -0.00048

  799.0  -0.00045

  800.0  -0.00048

 
