ser ID: DU600

Method ID: A:\DEFAULT

Date: 07/31/00

Time: 12:22

 200.0   1.51279

  201.0   1.51903

  202.0   1.49538

  203.0   1.46758

  204.0   1.45417

  205.0   1.40902

  206.0   1.38544

  207.0   1.31953

  208.0   1.28179

  209.0   1.25515

  210.0   1.21914

  211.0   1.19587

  212.0   1.16305

  213.0   1.13672

  214.0   1.12434

  215.0   1.10920

  216.0   1.07858

  217.0   1.04862

  218.0   1.02843

  219.0   1.00122

  220.0   0.97409

  221.0   0.94089

  222.0   0.90780

  223.0   0.87967

  224.0   0.84836

  225.0   0.81434

  226.0   0.77999

  227.0   0.75398

  228.0   0.72923

  229.0   0.70380

  230.0   0.67894

  231.0   0.66025

  232.0   0.64354

  233.0   0.62883

  234.0   0.61233

  235.0   0.59966

  236.0   0.58793

  237.0   0.57631

  238.0   0.56252

  239.0   0.54971

  240.0   0.53622

  241.0   0.52353

  242.0   0.50963

  243.0   0.49344

  244.0   0.47821

  245.0   0.46386

  246.0   0.44915

  247.0   0.43196

  248.0   0.41547

  249.0   0.39962

  250.0   0.38575

  251.0   0.37198

  252.0   0.36029

  253.0   0.35101

  254.0   0.34315

  255.0   0.33555

  256.0   0.32880

  257.0   0.32230

  258.0   0.31723

  259.0   0.31178

  260.0   0.30660

  261.0   0.29862

  262.0   0.29043

  263.0   0.28265

  264.0   0.27391

  265.0   0.26440

  266.0   0.25400

  267.0   0.24516

  268.0   0.23584

  269.0   0.22553

  270.0   0.21402

  271.0   0.20275

  272.0   0.19222

  273.0   0.18159

  274.0   0.16933

  275.0   0.15746

  276.0   0.14739

  277.0   0.13755

  278.0   0.12826

  279.0   0.11979

  280.0   0.11269

  281.0   0.10525

  282.0   0.10015

  283.0   0.09532

  284.0   0.09012

  285.0   0.08589

  286.0   0.08183

  287.0   0.07809

  288.0   0.07531

  289.0   0.07268

  290.0   0.07119

  291.0   0.06884

  292.0   0.06772

  293.0   0.06560

  294.0   0.06468

  295.0   0.06333

  296.0   0.06201

  297.0   0.06126

  298.0   0.06027

  299.0   0.05990

  300.0   0.06009

  301.0   0.05952

  302.0   0.05883

  303.0   0.05877

  304.0   0.05918

  305.0   0.05878

  306.0   0.05801

  307.0   0.05846

  308.0   0.05826

  309.0   0.05842

  310.0   0.05885

  311.0   0.05781

  312.0   0.05784

  313.0   0.05748

  314.0   0.05786

  315.0   0.05690

  316.0   0.05587

  317.0   0.05486

  318.0   0.05472

  319.0   0.05462

  320.0   0.05422

  321.0   0.05355

  322.0   0.05336

  323.0   0.05311

  324.0   0.05262

  325.0   0.05159

  326.0   0.05091

  327.0   0.05141

  328.0   0.04994

  329.0   0.04957

  330.0   0.04913

  331.0   0.04900

  332.0   0.04887

  333.0   0.04769

  334.0   0.04649

  335.0   0.04644

  336.0   0.04491

  337.0   0.04409

  338.0   0.04360

  339.0   0.04301

  340.0   0.04279

  341.0   0.04321

  342.0   0.04258

  343.0   0.04279

  344.0   0.04258

  345.0   0.04205

  346.0   0.04185

  347.0   0.04152

  348.0   0.04207

  349.0   0.04200

  350.0   0.04230

  351.0   0.04191

  352.0   0.04170

  353.0   0.04103

  354.0   0.04192

  355.0   0.04135

  356.0   0.04136

  357.0   0.04097

  358.0   0.04079

  359.0   0.04037

  360.0   0.04044

  361.0   0.03990

  362.0   0.04019

  363.0   0.04034

  364.0   0.04009

  365.0   0.03927

  366.0   0.03946

  367.0   0.03829

  368.0   0.03802

  369.0   0.03753

  370.0   0.03708

  371.0   0.03660

  372.0   0.03661

  373.0   0.03641

  374.0   0.03551

  375.0   0.03521

  376.0   0.03444

  377.0   0.03451

  378.0   0.03377

  379.0   0.03325

  380.0   0.03277

  381.0   0.03258

  382.0   0.03252

  383.0   0.03208

  384.0   0.03137

  385.0   0.03115

  386.0   0.03092

  387.0   0.03106

  388.0   0.03042

  389.0   0.03019

  390.0   0.03040

  391.0   0.03021

  392.0   0.03018

  393.0   0.02982

  394.0   0.02921

  395.0   0.02948

  396.0   0.02929

  397.0   0.02915

  398.0   0.02890

  399.0   0.02874

  400.0   0.02842

  401.0   0.02826

  402.0   0.02788

  403.0   0.02742

  404.0   0.02711

  405.0   0.02692

  406.0   0.02642

  407.0   0.02558

  408.0   0.02539

  409.0   0.02517

  410.0   0.02455

  411.0   0.02393

  412.0   0.02323

  413.0   0.02257

  414.0   0.02204

  415.0   0.02188

  416.0   0.02076

  417.0   0.01997

  418.0   0.01928

  419.0   0.01848

  420.0   0.01793

  421.0   0.01725

  422.0   0.01641

  423.0   0.01586

  424.0   0.01494

  425.0   0.01431

  426.0   0.01366

  427.0   0.01321

  428.0   0.01245

  429.0   0.01201

  430.0   0.01161

  431.0   0.01108

  432.0   0.01072

  433.0   0.01010

  434.0   0.00976

  435.0   0.00954

  436.0   0.00926

  437.0   0.00896

  438.0   0.00866

  439.0   0.00850

  440.0   0.00818

  441.0   0.00784

  442.0   0.00761

  443.0   0.00730

  444.0   0.00724

  445.0   0.00699

  446.0   0.00680

  447.0   0.00666

  448.0   0.00645

  449.0   0.00637

  450.0   0.00617

  451.0   0.00597

  452.0   0.00583

  453.0   0.00557

  454.0   0.00548

  455.0   0.00536

  456.0   0.00520

  457.0   0.00500

  458.0   0.00493

  459.0   0.00470

  460.0   0.00471

  461.0   0.00456

  462.0   0.00432

  463.0   0.00424

  464.0   0.00410

  465.0   0.00397

  466.0   0.00371

  467.0   0.00345

  468.0   0.00334

  469.0   0.00319

  470.0   0.00310

  471.0   0.00289

  472.0   0.00268

  473.0   0.00255

  474.0   0.00235

  475.0   0.00232

  476.0   0.00209

  477.0   0.00204

  478.0   0.00188

  479.0   0.00181

  480.0   0.00164

  481.0   0.00148

  482.0   0.00130

  483.0   0.00120

  484.0   0.00111

  485.0   0.00098

  486.0   0.00084

  487.0   0.00074

  488.0   0.00050

  489.0   0.00040

  490.0   0.00024

  491.0   0.00015

  492.0   0.00004

  493.0  -0.00006

  494.0  -0.00008

  495.0  -0.00017

  496.0  -0.00025

  497.0  -0.00037

  498.0  -0.00047

  499.0  -0.00051

  500.0  -0.00050

  501.0  -0.00052

  502.0  -0.00063

  503.0  -0.00069

  504.0  -0.00078

  505.0  -0.00081

  506.0  -0.00091

  507.0  -0.00092

  508.0  -0.00092

  509.0  -0.00097

  510.0  -0.00102

  511.0  -0.00107

  512.0  -0.00110

  513.0  -0.00115

  514.0  -0.00121

  515.0  -0.00122

  516.0  -0.00127

  517.0  -0.00132

  518.0  -0.00136

  519.0  -0.00143

  520.0  -0.00150

  521.0  -0.00155

  522.0  -0.00167

  523.0  -0.00175

  524.0  -0.00182

  525.0  -0.00196

  526.0  -0.00200

  527.0  -0.00205

  528.0  -0.00207

  529.0  -0.00217

  530.0  -0.00221

  531.0  -0.00226

  532.0  -0.00227

  533.0  -0.00238

  534.0  -0.00233

  535.0  -0.00245

  536.0  -0.00251

  537.0  -0.00252

  538.0  -0.00253

  539.0  -0.00254

  540.0  -0.00253

  541.0  -0.00252

  542.0  -0.00245

  543.0  -0.00249

  544.0  -0.00250

  545.0  -0.00248

  546.0  -0.00246

  547.0  -0.00250

  548.0  -0.00254

  549.0  -0.00256

  550.0  -0.00255

  551.0  -0.00258

  552.0  -0.00263

  553.0  -0.00254

  554.0  -0.00250

  555.0  -0.00248

  556.0  -0.00238

  557.0  -0.00270

  558.0  -0.00272

  559.0  -0.00267

  560.0  -0.00261

  561.0  -0.00253

  562.0  -0.00252

  563.0  -0.00257

  564.0  -0.00251

  565.0  -0.00247

  566.0  -0.00247

  567.0  -0.00250

  568.0  -0.00246

  569.0  -0.00249

  570.0  -0.00245

  571.0  -0.00245

  572.0  -0.00237

  573.0  -0.00236

  574.0  -0.00232

  575.0  -0.00226

  576.0  -0.00221

  577.0  -0.00221

  578.0  -0.00222

  579.0  -0.00221

  580.0  -0.00215

  581.0  -0.00212

  582.0  -0.00205

  583.0  -0.00196

  584.0  -0.00195

  585.0  -0.00188

  586.0  -0.00181

  587.0  -0.00180

  588.0  -0.00175

  589.0  -0.00171

  590.0  -0.00168

  591.0  -0.00165

  592.0  -0.00161

  593.0  -0.00162

  594.0  -0.00155

  595.0  -0.00153

  596.0  -0.00148

  597.0  -0.00152

  598.0  -0.00151

  599.0  -0.00152

  600.0  -0.00153

  601.0  -0.00153

  602.0  -0.00152

  603.0  -0.00150

  604.0  -0.00146

  605.0  -0.00145

  606.0  -0.00145

  607.0  -0.00141

  608.0  -0.00140

  609.0  -0.00138

  610.0  -0.00134

  611.0  -0.00134

  612.0  -0.00126

  613.0  -0.00133

  614.0  -0.00131

  615.0  -0.00127

  616.0  -0.00127

  617.0  -0.00133

  618.0  -0.00133

  619.0  -0.00135

  620.0  -0.00138

  621.0  -0.00139

  622.0  -0.00143

  623.0  -0.00142

  624.0  -0.00140

  625.0  -0.00138

  626.0  -0.00140

  627.0  -0.00134

  628.0  -0.00136

  629.0  -0.00136

  630.0  -0.00132

  631.0  -0.00132

  632.0  -0.00132

  633.0  -0.00130

  634.0  -0.00130

  635.0  -0.00126

  636.0  -0.00126

  637.0  -0.00121

  638.0  -0.00121

  639.0  -0.00123

  640.0  -0.00124

  641.0  -0.00118

  642.0  -0.00116

  643.0  -0.00111

  644.0  -0.00109

  645.0  -0.00104

  646.0  -0.00101

  647.0  -0.00104

  648.0  -0.00101

  649.0  -0.00106

  650.0  -0.00099

  651.0  -0.00102

  652.0  -0.00104

  653.0  -0.00103

  654.0  -0.00103

  655.0  -0.00103

  656.0  -0.00105

  657.0  -0.00100

  658.0  -0.00095

  659.0  -0.00095

  660.0  -0.00093

  661.0  -0.00093

  662.0  -0.00092

  663.0  -0.00088

  664.0  -0.00088

  665.0  -0.00088

  666.0  -0.00083

  667.0  -0.00077

  668.0  -0.00080

  669.0  -0.00079

  670.0  -0.00079

  671.0  -0.00081

  672.0  -0.00084

  673.0  -0.00085

  674.0  -0.00088

  675.0  -0.00092

  676.0  -0.00092

  677.0  -0.00089

  678.0  -0.00091

  679.0  -0.00095

  680.0  -0.00099

  681.0  -0.00106

  682.0  -0.00112

  683.0  -0.00118

  684.0  -0.00120

  685.0  -0.00121

  686.0  -0.00121

  687.0  -0.00114

  688.0  -0.00117

  689.0  -0.00117

  690.0  -0.00118

  691.0  -0.00116

  692.0  -0.00119

  693.0  -0.00123

  694.0  -0.00122

  695.0  -0.00120

  696.0  -0.00127

  697.0  -0.00125

  698.0  -0.00124

  699.0  -0.00128

  700.0  -0.00127

  701.0  -0.00134

  702.0  -0.00134

  703.0  -0.00133

  704.0  -0.00132

  705.0  -0.00133

  706.0  -0.00137

  707.0  -0.00134

  708.0  -0.00143

  709.0  -0.00138

  710.0  -0.00143

  711.0  -0.00140

  712.0  -0.00134

  713.0  -0.00137

  714.0  -0.00132

  715.0  -0.00135

  716.0  -0.00133

  717.0  -0.00132

  718.0  -0.00131

  719.0  -0.00130

  720.0  -0.00131

  721.0  -0.00129

  722.0  -0.00128

  723.0  -0.00129

  724.0  -0.00124

  725.0  -0.00122

  726.0  -0.00114

  727.0  -0.00117

  728.0  -0.00116

  729.0  -0.00114

  730.0  -0.00113

  731.0  -0.00106

  732.0  -0.00105

  733.0  -0.00101

  734.0  -0.00099

  735.0  -0.00099

  736.0  -0.00106

  737.0  -0.00106

  738.0  -0.00105

  739.0  -0.00105

  740.0  -0.00105

  741.0  -0.00107

  742.0  -0.00099

  743.0  -0.00104

  744.0  -0.00107

  745.0  -0.00115

  746.0  -0.00112

  747.0  -0.00109

  748.0  -0.00112

  749.0  -0.00121

  750.0  -0.00121

  751.0  -0.00121

  752.0  -0.00118

  753.0  -0.00112

  754.0  -0.00115

  755.0  -0.00112

  756.0  -0.00115

  757.0  -0.00121

  758.0  -0.00121

  759.0  -0.00121

  760.0  -0.00127

  761.0  -0.00130

  762.0  -0.00124

  763.0  -0.00136

  764.0  -0.00139

  765.0  -0.00141

  766.0  -0.00142

  767.0  -0.00139

  768.0  -0.00131

  769.0  -0.00137

  770.0  -0.00137

  771.0  -0.00131

  772.0  -0.00140

  773.0  -0.00137

  774.0  -0.00140

  775.0  -0.00143

  776.0  -0.00149

  777.0  -0.00153

  778.0  -0.00159

  779.0  -0.00162

  780.0  -0.00156

  781.0  -0.00154

  782.0  -0.00163

  783.0  -0.00163

  784.0  -0.00157

  785.0  -0.00158

  786.0  -0.00161

  787.0  -0.00161

  788.0  -0.00170

  789.0  -0.00171

  790.0  -0.00162

  791.0  -0.00169

  792.0  -0.00172

  793.0  -0.00172

  794.0  -0.00167

  795.0  -0.00167

  796.0  -0.00170

  797.0  -0.00176

  798.0  -0.00174

  799.0  -0.00177

  800.0  -0.00186

 
