ser ID: DU600

Method ID: A:\DEFAULT

Date: 07/31/00

Time: 08:33

 200.0   1.58804

  201.0   1.57339

  202.0   1.54196

  203.0   1.52110

  204.0   1.51295

  205.0   1.44190

  206.0   1.41400

  207.0   1.36913

  208.0   1.31175

  209.0   1.26667

  210.0   1.22704

  211.0   1.20646

  212.0   1.17077

  213.0   1.14911

  214.0   1.11688

  215.0   1.09440

  216.0   1.07140

  217.0   1.04955

  218.0   1.02505

  219.0   1.01051

  220.0   0.99399

  221.0   0.97658

  222.0   0.96556

  223.0   0.95471

  224.0   0.94150

  225.0   0.93233

  226.0   0.92237

  227.0   0.91316

  228.0   0.90828

  229.0   0.90337

  230.0   0.90166

  231.0   0.89616

  232.0   0.89393

  233.0   0.88763

  234.0   0.87766

  235.0   0.86657

  236.0   0.85191

  237.0   0.83520

  238.0   0.80966

  239.0   0.77791

  240.0   0.74222

  241.0   0.70266

  242.0   0.66141

  243.0   0.61669

  244.0   0.57995

  245.0   0.54674

  246.0   0.51692

  247.0   0.48874

  248.0   0.46615

  249.0   0.44496

  250.0   0.42522

  251.0   0.40673

  252.0   0.39025

  253.0   0.37562

  254.0   0.36264

  255.0   0.34873

  256.0   0.33605

  257.0   0.32399

  258.0   0.31222

  259.0   0.30027

  260.0   0.28992

  261.0   0.27913

  262.0   0.26828

  263.0   0.25945

  264.0   0.25197

  265.0   0.24360

  266.0   0.23547

  267.0   0.22908

  268.0   0.22267

  269.0   0.21650

  270.0   0.21011

  271.0   0.20397

  272.0   0.19848

  273.0   0.19353

  274.0   0.18697

  275.0   0.18093

  276.0   0.17420

  277.0   0.16803

  278.0   0.16019

  279.0   0.15470

  280.0   0.14784

  281.0   0.14045

  282.0   0.13507

  283.0   0.12881

  284.0   0.12258

  285.0   0.11544

  286.0   0.10869

  287.0   0.10280

  288.0   0.09700

  289.0   0.09267

  290.0   0.08753

  291.0   0.08357

  292.0   0.07950

  293.0   0.07535

  294.0   0.07228

  295.0   0.06820

  296.0   0.06427

  297.0   0.06176

  298.0   0.05902

  299.0   0.05640

  300.0   0.05416

  301.0   0.05183

  302.0   0.04971

  303.0   0.04793

  304.0   0.04703

  305.0   0.04470

  306.0   0.04298

  307.0   0.04295

  308.0   0.04119

  309.0   0.04018

  310.0   0.03967

  311.0   0.03779

  312.0   0.03724

  313.0   0.03631

  314.0   0.03648

  315.0   0.03579

  316.0   0.03549

  317.0   0.03518

  318.0   0.03525

  319.0   0.03534

  320.0   0.03592

  321.0   0.03594

  322.0   0.03766

  323.0   0.03758

  324.0   0.03864

  325.0   0.03896

  326.0   0.03889

  327.0   0.04065

  328.0   0.04157

  329.0   0.04336

  330.0   0.04478

  331.0   0.04618

  332.0   0.04789

  333.0   0.04899

  334.0   0.04971

  335.0   0.05082

  336.0   0.05183

  337.0   0.05416

  338.0   0.05626

  339.0   0.05793

  340.0   0.05932

  341.0   0.06092

  342.0   0.06208

  343.0   0.06391

  344.0   0.06538

  345.0   0.06602

  346.0   0.06772

  347.0   0.06875

  348.0   0.07072

  349.0   0.07114

  350.0   0.07234

  351.0   0.07246

  352.0   0.07306

  353.0   0.07340

  354.0   0.07380

  355.0   0.07356

  356.0   0.07376

  357.0   0.07434

  358.0   0.07395

  359.0   0.07319

  360.0   0.07250

  361.0   0.07149

  362.0   0.07097

  363.0   0.06999

  364.0   0.06932

  365.0   0.06795

  366.0   0.06686

  367.0   0.06489

  368.0   0.06283

  369.0   0.06183

  370.0   0.06043

  371.0   0.05931

  372.0   0.05778

  373.0   0.05656

  374.0   0.05494

  375.0   0.05377

  376.0   0.05175

  377.0   0.05069

  378.0   0.04955

  379.0   0.04810

  380.0   0.04690

  381.0   0.04548

  382.0   0.04478

  383.0   0.04390

  384.0   0.04249

  385.0   0.04114

  386.0   0.03997

  387.0   0.03948

  388.0   0.03857

  389.0   0.03744

  390.0   0.03674

  391.0   0.03601

  392.0   0.03494

  393.0   0.03409

  394.0   0.03326

  395.0   0.03299

  396.0   0.03232

  397.0   0.03159

  398.0   0.03094

  399.0   0.03020

  400.0   0.02968

  401.0   0.02914

  402.0   0.02885

  403.0   0.02834

  404.0   0.02769

  405.0   0.02723

  406.0   0.02652

  407.0   0.02590

  408.0   0.02554

  409.0   0.02520

  410.0   0.02466

  411.0   0.02430

  412.0   0.02356

  413.0   0.02298

  414.0   0.02255

  415.0   0.02220

  416.0   0.02167

  417.0   0.02094

  418.0   0.02040

  419.0   0.01991

  420.0   0.01957

  421.0   0.01893

  422.0   0.01843

  423.0   0.01790

  424.0   0.01729

  425.0   0.01668

  426.0   0.01611

  427.0   0.01567

  428.0   0.01518

  429.0   0.01487

  430.0   0.01434

  431.0   0.01380

  432.0   0.01331

  433.0   0.01275

  434.0   0.01247

  435.0   0.01213

  436.0   0.01178

  437.0   0.01143

  438.0   0.01098

  439.0   0.01066

  440.0   0.01035

  441.0   0.01003

  442.0   0.00970

  443.0   0.00950

  444.0   0.00922

  445.0   0.00884

  446.0   0.00868

  447.0   0.00829

  448.0   0.00810

  449.0   0.00782

  450.0   0.00765

  451.0   0.00731

  452.0   0.00711

  453.0   0.00675

  454.0   0.00657

  455.0   0.00644

  456.0   0.00615

  457.0   0.00599

  458.0   0.00579

  459.0   0.00555

  460.0   0.00551

  461.0   0.00523

  462.0   0.00503

  463.0   0.00486

  464.0   0.00472

  465.0   0.00446

  466.0   0.00416

  467.0   0.00397

  468.0   0.00373

  469.0   0.00357

  470.0   0.00347

  471.0   0.00325

  472.0   0.00306

  473.0   0.00292

  474.0   0.00271

  475.0   0.00259

  476.0   0.00234

  477.0   0.00220

  478.0   0.00207

  479.0   0.00194

  480.0   0.00169

  481.0   0.00156

  482.0   0.00135

  483.0   0.00128

  484.0   0.00116

  485.0   0.00105

  486.0   0.00091

  487.0   0.00076

  488.0   0.00055

  489.0   0.00045

  490.0   0.00031

  491.0   0.00024

  492.0   0.00011

  493.0   0.00004

  494.0   0.00002

  495.0  -0.00006

  496.0  -0.00010

  497.0  -0.00023

  498.0  -0.00033

  499.0  -0.00041

  500.0  -0.00038

  501.0  -0.00042

  502.0  -0.00050

  503.0  -0.00053

  504.0  -0.00059

  505.0  -0.00060

  506.0  -0.00064

  507.0  -0.00067

  508.0  -0.00067

  509.0  -0.00076

  510.0  -0.00083

  511.0  -0.00086

  512.0  -0.00092

  513.0  -0.00099

  514.0  -0.00108

  515.0  -0.00109

  516.0  -0.00114

  517.0  -0.00129

  518.0  -0.00130

  519.0  -0.00139

  520.0  -0.00139

  521.0  -0.00148

  522.0  -0.00160

  523.0  -0.00164

  524.0  -0.00173

  525.0  -0.00182

  526.0  -0.00184

  527.0  -0.00185

  528.0  -0.00189

  529.0  -0.00195

  530.0  -0.00201

  531.0  -0.00204

  532.0  -0.00205

  533.0  -0.00211

  534.0  -0.00211

  535.0  -0.00221

  536.0  -0.00224

  537.0  -0.00230

  538.0  -0.00233

  539.0  -0.00230

  540.0  -0.00231

  541.0  -0.00226

  542.0  -0.00221

  543.0  -0.00221

  544.0  -0.00223

  545.0  -0.00223

  546.0  -0.00218

  547.0  -0.00220

  548.0  -0.00216

  549.0  -0.00218

  550.0  -0.00227

  551.0  -0.00228

  552.0  -0.00228

  553.0  -0.00227

  554.0  -0.00224

  555.0  -0.00226

  556.0  -0.00222

  557.0  -0.00229

  558.0  -0.00233

  559.0  -0.00232

  560.0  -0.00227

  561.0  -0.00224

  562.0  -0.00218

  563.0  -0.00221

  564.0  -0.00219

  565.0  -0.00213

  566.0  -0.00219

  567.0  -0.00224

  568.0  -0.00218

  569.0  -0.00218

  570.0  -0.00215

  571.0  -0.00215

  572.0  -0.00210

  573.0  -0.00210

  574.0  -0.00207

  575.0  -0.00203

  576.0  -0.00194

  577.0  -0.00190

  578.0  -0.00187

  579.0  -0.00182

  580.0  -0.00173

  581.0  -0.00170

  582.0  -0.00159

  583.0  -0.00150

  584.0  -0.00149

  585.0  -0.00149

  586.0  -0.00148

  587.0  -0.00147

  588.0  -0.00144

  589.0  -0.00140

  590.0  -0.00135

  591.0  -0.00133

  592.0  -0.00134

  593.0  -0.00133

  594.0  -0.00131

  595.0  -0.00126

  596.0  -0.00126

  597.0  -0.00131

  598.0  -0.00132

  599.0  -0.00134

  600.0  -0.00135

  601.0  -0.00134

  602.0  -0.00134

  603.0  -0.00132

  604.0  -0.00129

  605.0  -0.00131

  606.0  -0.00130

  607.0  -0.00128

  608.0  -0.00126

  609.0  -0.00124

  610.0  -0.00121

  611.0  -0.00121

  612.0  -0.00116

  613.0  -0.00117

  614.0  -0.00118

  615.0  -0.00116

  616.0  -0.00116

  617.0  -0.00121

  618.0  -0.00121

  619.0  -0.00121

  620.0  -0.00120

  621.0  -0.00118

  622.0  -0.00120

  623.0  -0.00121

  624.0  -0.00123

  625.0  -0.00123

  626.0  -0.00123

  627.0  -0.00122

  628.0  -0.00121

  629.0  -0.00120

  630.0  -0.00115

  631.0  -0.00110

  632.0  -0.00108

  633.0  -0.00106

  634.0  -0.00103

  635.0  -0.00103

  636.0  -0.00099

  637.0  -0.00092

  638.0  -0.00089

  639.0  -0.00089

  640.0  -0.00092

  641.0  -0.00090

  642.0  -0.00089

  643.0  -0.00089

  644.0  -0.00085

  645.0  -0.00087

  646.0  -0.00084

  647.0  -0.00087

  648.0  -0.00080

  649.0  -0.00084

  650.0  -0.00080

  651.0  -0.00080

  652.0  -0.00080

  653.0  -0.00077

  654.0  -0.00077

  655.0  -0.00072

  656.0  -0.00069

  657.0  -0.00067

  658.0  -0.00062

  659.0  -0.00060

  660.0  -0.00059

  661.0  -0.00059

  662.0  -0.00052

  663.0  -0.00052

  664.0  -0.00057

  665.0  -0.00049

  666.0  -0.00047

  667.0  -0.00040

  668.0  -0.00038

  669.0  -0.00038

  670.0  -0.00039

  671.0  -0.00037

  672.0  -0.00039

  673.0  -0.00039

  674.0  -0.00039

  675.0  -0.00042

  676.0  -0.00039

  677.0  -0.00030

  678.0  -0.00029

  679.0  -0.00030

  680.0  -0.00034

  681.0  -0.00036

  682.0  -0.00042

  683.0  -0.00045

  684.0  -0.00049

  685.0  -0.00049

  686.0  -0.00051

  687.0  -0.00044

  688.0  -0.00046

  689.0  -0.00050

  690.0  -0.00047

  691.0  -0.00041

  692.0  -0.00038

  693.0  -0.00036

  694.0  -0.00032

  695.0  -0.00038

  696.0  -0.00040

  697.0  -0.00041

  698.0  -0.00039

  699.0  -0.00037

  700.0  -0.00035

  701.0  -0.00035

  702.0  -0.00038

  703.0  -0.00036

  704.0  -0.00032

  705.0  -0.00032

  706.0  -0.00036

  707.0  -0.00039

  708.0  -0.00041

  709.0  -0.00035

  710.0  -0.00037

  711.0  -0.00031

  712.0  -0.00025

  713.0  -0.00025

  714.0  -0.00019

  715.0  -0.00017

  716.0  -0.00019

  717.0  -0.00015

  718.0  -0.00017

  719.0  -0.00015

  720.0  -0.00011

  721.0  -0.00007

  722.0  -0.00007

  723.0  -0.00007

  724.0  -0.00005

  725.0  -0.00002

  726.0   0.00002

  727.0   0.00005

  728.0  -0.00000

  729.0  -0.00000

  730.0   0.00002

  731.0   0.00007

  732.0   0.00007

  733.0   0.00010

  734.0   0.00017

  735.0   0.00015

  736.0   0.00034

  737.0   0.00029

  738.0   0.00029

  739.0   0.00028

  740.0   0.00028

  741.0   0.00020

  742.0   0.00025

  743.0   0.00017

  744.0   0.00020

  745.0   0.00020

  746.0   0.00017

  747.0   0.00014

  748.0   0.00008

  749.0   0.00006

  750.0  -0.00003

  751.0  -0.00000

  752.0  -0.00000

  753.0  -0.00006

  754.0  -0.00008

  755.0  -0.00011

  756.0  -0.00017

  757.0  -0.00028

  758.0  -0.00025

  759.0  -0.00025

  760.0  -0.00028

  761.0  -0.00031

  762.0  -0.00028

  763.0  -0.00042

  764.0  -0.00034

  765.0  -0.00037

  766.0  -0.00045

  767.0  -0.00040

  768.0  -0.00043

  769.0  -0.00046

  770.0  -0.00043

  771.0  -0.00046

  772.0  -0.00051

  773.0  -0.00054

  774.0  -0.00055

  775.0  -0.00057

  776.0  -0.00066

  777.0  -0.00069

  778.0  -0.00072

  779.0  -0.00078

  780.0  -0.00075

  781.0  -0.00078

  782.0  -0.00076

  783.0  -0.00082

  784.0  -0.00079

  785.0  -0.00073

  786.0  -0.00073

  787.0  -0.00076

  788.0  -0.00079

  789.0  -0.00080

  790.0  -0.00074

  791.0  -0.00086

  792.0  -0.00092

  793.0  -0.00095

  794.0  -0.00095

  795.0  -0.00090

  796.0  -0.00102

  797.0  -0.00108

  798.0  -0.00111

  799.0  -0.00105

  800.0  -0.00114

 
