ser ID: DU600

Method ID: A:\DEFAULT

Date: 07/31/00

Time: 08:35

 200.0   1.57646

  201.0   1.52763

  202.0   1.59413

  203.0   1.52110

  204.0   1.47673

  205.0   1.43225

  206.0   1.40980

  207.0   1.36218

  208.0   1.32901

  209.0   1.27850

  210.0   1.24327

  211.0   1.20825

  212.0   1.17077

  213.0   1.13944

  214.0   1.11197

  215.0   1.09777

  216.0   1.07446

  217.0   1.05233

  218.0   1.03097

  219.0   1.01208

  220.0   0.99545

  221.0   0.97862

  222.0   0.95986

  223.0   0.94873

  224.0   0.93868

  225.0   0.92750

  226.0   0.92084

  227.0   0.91218

  228.0   0.90594

  229.0   0.90067

  230.0   0.89342

  231.0   0.89112

  232.0   0.88698

  233.0   0.88091

  234.0   0.87613

  235.0   0.86510

  236.0   0.84979

  237.0   0.83117

  238.0   0.80556

  239.0   0.77237

  240.0   0.73686

  241.0   0.69824

  242.0   0.65827

  243.0   0.61588

  244.0   0.57976

  245.0   0.54639

  246.0   0.51692

  247.0   0.48874

  248.0   0.46406

  249.0   0.44439

  250.0   0.42453

  251.0   0.40673

  252.0   0.39012

  253.0   0.37588

  254.0   0.36277

  255.0   0.34848

  256.0   0.33581

  257.0   0.32411

  258.0   0.31198

  259.0   0.30050

  260.0   0.29015

  261.0   0.28005

  262.0   0.26919

  263.0   0.26001

  264.0   0.25219

  265.0   0.24315

  266.0   0.23491

  267.0   0.22864

  268.0   0.22256

  269.0   0.21594

  270.0   0.21055

  271.0   0.20419

  272.0   0.19826

  273.0   0.19331

  274.0   0.18610

  275.0   0.17953

  276.0   0.17377

  277.0   0.16676

  278.0   0.16008

  279.0   0.15418

  280.0   0.14714

  281.0   0.14015

  282.0   0.13418

  283.0   0.12687

  284.0   0.12162

  285.0   0.11459

  286.0   0.10869

  287.0   0.10234

  288.0   0.09682

  289.0   0.09240

  290.0   0.08726

  291.0   0.08304

  292.0   0.07889

  293.0   0.07526

  294.0   0.07160

  295.0   0.06828

  296.0   0.06435

  297.0   0.06185

  298.0   0.05894

  299.0   0.05632

  300.0   0.05416

  301.0   0.05167

  302.0   0.04987

  303.0   0.04843

  304.0   0.04753

  305.0   0.04536

  306.0   0.04348

  307.0   0.04295

  308.0   0.04008

  309.0   0.03958

  310.0   0.03941

  311.0   0.03814

  312.0   0.03787

  313.0   0.03749

  314.0   0.03684

  315.0   0.03625

  316.0   0.03511

  317.0   0.03509

  318.0   0.03535

  319.0   0.03544

  320.0   0.03622

  321.0   0.03655

  322.0   0.03734

  323.0   0.03705

  324.0   0.03864

  325.0   0.03874

  326.0   0.03932

  327.0   0.04033

  328.0   0.04157

  329.0   0.04304

  330.0   0.04457

  331.0   0.04596

  332.0   0.04746

  333.0   0.04845

  334.0   0.04982

  335.0   0.05114

  336.0   0.05183

  337.0   0.05373

  338.0   0.05519

  339.0   0.05707

  340.0   0.05836

  341.0   0.05996

  342.0   0.06166

  343.0   0.06327

  344.0   0.06528

  345.0   0.06560

  346.0   0.06698

  347.0   0.06802

  348.0   0.06925

  349.0   0.07009

  350.0   0.07128

  351.0   0.07162

  352.0   0.07338

  353.0   0.07319

  354.0   0.07326

  355.0   0.07259

  356.0   0.07290

  357.0   0.07311

  358.0   0.07242

  359.0   0.07212

  360.0   0.07177

  361.0   0.07097

  362.0   0.07067

  363.0   0.06960

  364.0   0.06847

  365.0   0.06721

  366.0   0.06604

  367.0   0.06340

  368.0   0.06248

  369.0   0.06166

  370.0   0.06010

  371.0   0.05852

  372.0   0.05694

  373.0   0.05597

  374.0   0.05437

  375.0   0.05295

  376.0   0.05122

  377.0   0.05030

  378.0   0.04924

  379.0   0.04768

  380.0   0.04643

  381.0   0.04519

  382.0   0.04423

  383.0   0.04315

  384.0   0.04203

  385.0   0.04094

  386.0   0.03973

  387.0   0.03910

  388.0   0.03816

  389.0   0.03712

  390.0   0.03630

  391.0   0.03563

  392.0   0.03482

  393.0   0.03442

  394.0   0.03310

  395.0   0.03283

  396.0   0.03204

  397.0   0.03120

  398.0   0.03067

  399.0   0.03005

  400.0   0.02976

  401.0   0.02929

  402.0   0.02870

  403.0   0.02816

  404.0   0.02738

  405.0   0.02689

  406.0   0.02629

  407.0   0.02581

  408.0   0.02573

  409.0   0.02496

  410.0   0.02463

  411.0   0.02407

  412.0   0.02334

  413.0   0.02260

  414.0   0.02239

  415.0   0.02207

  416.0   0.02122

  417.0   0.02085

  418.0   0.02023

  419.0   0.01958

  420.0   0.01916

  421.0   0.01877

  422.0   0.01811

  423.0   0.01775

  424.0   0.01707

  425.0   0.01653

  426.0   0.01604

  427.0   0.01546

  428.0   0.01491

  429.0   0.01467

  430.0   0.01415

  431.0   0.01368

  432.0   0.01325

  433.0   0.01281

  434.0   0.01247

  435.0   0.01207

  436.0   0.01167

  437.0   0.01133

  438.0   0.01082

  439.0   0.01066

  440.0   0.01030

  441.0   0.00993

  442.0   0.00955

  443.0   0.00931

  444.0   0.00908

  445.0   0.00875

  446.0   0.00854

  447.0   0.00842

  448.0   0.00814

  449.0   0.00778

  450.0   0.00761

  451.0   0.00718

  452.0   0.00694

  453.0   0.00658

  454.0   0.00644

  455.0   0.00623

  456.0   0.00598

  457.0   0.00582

  458.0   0.00562

  459.0   0.00543

  460.0   0.00531

  461.0   0.00516

  462.0   0.00503

  463.0   0.00486

  464.0   0.00464

  465.0   0.00450

  466.0   0.00419

  467.0   0.00400

  468.0   0.00369

  469.0   0.00361

  470.0   0.00351

  471.0   0.00332

  472.0   0.00313

  473.0   0.00298

  474.0   0.00275

  475.0   0.00265

  476.0   0.00246

  477.0   0.00240

  478.0   0.00218

  479.0   0.00208

  480.0   0.00187

  481.0   0.00163

  482.0   0.00150

  483.0   0.00133

  484.0   0.00128

  485.0   0.00114

  486.0   0.00103

  487.0   0.00092

  488.0   0.00068

  489.0   0.00058

  490.0   0.00047

  491.0   0.00033

  492.0   0.00024

  493.0   0.00015

  494.0   0.00013

  495.0   0.00011

  496.0   0.00006

  497.0  -0.00004

  498.0  -0.00010

  499.0  -0.00016

  500.0  -0.00014

  501.0  -0.00012

  502.0  -0.00024

  503.0  -0.00028

  504.0  -0.00035

  505.0  -0.00033

  506.0  -0.00037

  507.0  -0.00044

  508.0  -0.00046

  509.0  -0.00055

  510.0  -0.00062

  511.0  -0.00064

  512.0  -0.00071

  513.0  -0.00080

  514.0  -0.00084

  515.0  -0.00085

  516.0  -0.00094

  517.0  -0.00105

  518.0  -0.00106

  519.0  -0.00115

  520.0  -0.00122

  521.0  -0.00126

  522.0  -0.00138

  523.0  -0.00144

  524.0  -0.00151

  525.0  -0.00164

  526.0  -0.00164

  527.0  -0.00169

  528.0  -0.00171

  529.0  -0.00180

  530.0  -0.00181

  531.0  -0.00183

  532.0  -0.00181

  533.0  -0.00185

  534.0  -0.00188

  535.0  -0.00194

  536.0  -0.00198

  537.0  -0.00199

  538.0  -0.00198

  539.0  -0.00191

  540.0  -0.00188

  541.0  -0.00183

  542.0  -0.00179

  543.0  -0.00185

  544.0  -0.00185

  545.0  -0.00184

  546.0  -0.00184

  547.0  -0.00182

  548.0  -0.00182

  549.0  -0.00184

  550.0  -0.00187

  551.0  -0.00188

  552.0  -0.00189

  553.0  -0.00192

  554.0  -0.00194

  555.0  -0.00198

  556.0  -0.00193

  557.0  -0.00177

  558.0  -0.00182

  559.0  -0.00181

  560.0  -0.00176

  561.0  -0.00178

  562.0  -0.00174

  563.0  -0.00171

  564.0  -0.00170

  565.0  -0.00166

  566.0  -0.00170

  567.0  -0.00173

  568.0  -0.00167

  569.0  -0.00168

  570.0  -0.00167

  571.0  -0.00170

  572.0  -0.00160

  573.0  -0.00159

  574.0  -0.00152

  575.0  -0.00151

  576.0  -0.00142

  577.0  -0.00143

  578.0  -0.00140

  579.0  -0.00135

  580.0  -0.00132

  581.0  -0.00129

  582.0  -0.00123

  583.0  -0.00116

  584.0  -0.00111

  585.0  -0.00103

  586.0  -0.00101

  587.0  -0.00096

  588.0  -0.00094

  589.0  -0.00089

  590.0  -0.00081

  591.0  -0.00083

  592.0  -0.00082

  593.0  -0.00084

  594.0  -0.00082

  595.0  -0.00085

  596.0  -0.00083

  597.0  -0.00084

  598.0  -0.00088

  599.0  -0.00087

  600.0  -0.00087

  601.0  -0.00085

  602.0  -0.00081

  603.0  -0.00080

  604.0  -0.00078

  605.0  -0.00076

  606.0  -0.00080

  607.0  -0.00076

  608.0  -0.00072

  609.0  -0.00072

  610.0  -0.00070

  611.0  -0.00073

  612.0  -0.00073

  613.0  -0.00078

  614.0  -0.00076

  615.0  -0.00072

  616.0  -0.00074

  617.0  -0.00077

  618.0  -0.00075

  619.0  -0.00073

  620.0  -0.00073

  621.0  -0.00070

  622.0  -0.00073

  623.0  -0.00071

  624.0  -0.00071

  625.0  -0.00073

  626.0  -0.00069

  627.0  -0.00062

  628.0  -0.00064

  629.0  -0.00062

  630.0  -0.00055

  631.0  -0.00053

  632.0  -0.00053

  633.0  -0.00051

  634.0  -0.00050

  635.0  -0.00050

  636.0  -0.00050

  637.0  -0.00046

  638.0  -0.00048

  639.0  -0.00048

  640.0  -0.00048

  641.0  -0.00043

  642.0  -0.00041

  643.0  -0.00036

  644.0  -0.00032

  645.0  -0.00031

  646.0  -0.00027

  647.0  -0.00026

  648.0  -0.00026

  649.0  -0.00031

  650.0  -0.00024

  651.0  -0.00022

  652.0  -0.00022

  653.0  -0.00021

  654.0  -0.00015

  655.0  -0.00010

  656.0  -0.00009

  657.0  -0.00002

  658.0   0.00002

  659.0   0.00003

  660.0   0.00007

  661.0   0.00009

  662.0   0.00009

  663.0   0.00010

  664.0   0.00010

  665.0   0.00009

  666.0   0.00010

  667.0   0.00019

  668.0   0.00021

  669.0   0.00019

  670.0   0.00021

  671.0   0.00016

  672.0   0.00018

  673.0   0.00021

  674.0   0.00021

  675.0   0.00019

  676.0   0.00020

  677.0   0.00020

  678.0   0.00021

  679.0   0.00023

  680.0   0.00027

  681.0   0.00027

  682.0   0.00025

  683.0   0.00024

  684.0   0.00022

  685.0   0.00024

  686.0   0.00022

  687.0   0.00024

  688.0   0.00024

  689.0   0.00020

  690.0   0.00024

  691.0   0.00030

  692.0   0.00030

  693.0   0.00025

  694.0   0.00025

  695.0   0.00025

  696.0   0.00017

  697.0   0.00017

  698.0   0.00017

  699.0   0.00016

  700.0   0.00018

  701.0   0.00014

  702.0   0.00014

  703.0   0.00014

  704.0   0.00016

  705.0   0.00020

  706.0   0.00014

  707.0   0.00014

  708.0   0.00010

  709.0   0.00014

  710.0   0.00012

  711.0   0.00021

  712.0   0.00027

  713.0   0.00027

  714.0   0.00030

  715.0   0.00028

  716.0   0.00028

  717.0   0.00033

  718.0   0.00028

  719.0   0.00031

  720.0   0.00033

  721.0   0.00036

  722.0   0.00036

  723.0   0.00036

  724.0   0.00041

  725.0   0.00044

  726.0   0.00056

  727.0   0.00056

  728.0   0.00057

  729.0   0.00053

  730.0   0.00055

  731.0   0.00058

  732.0   0.00059

  733.0   0.00057

  734.0   0.00059

  735.0   0.00055

  736.0   0.00075

  737.0   0.00080

  738.0   0.00080

  739.0   0.00077

  740.0   0.00077

  741.0   0.00077

  742.0   0.00085

  743.0   0.00079

  744.0   0.00079

  745.0   0.00076

  746.0   0.00079

  747.0   0.00073

  748.0   0.00073

  749.0   0.00065

  750.0   0.00062

  751.0   0.00067

  752.0   0.00067

  753.0   0.00062

  754.0   0.00062

  755.0   0.00056

  756.0   0.00056

  757.0   0.00045

  758.0   0.00045

  759.0   0.00045

  760.0   0.00042

  761.0   0.00037

  762.0   0.00042

  763.0   0.00031

  764.0   0.00028

  765.0   0.00023

  766.0   0.00023

  767.0   0.00023

  768.0   0.00023

  769.0   0.00020

  770.0   0.00023

  771.0   0.00017

  772.0   0.00014

  773.0   0.00006

  774.0  -0.00006

  775.0  -0.00006

  776.0  -0.00017

  777.0  -0.00029

  778.0  -0.00038

  779.0  -0.00046

  780.0  -0.00049

  781.0  -0.00046

  782.0  -0.00052

  783.0  -0.00058

  784.0  -0.00050

  785.0  -0.00041

  786.0  -0.00032

  787.0  -0.00032

  788.0  -0.00035

  789.0  -0.00038

  790.0  -0.00030

  791.0  -0.00030

  792.0  -0.00039

  793.0  -0.00039

  794.0  -0.00045

  795.0  -0.00033

  796.0  -0.00048

  797.0  -0.00057

  798.0  -0.00060

  799.0  -0.00060

  800.0  -0.00066

 
