ser ID: DU600

Method ID: A:\DEFAULT

Date: 07/31/00

Time: 08:36

 200.0   1.57646

  201.0   1.60335

  202.0   1.55866

  203.0   1.53557

  204.0   1.46531

  205.0   1.44190

  206.0   1.40980

  207.0   1.36913

  208.0   1.31743

  209.0   1.27373

  210.0   1.23306

  211.0   1.21367

  212.0   1.16766

  213.0   1.14081

  214.0   1.11319

  215.0   1.09777

  216.0   1.07549

  217.0   1.05513

  218.0   1.03012

  219.0   1.00895

  220.0   0.99254

  221.0   0.97794

  222.0   0.96049

  223.0   0.94695

  224.0   0.94037

  225.0   0.93071

  226.0   0.91982

  227.0   0.91073

  228.0   0.90454

  229.0   0.90022

  230.0   0.89299

  231.0   0.89112

  232.0   0.88455

  233.0   0.88130

  234.0   0.87613

  235.0   0.86805

  236.0   0.84629

  237.0   0.82486

  238.0   0.79871

  239.0   0.76890

  240.0   0.73446

  241.0   0.69629

  242.0   0.65827

  243.0   0.61527

  244.0   0.58033

  245.0   0.54639

  246.0   0.51676

  247.0   0.48703

  248.0   0.46451

  249.0   0.44381

  250.0   0.42480

  251.0   0.40646

  252.0   0.39012

  253.0   0.37549

  254.0   0.36252

  255.0   0.34786

  256.0   0.33484

  257.0   0.32338

  258.0   0.31257

  259.0   0.30062

  260.0   0.29039

  261.0   0.28017

  262.0   0.26907

  263.0   0.26012

  264.0   0.25174

  265.0   0.24315

  266.0   0.23592

  267.0   0.22976

  268.0   0.22323

  269.0   0.21673

  270.0   0.21044

  271.0   0.20375

  272.0   0.19760

  273.0   0.19221

  274.0   0.18566

  275.0   0.17974

  276.0   0.17399

  277.0   0.16718

  278.0   0.15988

  279.0   0.15377

  280.0   0.14673

  281.0   0.13926

  282.0   0.13339

  283.0   0.12706

  284.0   0.12143

  285.0   0.11450

  286.0   0.10850

  287.0   0.10225

  288.0   0.09673

  289.0   0.09169

  290.0   0.08673

  291.0   0.08226

  292.0   0.07881

  293.0   0.07509

  294.0   0.07219

  295.0   0.06795

  296.0   0.06435

  297.0   0.06160

  298.0   0.05860

  299.0   0.05615

  300.0   0.05400

  301.0   0.05158

  302.0   0.05020

  303.0   0.04851

  304.0   0.04711

  305.0   0.04536

  306.0   0.04348

  307.0   0.04252

  308.0   0.04068

  309.0   0.04018

  310.0   0.04028

  311.0   0.03876

  312.0   0.03787

  313.0   0.03704

  314.0   0.03694

  315.0   0.03616

  316.0   0.03530

  317.0   0.03480

  318.0   0.03496

  319.0   0.03604

  320.0   0.03673

  321.0   0.03614

  322.0   0.03703

  323.0   0.03800

  324.0   0.03822

  325.0   0.03874

  326.0   0.03932

  327.0   0.04140

  328.0   0.04178

  329.0   0.04261

  330.0   0.04413

  331.0   0.04575

  332.0   0.04703

  333.0   0.04802

  334.0   0.04939

  335.0   0.05125

  336.0   0.05226

  337.0   0.05394

  338.0   0.05530

  339.0   0.05675

  340.0   0.05730

  341.0   0.05965

  342.0   0.06113

  343.0   0.06295

  344.0   0.06507

  345.0   0.06507

  346.0   0.06645

  347.0   0.06780

  348.0   0.06882

  349.0   0.06977

  350.0   0.07075

  351.0   0.07162

  352.0   0.07275

  353.0   0.07266

  354.0   0.07316

  355.0   0.07227

  356.0   0.07247

  357.0   0.07334

  358.0   0.07166

  359.0   0.07148

  360.0   0.07094

  361.0   0.07057

  362.0   0.07047

  363.0   0.06912

  364.0   0.06818

  365.0   0.06647

  366.0   0.06568

  367.0   0.06367

  368.0   0.06214

  369.0   0.06150

  370.0   0.05962

  371.0   0.05829

  372.0   0.05694

  373.0   0.05568

  374.0   0.05402

  375.0   0.05281

  376.0   0.05115

  377.0   0.05050

  378.0   0.04881

  379.0   0.04786

  380.0   0.04614

  381.0   0.04486

  382.0   0.04407

  383.0   0.04305

  384.0   0.04208

  385.0   0.04099

  386.0   0.03983

  387.0   0.03896

  388.0   0.03802

  389.0   0.03708

  390.0   0.03630

  391.0   0.03554

  392.0   0.03478

  393.0   0.03414

  394.0   0.03302

  395.0   0.03267

  396.0   0.03185

  397.0   0.03143

  398.0   0.03041

  399.0   0.03001

  400.0   0.02942

  401.0   0.02922

  402.0   0.02856

  403.0   0.02823

  404.0   0.02759

  405.0   0.02696

  406.0   0.02629

  407.0   0.02577

  408.0   0.02545

  409.0   0.02508

  410.0   0.02457

  411.0   0.02401

  412.0   0.02323

  413.0   0.02255

  414.0   0.02231

  415.0   0.02193

  416.0   0.02131

  417.0   0.02085

  418.0   0.02031

  419.0   0.01966

  420.0   0.01924

  421.0   0.01869

  422.0   0.01804

  423.0   0.01768

  424.0   0.01707

  425.0   0.01653

  426.0   0.01590

  427.0   0.01540

  428.0   0.01498

  429.0   0.01448

  430.0   0.01415

  431.0   0.01380

  432.0   0.01319

  433.0   0.01263

  434.0   0.01229

  435.0   0.01202

  436.0   0.01162

  437.0   0.01133

  438.0   0.01087

  439.0   0.01066

  440.0   0.01025

  441.0   0.00988

  442.0   0.00951

  443.0   0.00917

  444.0   0.00898

  445.0   0.00870

  446.0   0.00845

  447.0   0.00824

  448.0   0.00801

  449.0   0.00778

  450.0   0.00743

  451.0   0.00713

  452.0   0.00694

  453.0   0.00671

  454.0   0.00649

  455.0   0.00627

  456.0   0.00602

  457.0   0.00586

  458.0   0.00558

  459.0   0.00535

  460.0   0.00531

  461.0   0.00516

  462.0   0.00491

  463.0   0.00474

  464.0   0.00456

  465.0   0.00446

  466.0   0.00416

  467.0   0.00400

  468.0   0.00394

  469.0   0.00375

  470.0   0.00364

  471.0   0.00345

  472.0   0.00319

  473.0   0.00298

  474.0   0.00275

  475.0   0.00273

  476.0   0.00254

  477.0   0.00243

  478.0   0.00223

  479.0   0.00213

  480.0   0.00182

  481.0   0.00171

  482.0   0.00155

  483.0   0.00140

  484.0   0.00126

  485.0   0.00112

  486.0   0.00103

  487.0   0.00090

  488.0   0.00071

  489.0   0.00063

  490.0   0.00051

  491.0   0.00042

  492.0   0.00030

  493.0   0.00026

  494.0   0.00019

  495.0   0.00019

  496.0   0.00015

  497.0   0.00010

  498.0   0.00004

  499.0  -0.00004

  500.0  -0.00004

  501.0  -0.00002

  502.0  -0.00014

  503.0  -0.00016

  504.0  -0.00022

  505.0  -0.00025

  506.0  -0.00037

  507.0  -0.00038

  508.0  -0.00044

  509.0  -0.00051

  510.0  -0.00055

  511.0  -0.00054

  512.0  -0.00060

  513.0  -0.00071

  514.0  -0.00080

  515.0  -0.00081

  516.0  -0.00088

  517.0  -0.00097

  518.0  -0.00099

  519.0  -0.00112

  520.0  -0.00119

  521.0  -0.00128

  522.0  -0.00142

  523.0  -0.00146

  524.0  -0.00149

  525.0  -0.00160

  526.0  -0.00158

  527.0  -0.00162

  528.0  -0.00164

  529.0  -0.00171

  530.0  -0.00175

  531.0  -0.00173

  532.0  -0.00174

  533.0  -0.00180

  534.0  -0.00177

  535.0  -0.00188

  536.0  -0.00194

  537.0  -0.00195

  538.0  -0.00196

  539.0  -0.00198

  540.0  -0.00199

  541.0  -0.00196

  542.0  -0.00198

  543.0  -0.00202

  544.0  -0.00204

  545.0  -0.00197

  546.0  -0.00186

  547.0  -0.00216

  548.0  -0.00210

  549.0  -0.00216

  550.0  -0.00215

  551.0  -0.00218

  552.0  -0.00220

  553.0  -0.00219

  554.0  -0.00218

  555.0  -0.00218

  556.0  -0.00211

  557.0  -0.00212

  558.0  -0.00214

  559.0  -0.00211

  560.0  -0.00213

  561.0  -0.00212

  562.0  -0.00206

  563.0  -0.00210

  564.0  -0.00208

  565.0  -0.00202

  566.0  -0.00196

  567.0  -0.00188

  568.0  -0.00180

  569.0  -0.00186

  570.0  -0.00182

  571.0  -0.00181

  572.0  -0.00171

  573.0  -0.00170

  574.0  -0.00163

  575.0  -0.00155

  576.0  -0.00150

  577.0  -0.00149

  578.0  -0.00146

  579.0  -0.00141

  580.0  -0.00132

  581.0  -0.00131

  582.0  -0.00127

  583.0  -0.00120

  584.0  -0.00115

  585.0  -0.00115

  586.0  -0.00110

  587.0  -0.00106

  588.0  -0.00101

  589.0  -0.00095

  590.0  -0.00089

  591.0  -0.00087

  592.0  -0.00086

  593.0  -0.00088

  594.0  -0.00083

  595.0  -0.00087

  596.0  -0.00088

  597.0  -0.00092

  598.0  -0.00089

  599.0  -0.00093

  600.0  -0.00092

  601.0  -0.00092

  602.0  -0.00090

  603.0  -0.00088

  604.0  -0.00082

  605.0  -0.00084

  606.0  -0.00085

  607.0  -0.00087

  608.0  -0.00086

  609.0  -0.00081

  610.0  -0.00077

  611.0  -0.00077

  612.0  -0.00075

  613.0  -0.00076

  614.0  -0.00080

  615.0  -0.00079

  616.0  -0.00079

  617.0  -0.00083

  618.0  -0.00081

  619.0  -0.00080

  620.0  -0.00080

  621.0  -0.00080

  622.0  -0.00080

  623.0  -0.00076

  624.0  -0.00078

  625.0  -0.00076

  626.0  -0.00073

  627.0  -0.00069

  628.0  -0.00064

  629.0  -0.00069

  630.0  -0.00062

  631.0  -0.00062

  632.0  -0.00062

  633.0  -0.00060

  634.0  -0.00055

  635.0  -0.00051

  636.0  -0.00050

  637.0  -0.00048

  638.0  -0.00046

  639.0  -0.00044

  640.0  -0.00048

  641.0  -0.00046

  642.0  -0.00044

  643.0  -0.00044

  644.0  -0.00043

  645.0  -0.00039

  646.0  -0.00036

  647.0  -0.00038

  648.0  -0.00032

  649.0  -0.00034

  650.0  -0.00029

  651.0  -0.00029

  652.0  -0.00027

  653.0  -0.00024

  654.0  -0.00022

  655.0  -0.00015

  656.0  -0.00014

  657.0  -0.00007

  658.0  -0.00002

  659.0  -0.00002

  660.0  -0.00003

  661.0  -0.00007

  662.0  -0.00007

  663.0  -0.00007

  664.0  -0.00009

  665.0  -0.00007

  666.0  -0.00003

  667.0   0.00003

  668.0  -0.00002

  669.0   0.00003

  670.0   0.00004

  671.0   0.00005

  672.0   0.00005

  673.0   0.00007

  674.0   0.00007

  675.0   0.00007

  676.0   0.00011

  677.0   0.00014

  678.0   0.00012

  679.0   0.00013

  680.0   0.00014

  681.0   0.00014

  682.0   0.00011

  683.0   0.00007

  684.0   0.00002

  685.0   0.00002

  686.0   0.00004

  687.0   0.00011

  688.0   0.00007

  689.0   0.00004

  690.0   0.00009

  691.0   0.00013

  692.0   0.00011

  693.0   0.00015

  694.0   0.00015

  695.0   0.00013

  696.0   0.00010

  697.0   0.00010

  698.0   0.00006

  699.0   0.00006

  700.0   0.00006

  701.0  -0.00000

  702.0  -0.00002

  703.0   0.00002

  704.0   0.00002

  705.0   0.00002

  706.0   0.00004

  707.0   0.00004

  708.0   0.00002

  709.0   0.00002

  710.0   0.00002

  711.0   0.00008

  712.0   0.00013

  713.0   0.00013

  714.0   0.00017

  715.0   0.00011

  716.0   0.00011

  717.0   0.00011

  718.0   0.00004

  719.0   0.00002

  720.0   0.00011

  721.0   0.00013

  722.0   0.00018

  723.0   0.00027

  724.0   0.00032

  725.0   0.00032

  726.0   0.00042

  727.0   0.00045

  728.0   0.00045

  729.0   0.00045

  730.0   0.00048

  731.0   0.00056

  732.0   0.00054

  733.0   0.00054

  734.0   0.00057

  735.0   0.00050

  736.0   0.00083

  737.0   0.00074

  738.0   0.00069

  739.0   0.00065

  740.0   0.00062

  741.0   0.00068

  742.0   0.00065

  743.0   0.00062

  744.0   0.00062

  745.0   0.00048

  746.0   0.00048

  747.0   0.00042

  748.0   0.00037

  749.0   0.00031

  750.0   0.00022

  751.0   0.00031

  752.0   0.00039

  753.0   0.00045

  754.0   0.00039

  755.0   0.00034

  756.0   0.00034

  757.0   0.00028

  758.0   0.00025

  759.0   0.00023

  760.0   0.00017

  761.0   0.00017

  762.0   0.00017

  763.0   0.00008

  764.0   0.00006

  765.0   0.00003

  766.0   0.00003

  767.0   0.00009

  768.0  -0.00000

  769.0  -0.00003

  770.0  -0.00000

  771.0   0.00003

  772.0  -0.00003

  773.0  -0.00003

  774.0  -0.00009

  775.0  -0.00009

  776.0  -0.00017

  777.0  -0.00017

  778.0  -0.00026

  779.0  -0.00026

  780.0  -0.00023

  781.0  -0.00020

  782.0  -0.00023

  783.0  -0.00029

  784.0  -0.00026

  785.0  -0.00023

  786.0  -0.00026

  787.0  -0.00026

  788.0  -0.00024

  789.0  -0.00024

  790.0  -0.00012

  791.0  -0.00018

  792.0  -0.00027

  793.0  -0.00033

  794.0  -0.00036

  795.0  -0.00027

  796.0  -0.00033

  797.0  -0.00039

  798.0  -0.00039

  799.0  -0.00042

  800.0  -0.00042

 
