ser ID: DU600

Method ID: A:\DEFAULT

Date: 07/31/00

Time: 08:37

 200.0   1.56518

  201.0   1.55450

  202.0   1.54196

  203.0   1.52827

  204.0   1.47098

  205.0   1.45177

  206.0   1.42252

  207.0   1.36913

  208.0   1.32901

  209.0   1.27850

  210.0   1.23711

  211.0   1.20113

  212.0   1.16305

  213.0   1.14081

  214.0   1.12184

  215.0   1.09552

  216.0   1.07549

  217.0   1.05140

  218.0   1.03012

  219.0   1.00895

  220.0   0.98893

  221.0   0.97523

  222.0   0.96112

  223.0   0.95411

  224.0   0.93924

  225.0   0.92803

  226.0   0.91728

  227.0   0.91024

  228.0   0.90083

  229.0   0.89664

  230.0   0.89299

  231.0   0.88987

  232.0   0.88496

  233.0   0.87973

  234.0   0.87082

  235.0   0.85999

  236.0   0.84316

  237.0   0.82552

  238.0   0.80181

  239.0   0.76948

  240.0   0.73552

  241.0   0.69629

  242.0   0.65716

  243.0   0.61446

  244.0   0.57789

  245.0   0.54464

  246.0   0.51495

  247.0   0.48703

  248.0   0.46510

  249.0   0.44453

  250.0   0.42508

  251.0   0.40619

  252.0   0.38999

  253.0   0.37601

  254.0   0.36151

  255.0   0.34848

  256.0   0.33569

  257.0   0.32519

  258.0   0.31376

  259.0   0.30132

  260.0   0.29039

  261.0   0.28005

  262.0   0.26987

  263.0   0.26058

  264.0   0.25186

  265.0   0.24405

  266.0   0.23626

  267.0   0.22953

  268.0   0.22346

  269.0   0.21650

  270.0   0.21011

  271.0   0.20386

  272.0   0.19848

  273.0   0.19276

  274.0   0.18654

  275.0   0.17996

  276.0   0.17367

  277.0   0.16697

  278.0   0.15946

  279.0   0.15255

  280.0   0.14633

  281.0   0.13926

  282.0   0.13398

  283.0   0.12735

  284.0   0.12133

  285.0   0.11412

  286.0   0.10841

  287.0   0.10216

  288.0   0.09628

  289.0   0.09160

  290.0   0.08700

  291.0   0.08304

  292.0   0.07915

  293.0   0.07552

  294.0   0.07177

  295.0   0.06778

  296.0   0.06418

  297.0   0.06185

  298.0   0.05935

  299.0   0.05723

  300.0   0.05474

  301.0   0.05274

  302.0   0.05053

  303.0   0.04868

  304.0   0.04711

  305.0   0.04553

  306.0   0.04373

  307.0   0.04328

  308.0   0.04187

  309.0   0.04096

  310.0   0.03976

  311.0   0.03894

  312.0   0.03787

  313.0   0.03731

  314.0   0.03721

  315.0   0.03644

  316.0   0.03606

  317.0   0.03595

  318.0   0.03613

  319.0   0.03643

  320.0   0.03612

  321.0   0.03635

  322.0   0.03703

  323.0   0.03832

  324.0   0.03938

  325.0   0.03949

  326.0   0.03996

  327.0   0.04129

  328.0   0.04168

  329.0   0.04271

  330.0   0.04435

  331.0   0.04607

  332.0   0.04757

  333.0   0.04855

  334.0   0.04982

  335.0   0.05071

  336.0   0.05162

  337.0   0.05330

  338.0   0.05498

  339.0   0.05643

  340.0   0.05805

  341.0   0.06039

  342.0   0.06134

  343.0   0.06306

  344.0   0.06412

  345.0   0.06455

  346.0   0.06613

  347.0   0.06770

  348.0   0.06935

  349.0   0.06998

  350.0   0.07086

  351.0   0.07098

  352.0   0.07190

  353.0   0.07191

  354.0   0.07220

  355.0   0.07174

  356.0   0.07268

  357.0   0.07311

  358.0   0.07286

  359.0   0.07234

  360.0   0.07114

  361.0   0.07016

  362.0   0.06937

  363.0   0.06863

  364.0   0.06704

  365.0   0.06684

  366.0   0.06550

  367.0   0.06367

  368.0   0.06240

  369.0   0.06091

  370.0   0.05962

  371.0   0.05805

  372.0   0.05649

  373.0   0.05641

  374.0   0.05445

  375.0   0.05357

  376.0   0.05221

  377.0   0.04992

  378.0   0.04837

  379.0   0.04762

  380.0   0.04643

  381.0   0.04514

  382.0   0.04434

  383.0   0.04299

  384.0   0.04167

  385.0   0.04060

  386.0   0.03983

  387.0   0.03910

  388.0   0.03830

  389.0   0.03730

  390.0   0.03656

  391.0   0.03593

  392.0   0.03490

  393.0   0.03430

  394.0   0.03326

  395.0   0.03279

  396.0   0.03220

  397.0   0.03170

  398.0   0.03094

  399.0   0.03035

  400.0   0.02976

  401.0   0.02911

  402.0   0.02863

  403.0   0.02844

  404.0   0.02780

  405.0   0.02712

  406.0   0.02658

  407.0   0.02584

  408.0   0.02548

  409.0   0.02505

  410.0   0.02481

  411.0   0.02415

  412.0   0.02353

  413.0   0.02285

  414.0   0.02236

  415.0   0.02223

  416.0   0.02131

  417.0   0.02085

  418.0   0.02023

  419.0   0.01983

  420.0   0.01924

  421.0   0.01877

  422.0   0.01819

  423.0   0.01768

  424.0   0.01715

  425.0   0.01653

  426.0   0.01597

  427.0   0.01560

  428.0   0.01505

  429.0   0.01461

  430.0   0.01415

  431.0   0.01368

  432.0   0.01331

  433.0   0.01263

  434.0   0.01241

  435.0   0.01202

  436.0   0.01162

  437.0   0.01127

  438.0   0.01092

  439.0   0.01077

  440.0   0.01040

  441.0   0.00998

  442.0   0.00965

  443.0   0.00936

  444.0   0.00912

  445.0   0.00880

  446.0   0.00854

  447.0   0.00838

  448.0   0.00805

  449.0   0.00773

  450.0   0.00747

  451.0   0.00718

  452.0   0.00707

  453.0   0.00675

  454.0   0.00665

  455.0   0.00639

  456.0   0.00615

  457.0   0.00599

  458.0   0.00575

  459.0   0.00559

  460.0   0.00543

  461.0   0.00523

  462.0   0.00503

  463.0   0.00486

  464.0   0.00464

  465.0   0.00442

  466.0   0.00408

  467.0   0.00393

  468.0   0.00369

  469.0   0.00357

  470.0   0.00341

  471.0   0.00329

  472.0   0.00294

  473.0   0.00280

  474.0   0.00256

  475.0   0.00250

  476.0   0.00229

  477.0   0.00218

  478.0   0.00199

  479.0   0.00194

  480.0   0.00174

  481.0   0.00156

  482.0   0.00140

  483.0   0.00123

  484.0   0.00111

  485.0   0.00098

  486.0   0.00084

  487.0   0.00072

  488.0   0.00057

  489.0   0.00045

  490.0   0.00033

  491.0   0.00022

  492.0   0.00004

  493.0  -0.00000

  494.0  -0.00006

  495.0  -0.00011

  496.0  -0.00012

  497.0  -0.00021

  498.0  -0.00029

  499.0  -0.00030

  500.0  -0.00034

  501.0  -0.00036

  502.0  -0.00040

  503.0  -0.00049

  504.0  -0.00055

  505.0  -0.00060

  506.0  -0.00068

  507.0  -0.00073

  508.0  -0.00076

  509.0  -0.00082

  510.0  -0.00085

  511.0  -0.00088

  512.0  -0.00095

  513.0  -0.00102

  514.0  -0.00109

  515.0  -0.00111

  516.0  -0.00114

  517.0  -0.00121

  518.0  -0.00121

  519.0  -0.00132

  520.0  -0.00135

  521.0  -0.00140

  522.0  -0.00149

  523.0  -0.00153

  524.0  -0.00164

  525.0  -0.00174

  526.0  -0.00182

  527.0  -0.00184

  528.0  -0.00191

  529.0  -0.00195

  530.0  -0.00201

  531.0  -0.00201

  532.0  -0.00203

  533.0  -0.00211

  534.0  -0.00210

  535.0  -0.00214

  536.0  -0.00220

  537.0  -0.00226

  538.0  -0.00227

  539.0  -0.00228

  540.0  -0.00225

  541.0  -0.00224

  542.0  -0.00217

  543.0  -0.00219

  544.0  -0.00225

  545.0  -0.00227

  546.0  -0.00223

  547.0  -0.00223

  548.0  -0.00223

  549.0  -0.00224

  550.0  -0.00223

  551.0  -0.00222

  552.0  -0.00232

  553.0  -0.00233

  554.0  -0.00232

  555.0  -0.00232

  556.0  -0.00224

  557.0  -0.00224

  558.0  -0.00228

  559.0  -0.00227

  560.0  -0.00220

  561.0  -0.00217

  562.0  -0.00211

  563.0  -0.00214

  564.0  -0.00215

  565.0  -0.00211

  566.0  -0.00210

  567.0  -0.00213

  568.0  -0.00213

  569.0  -0.00218

  570.0  -0.00215

  571.0  -0.00218

  572.0  -0.00210

  573.0  -0.00208

  574.0  -0.00203

  575.0  -0.00197

  576.0  -0.00189

  577.0  -0.00190

  578.0  -0.00189

  579.0  -0.00184

  580.0  -0.00181

  581.0  -0.00178

  582.0  -0.00173

  583.0  -0.00162

  584.0  -0.00163

  585.0  -0.00160

  586.0  -0.00154

  587.0  -0.00153

  588.0  -0.00142

  589.0  -0.00144

  590.0  -0.00133

  591.0  -0.00133

  592.0  -0.00132

  593.0  -0.00133

  594.0  -0.00135

  595.0  -0.00136

  596.0  -0.00133

  597.0  -0.00137

  598.0  -0.00132

  599.0  -0.00134

  600.0  -0.00135

  601.0  -0.00133

  602.0  -0.00130

  603.0  -0.00128

  604.0  -0.00126

  605.0  -0.00129

  606.0  -0.00132

  607.0  -0.00132

  608.0  -0.00129

  609.0  -0.00127

  610.0  -0.00123

  611.0  -0.00127

  612.0  -0.00119

  613.0  -0.00121

  614.0  -0.00118

  615.0  -0.00115

  616.0  -0.00113

  617.0  -0.00118

  618.0  -0.00123

  619.0  -0.00122

  620.0  -0.00122

  621.0  -0.00122

  622.0  -0.00123

  623.0  -0.00123

  624.0  -0.00125

  625.0  -0.00123

  626.0  -0.00117

  627.0  -0.00117

  628.0  -0.00115

  629.0  -0.00115

  630.0  -0.00112

  631.0  -0.00110

  632.0  -0.00110

  633.0  -0.00110

  634.0  -0.00108

  635.0  -0.00106

  636.0  -0.00103

  637.0  -0.00101

  638.0  -0.00097

  639.0  -0.00096

  640.0  -0.00099

  641.0  -0.00094

  642.0  -0.00097

  643.0  -0.00094

  644.0  -0.00087

  645.0  -0.00089

  646.0  -0.00087

  647.0  -0.00092

  648.0  -0.00087

  649.0  -0.00089

  650.0  -0.00084

  651.0  -0.00085

  652.0  -0.00084

  653.0  -0.00080

  654.0  -0.00079

  655.0  -0.00077

  656.0  -0.00077

  657.0  -0.00072

  658.0  -0.00069

  659.0  -0.00065

  660.0  -0.00064

  661.0  -0.00062

  662.0  -0.00060

  663.0  -0.00057

  664.0  -0.00057

  665.0  -0.00056

  666.0  -0.00054

  667.0  -0.00049

  668.0  -0.00049

  669.0  -0.00049

  670.0  -0.00047

  671.0  -0.00046

  672.0  -0.00049

  673.0  -0.00048

  674.0  -0.00044

  675.0  -0.00046

  676.0  -0.00044

  677.0  -0.00039

  678.0  -0.00041

  679.0  -0.00041

  680.0  -0.00045

  681.0  -0.00047

  682.0  -0.00049

  683.0  -0.00053

  684.0  -0.00057

  685.0  -0.00055

  686.0  -0.00057

  687.0  -0.00054

  688.0  -0.00052

  689.0  -0.00054

  690.0  -0.00054

  691.0  -0.00047

  692.0  -0.00047

  693.0  -0.00045

  694.0  -0.00048

  695.0  -0.00048

  696.0  -0.00052

  697.0  -0.00048

  698.0  -0.00047

  699.0  -0.00047

  700.0  -0.00045

  701.0  -0.00049

  702.0  -0.00051

  703.0  -0.00052

  704.0  -0.00048

  705.0  -0.00048

  706.0  -0.00049

  707.0  -0.00047

  708.0  -0.00053

  709.0  -0.00051

  710.0  -0.00054

  711.0  -0.00050

  712.0  -0.00048

  713.0  -0.00044

  714.0  -0.00043

  715.0  -0.00045

  716.0  -0.00043

  717.0  -0.00041

  718.0  -0.00044

  719.0  -0.00042

  720.0  -0.00033

  721.0  -0.00034

  722.0  -0.00032

  723.0  -0.00032

  724.0  -0.00027

  725.0  -0.00023

  726.0  -0.00021

  727.0  -0.00023

  728.0  -0.00021

  729.0  -0.00019

  730.0  -0.00019

  731.0  -0.00012

  732.0  -0.00015

  733.0  -0.00010

  734.0  -0.00005

  735.0  -0.00012

  736.0   0.00017

  737.0   0.00017

  738.0   0.00014

  739.0   0.00011

  740.0   0.00009

  741.0  -0.00006

  742.0  -0.00003

  743.0  -0.00000

  744.0   0.00017

  745.0   0.00023

  746.0   0.00017

  747.0   0.00017

  748.0   0.00014

  749.0   0.00017

  750.0   0.00011

  751.0   0.00011

  752.0   0.00014

  753.0   0.00020

  754.0   0.00020

  755.0   0.00008

  756.0   0.00008

  757.0   0.00003

  758.0   0.00006

  759.0   0.00006

  760.0  -0.00003

  761.0  -0.00008

  762.0  -0.00003

  763.0  -0.00014

  764.0  -0.00014

  765.0  -0.00014

  766.0  -0.00020

  767.0  -0.00017

  768.0  -0.00011

  769.0  -0.00017

  770.0  -0.00017

  771.0  -0.00017

  772.0  -0.00020

  773.0  -0.00017

  774.0  -0.00023

  775.0  -0.00020

  776.0  -0.00035

  777.0  -0.00029

  778.0  -0.00035

  779.0  -0.00041

  780.0  -0.00041

  781.0  -0.00041

  782.0  -0.00041

  783.0  -0.00041

  784.0  -0.00044

  785.0  -0.00041

  786.0  -0.00041

  787.0  -0.00044

  788.0  -0.00044

  789.0  -0.00050

  790.0  -0.00044

  791.0  -0.00050

  792.0  -0.00047

  793.0  -0.00042

  794.0  -0.00039

  795.0  -0.00033

  796.0  -0.00036

  797.0  -0.00042

  798.0  -0.00051

  799.0  -0.00060

  800.0  -0.00066

 
