ser ID: DU600

Method ID: A:\DEFAULT

Date: 07/31/00

Time: 08:10

 200.0   1.52278

  201.0   1.59313

  202.0   1.59413

  203.0   1.55055

  204.0   1.48847

  205.0   1.45679

  206.0   1.42684

  207.0   1.39436

  208.0   1.33791

  209.0   1.28333

  210.0   1.24535

  211.0   1.20825

  212.0   1.16612

  213.0   1.13808

  214.0   1.10954

  215.0   1.09216

  216.0   1.07140

  217.0   1.04587

  218.0   1.02338

  219.0   1.00973

  220.0   0.99472

  221.0   0.98134

  222.0   0.97004

  223.0   0.96755

  224.0   0.95947

  225.0   0.95677

  226.0   0.95590

  227.0   0.95299

  228.0   0.95222

  229.0   0.95216

  230.0   0.95030

  231.0   0.94917

  232.0   0.94642

  233.0   0.94369

  234.0   0.94149

  235.0   0.93040

  236.0   0.91330

  237.0   0.89132

  238.0   0.86176

  239.0   0.82269

  240.0   0.78208

  241.0   0.73414

  242.0   0.68811

  243.0   0.63758

  244.0   0.59723

  245.0   0.55903

  246.0   0.52577

  247.0   0.49441

  248.0   0.46886

  249.0   0.44713

  250.0   0.42633

  251.0   0.40687

  252.0   0.39130

  253.0   0.37665

  254.0   0.36290

  255.0   0.34799

  256.0   0.33435

  257.0   0.32183

  258.0   0.30973

  259.0   0.29642

  260.0   0.28427

  261.0   0.27377

  262.0   0.26409

  263.0   0.25417

  264.0   0.24638

  265.0   0.23780

  266.0   0.23068

  267.0   0.22541

  268.0   0.21945

  269.0   0.21394

  270.0   0.20911

  271.0   0.20530

  272.0   0.20059

  273.0   0.19640

  274.0   0.19114

  275.0   0.18484

  276.0   0.18033

  277.0   0.17377

  278.0   0.16689

  279.0   0.16090

  280.0   0.15488

  281.0   0.14759

  282.0   0.14162

  283.0   0.13459

  284.0   0.12789

  285.0   0.12020

  286.0   0.11338

  287.0   0.10669

  288.0   0.10028

  289.0   0.09510

  290.0   0.08993

  291.0   0.08541

  292.0   0.08097

  293.0   0.07604

  294.0   0.07202

  295.0   0.06828

  296.0   0.06326

  297.0   0.06051

  298.0   0.05744

  299.0   0.05483

  300.0   0.05201

  301.0   0.04993

  302.0   0.04739

  303.0   0.04504

  304.0   0.04371

  305.0   0.04079

  306.0   0.03922

  307.0   0.03848

  308.0   0.03660

  309.0   0.03555

  310.0   0.03489

  311.0   0.03402

  312.0   0.03315

  313.0   0.03199

  314.0   0.03209

  315.0   0.03124

  316.0   0.03124

  317.0   0.03135

  318.0   0.03146

  319.0   0.03159

  320.0   0.03281

  321.0   0.03280

  322.0   0.03379

  323.0   0.03506

  324.0   0.03569

  325.0   0.03652

  326.0   0.03793

  327.0   0.03979

  328.0   0.04060

  329.0   0.04271

  330.0   0.04392

  331.0   0.04575

  332.0   0.04844

  333.0   0.04909

  334.0   0.05122

  335.0   0.05340

  336.0   0.05463

  337.0   0.05738

  338.0   0.05916

  339.0   0.06114

  340.0   0.06275

  341.0   0.06509

  342.0   0.06753

  343.0   0.06903

  344.0   0.07072

  345.0   0.07231

  346.0   0.07432

  347.0   0.07611

  348.0   0.07755

  349.0   0.07818

  350.0   0.07970

  351.0   0.07993

  352.0   0.08119

  353.0   0.08134

  354.0   0.08274

  355.0   0.08232

  356.0   0.08233

  357.0   0.08301

  358.0   0.08168

  359.0   0.08139

  360.0   0.08064

  361.0   0.07923

  362.0   0.07854

  363.0   0.07749

  364.0   0.07664

  365.0   0.07552

  366.0   0.07405

  367.0   0.07154

  368.0   0.07000

  369.0   0.06840

  370.0   0.06622

  371.0   0.06502

  372.0   0.06339

  373.0   0.06220

  374.0   0.06047

  375.0   0.05891

  376.0   0.05696

  377.0   0.05540

  378.0   0.05329

  379.0   0.05221

  380.0   0.05024

  381.0   0.04938

  382.0   0.04830

  383.0   0.04694

  384.0   0.04523

  385.0   0.04389

  386.0   0.04258

  387.0   0.04178

  388.0   0.04060

  389.0   0.03964

  390.0   0.03867

  391.0   0.03806

  392.0   0.03682

  393.0   0.03598

  394.0   0.03463

  395.0   0.03410

  396.0   0.03313

  397.0   0.03273

  398.0   0.03204

  399.0   0.03128

  400.0   0.03069

  401.0   0.03010

  402.0   0.02939

  403.0   0.02876

  404.0   0.02804

  405.0   0.02749

  406.0   0.02681

  407.0   0.02641

  408.0   0.02607

  409.0   0.02553

  410.0   0.02507

  411.0   0.02441

  412.0   0.02364

  413.0   0.02317

  414.0   0.02293

  415.0   0.02281

  416.0   0.02186

  417.0   0.02139

  418.0   0.02092

  419.0   0.02033

  420.0   0.01990

  421.0   0.01941

  422.0   0.01881

  423.0   0.01844

  424.0   0.01766

  425.0   0.01711

  426.0   0.01667

  427.0   0.01629

  428.0   0.01552

  429.0   0.01519

  430.0   0.01485

  431.0   0.01436

  432.0   0.01386

  433.0   0.01340

  434.0   0.01299

  435.0   0.01269

  436.0   0.01233

  437.0   0.01192

  438.0   0.01145

  439.0   0.01118

  440.0   0.01071

  441.0   0.01038

  442.0   0.00999

  443.0   0.00974

  444.0   0.00950

  445.0   0.00917

  446.0   0.00877

  447.0   0.00861

  448.0   0.00832

  449.0   0.00809

  450.0   0.00778

  451.0   0.00739

  452.0   0.00732

  453.0   0.00688

  454.0   0.00665

  455.0   0.00644

  456.0   0.00619

  457.0   0.00599

  458.0   0.00571

  459.0   0.00547

  460.0   0.00539

  461.0   0.00520

  462.0   0.00495

  463.0   0.00486

  464.0   0.00468

  465.0   0.00446

  466.0   0.00416

  467.0   0.00389

  468.0   0.00366

  469.0   0.00354

  470.0   0.00337

  471.0   0.00319

  472.0   0.00297

  473.0   0.00280

  474.0   0.00259

  475.0   0.00253

  476.0   0.00229

  477.0   0.00218

  478.0   0.00199

  479.0   0.00194

  480.0   0.00166

  481.0   0.00153

  482.0   0.00130

  483.0   0.00118

  484.0   0.00104

  485.0   0.00095

  486.0   0.00080

  487.0   0.00072

  488.0   0.00048

  489.0   0.00038

  490.0   0.00018

  491.0   0.00002

  492.0  -0.00004

  493.0  -0.00011

  494.0  -0.00013

  495.0  -0.00017

  496.0  -0.00025

  497.0  -0.00039

  498.0  -0.00051

  499.0  -0.00055

  500.0  -0.00056

  501.0  -0.00056

  502.0  -0.00061

  503.0  -0.00065

  504.0  -0.00074

  505.0  -0.00076

  506.0  -0.00081

  507.0  -0.00084

  508.0  -0.00082

  509.0  -0.00093

  510.0  -0.00094

  511.0  -0.00100

  512.0  -0.00108

  513.0  -0.00115

  514.0  -0.00122

  515.0  -0.00124

  516.0  -0.00135

  517.0  -0.00138

  518.0  -0.00143

  519.0  -0.00152

  520.0  -0.00155

  521.0  -0.00153

  522.0  -0.00166

  523.0  -0.00176

  524.0  -0.00185

  525.0  -0.00193

  526.0  -0.00202

  527.0  -0.00204

  528.0  -0.00205

  529.0  -0.00211

  530.0  -0.00213

  531.0  -0.00214

  532.0  -0.00214

  533.0  -0.00224

  534.0  -0.00219

  535.0  -0.00232

  536.0  -0.00235

  537.0  -0.00245

  538.0  -0.00242

  539.0  -0.00243

  540.0  -0.00244

  541.0  -0.00239

  542.0  -0.00230

  543.0  -0.00232

  544.0  -0.00236

  545.0  -0.00233

  546.0  -0.00231

  547.0  -0.00235

  548.0  -0.00233

  549.0  -0.00235

  550.0  -0.00236

  551.0  -0.00243

  552.0  -0.00247

  553.0  -0.00248

  554.0  -0.00248

  555.0  -0.00250

  556.0  -0.00238

  557.0  -0.00233

  558.0  -0.00242

  559.0  -0.00239

  560.0  -0.00238

  561.0  -0.00235

  562.0  -0.00234

  563.0  -0.00235

  564.0  -0.00228

  565.0  -0.00229

  566.0  -0.00232

  567.0  -0.00235

  568.0  -0.00231

  569.0  -0.00234

  570.0  -0.00228

  571.0  -0.00228

  572.0  -0.00220

  573.0  -0.00221

  574.0  -0.00217

  575.0  -0.00216

  576.0  -0.00204

  577.0  -0.00197

  578.0  -0.00195

  579.0  -0.00194

  580.0  -0.00191

  581.0  -0.00194

  582.0  -0.00187

  583.0  -0.00180

  584.0  -0.00179

  585.0  -0.00174

  586.0  -0.00167

  587.0  -0.00165

  588.0  -0.00160

  589.0  -0.00155

  590.0  -0.00149

  591.0  -0.00148

  592.0  -0.00149

  593.0  -0.00152

  594.0  -0.00148

  595.0  -0.00143

  596.0  -0.00141

  597.0  -0.00144

  598.0  -0.00142

  599.0  -0.00143

  600.0  -0.00146

  601.0  -0.00149

  602.0  -0.00149

  603.0  -0.00150

  604.0  -0.00148

  605.0  -0.00151

  606.0  -0.00150

  607.0  -0.00146

  608.0  -0.00144

  609.0  -0.00140

  610.0  -0.00138

  611.0  -0.00134

  612.0  -0.00133

  613.0  -0.00136

  614.0  -0.00140

  615.0  -0.00138

  616.0  -0.00137

  617.0  -0.00139

  618.0  -0.00138

  619.0  -0.00135

  620.0  -0.00134

  621.0  -0.00134

  622.0  -0.00141

  623.0  -0.00137

  624.0  -0.00137

  625.0  -0.00138

  626.0  -0.00135

  627.0  -0.00133

  628.0  -0.00129

  629.0  -0.00132

  630.0  -0.00125

  631.0  -0.00124

  632.0  -0.00123

  633.0  -0.00123

  634.0  -0.00116

  635.0  -0.00116

  636.0  -0.00114

  637.0  -0.00113

  638.0  -0.00109

  639.0  -0.00111

  640.0  -0.00111

  641.0  -0.00107

  642.0  -0.00107

  643.0  -0.00102

  644.0  -0.00104

  645.0  -0.00102

  646.0  -0.00104

  647.0  -0.00102

  648.0  -0.00101

  649.0  -0.00107

  650.0  -0.00099

  651.0  -0.00097

  652.0  -0.00097

  653.0  -0.00092

  654.0  -0.00091

  655.0  -0.00086

  656.0  -0.00086

  657.0  -0.00081

  658.0  -0.00077

  659.0  -0.00076

  660.0  -0.00072

  661.0  -0.00071

  662.0  -0.00071

  663.0  -0.00067

  664.0  -0.00069

  665.0  -0.00069

  666.0  -0.00064

  667.0  -0.00061

  668.0  -0.00061

  669.0  -0.00059

  670.0  -0.00061

  671.0  -0.00058

  672.0  -0.00058

  673.0  -0.00055

  674.0  -0.00051

  675.0  -0.00050

  676.0  -0.00048

  677.0  -0.00041

  678.0  -0.00041

  679.0  -0.00038

  680.0  -0.00041

  681.0  -0.00045

  682.0  -0.00047

  683.0  -0.00049

  684.0  -0.00053

  685.0  -0.00051

  686.0  -0.00050

  687.0  -0.00042

  688.0  -0.00046

  689.0  -0.00047

  690.0  -0.00049

  691.0  -0.00051

  692.0  -0.00047

  693.0  -0.00045

  694.0  -0.00044

  695.0  -0.00046

  696.0  -0.00048

  697.0  -0.00050

  698.0  -0.00050

  699.0  -0.00051

  700.0  -0.00049

  701.0  -0.00057

  702.0  -0.00057

  703.0  -0.00056

  704.0  -0.00050

  705.0  -0.00052

  706.0  -0.00051

  707.0  -0.00051

  708.0  -0.00057

  709.0  -0.00054

  710.0  -0.00056

  711.0  -0.00048

  712.0  -0.00044

  713.0  -0.00044

  714.0  -0.00038

  715.0  -0.00036

  716.0  -0.00034

  717.0  -0.00035

  718.0  -0.00037

  719.0  -0.00033

  720.0  -0.00029

  721.0  -0.00025

  722.0  -0.00025

  723.0  -0.00023

  724.0  -0.00018

  725.0  -0.00016

  726.0  -0.00012

  727.0  -0.00009

  728.0  -0.00012

  729.0  -0.00014

  730.0  -0.00017

  731.0  -0.00012

  732.0  -0.00015

  733.0  -0.00012

  734.0  -0.00015

  735.0  -0.00015

  736.0   0.00017

  737.0   0.00011

  738.0   0.00009

  739.0   0.00006

  740.0   0.00003

  741.0  -0.00003

  742.0  -0.00000

  743.0  -0.00006

  744.0  -0.00006

  745.0  -0.00008

  746.0  -0.00011

  747.0  -0.00017

  748.0  -0.00020

  749.0  -0.00025

  750.0  -0.00028

  751.0  -0.00031

  752.0  -0.00031

  753.0  -0.00025

  754.0  -0.00034

  755.0  -0.00037

  756.0  -0.00034

  757.0  -0.00039

  758.0  -0.00037

  759.0  -0.00042

  760.0  -0.00042

  761.0  -0.00048

  762.0  -0.00040

  763.0  -0.00054

  764.0  -0.00054

  765.0  -0.00059

  766.0  -0.00060

  767.0  -0.00054

  768.0  -0.00057

  769.0  -0.00063

  770.0  -0.00074

  771.0  -0.00071

  772.0  -0.00080

  773.0  -0.00094

  774.0  -0.00100

  775.0  -0.00103

  776.0  -0.00112

  777.0  -0.00112

  778.0  -0.00118

  779.0  -0.00121

  780.0  -0.00119

  781.0  -0.00110

  782.0  -0.00099

  783.0  -0.00090

  784.0  -0.00085

  785.0  -0.00079

  786.0  -0.00062

  787.0  -0.00059

  788.0  -0.00059

  789.0  -0.00062

  790.0  -0.00053

  791.0  -0.00056

  792.0  -0.00062

  793.0  -0.00062

  794.0  -0.00069

  795.0  -0.00063

  796.0  -0.00069

  797.0  -0.00075

  798.0  -0.00078

  799.0  -0.00081

  800.0  -0.00081

 
