ser ID: DU600

Method ID: A:\DEFAULT

Date: 07/31/00

Time: 08:38

 200.0   1.56518

  201.0   1.52763

  202.0   1.55866

  203.0   1.55055

  204.0   1.49446

  205.0   1.44681

  206.0   1.40565

  207.0   1.35196

  208.0   1.31175

  209.0   1.28576

  210.0   1.25163

  211.0   1.20468

  212.0   1.18180

  213.0   1.14081

  214.0   1.11935

  215.0   1.09440

  216.0   1.07446

  217.0   1.05419

  218.0   1.03353

  219.0   1.01444

  220.0   0.99399

  221.0   0.97862

  222.0   0.96175

  223.0   0.94932

  224.0   0.93586

  225.0   0.92537

  226.0   0.91627

  227.0   0.90879

  228.0   0.90176

  229.0   0.89619

  230.0   0.88956

  231.0   0.88613

  232.0   0.87934

  233.0   0.87429

  234.0   0.86781

  235.0   0.85854

  236.0   0.84420

  237.0   0.82519

  238.0   0.80181

  239.0   0.76833

  240.0   0.73182

  241.0   0.69386

  242.0   0.65449

  243.0   0.61324

  244.0   0.57845

  245.0   0.54482

  246.0   0.51643

  247.0   0.48796

  248.0   0.46436

  249.0   0.44410

  250.0   0.42411

  251.0   0.40579

  252.0   0.39104

  253.0   0.37627

  254.0   0.36277

  255.0   0.34922

  256.0   0.33618

  257.0   0.32411

  258.0   0.31340

  259.0   0.30191

  260.0   0.29143

  261.0   0.28144

  262.0   0.27044

  263.0   0.26137

  264.0   0.25253

  265.0   0.24382

  266.0   0.23659

  267.0   0.22998

  268.0   0.22413

  269.0   0.21751

  270.0   0.21089

  271.0   0.20475

  272.0   0.19837

  273.0   0.19298

  274.0   0.18675

  275.0   0.17942

  276.0   0.17399

  277.0   0.16708

  278.0   0.15957

  279.0   0.15316

  280.0   0.14663

  281.0   0.13916

  282.0   0.13339

  283.0   0.12755

  284.0   0.12105

  285.0   0.11450

  286.0   0.10850

  287.0   0.10234

  288.0   0.09655

  289.0   0.09186

  290.0   0.08673

  291.0   0.08304

  292.0   0.07976

  293.0   0.07595

  294.0   0.07245

  295.0   0.06828

  296.0   0.06485

  297.0   0.06226

  298.0   0.05969

  299.0   0.05748

  300.0   0.05458

  301.0   0.05349

  302.0   0.05112

  303.0   0.04910

  304.0   0.04819

  305.0   0.04562

  306.0   0.04441

  307.0   0.04388

  308.0   0.04239

  309.0   0.04165

  310.0   0.04045

  311.0   0.03973

  312.0   0.03895

  313.0   0.03767

  314.0   0.03777

  315.0   0.03691

  316.0   0.03673

  317.0   0.03653

  318.0   0.03642

  319.0   0.03653

  320.0   0.03733

  321.0   0.03716

  322.0   0.03766

  323.0   0.03874

  324.0   0.03928

  325.0   0.03960

  326.0   0.04028

  327.0   0.04162

  328.0   0.04243

  329.0   0.04401

  330.0   0.04478

  331.0   0.04629

  332.0   0.04714

  333.0   0.04812

  334.0   0.04961

  335.0   0.05114

  336.0   0.05248

  337.0   0.05394

  338.0   0.05594

  339.0   0.05696

  340.0   0.05773

  341.0   0.05943

  342.0   0.06145

  343.0   0.06327

  344.0   0.06475

  345.0   0.06518

  346.0   0.06677

  347.0   0.06770

  348.0   0.06903

  349.0   0.06987

  350.0   0.07118

  351.0   0.07172

  352.0   0.07275

  353.0   0.07244

  354.0   0.07284

  355.0   0.07270

  356.0   0.07268

  357.0   0.07289

  358.0   0.07166

  359.0   0.07117

  360.0   0.07062

  361.0   0.07067

  362.0   0.07017

  363.0   0.06941

  364.0   0.06771

  365.0   0.06666

  366.0   0.06496

  367.0   0.06340

  368.0   0.06197

  369.0   0.06074

  370.0   0.05986

  371.0   0.05837

  372.0   0.05656

  373.0   0.05539

  374.0   0.05409

  375.0   0.05281

  376.0   0.05095

  377.0   0.04979

  378.0   0.04881

  379.0   0.04762

  380.0   0.04620

  381.0   0.04508

  382.0   0.04423

  383.0   0.04310

  384.0   0.04162

  385.0   0.04114

  386.0   0.03973

  387.0   0.03919

  388.0   0.03821

  389.0   0.03712

  390.0   0.03630

  391.0   0.03571

  392.0   0.03494

  393.0   0.03450

  394.0   0.03318

  395.0   0.03271

  396.0   0.03204

  397.0   0.03151

  398.0   0.03094

  399.0   0.03057

  400.0   0.03005

  401.0   0.02951

  402.0   0.02877

  403.0   0.02841

  404.0   0.02773

  405.0   0.02702

  406.0   0.02655

  407.0   0.02590

  408.0   0.02566

  409.0   0.02520

  410.0   0.02469

  411.0   0.02413

  412.0   0.02339

  413.0   0.02276

  414.0   0.02255

  415.0   0.02231

  416.0   0.02149

  417.0   0.02077

  418.0   0.02031

  419.0   0.01991

  420.0   0.01941

  421.0   0.01893

  422.0   0.01827

  423.0   0.01783

  424.0   0.01700

  425.0   0.01646

  426.0   0.01604

  427.0   0.01553

  428.0   0.01491

  429.0   0.01467

  430.0   0.01415

  431.0   0.01362

  432.0   0.01319

  433.0   0.01275

  434.0   0.01241

  435.0   0.01202

  436.0   0.01162

  437.0   0.01122

  438.0   0.01087

  439.0   0.01066

  440.0   0.01035

  441.0   0.00993

  442.0   0.00960

  443.0   0.00931

  444.0   0.00917

  445.0   0.00880

  446.0   0.00850

  447.0   0.00833

  448.0   0.00810

  449.0   0.00782

  450.0   0.00756

  451.0   0.00718

  452.0   0.00702

  453.0   0.00662

  454.0   0.00653

  455.0   0.00631

  456.0   0.00606

  457.0   0.00590

  458.0   0.00566

  459.0   0.00543

  460.0   0.00539

  461.0   0.00520

  462.0   0.00499

  463.0   0.00482

  464.0   0.00464

  465.0   0.00442

  466.0   0.00408

  467.0   0.00400

  468.0   0.00373

  469.0   0.00361

  470.0   0.00344

  471.0   0.00329

  472.0   0.00297

  473.0   0.00280

  474.0   0.00259

  475.0   0.00259

  476.0   0.00232

  477.0   0.00223

  478.0   0.00201

  479.0   0.00197

  480.0   0.00177

  481.0   0.00161

  482.0   0.00140

  483.0   0.00128

  484.0   0.00114

  485.0   0.00095

  486.0   0.00084

  487.0   0.00072

  488.0   0.00052

  489.0   0.00047

  490.0   0.00033

  491.0   0.00020

  492.0   0.00007

  493.0  -0.00004

  494.0  -0.00002

  495.0  -0.00008

  496.0  -0.00010

  497.0  -0.00021

  498.0  -0.00031

  499.0  -0.00039

  500.0  -0.00040

  501.0  -0.00040

  502.0  -0.00048

  503.0  -0.00051

  504.0  -0.00059

  505.0  -0.00060

  506.0  -0.00069

  507.0  -0.00073

  508.0  -0.00072

  509.0  -0.00082

  510.0  -0.00087

  511.0  -0.00094

  512.0  -0.00101

  513.0  -0.00106

  514.0  -0.00108

  515.0  -0.00113

  516.0  -0.00112

  517.0  -0.00125

  518.0  -0.00130

  519.0  -0.00137

  520.0  -0.00144

  521.0  -0.00148

  522.0  -0.00158

  523.0  -0.00164

  524.0  -0.00167

  525.0  -0.00178

  526.0  -0.00180

  527.0  -0.00184

  528.0  -0.00187

  529.0  -0.00189

  530.0  -0.00197

  531.0  -0.00203

  532.0  -0.00205

  533.0  -0.00216

  534.0  -0.00211

  535.0  -0.00221

  536.0  -0.00227

  537.0  -0.00232

  538.0  -0.00231

  539.0  -0.00234

  540.0  -0.00227

  541.0  -0.00226

  542.0  -0.00219

  543.0  -0.00227

  544.0  -0.00229

  545.0  -0.00229

  546.0  -0.00221

  547.0  -0.00223

  548.0  -0.00222

  549.0  -0.00220

  550.0  -0.00221

  551.0  -0.00226

  552.0  -0.00224

  553.0  -0.00225

  554.0  -0.00222

  555.0  -0.00226

  556.0  -0.00220

  557.0  -0.00175

  558.0  -0.00179

  559.0  -0.00179

  560.0  -0.00178

  561.0  -0.00175

  562.0  -0.00167

  563.0  -0.00173

  564.0  -0.00170

  565.0  -0.00166

  566.0  -0.00165

  567.0  -0.00171

  568.0  -0.00165

  569.0  -0.00164

  570.0  -0.00158

  571.0  -0.00162

  572.0  -0.00156

  573.0  -0.00153

  574.0  -0.00152

  575.0  -0.00149

  576.0  -0.00142

  577.0  -0.00141

  578.0  -0.00140

  579.0  -0.00137

  580.0  -0.00128

  581.0  -0.00123

  582.0  -0.00119

  583.0  -0.00110

  584.0  -0.00105

  585.0  -0.00099

  586.0  -0.00095

  587.0  -0.00090

  588.0  -0.00084

  589.0  -0.00082

  590.0  -0.00075

  591.0  -0.00075

  592.0  -0.00075

  593.0  -0.00076

  594.0  -0.00076

  595.0  -0.00077

  596.0  -0.00081

  597.0  -0.00081

  598.0  -0.00078

  599.0  -0.00080

  600.0  -0.00081

  601.0  -0.00077

  602.0  -0.00077

  603.0  -0.00073

  604.0  -0.00069

  605.0  -0.00069

  606.0  -0.00076

  607.0  -0.00078

  608.0  -0.00079

  609.0  -0.00077

  610.0  -0.00075

  611.0  -0.00075

  612.0  -0.00073

  613.0  -0.00075

  614.0  -0.00076

  615.0  -0.00074

  616.0  -0.00074

  617.0  -0.00079

  618.0  -0.00079

  619.0  -0.00077

  620.0  -0.00077

  621.0  -0.00075

  622.0  -0.00075

  623.0  -0.00076

  624.0  -0.00071

  625.0  -0.00071

  626.0  -0.00067

  627.0  -0.00069

  628.0  -0.00067

  629.0  -0.00067

  630.0  -0.00065

  631.0  -0.00062

  632.0  -0.00060

  633.0  -0.00053

  634.0  -0.00048

  635.0  -0.00046

  636.0  -0.00050

  637.0  -0.00051

  638.0  -0.00048

  639.0  -0.00048

  640.0  -0.00049

  641.0  -0.00048

  642.0  -0.00046

  643.0  -0.00043

  644.0  -0.00041

  645.0  -0.00039

  646.0  -0.00038

  647.0  -0.00034

  648.0  -0.00032

  649.0  -0.00039

  650.0  -0.00036

  651.0  -0.00036

  652.0  -0.00032

  653.0  -0.00031

  654.0  -0.00029

  655.0  -0.00024

  656.0  -0.00021

  657.0  -0.00019

  658.0  -0.00014

  659.0  -0.00009

  660.0  -0.00010

  661.0  -0.00009

  662.0  -0.00000

  663.0   0.00002

  664.0  -0.00000

  665.0   0.00002

  666.0   0.00005

  667.0   0.00007

  668.0   0.00005

  669.0   0.00007

  670.0   0.00011

  671.0   0.00012

  672.0   0.00016

  673.0   0.00018

  674.0   0.00023

  675.0   0.00021

  676.0   0.00018

  677.0   0.00021

  678.0   0.00020

  679.0   0.00016

  680.0   0.00013

  681.0   0.00013

  682.0   0.00011

  683.0   0.00015

  684.0   0.00011

  685.0   0.00013

  686.0   0.00011

  687.0   0.00017

  688.0   0.00017

  689.0   0.00011

  690.0   0.00011

  691.0   0.00011

  692.0   0.00015

  693.0   0.00019

  694.0   0.00019

  695.0   0.00019

  696.0   0.00013

  697.0   0.00015

  698.0   0.00017

  699.0   0.00018

  700.0   0.00018

  701.0   0.00014

  702.0   0.00014

  703.0   0.00016

  704.0   0.00010

  705.0   0.00008

  706.0   0.00006

  707.0   0.00010

  708.0   0.00008

  709.0   0.00014

  710.0   0.00017

  711.0   0.00023

  712.0   0.00025

  713.0   0.00023

  714.0   0.00026

  715.0   0.00019

  716.0   0.00017

  717.0   0.00020

  718.0   0.00017

  719.0   0.00015

  720.0   0.00022

  721.0   0.00022

  722.0   0.00018

  723.0   0.00025

  724.0   0.00032

  725.0   0.00030

  726.0   0.00035

  727.0   0.00031

  728.0   0.00033

  729.0   0.00033

  730.0   0.00031

  731.0   0.00032

  732.0   0.00032

  733.0   0.00032

  734.0   0.00037

  735.0   0.00040

  736.0   0.00060

  737.0   0.00057

  738.0   0.00051

  739.0   0.00043

  740.0   0.00043

  741.0   0.00037

  742.0   0.00040

  743.0   0.00034

  744.0   0.00037

  745.0   0.00037

  746.0   0.00037

  747.0   0.00037

  748.0   0.00034

  749.0   0.00025

  750.0   0.00022

  751.0   0.00022

  752.0   0.00011

  753.0   0.00008

  754.0   0.00006

  755.0  -0.00000

  756.0   0.00003

  757.0  -0.00000

  758.0   0.00003

  759.0   0.00006

  760.0   0.00006

  761.0  -0.00003

  762.0   0.00003

  763.0  -0.00000

  764.0  -0.00000

  765.0  -0.00003

  766.0  -0.00006

  767.0  -0.00006

  768.0   0.00003

  769.0  -0.00006

  770.0  -0.00000

  771.0  -0.00006

  772.0  -0.00006

  773.0  -0.00011

  774.0  -0.00014

  775.0  -0.00014

  776.0  -0.00026

  777.0  -0.00026

  778.0  -0.00032

  779.0  -0.00038

  780.0  -0.00035

  781.0  -0.00035

  782.0  -0.00041

  783.0  -0.00047

  784.0  -0.00044

  785.0  -0.00044

  786.0  -0.00044

  787.0  -0.00044

  788.0  -0.00044

  789.0  -0.00041

  790.0  -0.00038

  791.0  -0.00041

  792.0  -0.00050

  793.0  -0.00054

  794.0  -0.00054

  795.0  -0.00045

  796.0  -0.00057

  797.0  -0.00060

  798.0  -0.00057

  799.0  -0.00057

  800.0  -0.00060

 
