ser ID: DU600

Method ID: A:\DEFAULT

Date: 07/31/00

Time: 08:41

 200.0   1.57646

  201.0   1.57339

  202.0   1.55023

  203.0   1.52110

  204.0   1.48256

  205.0   1.45679

  206.0   1.42252

  207.0   1.36564

  208.0   1.31458

  209.0   1.25972

  210.0   1.22704

  211.0   1.20468

  212.0   1.17704

  213.0   1.14494

  214.0   1.11688

  215.0   1.09890

  216.0   1.07140

  217.0   1.05047

  218.0   1.02589

  219.0   1.00817

  220.0   0.99545

  221.0   0.97998

  222.0   0.96302

  223.0   0.94813

  224.0   0.93530

  225.0   0.92325

  226.0   0.91275

  227.0   0.90303

  228.0   0.89624

  229.0   0.89177

  230.0   0.88532

  231.0   0.88120

  232.0   0.87459

  233.0   0.86853

  234.0   0.85892

  235.0   0.84852

  236.0   0.83561

  237.0   0.81800

  238.0   0.79472

  239.0   0.76291

  240.0   0.72893

  241.0   0.69025

  242.0   0.65052

  243.0   0.60982

  244.0   0.57620

  245.0   0.54412

  246.0   0.51478

  247.0   0.48671

  248.0   0.46436

  249.0   0.44324

  250.0   0.42397

  251.0   0.40552

  252.0   0.39064

  253.0   0.37562

  254.0   0.36277

  255.0   0.34910

  256.0   0.33569

  257.0   0.32447

  258.0   0.31329

  259.0   0.30215

  260.0   0.29237

  261.0   0.28213

  262.0   0.27101

  263.0   0.26194

  264.0   0.25366

  265.0   0.24483

  266.0   0.23704

  267.0   0.23099

  268.0   0.22435

  269.0   0.21784

  270.0   0.21133

  271.0   0.20452

  272.0   0.19782

  273.0   0.19276

  274.0   0.18643

  275.0   0.17920

  276.0   0.17324

  277.0   0.16613

  278.0   0.15874

  279.0   0.15224

  280.0   0.14552

  281.0   0.13827

  282.0   0.13222

  283.0   0.12648

  284.0   0.12028

  285.0   0.11383

  286.0   0.10794

  287.0   0.10152

  288.0   0.09573

  289.0   0.09186

  290.0   0.08717

  291.0   0.08322

  292.0   0.07941

  293.0   0.07518

  294.0   0.07211

  295.0   0.06828

  296.0   0.06477

  297.0   0.06226

  298.0   0.06010

  299.0   0.05723

  300.0   0.05524

  301.0   0.05299

  302.0   0.05087

  303.0   0.04926

  304.0   0.04895

  305.0   0.04628

  306.0   0.04483

  307.0   0.04422

  308.0   0.04256

  309.0   0.04157

  310.0   0.04124

  311.0   0.03964

  312.0   0.03940

  313.0   0.03877

  314.0   0.03887

  315.0   0.03803

  316.0   0.03711

  317.0   0.03682

  318.0   0.03672

  319.0   0.03713

  320.0   0.03824

  321.0   0.03838

  322.0   0.03776

  323.0   0.03863

  324.0   0.03960

  325.0   0.04045

  326.0   0.04082

  327.0   0.04183

  328.0   0.04232

  329.0   0.04347

  330.0   0.04489

  331.0   0.04596

  332.0   0.04811

  333.0   0.04899

  334.0   0.05015

  335.0   0.05114

  336.0   0.05140

  337.0   0.05309

  338.0   0.05477

  339.0   0.05696

  340.0   0.05783

  341.0   0.05975

  342.0   0.06166

  343.0   0.06242

  344.0   0.06359

  345.0   0.06465

  346.0   0.06634

  347.0   0.06707

  348.0   0.06830

  349.0   0.06903

  350.0   0.06970

  351.0   0.07035

  352.0   0.07158

  353.0   0.07191

  354.0   0.07231

  355.0   0.07120

  356.0   0.07183

  357.0   0.07189

  358.0   0.07112

  359.0   0.07127

  360.0   0.07031

  361.0   0.06944

  362.0   0.06868

  363.0   0.06775

  364.0   0.06704

  365.0   0.06610

  366.0   0.06487

  367.0   0.06288

  368.0   0.06146

  369.0   0.05991

  370.0   0.05865

  371.0   0.05797

  372.0   0.05610

  373.0   0.05524

  374.0   0.05359

  375.0   0.05219

  376.0   0.05036

  377.0   0.04941

  378.0   0.04806

  379.0   0.04714

  380.0   0.04591

  381.0   0.04497

  382.0   0.04396

  383.0   0.04283

  384.0   0.04131

  385.0   0.04070

  386.0   0.03964

  387.0   0.03910

  388.0   0.03798

  389.0   0.03703

  390.0   0.03591

  391.0   0.03542

  392.0   0.03465

  393.0   0.03438

  394.0   0.03298

  395.0   0.03279

  396.0   0.03200

  397.0   0.03132

  398.0   0.03082

  399.0   0.03027

  400.0   0.03002

  401.0   0.02936

  402.0   0.02863

  403.0   0.02816

  404.0   0.02738

  405.0   0.02702

  406.0   0.02645

  407.0   0.02590

  408.0   0.02560

  409.0   0.02502

  410.0   0.02455

  411.0   0.02398

  412.0   0.02337

  413.0   0.02285

  414.0   0.02247

  415.0   0.02217

  416.0   0.02140

  417.0   0.02085

  418.0   0.02014

  419.0   0.01974

  420.0   0.01924

  421.0   0.01861

  422.0   0.01804

  423.0   0.01768

  424.0   0.01700

  425.0   0.01646

  426.0   0.01583

  427.0   0.01546

  428.0   0.01485

  429.0   0.01441

  430.0   0.01408

  431.0   0.01355

  432.0   0.01307

  433.0   0.01258

  434.0   0.01223

  435.0   0.01179

  436.0   0.01145

  437.0   0.01106

  438.0   0.01082

  439.0   0.01051

  440.0   0.01020

  441.0   0.00973

  442.0   0.00946

  443.0   0.00921

  444.0   0.00898

  445.0   0.00875

  446.0   0.00854

  447.0   0.00838

  448.0   0.00810

  449.0   0.00787

  450.0   0.00752

  451.0   0.00726

  452.0   0.00715

  453.0   0.00671

  454.0   0.00649

  455.0   0.00623

  456.0   0.00598

  457.0   0.00586

  458.0   0.00566

  459.0   0.00543

  460.0   0.00531

  461.0   0.00520

  462.0   0.00495

  463.0   0.00482

  464.0   0.00464

  465.0   0.00442

  466.0   0.00412

  467.0   0.00389

  468.0   0.00369

  469.0   0.00347

  470.0   0.00334

  471.0   0.00322

  472.0   0.00294

  473.0   0.00280

  474.0   0.00250

  475.0   0.00244

  476.0   0.00226

  477.0   0.00223

  478.0   0.00204

  479.0   0.00194

  480.0   0.00172

  481.0   0.00156

  482.0   0.00140

  483.0   0.00130

  484.0   0.00118

  485.0   0.00095

  486.0   0.00082

  487.0   0.00074

  488.0   0.00050

  489.0   0.00043

  490.0   0.00031

  491.0   0.00020

  492.0   0.00007

  493.0   0.00004

  494.0  -0.00000

  495.0  -0.00008

  496.0  -0.00012

  497.0  -0.00019

  498.0  -0.00029

  499.0  -0.00030

  500.0  -0.00034

  501.0  -0.00036

  502.0  -0.00040

  503.0  -0.00047

  504.0  -0.00057

  505.0  -0.00056

  506.0  -0.00066

  507.0  -0.00073

  508.0  -0.00076

  509.0  -0.00078

  510.0  -0.00087

  511.0  -0.00090

  512.0  -0.00099

  513.0  -0.00102

  514.0  -0.00104

  515.0  -0.00109

  516.0  -0.00114

  517.0  -0.00123

  518.0  -0.00130

  519.0  -0.00139

  520.0  -0.00139

  521.0  -0.00144

  522.0  -0.00160

  523.0  -0.00162

  524.0  -0.00169

  525.0  -0.00178

  526.0  -0.00182

  527.0  -0.00182

  528.0  -0.00187

  529.0  -0.00193

  530.0  -0.00204

  531.0  -0.00204

  532.0  -0.00203

  533.0  -0.00207

  534.0  -0.00208

  535.0  -0.00218

  536.0  -0.00227

  537.0  -0.00230

  538.0  -0.00229

  539.0  -0.00230

  540.0  -0.00227

  541.0  -0.00226

  542.0  -0.00223

  543.0  -0.00229

  544.0  -0.00229

  545.0  -0.00225

  546.0  -0.00220

  547.0  -0.00223

  548.0  -0.00225

  549.0  -0.00228

  550.0  -0.00221

  551.0  -0.00226

  552.0  -0.00228

  553.0  -0.00231

  554.0  -0.00228

  555.0  -0.00230

  556.0  -0.00218

  557.0  -0.00215

  558.0  -0.00219

  559.0  -0.00216

  560.0  -0.00213

  561.0  -0.00210

  562.0  -0.00211

  563.0  -0.00214

  564.0  -0.00213

  565.0  -0.00211

  566.0  -0.00214

  567.0  -0.00215

  568.0  -0.00207

  569.0  -0.00212

  570.0  -0.00206

  571.0  -0.00205

  572.0  -0.00197

  573.0  -0.00198

  574.0  -0.00194

  575.0  -0.00195

  576.0  -0.00185

  577.0  -0.00180

  578.0  -0.00179

  579.0  -0.00174

  580.0  -0.00169

  581.0  -0.00162

  582.0  -0.00159

  583.0  -0.00154

  584.0  -0.00153

  585.0  -0.00152

  586.0  -0.00148

  587.0  -0.00145

  588.0  -0.00135

  589.0  -0.00134

  590.0  -0.00125

  591.0  -0.00123

  592.0  -0.00117

  593.0  -0.00116

  594.0  -0.00110

  595.0  -0.00113

  596.0  -0.00115

  597.0  -0.00120

  598.0  -0.00119

  599.0  -0.00121

  600.0  -0.00129

  601.0  -0.00125

  602.0  -0.00125

  603.0  -0.00124

  604.0  -0.00120

  605.0  -0.00120

  606.0  -0.00123

  607.0  -0.00124

  608.0  -0.00124

  609.0  -0.00118

  610.0  -0.00116

  611.0  -0.00118

  612.0  -0.00114

  613.0  -0.00115

  614.0  -0.00115

  615.0  -0.00115

  616.0  -0.00116

  617.0  -0.00121

  618.0  -0.00126

  619.0  -0.00122

  620.0  -0.00124

  621.0  -0.00118

  622.0  -0.00122

  623.0  -0.00116

  624.0  -0.00116

  625.0  -0.00114

  626.0  -0.00116

  627.0  -0.00114

  628.0  -0.00117

  629.0  -0.00119

  630.0  -0.00113

  631.0  -0.00112

  632.0  -0.00105

  633.0  -0.00103

  634.0  -0.00103

  635.0  -0.00101

  636.0  -0.00097

  637.0  -0.00094

  638.0  -0.00090

  639.0  -0.00090

  640.0  -0.00094

  641.0  -0.00092

  642.0  -0.00094

  643.0  -0.00090

  644.0  -0.00090

  645.0  -0.00087

  646.0  -0.00087

  647.0  -0.00085

  648.0  -0.00077

  649.0  -0.00079

  650.0  -0.00072

  651.0  -0.00072

  652.0  -0.00073

  653.0  -0.00070

  654.0  -0.00070

  655.0  -0.00067

  656.0  -0.00067

  657.0  -0.00064

  658.0  -0.00057

  659.0  -0.00059

  660.0  -0.00059

  661.0  -0.00059

  662.0  -0.00052

  663.0  -0.00052

  664.0  -0.00050

  665.0  -0.00049

  666.0  -0.00047

  667.0  -0.00042

  668.0  -0.00044

  669.0  -0.00038

  670.0  -0.00037

  671.0  -0.00033

  672.0  -0.00037

  673.0  -0.00032

  674.0  -0.00030

  675.0  -0.00035

  676.0  -0.00034

  677.0  -0.00030

  678.0  -0.00034

  679.0  -0.00030

  680.0  -0.00032

  681.0  -0.00036

  682.0  -0.00042

  683.0  -0.00040

  684.0  -0.00046

  685.0  -0.00046

  686.0  -0.00044

  687.0  -0.00042

  688.0  -0.00044

  689.0  -0.00045

  690.0  -0.00037

  691.0  -0.00021

  692.0  -0.00004

  693.0  -0.00006

  694.0  -0.00000

  695.0   0.00002

  696.0  -0.00000

  697.0   0.00002

  698.0   0.00014

  699.0   0.00018

  700.0   0.00020

  701.0   0.00026

  702.0   0.00030

  703.0   0.00034

  704.0   0.00030

  705.0   0.00030

  706.0   0.00026

  707.0   0.00029

  708.0   0.00029

  709.0   0.00031

  710.0   0.00029

  711.0   0.00027

  712.0   0.00019

  713.0   0.00015

  714.0   0.00011

  715.0   0.00009

  716.0   0.00013

  717.0   0.00020

  718.0   0.00022

  719.0   0.00022

  720.0   0.00024

  721.0   0.00025

  722.0   0.00027

  723.0   0.00032

  724.0   0.00037

  725.0   0.00042

  726.0   0.00054

  727.0   0.00059

  728.0   0.00062

  729.0   0.00060

  730.0   0.00058

  731.0   0.00061

  732.0   0.00059

  733.0   0.00064

  734.0   0.00059

  735.0   0.00055

  736.0   0.00086

  737.0   0.00077

  738.0   0.00074

  739.0   0.00071

  740.0   0.00071

  741.0   0.00065

  742.0   0.00068

  743.0   0.00062

  744.0   0.00065

  745.0   0.00059

  746.0   0.00062

  747.0   0.00056

  748.0   0.00053

  749.0   0.00053

  750.0   0.00051

  751.0   0.00051

  752.0   0.00048

  753.0   0.00042

  754.0   0.00045

  755.0   0.00034

  756.0   0.00031

  757.0   0.00025

  758.0   0.00031

  759.0   0.00034

  760.0   0.00028

  761.0   0.00020

  762.0   0.00023

  763.0   0.00020

  764.0   0.00017

  765.0   0.00011

  766.0   0.00011

  767.0   0.00011

  768.0   0.00009

  769.0   0.00006

  770.0   0.00009

  771.0   0.00006

  772.0   0.00003

  773.0   0.00003

  774.0  -0.00003

  775.0  -0.00006

  776.0  -0.00009

  777.0  -0.00014

  778.0  -0.00017

  779.0  -0.00026

  780.0  -0.00029

  781.0  -0.00029

  782.0  -0.00035

  783.0  -0.00035

  784.0  -0.00029

  785.0  -0.00023

  786.0  -0.00023

  787.0  -0.00023

  788.0  -0.00024

  789.0  -0.00024

  790.0  -0.00024

  791.0  -0.00033

  792.0  -0.00036

  793.0  -0.00036

  794.0  -0.00042

  795.0  -0.00036

  796.0  -0.00045

  797.0  -0.00051

  798.0  -0.00045

  799.0  -0.00045

  800.0  -0.00051

 
