ser ID: DU600

Method ID: A:\DEFAULT

Date: 07/31/00

Time: 08:42

 200.0   1.50303

  201.0   1.50232

  202.0   1.55023

  203.0   1.54300

  204.0   1.46531

  205.0   1.42750

  206.0   1.39341

  207.0   1.36218

  208.0   1.32609

  209.0   1.27850

  210.0   1.24535

  211.0   1.20646

  212.0   1.17862

  213.0   1.14218

  214.0   1.11564

  215.0   1.09440

  216.0   1.07446

  217.0   1.05419

  218.0   1.03012

  219.0   1.01130

  220.0   0.99254

  221.0   0.97794

  222.0   0.95986

  223.0   0.94518

  224.0   0.93252

  225.0   0.92537

  226.0   0.91225

  227.0   0.90590

  228.0   0.89533

  229.0   0.88826

  230.0   0.88112

  231.0   0.87633

  232.0   0.87341

  233.0   0.86663

  234.0   0.85855

  235.0   0.84746

  236.0   0.83425

  237.0   0.81477

  238.0   0.79045

  239.0   0.76065

  240.0   0.72631

  241.0   0.69073

  242.0   0.65162

  243.0   0.60962

  244.0   0.57416

  245.0   0.54290

  246.0   0.51396

  247.0   0.48640

  248.0   0.46346

  249.0   0.44338

  250.0   0.42453

  251.0   0.40565

  252.0   0.38999

  253.0   0.37537

  254.0   0.36201

  255.0   0.34873

  256.0   0.33679

  257.0   0.32495

  258.0   0.31412

  259.0   0.30285

  260.0   0.29225

  261.0   0.28178

  262.0   0.27078

  263.0   0.26194

  264.0   0.25400

  265.0   0.24596

  266.0   0.23794

  267.0   0.23088

  268.0   0.22458

  269.0   0.21784

  270.0   0.21078

  271.0   0.20486

  272.0   0.19859

  273.0   0.19320

  274.0   0.18599

  275.0   0.17942

  276.0   0.17228

  277.0   0.16519

  278.0   0.15801

  279.0   0.15183

  280.0   0.14633

  281.0   0.13876

  282.0   0.13202

  283.0   0.12648

  284.0   0.12028

  285.0   0.11327

  286.0   0.10785

  287.0   0.10142

  288.0   0.09600

  289.0   0.09160

  290.0   0.08700

  291.0   0.08296

  292.0   0.07889

  293.0   0.07501

  294.0   0.07151

  295.0   0.06837

  296.0   0.06519

  297.0   0.06226

  298.0   0.06010

  299.0   0.05723

  300.0   0.05524

  301.0   0.05316

  302.0   0.05145

  303.0   0.04993

  304.0   0.04886

  305.0   0.04679

  306.0   0.04525

  307.0   0.04413

  308.0   0.04247

  309.0   0.04165

  310.0   0.04107

  311.0   0.04062

  312.0   0.03984

  313.0   0.03849

  314.0   0.03897

  315.0   0.03803

  316.0   0.03730

  317.0   0.03760

  318.0   0.03721

  319.0   0.03733

  320.0   0.03774

  321.0   0.03849

  322.0   0.03776

  323.0   0.03863

  324.0   0.03981

  325.0   0.04034

  326.0   0.04082

  327.0   0.04216

  328.0   0.04243

  329.0   0.04369

  330.0   0.04446

  331.0   0.04585

  332.0   0.04789

  333.0   0.04942

  334.0   0.04971

  335.0   0.05136

  336.0   0.05119

  337.0   0.05298

  338.0   0.05445

  339.0   0.05622

  340.0   0.05805

  341.0   0.05975

  342.0   0.06113

  343.0   0.06242

  344.0   0.06348

  345.0   0.06391

  346.0   0.06550

  347.0   0.06728

  348.0   0.06851

  349.0   0.06914

  350.0   0.07023

  351.0   0.07014

  352.0   0.07106

  353.0   0.07107

  354.0   0.07156

  355.0   0.07163

  356.0   0.07161

  357.0   0.07134

  358.0   0.07079

  359.0   0.07074

  360.0   0.07010

  361.0   0.06965

  362.0   0.06888

  363.0   0.06795

  364.0   0.06628

  365.0   0.06555

  366.0   0.06460

  367.0   0.06253

  368.0   0.06129

  369.0   0.05991

  370.0   0.05808

  371.0   0.05727

  372.0   0.05580

  373.0   0.05502

  374.0   0.05388

  375.0   0.05233

  376.0   0.05023

  377.0   0.04934

  378.0   0.04794

  379.0   0.04696

  380.0   0.04538

  381.0   0.04486

  382.0   0.04385

  383.0   0.04273

  384.0   0.04147

  385.0   0.04020

  386.0   0.03935

  387.0   0.03887

  388.0   0.03784

  389.0   0.03708

  390.0   0.03608

  391.0   0.03576

  392.0   0.03461

  393.0   0.03418

  394.0   0.03318

  395.0   0.03279

  396.0   0.03208

  397.0   0.03151

  398.0   0.03078

  399.0   0.02997

  400.0   0.02968

  401.0   0.02914

  402.0   0.02877

  403.0   0.02823

  404.0   0.02780

  405.0   0.02699

  406.0   0.02648

  407.0   0.02581

  408.0   0.02557

  409.0   0.02520

  410.0   0.02475

  411.0   0.02404

  412.0   0.02331

  413.0   0.02271

  414.0   0.02234

  415.0   0.02217

  416.0   0.02140

  417.0   0.02077

  418.0   0.02014

  419.0   0.01966

  420.0   0.01908

  421.0   0.01861

  422.0   0.01827

  423.0   0.01768

  424.0   0.01693

  425.0   0.01639

  426.0   0.01597

  427.0   0.01546

  428.0   0.01491

  429.0   0.01461

  430.0   0.01421

  431.0   0.01368

  432.0   0.01319

  433.0   0.01263

  434.0   0.01229

  435.0   0.01190

  436.0   0.01156

  437.0   0.01122

  438.0   0.01082

  439.0   0.01056

  440.0   0.01020

  441.0   0.00978

  442.0   0.00955

  443.0   0.00926

  444.0   0.00898

  445.0   0.00866

  446.0   0.00850

  447.0   0.00820

  448.0   0.00796

  449.0   0.00782

  450.0   0.00752

  451.0   0.00713

  452.0   0.00702

  453.0   0.00666

  454.0   0.00649

  455.0   0.00631

  456.0   0.00611

  457.0   0.00590

  458.0   0.00566

  459.0   0.00547

  460.0   0.00531

  461.0   0.00508

  462.0   0.00491

  463.0   0.00474

  464.0   0.00453

  465.0   0.00431

  466.0   0.00401

  467.0   0.00382

  468.0   0.00366

  469.0   0.00354

  470.0   0.00344

  471.0   0.00322

  472.0   0.00297

  473.0   0.00283

  474.0   0.00259

  475.0   0.00253

  476.0   0.00232

  477.0   0.00223

  478.0   0.00207

  479.0   0.00194

  480.0   0.00174

  481.0   0.00158

  482.0   0.00143

  483.0   0.00123

  484.0   0.00111

  485.0   0.00095

  486.0   0.00084

  487.0   0.00069

  488.0   0.00052

  489.0   0.00045

  490.0   0.00029

  491.0   0.00020

  492.0   0.00004

  493.0  -0.00006

  494.0  -0.00006

  495.0  -0.00008

  496.0  -0.00015

  497.0  -0.00027

  498.0  -0.00031

  499.0  -0.00037

  500.0  -0.00028

  501.0  -0.00032

  502.0  -0.00038

  503.0  -0.00043

  504.0  -0.00055

  505.0  -0.00062

  506.0  -0.00066

  507.0  -0.00065

  508.0  -0.00061

  509.0  -0.00070

  510.0  -0.00076

  511.0  -0.00083

  512.0  -0.00092

  513.0  -0.00101

  514.0  -0.00109

  515.0  -0.00113

  516.0  -0.00120

  517.0  -0.00123

  518.0  -0.00128

  519.0  -0.00135

  520.0  -0.00135

  521.0  -0.00139

  522.0  -0.00155

  523.0  -0.00164

  524.0  -0.00171

  525.0  -0.00180

  526.0  -0.00182

  527.0  -0.00184

  528.0  -0.00189

  529.0  -0.00195

  530.0  -0.00202

  531.0  -0.00203

  532.0  -0.00203

  533.0  -0.00209

  534.0  -0.00208

  535.0  -0.00218

  536.0  -0.00224

  537.0  -0.00225

  538.0  -0.00225

  539.0  -0.00223

  540.0  -0.00223

  541.0  -0.00218

  542.0  -0.00217

  543.0  -0.00219

  544.0  -0.00218

  545.0  -0.00218

  546.0  -0.00214

  547.0  -0.00216

  548.0  -0.00223

  549.0  -0.00224

  550.0  -0.00228

  551.0  -0.00226

  552.0  -0.00230

  553.0  -0.00231

  554.0  -0.00228

  555.0  -0.00232

  556.0  -0.00222

  557.0  -0.00215

  558.0  -0.00216

  559.0  -0.00214

  560.0  -0.00211

  561.0  -0.00212

  562.0  -0.00211

  563.0  -0.00212

  564.0  -0.00213

  565.0  -0.00211

  566.0  -0.00212

  567.0  -0.00215

  568.0  -0.00209

  569.0  -0.00212

  570.0  -0.00206

  571.0  -0.00205

  572.0  -0.00199

  573.0  -0.00200

  574.0  -0.00196

  575.0  -0.00191

  576.0  -0.00183

  577.0  -0.00178

  578.0  -0.00175

  579.0  -0.00172

  580.0  -0.00167

  581.0  -0.00170

  582.0  -0.00165

  583.0  -0.00154

  584.0  -0.00153

  585.0  -0.00150

  586.0  -0.00148

  587.0  -0.00147

  588.0  -0.00136

  589.0  -0.00132

  590.0  -0.00124

  591.0  -0.00125

  592.0  -0.00126

  593.0  -0.00124

  594.0  -0.00121

  595.0  -0.00119

  596.0  -0.00120

  597.0  -0.00127

  598.0  -0.00127

  599.0  -0.00126

  600.0  -0.00126

  601.0  -0.00125

  602.0  -0.00125

  603.0  -0.00124

  604.0  -0.00118

  605.0  -0.00118

  606.0  -0.00121

  607.0  -0.00123

  608.0  -0.00122

  609.0  -0.00124

  610.0  -0.00121

  611.0  -0.00121

  612.0  -0.00116

  613.0  -0.00119

  614.0  -0.00118

  615.0  -0.00118

  616.0  -0.00118

  617.0  -0.00121

  618.0  -0.00121

  619.0  -0.00115

  620.0  -0.00120

  621.0  -0.00118

  622.0  -0.00122

  623.0  -0.00120

  624.0  -0.00114

  625.0  -0.00118

  626.0  -0.00117

  627.0  -0.00114

  628.0  -0.00114

  629.0  -0.00112

  630.0  -0.00110

  631.0  -0.00108

  632.0  -0.00108

  633.0  -0.00103

  634.0  -0.00098

  635.0  -0.00096

  636.0  -0.00092

  637.0  -0.00092

  638.0  -0.00094

  639.0  -0.00087

  640.0  -0.00092

  641.0  -0.00092

  642.0  -0.00089

  643.0  -0.00084

  644.0  -0.00082

  645.0  -0.00082

  646.0  -0.00080

  647.0  -0.00082

  648.0  -0.00077

  649.0  -0.00072

  650.0  -0.00061

  651.0  -0.00061

  652.0  -0.00053

  653.0  -0.00044

  654.0  -0.00045

  655.0  -0.00038

  656.0  -0.00038

  657.0  -0.00034

  658.0  -0.00029

  659.0  -0.00024

  660.0  -0.00017

  661.0  -0.00005

  662.0   0.00012

  663.0   0.00023

  664.0   0.00024

  665.0   0.00023

  666.0   0.00024

  667.0   0.00028

  668.0   0.00028

  669.0   0.00023

  670.0   0.00023

  671.0   0.00023

  672.0   0.00021

  673.0   0.00021

  674.0   0.00025

  675.0   0.00027

  676.0   0.00028

  677.0   0.00034

  678.0   0.00032

  679.0   0.00030

  680.0   0.00031

  681.0   0.00025

  682.0   0.00020

  683.0   0.00018

  684.0   0.00016

  685.0   0.00018

  686.0   0.00017

  687.0   0.00024

  688.0   0.00024

  689.0   0.00022

  690.0   0.00021

  691.0   0.00024

  692.0   0.00026

  693.0   0.00027

  694.0   0.00027

  695.0   0.00025

  696.0   0.00021

  697.0   0.00023

  698.0   0.00027

  699.0   0.00027

  700.0   0.00027

  701.0   0.00024

  702.0   0.00022

  703.0   0.00020

  704.0   0.00012

  705.0   0.00008

  706.0   0.00008

  707.0   0.00010

  708.0   0.00008

  709.0   0.00012

  710.0   0.00015

  711.0   0.00023

  712.0   0.00027

  713.0   0.00027

  714.0   0.00034

  715.0   0.00032

  716.0   0.00032

  717.0   0.00037

  718.0   0.00031

  719.0   0.00029

  720.0   0.00029

  721.0   0.00029

  722.0   0.00029

  723.0   0.00030

  724.0   0.00032

  725.0   0.00028

  726.0   0.00035

  727.0   0.00035

  728.0   0.00036

  729.0   0.00033

  730.0   0.00034

  731.0   0.00044

  732.0   0.00041

  733.0   0.00039

  734.0   0.00045

  735.0   0.00042

  736.0   0.00069

  737.0   0.00066

  738.0   0.00071

  739.0   0.00063

  740.0   0.00060

  741.0   0.00054

  742.0   0.00059

  743.0   0.00056

  744.0   0.00062

  745.0   0.00054

  746.0   0.00056

  747.0   0.00051

  748.0   0.00048

  749.0   0.00045

  750.0   0.00039

  751.0   0.00037

  752.0   0.00037

  753.0   0.00039

  754.0   0.00037

  755.0   0.00028

  756.0   0.00022

  757.0   0.00017

  758.0   0.00023

  759.0   0.00023

  760.0   0.00017

  761.0   0.00006

  762.0   0.00011

  763.0   0.00003

  764.0   0.00006

  765.0  -0.00000

  766.0  -0.00003

  767.0  -0.00000

  768.0  -0.00003

  769.0  -0.00009

  770.0  -0.00011

  771.0  -0.00009

  772.0  -0.00011

  773.0  -0.00014

  774.0  -0.00014

  775.0  -0.00006

  776.0  -0.00017

  777.0  -0.00017

  778.0  -0.00026

  779.0  -0.00035

  780.0  -0.00035

  781.0  -0.00035

  782.0  -0.00032

  783.0  -0.00038

  784.0  -0.00035

  785.0  -0.00029

  786.0  -0.00026

  787.0  -0.00032

  788.0  -0.00035

  789.0  -0.00035

  790.0  -0.00027

  791.0  -0.00033

  792.0  -0.00042

  793.0  -0.00033

  794.0  -0.00030

  795.0  -0.00027

  796.0  -0.00033

  797.0  -0.00039

  798.0  -0.00042

  799.0  -0.00042

  800.0  -0.00045

 
