ser ID: DU600

Method ID: A:\DEFAULT

Date: 07/31/00

Time: 08:43

 200.0   1.61218

  201.0   1.55450

  202.0   1.57604

  203.0   1.52827

  204.0   1.45970

  205.0   1.42750

  206.0   1.39745

  207.0   1.35874

  208.0   1.33791

  209.0   1.27373

  210.0   1.23916

  211.0   1.19937

  212.0   1.17704

  213.0   1.14081

  214.0   1.11935

  215.0   1.09664

  216.0   1.07858

  217.0   1.05606

  218.0   1.02927

  219.0   1.01287

  220.0   0.99472

  221.0   0.97794

  222.0   0.96049

  223.0   0.94518

  224.0   0.93586

  225.0   0.92272

  226.0   0.90975

  227.0   0.90065

  228.0   0.89170

  229.0   0.88651

  230.0   0.88112

  231.0   0.87673

  232.0   0.87184

  233.0   0.86436

  234.0   0.85599

  235.0   0.84570

  236.0   0.83087

  237.0   0.81252

  238.0   0.78985

  239.0   0.75896

  240.0   0.72501

  241.0   0.68953

  242.0   0.65030

  243.0   0.60821

  244.0   0.57397

  245.0   0.54133

  246.0   0.51314

  247.0   0.48563

  248.0   0.46406

  249.0   0.44367

  250.0   0.42439

  251.0   0.40512

  252.0   0.38985

  253.0   0.37549

  254.0   0.36226

  255.0   0.34836

  256.0   0.33691

  257.0   0.32531

  258.0   0.31412

  259.0   0.30274

  260.0   0.29190

  261.0   0.28201

  262.0   0.27113

  263.0   0.26217

  264.0   0.25389

  265.0   0.24607

  266.0   0.23772

  267.0   0.23122

  268.0   0.22458

  269.0   0.21728

  270.0   0.21100

  271.0   0.20430

  272.0   0.19859

  273.0   0.19331

  274.0   0.18588

  275.0   0.17899

  276.0   0.17292

  277.0   0.16498

  278.0   0.15832

  279.0   0.15173

  280.0   0.14593

  281.0   0.13837

  282.0   0.13202

  283.0   0.12600

  284.0   0.11952

  285.0   0.11346

  286.0   0.10748

  287.0   0.10124

  288.0   0.09609

  289.0   0.09160

  290.0   0.08726

  291.0   0.08278

  292.0   0.07907

  293.0   0.07518

  294.0   0.07177

  295.0   0.06854

  296.0   0.06511

  297.0   0.06235

  298.0   0.06019

  299.0   0.05723

  300.0   0.05532

  301.0   0.05308

  302.0   0.05136

  303.0   0.04993

  304.0   0.04895

  305.0   0.04729

  306.0   0.04559

  307.0   0.04447

  308.0   0.04247

  309.0   0.04209

  310.0   0.04150

  311.0   0.04053

  312.0   0.04038

  313.0   0.03886

  314.0   0.03906

  315.0   0.03822

  316.0   0.03720

  317.0   0.03750

  318.0   0.03750

  319.0   0.03763

  320.0   0.03804

  321.0   0.03859

  322.0   0.03860

  323.0   0.03905

  324.0   0.04055

  325.0   0.04024

  326.0   0.04071

  327.0   0.04205

  328.0   0.04211

  329.0   0.04358

  330.0   0.04467

  331.0   0.04629

  332.0   0.04822

  333.0   0.04931

  334.0   0.04993

  335.0   0.05050

  336.0   0.05119

  337.0   0.05330

  338.0   0.05498

  339.0   0.05622

  340.0   0.05730

  341.0   0.05954

  342.0   0.06060

  343.0   0.06242

  344.0   0.06317

  345.0   0.06360

  346.0   0.06561

  347.0   0.06675

  348.0   0.06830

  349.0   0.06882

  350.0   0.06960

  351.0   0.06961

  352.0   0.07074

  353.0   0.07033

  354.0   0.07177

  355.0   0.07131

  356.0   0.07108

  357.0   0.07178

  358.0   0.07068

  359.0   0.06989

  360.0   0.06958

  361.0   0.06893

  362.0   0.06908

  363.0   0.06717

  364.0   0.06666

  365.0   0.06537

  366.0   0.06397

  367.0   0.06218

  368.0   0.06129

  369.0   0.06000

  370.0   0.05881

  371.0   0.05727

  372.0   0.05588

  373.0   0.05458

  374.0   0.05324

  375.0   0.05191

  376.0   0.05062

  377.0   0.04954

  378.0   0.04806

  379.0   0.04684

  380.0   0.04521

  381.0   0.04424

  382.0   0.04352

  383.0   0.04289

  384.0   0.04157

  385.0   0.04050

  386.0   0.03944

  387.0   0.03858

  388.0   0.03752

  389.0   0.03685

  390.0   0.03630

  391.0   0.03550

  392.0   0.03474

  393.0   0.03422

  394.0   0.03294

  395.0   0.03255

  396.0   0.03181

  397.0   0.03147

  398.0   0.03094

  399.0   0.03023

  400.0   0.02983

  401.0   0.02940

  402.0   0.02867

  403.0   0.02820

  404.0   0.02762

  405.0   0.02726

  406.0   0.02658

  407.0   0.02565

  408.0   0.02551

  409.0   0.02508

  410.0   0.02446

  411.0   0.02401

  412.0   0.02353

  413.0   0.02287

  414.0   0.02234

  415.0   0.02223

  416.0   0.02131

  417.0   0.02068

  418.0   0.02031

  419.0   0.01966

  420.0   0.01924

  421.0   0.01869

  422.0   0.01796

  423.0   0.01768

  424.0   0.01700

  425.0   0.01646

  426.0   0.01590

  427.0   0.01540

  428.0   0.01485

  429.0   0.01448

  430.0   0.01415

  431.0   0.01368

  432.0   0.01319

  433.0   0.01269

  434.0   0.01235

  435.0   0.01190

  436.0   0.01156

  437.0   0.01116

  438.0   0.01082

  439.0   0.01061

  440.0   0.01020

  441.0   0.00983

  442.0   0.00951

  443.0   0.00926

  444.0   0.00903

  445.0   0.00875

  446.0   0.00850

  447.0   0.00815

  448.0   0.00792

  449.0   0.00760

  450.0   0.00739

  451.0   0.00713

  452.0   0.00698

  453.0   0.00662

  454.0   0.00649

  455.0   0.00627

  456.0   0.00602

  457.0   0.00586

  458.0   0.00558

  459.0   0.00543

  460.0   0.00535

  461.0   0.00516

  462.0   0.00495

  463.0   0.00482

  464.0   0.00456

  465.0   0.00446

  466.0   0.00423

  467.0   0.00404

  468.0   0.00391

  469.0   0.00368

  470.0   0.00351

  471.0   0.00329

  472.0   0.00306

  473.0   0.00292

  474.0   0.00265

  475.0   0.00253

  476.0   0.00234

  477.0   0.00223

  478.0   0.00204

  479.0   0.00197

  480.0   0.00182

  481.0   0.00163

  482.0   0.00145

  483.0   0.00128

  484.0   0.00114

  485.0   0.00102

  486.0   0.00094

  487.0   0.00081

  488.0   0.00057

  489.0   0.00045

  490.0   0.00029

  491.0   0.00020

  492.0   0.00011

  493.0   0.00004

  494.0  -0.00002

  495.0  -0.00006

  496.0  -0.00015

  497.0  -0.00023

  498.0  -0.00029

  499.0  -0.00026

  500.0  -0.00028

  501.0  -0.00032

  502.0  -0.00046

  503.0  -0.00049

  504.0  -0.00057

  505.0  -0.00052

  506.0  -0.00060

  507.0  -0.00065

  508.0  -0.00065

  509.0  -0.00074

  510.0  -0.00079

  511.0  -0.00081

  512.0  -0.00090

  513.0  -0.00101

  514.0  -0.00106

  515.0  -0.00109

  516.0  -0.00114

  517.0  -0.00123

  518.0  -0.00121

  519.0  -0.00132

  520.0  -0.00137

  521.0  -0.00139

  522.0  -0.00155

  523.0  -0.00156

  524.0  -0.00162

  525.0  -0.00174

  526.0  -0.00178

  527.0  -0.00182

  528.0  -0.00186

  529.0  -0.00195

  530.0  -0.00193

  531.0  -0.00201

  532.0  -0.00198

  533.0  -0.00205

  534.0  -0.00206

  535.0  -0.00212

  536.0  -0.00215

  537.0  -0.00219

  538.0  -0.00222

  539.0  -0.00219

  540.0  -0.00223

  541.0  -0.00218

  542.0  -0.00211

  543.0  -0.00215

  544.0  -0.00214

  545.0  -0.00212

  546.0  -0.00210

  547.0  -0.00214

  548.0  -0.00212

  549.0  -0.00214

  550.0  -0.00219

  551.0  -0.00222

  552.0  -0.00226

  553.0  -0.00221

  554.0  -0.00220

  555.0  -0.00224

  556.0  -0.00218

  557.0  -0.00210

  558.0  -0.00216

  559.0  -0.00216

  560.0  -0.00215

  561.0  -0.00212

  562.0  -0.00206

  563.0  -0.00207

  564.0  -0.00201

  565.0  -0.00200

  566.0  -0.00203

  567.0  -0.00211

  568.0  -0.00207

  569.0  -0.00214

  570.0  -0.00208

  571.0  -0.00209

  572.0  -0.00197

  573.0  -0.00198

  574.0  -0.00194

  575.0  -0.00191

  576.0  -0.00185

  577.0  -0.00184

  578.0  -0.00183

  579.0  -0.00180

  580.0  -0.00171

  581.0  -0.00168

  582.0  -0.00161

  583.0  -0.00150

  584.0  -0.00149

  585.0  -0.00145

  586.0  -0.00140

  587.0  -0.00133

  588.0  -0.00127

  589.0  -0.00124

  590.0  -0.00116

  591.0  -0.00117

  592.0  -0.00113

  593.0  -0.00118

  594.0  -0.00118

  595.0  -0.00117

  596.0  -0.00120

  597.0  -0.00124

  598.0  -0.00121

  599.0  -0.00121

  600.0  -0.00126

  601.0  -0.00125

  602.0  -0.00127

  603.0  -0.00122

  604.0  -0.00120

  605.0  -0.00116

  606.0  -0.00116

  607.0  -0.00115

  608.0  -0.00113

  609.0  -0.00111

  610.0  -0.00107

  611.0  -0.00109

  612.0  -0.00107

  613.0  -0.00112

  614.0  -0.00115

  615.0  -0.00115

  616.0  -0.00111

  617.0  -0.00114

  618.0  -0.00117

  619.0  -0.00115

  620.0  -0.00112

  621.0  -0.00111

  622.0  -0.00116

  623.0  -0.00113

  624.0  -0.00109

  625.0  -0.00111

  626.0  -0.00109

  627.0  -0.00105

  628.0  -0.00105

  629.0  -0.00107

  630.0  -0.00107

  631.0  -0.00100

  632.0  -0.00098

  633.0  -0.00096

  634.0  -0.00092

  635.0  -0.00091

  636.0  -0.00087

  637.0  -0.00085

  638.0  -0.00084

  639.0  -0.00085

  640.0  -0.00089

  641.0  -0.00085

  642.0  -0.00084

  643.0  -0.00078

  644.0  -0.00077

  645.0  -0.00075

  646.0  -0.00073

  647.0  -0.00073

  648.0  -0.00070

  649.0  -0.00070

  650.0  -0.00065

  651.0  -0.00063

  652.0  -0.00063

  653.0  -0.00065

  654.0  -0.00063

  655.0  -0.00062

  656.0  -0.00060

  657.0  -0.00053

  658.0  -0.00052

  659.0  -0.00045

  660.0  -0.00047

  661.0  -0.00045

  662.0  -0.00043

  663.0  -0.00036

  664.0  -0.00035

  665.0  -0.00036

  666.0  -0.00031

  667.0  -0.00030

  668.0  -0.00030

  669.0  -0.00031

  670.0  -0.00026

  671.0  -0.00030

  672.0  -0.00030

  673.0  -0.00030

  674.0  -0.00027

  675.0  -0.00025

  676.0  -0.00023

  677.0  -0.00021

  678.0  -0.00025

  679.0  -0.00021

  680.0  -0.00022

  681.0  -0.00027

  682.0  -0.00033

  683.0  -0.00035

  684.0  -0.00040

  685.0  -0.00038

  686.0  -0.00040

  687.0  -0.00033

  688.0  -0.00024

  689.0  -0.00004

  690.0   0.00006

  691.0   0.00011

  692.0   0.00009

  693.0   0.00011

  694.0   0.00019

  695.0   0.00023

  696.0   0.00027

  697.0   0.00031

  698.0   0.00035

  699.0   0.00037

  700.0   0.00039

  701.0   0.00035

  702.0   0.00032

  703.0   0.00034

  704.0   0.00034

  705.0   0.00032

  706.0   0.00030

  707.0   0.00037

  708.0   0.00029

  709.0   0.00033

  710.0   0.00033

  711.0   0.00038

  712.0   0.00036

  713.0   0.00036

  714.0   0.00040

  715.0   0.00041

  716.0   0.00041

  717.0   0.00046

  718.0   0.00039

  719.0   0.00042

  720.0   0.00042

  721.0   0.00045

  722.0   0.00043

  723.0   0.00041

  724.0   0.00048

  725.0   0.00049

  726.0   0.00054

  727.0   0.00052

  728.0   0.00050

  729.0   0.00050

  730.0   0.00048

  731.0   0.00051

  732.0   0.00049

  733.0   0.00052

  734.0   0.00057

  735.0   0.00055

  736.0   0.00055

  737.0   0.00060

  738.0   0.00051

  739.0   0.00048

  740.0   0.00048

  741.0   0.00037

  742.0   0.00037

  743.0   0.00028

  744.0   0.00031

  745.0   0.00028

  746.0   0.00025

  747.0   0.00028

  748.0   0.00020

  749.0   0.00017

  750.0   0.00017

  751.0   0.00014

  752.0   0.00014

  753.0   0.00014

  754.0   0.00011

  755.0   0.00006

  756.0  -0.00000

  757.0  -0.00011

  758.0  -0.00006

  759.0  -0.00011

  760.0  -0.00017

  761.0  -0.00020

  762.0  -0.00008

  763.0  -0.00011

  764.0  -0.00008

  765.0  -0.00009

  766.0  -0.00017

  767.0  -0.00014

  768.0  -0.00009

  769.0  -0.00014

  770.0  -0.00014

  771.0  -0.00014

  772.0  -0.00014

  773.0  -0.00017

  774.0  -0.00023

  775.0  -0.00023

  776.0  -0.00029

  777.0  -0.00026

  778.0  -0.00038

  779.0  -0.00043

  780.0  -0.00038

  781.0  -0.00044

  782.0  -0.00047

  783.0  -0.00044

  784.0  -0.00047

  785.0  -0.00041

  786.0  -0.00038

  787.0  -0.00041

  788.0  -0.00044

  789.0  -0.00047

  790.0  -0.00041

  791.0  -0.00050

  792.0  -0.00059

  793.0  -0.00059

  794.0  -0.00066

  795.0  -0.00060

  796.0  -0.00069

  797.0  -0.00075

  798.0  -0.00075

  799.0  -0.00078

  800.0  -0.00087

 
