ser ID: DU600

Method ID: A:\DEFAULT

Date: 07/31/00

Time: 08:56

 200.0   1.54346

  201.0   1.52763

  202.0   1.53384

  203.0   1.51403

  204.0   1.48256

  205.0   1.43225

  206.0   1.38941

  207.0   1.34528

  208.0   1.32030

  209.0   1.27373

  210.0   1.24327

  211.0   1.21005

  212.0   1.17704

  213.0   1.14356

  214.0   1.12059

  215.0   1.09552

  216.0   1.07344

  217.0   1.05233

  218.0   1.02927

  219.0   1.01208

  220.0   0.99472

  221.0   0.97658

  222.0   0.95549

  223.0   0.94049

  224.0   0.92754

  225.0   0.91176

  226.0   0.89653

  227.0   0.88483

  228.0   0.87399

  229.0   0.86570

  230.0   0.85753

  231.0   0.85007

  232.0   0.84673

  233.0   0.83976

  234.0   0.83018

  235.0   0.81912

  236.0   0.80411

  237.0   0.78732

  238.0   0.76571

  239.0   0.73651

  240.0   0.70498

  241.0   0.67031

  242.0   0.63415

  243.0   0.59696

  244.0   0.56551

  245.0   0.53548

  246.0   0.50858

  247.0   0.48176

  248.0   0.46050

  249.0   0.43938

  250.0   0.42107

  251.0   0.40243

  252.0   0.38750

  253.0   0.37408

  254.0   0.36138

  255.0   0.34873

  256.0   0.33679

  257.0   0.32652

  258.0   0.31519

  259.0   0.30451

  260.0   0.29412

  261.0   0.28456

  262.0   0.27388

  263.0   0.26467

  264.0   0.25627

  265.0   0.24800

  266.0   0.24020

  267.0   0.23358

  268.0   0.22604

  269.0   0.21908

  270.0   0.21167

  271.0   0.20452

  272.0   0.19848

  273.0   0.19111

  274.0   0.18371

  275.0   0.17598

  276.0   0.16984

  277.0   0.16257

  278.0   0.15574

  279.0   0.14898

  280.0   0.14212

  281.0   0.13481

  282.0   0.12910

  283.0   0.12263

  284.0   0.11676

  285.0   0.10989

  286.0   0.10451

  287.0   0.09877

  288.0   0.09401

  289.0   0.08972

  290.0   0.08576

  291.0   0.08147

  292.0   0.07777

  293.0   0.07458

  294.0   0.07126

  295.0   0.06795

  296.0   0.06469

  297.0   0.06252

  298.0   0.06002

  299.0   0.05840

  300.0   0.05599

  301.0   0.05424

  302.0   0.05236

  303.0   0.05093

  304.0   0.04953

  305.0   0.04805

  306.0   0.04618

  307.0   0.04532

  308.0   0.04471

  309.0   0.04417

  310.0   0.04370

  311.0   0.04240

  312.0   0.04201

  313.0   0.04114

  314.0   0.04082

  315.0   0.04000

  316.0   0.03901

  317.0   0.03847

  318.0   0.03908

  319.0   0.03923

  320.0   0.03987

  321.0   0.03992

  322.0   0.04029

  323.0   0.04064

  324.0   0.04183

  325.0   0.04131

  326.0   0.04135

  327.0   0.04237

  328.0   0.04297

  329.0   0.04390

  330.0   0.04489

  331.0   0.04629

  332.0   0.04822

  333.0   0.04845

  334.0   0.04971

  335.0   0.05028

  336.0   0.05033

  337.0   0.05223

  338.0   0.05285

  339.0   0.05420

  340.0   0.05539

  341.0   0.05795

  342.0   0.05881

  343.0   0.06021

  344.0   0.06085

  345.0   0.06118

  346.0   0.06225

  347.0   0.06329

  348.0   0.06484

  349.0   0.06505

  350.0   0.06614

  351.0   0.06668

  352.0   0.06728

  353.0   0.06759

  354.0   0.06765

  355.0   0.06728

  356.0   0.06693

  357.0   0.06781

  358.0   0.06701

  359.0   0.06620

  360.0   0.06575

  361.0   0.06529

  362.0   0.06521

  363.0   0.06446

  364.0   0.06345

  365.0   0.06225

  366.0   0.06102

  367.0   0.05948

  368.0   0.05780

  369.0   0.05643

  370.0   0.05567

  371.0   0.05453

  372.0   0.05292

  373.0   0.05246

  374.0   0.05097

  375.0   0.05013

  376.0   0.04864

  377.0   0.04743

  378.0   0.04591

  379.0   0.04474

  380.0   0.04353

  381.0   0.04266

  382.0   0.04216

  383.0   0.04114

  384.0   0.04019

  385.0   0.03916

  386.0   0.03829

  387.0   0.03765

  388.0   0.03674

  389.0   0.03569

  390.0   0.03508

  391.0   0.03444

  392.0   0.03374

  393.0   0.03336

  394.0   0.03233

  395.0   0.03184

  396.0   0.03119

  397.0   0.03094

  398.0   0.03037

  399.0   0.02963

  400.0   0.02913

  401.0   0.02878

  402.0   0.02838

  403.0   0.02795

  404.0   0.02738

  405.0   0.02682

  406.0   0.02629

  407.0   0.02568

  408.0   0.02533

  409.0   0.02475

  410.0   0.02431

  411.0   0.02373

  412.0   0.02323

  413.0   0.02249

  414.0   0.02218

  415.0   0.02199

  416.0   0.02112

  417.0   0.02041

  418.0   0.01988

  419.0   0.01924

  420.0   0.01892

  421.0   0.01845

  422.0   0.01780

  423.0   0.01730

  424.0   0.01670

  425.0   0.01603

  426.0   0.01555

  427.0   0.01499

  428.0   0.01438

  429.0   0.01409

  430.0   0.01364

  431.0   0.01324

  432.0   0.01283

  433.0   0.01222

  434.0   0.01189

  435.0   0.01151

  436.0   0.01096

  437.0   0.01068

  438.0   0.01029

  439.0   0.01020

  440.0   0.00990

  441.0   0.00958

  442.0   0.00921

  443.0   0.00897

  444.0   0.00874

  445.0   0.00843

  446.0   0.00813

  447.0   0.00797

  448.0   0.00774

  449.0   0.00760

  450.0   0.00730

  451.0   0.00700

  452.0   0.00685

  453.0   0.00649

  454.0   0.00640

  455.0   0.00614

  456.0   0.00598

  457.0   0.00570

  458.0   0.00562

  459.0   0.00539

  460.0   0.00527

  461.0   0.00508

  462.0   0.00487

  463.0   0.00467

  464.0   0.00449

  465.0   0.00420

  466.0   0.00408

  467.0   0.00397

  468.0   0.00377

  469.0   0.00361

  470.0   0.00344

  471.0   0.00325

  472.0   0.00290

  473.0   0.00273

  474.0   0.00250

  475.0   0.00247

  476.0   0.00229

  477.0   0.00218

  478.0   0.00207

  479.0   0.00202

  480.0   0.00182

  481.0   0.00158

  482.0   0.00140

  483.0   0.00123

  484.0   0.00114

  485.0   0.00102

  486.0   0.00091

  487.0   0.00083

  488.0   0.00061

  489.0   0.00052

  490.0   0.00031

  491.0   0.00024

  492.0   0.00011

  493.0   0.00004

  494.0   0.00002

  495.0  -0.00004

  496.0  -0.00006

  497.0  -0.00019

  498.0  -0.00025

  499.0  -0.00028

  500.0  -0.00026

  501.0  -0.00026

  502.0  -0.00032

  503.0  -0.00037

  504.0  -0.00045

  505.0  -0.00049

  506.0  -0.00056

  507.0  -0.00065

  508.0  -0.00065

  509.0  -0.00070

  510.0  -0.00076

  511.0  -0.00081

  512.0  -0.00086

  513.0  -0.00099

  514.0  -0.00104

  515.0  -0.00109

  516.0  -0.00112

  517.0  -0.00119

  518.0  -0.00123

  519.0  -0.00128

  520.0  -0.00128

  521.0  -0.00133

  522.0  -0.00147

  523.0  -0.00153

  524.0  -0.00160

  525.0  -0.00169

  526.0  -0.00173

  527.0  -0.00175

  528.0  -0.00178

  529.0  -0.00186

  530.0  -0.00195

  531.0  -0.00199

  532.0  -0.00199

  533.0  -0.00209

  534.0  -0.00208

  535.0  -0.00218

  536.0  -0.00218

  537.0  -0.00221

  538.0  -0.00216

  539.0  -0.00213

  540.0  -0.00212

  541.0  -0.00216

  542.0  -0.00208

  543.0  -0.00215

  544.0  -0.00219

  545.0  -0.00218

  546.0  -0.00212

  547.0  -0.00216

  548.0  -0.00212

  549.0  -0.00212

  550.0  -0.00211

  551.0  -0.00211

  552.0  -0.00220

  553.0  -0.00211

  554.0  -0.00212

  555.0  -0.00220

  556.0  -0.00209

  557.0  -0.00205

  558.0  -0.00207

  559.0  -0.00209

  560.0  -0.00204

  561.0  -0.00198

  562.0  -0.00195

  563.0  -0.00200

  564.0  -0.00197

  565.0  -0.00186

  566.0  -0.00194

  567.0  -0.00195

  568.0  -0.00185

  569.0  -0.00186

  570.0  -0.00180

  571.0  -0.00185

  572.0  -0.00182

  573.0  -0.00183

  574.0  -0.00182

  575.0  -0.00178

  576.0  -0.00173

  577.0  -0.00168

  578.0  -0.00169

  579.0  -0.00164

  580.0  -0.00156

  581.0  -0.00156

  582.0  -0.00147

  583.0  -0.00140

  584.0  -0.00135

  585.0  -0.00131

  586.0  -0.00126

  587.0  -0.00121

  588.0  -0.00115

  589.0  -0.00109

  590.0  -0.00102

  591.0  -0.00102

  592.0  -0.00101

  593.0  -0.00107

  594.0  -0.00110

  595.0  -0.00109

  596.0  -0.00109

  597.0  -0.00110

  598.0  -0.00110

  599.0  -0.00108

  600.0  -0.00111

  601.0  -0.00109

  602.0  -0.00108

  603.0  -0.00108

  604.0  -0.00107

  605.0  -0.00107

  606.0  -0.00107

  607.0  -0.00106

  608.0  -0.00106

  609.0  -0.00099

  610.0  -0.00098

  611.0  -0.00098

  612.0  -0.00096

  613.0  -0.00099

  614.0  -0.00097

  615.0  -0.00099

  616.0  -0.00102

  617.0  -0.00105

  618.0  -0.00103

  619.0  -0.00101

  620.0  -0.00106

  621.0  -0.00105

  622.0  -0.00108

  623.0  -0.00104

  624.0  -0.00099

  625.0  -0.00097

  626.0  -0.00095

  627.0  -0.00091

  628.0  -0.00088

  629.0  -0.00091

  630.0  -0.00088

  631.0  -0.00088

  632.0  -0.00086

  633.0  -0.00084

  634.0  -0.00079

  635.0  -0.00074

  636.0  -0.00072

  637.0  -0.00072

  638.0  -0.00075

  639.0  -0.00077

  640.0  -0.00080

  641.0  -0.00080

  642.0  -0.00078

  643.0  -0.00073

  644.0  -0.00072

  645.0  -0.00068

  646.0  -0.00065

  647.0  -0.00065

  648.0  -0.00056

  649.0  -0.00063

  650.0  -0.00055

  651.0  -0.00055

  652.0  -0.00055

  653.0  -0.00056

  654.0  -0.00058

  655.0  -0.00053

  656.0  -0.00053

  657.0  -0.00045

  658.0  -0.00040

  659.0  -0.00034

  660.0  -0.00033

  661.0  -0.00028

  662.0  -0.00024

  663.0  -0.00024

  664.0  -0.00023

  665.0  -0.00023

  666.0  -0.00019

  667.0  -0.00016

  668.0  -0.00021

  669.0  -0.00019

  670.0  -0.00021

  671.0  -0.00021

  672.0  -0.00021

  673.0  -0.00021

  674.0  -0.00019

  675.0  -0.00019

  676.0  -0.00014

  677.0  -0.00011

  678.0  -0.00011

  679.0  -0.00011

  680.0  -0.00013

  681.0  -0.00014

  682.0  -0.00016

  683.0  -0.00022

  684.0  -0.00026

  685.0  -0.00022

  686.0  -0.00026

  687.0  -0.00020

  688.0  -0.00026

  689.0  -0.00028

  690.0  -0.00030

  691.0  -0.00026

  692.0  -0.00026

  693.0  -0.00026

  694.0  -0.00023

  695.0  -0.00025

  696.0  -0.00027

  697.0  -0.00025

  698.0  -0.00025

  699.0  -0.00023

  700.0  -0.00020

  701.0  -0.00030

  702.0  -0.00028

  703.0  -0.00026

  704.0  -0.00028

  705.0  -0.00026

  706.0  -0.00028

  707.0  -0.00026

  708.0  -0.00029

  709.0  -0.00029

  710.0  -0.00033

  711.0  -0.00025

  712.0  -0.00023

  713.0  -0.00021

  714.0  -0.00019

  715.0  -0.00019

  716.0  -0.00017

  717.0  -0.00022

  718.0  -0.00024

  719.0  -0.00024

  720.0  -0.00013

  721.0  -0.00013

  722.0  -0.00014

  723.0  -0.00014

  724.0  -0.00011

  725.0  -0.00007

  726.0  -0.00005

  727.0  -0.00009

  728.0  -0.00009

  729.0  -0.00007

  730.0  -0.00007

  731.0  -0.00002

  732.0  -0.00002

  733.0  -0.00005

  734.0  -0.00000

  735.0  -0.00002

  736.0   0.00029

  737.0   0.00026

  738.0   0.00017

  739.0   0.00011

  740.0   0.00009

  741.0   0.00003

  742.0   0.00008

  743.0  -0.00000

  744.0   0.00003

  745.0  -0.00006

  746.0  -0.00011

  747.0  -0.00011

  748.0  -0.00014

  749.0  -0.00020

  750.0  -0.00025

  751.0  -0.00025

  752.0  -0.00025

  753.0  -0.00020

  754.0  -0.00022

  755.0  -0.00031

  756.0  -0.00028

  757.0  -0.00042

  758.0  -0.00039

  759.0  -0.00039

  760.0  -0.00037

  761.0  -0.00042

  762.0  -0.00045

  763.0  -0.00051

  764.0  -0.00048

  765.0  -0.00054

  766.0  -0.00048

  767.0  -0.00045

  768.0  -0.00045

  769.0  -0.00046

  770.0  -0.00040

  771.0  -0.00043

  772.0  -0.00046

  773.0  -0.00049

  774.0  -0.00057

  775.0  -0.00052

  776.0  -0.00060

  777.0  -0.00061

  778.0  -0.00072

  779.0  -0.00078

  780.0  -0.00078

  781.0  -0.00081

  782.0  -0.00081

  783.0  -0.00079

  784.0  -0.00085

  785.0  -0.00079

  786.0  -0.00082

  787.0  -0.00082

  788.0  -0.00076

  789.0  -0.00080

  790.0  -0.00068

  791.0  -0.00071

  792.0  -0.00077

  793.0  -0.00071

  794.0  -0.00077

  795.0  -0.00069

  796.0  -0.00078

  797.0  -0.00081

  798.0  -0.00084

  799.0  -0.00084

  800.0  -0.00087

 
