ser ID: DU600

Method ID: A:\DEFAULT

Date: 07/31/00

Time: 08:12

 200.0   1.58804

  201.0   1.61382

  202.0   1.59413

  203.0   1.55055

  204.0   1.50054

  205.0   1.41816

  206.0   1.37762

  207.0   1.36218

  208.0   1.37217

  209.0   1.33478

  210.0   1.24952

  211.0   1.17877

  212.0   1.16000

  213.0   1.13401

  214.0   1.10591

  215.0   1.08225

  216.0   1.06434

  217.0   1.04222

  218.0   1.03097

  219.0   1.01366

  220.0   0.99691

  221.0   0.98271

  222.0   0.97068

  223.0   0.96139

  224.0   0.95829

  225.0   0.95506

  226.0   0.95204

  227.0   0.94926

  228.0   0.94757

  229.0   0.94963

  230.0   0.94786

  231.0   0.94631

  232.0   0.94318

  233.0   0.94278

  234.0   0.93227

  235.0   0.92320

  236.0   0.90764

  237.0   0.88559

  238.0   0.85785

  239.0   0.82171

  240.0   0.77972

  241.0   0.73361

  242.0   0.68739

  243.0   0.63587

  244.0   0.59508

  245.0   0.55741

  246.0   0.52627

  247.0   0.49472

  248.0   0.46976

  249.0   0.44713

  250.0   0.42745

  251.0   0.40809

  252.0   0.39130

  253.0   0.37652

  254.0   0.36239

  255.0   0.34737

  256.0   0.33496

  257.0   0.32219

  258.0   0.30985

  259.0   0.29688

  260.0   0.28542

  261.0   0.27457

  262.0   0.26308

  263.0   0.25439

  264.0   0.24615

  265.0   0.23847

  266.0   0.23146

  267.0   0.22585

  268.0   0.22033

  269.0   0.21461

  270.0   0.20955

  271.0   0.20441

  272.0   0.19970

  273.0   0.19573

  274.0   0.19070

  275.0   0.18495

  276.0   0.17990

  277.0   0.17409

  278.0   0.16752

  279.0   0.16101

  280.0   0.15416

  281.0   0.14708

  282.0   0.14072

  283.0   0.13498

  284.0   0.12780

  285.0   0.12058

  286.0   0.11404

  287.0   0.10715

  288.0   0.10065

  289.0   0.09519

  290.0   0.08993

  291.0   0.08471

  292.0   0.08106

  293.0   0.07690

  294.0   0.07245

  295.0   0.06837

  296.0   0.06427

  297.0   0.06126

  298.0   0.05802

  299.0   0.05491

  300.0   0.05226

  301.0   0.05026

  302.0   0.04822

  303.0   0.04611

  304.0   0.04471

  305.0   0.04228

  306.0   0.04022

  307.0   0.03873

  308.0   0.03728

  309.0   0.03640

  310.0   0.03567

  311.0   0.03471

  312.0   0.03395

  313.0   0.03297

  314.0   0.03300

  315.0   0.03235

  316.0   0.03181

  317.0   0.03164

  318.0   0.03194

  319.0   0.03297

  320.0   0.03351

  321.0   0.03401

  322.0   0.03463

  323.0   0.03558

  324.0   0.03643

  325.0   0.03705

  326.0   0.03825

  327.0   0.04011

  328.0   0.04146

  329.0   0.04293

  330.0   0.04457

  331.0   0.04618

  332.0   0.04865

  333.0   0.04964

  334.0   0.05144

  335.0   0.05362

  336.0   0.05474

  337.0   0.05738

  338.0   0.05959

  339.0   0.06125

  340.0   0.06329

  341.0   0.06573

  342.0   0.06721

  343.0   0.06881

  344.0   0.07104

  345.0   0.07188

  346.0   0.07389

  347.0   0.07557

  348.0   0.07723

  349.0   0.07828

  350.0   0.07884

  351.0   0.07983

  352.0   0.08098

  353.0   0.08145

  354.0   0.08231

  355.0   0.08221

  356.0   0.08178

  357.0   0.08245

  358.0   0.08146

  359.0   0.08074

  360.0   0.08000

  361.0   0.07882

  362.0   0.07823

  363.0   0.07749

  364.0   0.07625

  365.0   0.07496

  366.0   0.07341

  367.0   0.07109

  368.0   0.06913

  369.0   0.06755

  370.0   0.06622

  371.0   0.06478

  372.0   0.06309

  373.0   0.06168

  374.0   0.06018

  375.0   0.05849

  376.0   0.05642

  377.0   0.05449

  378.0   0.05323

  379.0   0.05209

  380.0   0.05036

  381.0   0.04916

  382.0   0.04825

  383.0   0.04667

  384.0   0.04528

  385.0   0.04379

  386.0   0.04253

  387.0   0.04159

  388.0   0.04069

  389.0   0.03959

  390.0   0.03871

  391.0   0.03776

  392.0   0.03678

  393.0   0.03598

  394.0   0.03435

  395.0   0.03402

  396.0   0.03317

  397.0   0.03270

  398.0   0.03207

  399.0   0.03121

  400.0   0.03061

  401.0   0.03010

  402.0   0.02931

  403.0   0.02876

  404.0   0.02828

  405.0   0.02783

  406.0   0.02707

  407.0   0.02625

  408.0   0.02603

  409.0   0.02544

  410.0   0.02495

  411.0   0.02444

  412.0   0.02387

  413.0   0.02345

  414.0   0.02290

  415.0   0.02268

  416.0   0.02195

  417.0   0.02157

  418.0   0.02092

  419.0   0.02042

  420.0   0.01990

  421.0   0.01933

  422.0   0.01889

  423.0   0.01836

  424.0   0.01774

  425.0   0.01718

  426.0   0.01681

  427.0   0.01629

  428.0   0.01572

  429.0   0.01539

  430.0   0.01491

  431.0   0.01430

  432.0   0.01392

  433.0   0.01340

  434.0   0.01310

  435.0   0.01269

  436.0   0.01222

  437.0   0.01203

  438.0   0.01156

  439.0   0.01134

  440.0   0.01091

  441.0   0.01047

  442.0   0.01014

  443.0   0.00984

  444.0   0.00960

  445.0   0.00922

  446.0   0.00887

  447.0   0.00861

  448.0   0.00837

  449.0   0.00809

  450.0   0.00782

  451.0   0.00744

  452.0   0.00728

  453.0   0.00692

  454.0   0.00665

  455.0   0.00652

  456.0   0.00631

  457.0   0.00611

  458.0   0.00583

  459.0   0.00559

  460.0   0.00551

  461.0   0.00527

  462.0   0.00507

  463.0   0.00490

  464.0   0.00472

  465.0   0.00454

  466.0   0.00419

  467.0   0.00404

  468.0   0.00377

  469.0   0.00354

  470.0   0.00344

  471.0   0.00322

  472.0   0.00306

  473.0   0.00292

  474.0   0.00265

  475.0   0.00256

  476.0   0.00232

  477.0   0.00220

  478.0   0.00201

  479.0   0.00194

  480.0   0.00174

  481.0   0.00156

  482.0   0.00138

  483.0   0.00125

  484.0   0.00109

  485.0   0.00095

  486.0   0.00084

  487.0   0.00074

  488.0   0.00057

  489.0   0.00047

  490.0   0.00029

  491.0   0.00018

  492.0  -0.00000

  493.0  -0.00004

  494.0  -0.00004

  495.0  -0.00011

  496.0  -0.00019

  497.0  -0.00031

  498.0  -0.00041

  499.0  -0.00047

  500.0  -0.00048

  501.0  -0.00050

  502.0  -0.00055

  503.0  -0.00063

  504.0  -0.00072

  505.0  -0.00078

  506.0  -0.00083

  507.0  -0.00084

  508.0  -0.00080

  509.0  -0.00085

  510.0  -0.00091

  511.0  -0.00098

  512.0  -0.00108

  513.0  -0.00115

  514.0  -0.00122

  515.0  -0.00122

  516.0  -0.00129

  517.0  -0.00134

  518.0  -0.00141

  519.0  -0.00146

  520.0  -0.00150

  521.0  -0.00155

  522.0  -0.00164

  523.0  -0.00165

  524.0  -0.00173

  525.0  -0.00187

  526.0  -0.00191

  527.0  -0.00196

  528.0  -0.00205

  529.0  -0.00211

  530.0  -0.00217

  531.0  -0.00219

  532.0  -0.00218

  533.0  -0.00225

  534.0  -0.00224

  535.0  -0.00234

  536.0  -0.00240

  537.0  -0.00238

  538.0  -0.00238

  539.0  -0.00236

  540.0  -0.00235

  541.0  -0.00233

  542.0  -0.00228

  543.0  -0.00234

  544.0  -0.00238

  545.0  -0.00233

  546.0  -0.00231

  547.0  -0.00235

  548.0  -0.00239

  549.0  -0.00239

  550.0  -0.00238

  551.0  -0.00243

  552.0  -0.00238

  553.0  -0.00238

  554.0  -0.00242

  555.0  -0.00242

  556.0  -0.00240

  557.0  -0.00235

  558.0  -0.00237

  559.0  -0.00232

  560.0  -0.00231

  561.0  -0.00226

  562.0  -0.00222

  563.0  -0.00225

  564.0  -0.00226

  565.0  -0.00222

  566.0  -0.00225

  567.0  -0.00233

  568.0  -0.00229

  569.0  -0.00231

  570.0  -0.00226

  571.0  -0.00226

  572.0  -0.00220

  573.0  -0.00219

  574.0  -0.00217

  575.0  -0.00208

  576.0  -0.00202

  577.0  -0.00201

  578.0  -0.00204

  579.0  -0.00200

  580.0  -0.00193

  581.0  -0.00192

  582.0  -0.00181

  583.0  -0.00176

  584.0  -0.00175

  585.0  -0.00172

  586.0  -0.00167

  587.0  -0.00166

  588.0  -0.00160

  589.0  -0.00155

  590.0  -0.00150

  591.0  -0.00148

  592.0  -0.00145

  593.0  -0.00148

  594.0  -0.00146

  595.0  -0.00143

  596.0  -0.00148

  597.0  -0.00148

  598.0  -0.00153

  599.0  -0.00154

  600.0  -0.00153

  601.0  -0.00151

  602.0  -0.00150

  603.0  -0.00152

  604.0  -0.00146

  605.0  -0.00145

  606.0  -0.00148

  607.0  -0.00142

  608.0  -0.00142

  609.0  -0.00138

  610.0  -0.00134

  611.0  -0.00139

  612.0  -0.00135

  613.0  -0.00138

  614.0  -0.00136

  615.0  -0.00136

  616.0  -0.00136

  617.0  -0.00139

  618.0  -0.00144

  619.0  -0.00140

  620.0  -0.00138

  621.0  -0.00138

  622.0  -0.00137

  623.0  -0.00139

  624.0  -0.00140

  625.0  -0.00140

  626.0  -0.00138

  627.0  -0.00138

  628.0  -0.00136

  629.0  -0.00138

  630.0  -0.00131

  631.0  -0.00127

  632.0  -0.00125

  633.0  -0.00122

  634.0  -0.00120

  635.0  -0.00116

  636.0  -0.00114

  637.0  -0.00113

  638.0  -0.00114

  639.0  -0.00116

  640.0  -0.00118

  641.0  -0.00118

  642.0  -0.00116

  643.0  -0.00109

  644.0  -0.00104

  645.0  -0.00101

  646.0  -0.00097

  647.0  -0.00101

  648.0  -0.00096

  649.0  -0.00097

  650.0  -0.00092

  651.0  -0.00094

  652.0  -0.00094

  653.0  -0.00091

  654.0  -0.00089

  655.0  -0.00086

  656.0  -0.00086

  657.0  -0.00081

  658.0  -0.00074

  659.0  -0.00071

  660.0  -0.00071

  661.0  -0.00067

  662.0  -0.00066

  663.0  -0.00066

  664.0  -0.00069

  665.0  -0.00069

  666.0  -0.00066

  667.0  -0.00059

  668.0  -0.00059

  669.0  -0.00059

  670.0  -0.00058

  671.0  -0.00058

  672.0  -0.00056

  673.0  -0.00055

  674.0  -0.00057

  675.0  -0.00058

  676.0  -0.00055

  677.0  -0.00057

  678.0  -0.00061

  679.0  -0.00057

  680.0  -0.00059

  681.0  -0.00061

  682.0  -0.00063

  683.0  -0.00069

  684.0  -0.00073

  685.0  -0.00068

  686.0  -0.00070

  687.0  -0.00068

  688.0  -0.00065

  689.0  -0.00067

  690.0  -0.00071

  691.0  -0.00066

  692.0  -0.00064

  693.0  -0.00064

  694.0  -0.00063

  695.0  -0.00065

  696.0  -0.00071

  697.0  -0.00069

  698.0  -0.00068

  699.0  -0.00068

  700.0  -0.00063

  701.0  -0.00067

  702.0  -0.00071

  703.0  -0.00072

  704.0  -0.00072

  705.0  -0.00072

  706.0  -0.00073

  707.0  -0.00073

  708.0  -0.00082

  709.0  -0.00078

  710.0  -0.00077

  711.0  -0.00071

  712.0  -0.00063

  713.0  -0.00063

  714.0  -0.00057

  715.0  -0.00062

  716.0  -0.00060

  717.0  -0.00059

  718.0  -0.00061

  719.0  -0.00066

  720.0  -0.00060

  721.0  -0.00058

  722.0  -0.00052

  723.0  -0.00050

  724.0  -0.00044

  725.0  -0.00042

  726.0  -0.00042

  727.0  -0.00042

  728.0  -0.00040

  729.0  -0.00038

  730.0  -0.00041

  731.0  -0.00034

  732.0  -0.00032

  733.0  -0.00029

  734.0  -0.00025

  735.0  -0.00027

  736.0  -0.00003

  737.0  -0.00006

  738.0  -0.00009

  739.0  -0.00011

  740.0  -0.00014

  741.0  -0.00023

  742.0  -0.00020

  743.0  -0.00017

  744.0  -0.00023

  745.0  -0.00028

  746.0  -0.00034

  747.0  -0.00034

  748.0  -0.00042

  749.0  -0.00045

  750.0  -0.00039

  751.0  -0.00022

  752.0  -0.00020

  753.0  -0.00022

  754.0  -0.00022

  755.0  -0.00028

  756.0  -0.00025

  757.0  -0.00034

  758.0  -0.00025

  759.0  -0.00014

  760.0  -0.00006

  761.0  -0.00017

  762.0  -0.00011

  763.0  -0.00023

  764.0  -0.00017

  765.0  -0.00020

  766.0  -0.00026

  767.0  -0.00023

  768.0  -0.00017

  769.0  -0.00023

  770.0  -0.00020

  771.0  -0.00029

  772.0  -0.00034

  773.0  -0.00034

  774.0  -0.00037

  775.0  -0.00032

  776.0  -0.00043

  777.0  -0.00040

  778.0  -0.00043

  779.0  -0.00046

  780.0  -0.00049

  781.0  -0.00052

  782.0  -0.00055

  783.0  -0.00050

  784.0  -0.00047

  785.0  -0.00044

  786.0  -0.00047

  787.0  -0.00047

  788.0  -0.00044

  789.0  -0.00050

  790.0  -0.00044

  791.0  -0.00050

  792.0  -0.00053

  793.0  -0.00048

  794.0  -0.00054

  795.0  -0.00045

  796.0  -0.00051

  797.0  -0.00051

  798.0  -0.00045

  799.0  -0.00048

  800.0  -0.00051

 
