ser ID: DU600

Method ID: A:\DEFAULT

Date: 07/31/00

Time: 09:08

 200.0   1.61218

  201.0   1.53640

  202.0   1.51036

  203.0   1.50024

  204.0   1.51929

  205.0   1.45679

  206.0   1.41824

  207.0   1.36218

  208.0   1.32901

  209.0   1.26667

  210.0   1.23104

  211.0   1.20468

  212.0   1.18021

  213.0   1.15191

  214.0   1.13194

  215.0   1.11036

  216.0   1.08483

  217.0   1.05889

  218.0   1.03182

  219.0   1.01208

  220.0   0.98893

  221.0   0.97187

  222.0   0.95239

  223.0   0.93701

  224.0   0.92045

  225.0   0.90259

  226.0   0.88604

  227.0   0.87354

  228.0   0.86074

  229.0   0.84941

  230.0   0.84007

  231.0   0.83182

  232.0   0.82475

  233.0   0.81750

  234.0   0.80777

  235.0   0.79690

  236.0   0.78189

  237.0   0.76753

  238.0   0.74475

  239.0   0.71670

  240.0   0.68820

  241.0   0.65633

  242.0   0.62370

  243.0   0.58790

  244.0   0.55757

  245.0   0.52987

  246.0   0.50375

  247.0   0.47839

  248.0   0.45652

  249.0   0.43698

  250.0   0.41846

  251.0   0.40097

  252.0   0.38671

  253.0   0.37331

  254.0   0.36075

  255.0   0.34836

  256.0   0.33740

  257.0   0.32712

  258.0   0.31651

  259.0   0.30605

  260.0   0.29623

  261.0   0.28725

  262.0   0.27724

  263.0   0.26846

  264.0   0.26004

  265.0   0.25107

  266.0   0.24236

  267.0   0.23517

  268.0   0.22841

  269.0   0.22065

  270.0   0.21212

  271.0   0.20519

  272.0   0.19749

  273.0   0.19122

  274.0   0.18350

  275.0   0.17502

  276.0   0.16858

  277.0   0.16049

  278.0   0.15298

  279.0   0.14585

  280.0   0.13893

  281.0   0.13187

  282.0   0.12581

  283.0   0.12034

  284.0   0.11478

  285.0   0.10812

  286.0   0.10258

  287.0   0.09740

  288.0   0.09195

  289.0   0.08785

  290.0   0.08330

  291.0   0.08043

  292.0   0.07725

  293.0   0.07432

  294.0   0.07117

  295.0   0.06820

  296.0   0.06502

  297.0   0.06302

  298.0   0.06077

  299.0   0.05831

  300.0   0.05649

  301.0   0.05516

  302.0   0.05361

  303.0   0.05218

  304.0   0.05129

  305.0   0.04973

  306.0   0.04873

  307.0   0.04806

  308.0   0.04626

  309.0   0.04557

  310.0   0.04494

  311.0   0.04454

  312.0   0.04446

  313.0   0.04335

  314.0   0.04343

  315.0   0.04180

  316.0   0.04112

  317.0   0.04158

  318.0   0.04095

  319.0   0.04073

  320.0   0.04119

  321.0   0.04115

  322.0   0.04187

  323.0   0.04213

  324.0   0.04322

  325.0   0.04313

  326.0   0.04318

  327.0   0.04345

  328.0   0.04416

  329.0   0.04510

  330.0   0.04587

  331.0   0.04618

  332.0   0.04789

  333.0   0.04909

  334.0   0.04939

  335.0   0.05028

  336.0   0.05022

  337.0   0.05159

  338.0   0.05253

  339.0   0.05336

  340.0   0.05413

  341.0   0.05574

  342.0   0.05660

  343.0   0.05832

  344.0   0.05939

  345.0   0.05951

  346.0   0.06048

  347.0   0.06069

  348.0   0.06234

  349.0   0.06256

  350.0   0.06375

  351.0   0.06397

  352.0   0.06488

  353.0   0.06508

  354.0   0.06503

  355.0   0.06444

  356.0   0.06482

  357.0   0.06562

  358.0   0.06475

  359.0   0.06420

  360.0   0.06411

  361.0   0.06277

  362.0   0.06226

  363.0   0.06128

  364.0   0.06110

  365.0   0.06006

  366.0   0.05880

  367.0   0.05740

  368.0   0.05636

  369.0   0.05495

  370.0   0.05415

  371.0   0.05274

  372.0   0.05119

  373.0   0.05064

  374.0   0.04942

  375.0   0.04829

  376.0   0.04739

  377.0   0.04647

  378.0   0.04486

  379.0   0.04391

  380.0   0.04289

  381.0   0.04199

  382.0   0.04102

  383.0   0.04024

  384.0   0.03927

  385.0   0.03871

  386.0   0.03762

  387.0   0.03699

  388.0   0.03633

  389.0   0.03529

  390.0   0.03438

  391.0   0.03435

  392.0   0.03341

  393.0   0.03303

  394.0   0.03233

  395.0   0.03188

  396.0   0.03127

  397.0   0.03082

  398.0   0.03026

  399.0   0.02963

  400.0   0.02924

  401.0   0.02885

  402.0   0.02834

  403.0   0.02798

  404.0   0.02762

  405.0   0.02709

  406.0   0.02632

  407.0   0.02577

  408.0   0.02539

  409.0   0.02490

  410.0   0.02449

  411.0   0.02390

  412.0   0.02339

  413.0   0.02276

  414.0   0.02231

  415.0   0.02196

  416.0   0.02122

  417.0   0.02050

  418.0   0.01988

  419.0   0.01932

  420.0   0.01892

  421.0   0.01829

  422.0   0.01765

  423.0   0.01722

  424.0   0.01648

  425.0   0.01581

  426.0   0.01520

  427.0   0.01485

  428.0   0.01425

  429.0   0.01402

  430.0   0.01351

  431.0   0.01300

  432.0   0.01253

  433.0   0.01199

  434.0   0.01160

  435.0   0.01128

  436.0   0.01096

  437.0   0.01063

  438.0   0.01029

  439.0   0.01015

  440.0   0.00969

  441.0   0.00933

  442.0   0.00897

  443.0   0.00873

  444.0   0.00851

  445.0   0.00833

  446.0   0.00813

  447.0   0.00788

  448.0   0.00765

  449.0   0.00742

  450.0   0.00717

  451.0   0.00692

  452.0   0.00677

  453.0   0.00637

  454.0   0.00636

  455.0   0.00614

  456.0   0.00594

  457.0   0.00570

  458.0   0.00550

  459.0   0.00527

  460.0   0.00519

  461.0   0.00500

  462.0   0.00483

  463.0   0.00467

  464.0   0.00449

  465.0   0.00423

  466.0   0.00404

  467.0   0.00378

  468.0   0.00359

  469.0   0.00347

  470.0   0.00334

  471.0   0.00319

  472.0   0.00300

  473.0   0.00286

  474.0   0.00259

  475.0   0.00247

  476.0   0.00220

  477.0   0.00212

  478.0   0.00193

  479.0   0.00189

  480.0   0.00169

  481.0   0.00156

  482.0   0.00143

  483.0   0.00125

  484.0   0.00111

  485.0   0.00100

  486.0   0.00089

  487.0   0.00079

  488.0   0.00061

  489.0   0.00052

  490.0   0.00038

  491.0   0.00029

  492.0   0.00015

  493.0   0.00011

  494.0   0.00004

  495.0  -0.00000

  496.0  -0.00006

  497.0  -0.00014

  498.0  -0.00025

  499.0  -0.00026

  500.0  -0.00030

  501.0  -0.00034

  502.0  -0.00040

  503.0  -0.00043

  504.0  -0.00047

  505.0  -0.00058

  506.0  -0.00064

  507.0  -0.00065

  508.0  -0.00067

  509.0  -0.00072

  510.0  -0.00074

  511.0  -0.00077

  512.0  -0.00080

  513.0  -0.00089

  514.0  -0.00096

  515.0  -0.00100

  516.0  -0.00105

  517.0  -0.00110

  518.0  -0.00116

  519.0  -0.00117

  520.0  -0.00124

  521.0  -0.00131

  522.0  -0.00142

  523.0  -0.00151

  524.0  -0.00164

  525.0  -0.00174

  526.0  -0.00174

  527.0  -0.00176

  528.0  -0.00178

  529.0  -0.00184

  530.0  -0.00190

  531.0  -0.00192

  532.0  -0.00194

  533.0  -0.00202

  534.0  -0.00193

  535.0  -0.00207

  536.0  -0.00207

  537.0  -0.00210

  538.0  -0.00211

  539.0  -0.00213

  540.0  -0.00210

  541.0  -0.00209

  542.0  -0.00198

  543.0  -0.00200

  544.0  -0.00201

  545.0  -0.00199

  546.0  -0.00193

  547.0  -0.00195

  548.0  -0.00197

  549.0  -0.00197

  550.0  -0.00196

  551.0  -0.00201

  552.0  -0.00205

  553.0  -0.00207

  554.0  -0.00208

  555.0  -0.00204

  556.0  -0.00195

  557.0  -0.00196

  558.0  -0.00193

  559.0  -0.00195

  560.0  -0.00192

  561.0  -0.00189

  562.0  -0.00188

  563.0  -0.00191

  564.0  -0.00186

  565.0  -0.00180

  566.0  -0.00183

  567.0  -0.00184

  568.0  -0.00183

  569.0  -0.00184

  570.0  -0.00182

  571.0  -0.00183

  572.0  -0.00180

  573.0  -0.00181

  574.0  -0.00177

  575.0  -0.00176

  576.0  -0.00171

  577.0  -0.00163

  578.0  -0.00165

  579.0  -0.00160

  580.0  -0.00150

  581.0  -0.00148

  582.0  -0.00139

  583.0  -0.00128

  584.0  -0.00125

  585.0  -0.00127

  586.0  -0.00118

  587.0  -0.00120

  588.0  -0.00111

  589.0  -0.00109

  590.0  -0.00102

  591.0  -0.00100

  592.0  -0.00099

  593.0  -0.00099

  594.0  -0.00099

  595.0  -0.00098

  596.0  -0.00100

  597.0  -0.00105

  598.0  -0.00106

  599.0  -0.00108

  600.0  -0.00113

  601.0  -0.00109

  602.0  -0.00101

  603.0  -0.00097

  604.0  -0.00098

  605.0  -0.00098

  606.0  -0.00101

  607.0  -0.00097

  608.0  -0.00095

  609.0  -0.00097

  610.0  -0.00091

  611.0  -0.00093

  612.0  -0.00091

  613.0  -0.00092

  614.0  -0.00090

  615.0  -0.00090

  616.0  -0.00090

  617.0  -0.00093

  618.0  -0.00091

  619.0  -0.00089

  620.0  -0.00093

  621.0  -0.00092

  622.0  -0.00094

  623.0  -0.00095

  624.0  -0.00092

  625.0  -0.00093

  626.0  -0.00092

  627.0  -0.00090

  628.0  -0.00086

  629.0  -0.00086

  630.0  -0.00082

  631.0  -0.00081

  632.0  -0.00082

  633.0  -0.00079

  634.0  -0.00075

  635.0  -0.00075

  636.0  -0.00070

  637.0  -0.00068

  638.0  -0.00073

  639.0  -0.00070

  640.0  -0.00075

  641.0  -0.00072

  642.0  -0.00068

  643.0  -0.00068

  644.0  -0.00065

  645.0  -0.00060

  646.0  -0.00058

  647.0  -0.00058

  648.0  -0.00056

  649.0  -0.00060

  650.0  -0.00056

  651.0  -0.00053

  652.0  -0.00053

  653.0  -0.00051

  654.0  -0.00048

  655.0  -0.00041

  656.0  -0.00041

  657.0  -0.00040

  658.0  -0.00036

  659.0  -0.00033

  660.0  -0.00031

  661.0  -0.00031

  662.0  -0.00026

  663.0  -0.00024

  664.0  -0.00021

  665.0  -0.00019

  666.0  -0.00012

  667.0  -0.00010

  668.0  -0.00014

  669.0  -0.00014

  670.0  -0.00014

  671.0  -0.00014

  672.0  -0.00014

  673.0  -0.00011

  674.0  -0.00012

  675.0  -0.00011

  676.0  -0.00009

  677.0  -0.00005

  678.0  -0.00002

  679.0  -0.00004

  680.0  -0.00005

  681.0  -0.00011

  682.0  -0.00016

  683.0  -0.00020

  684.0  -0.00024

  685.0  -0.00022

  686.0  -0.00024

  687.0  -0.00018

  688.0  -0.00020

  689.0  -0.00020

  690.0  -0.00015

  691.0  -0.00015

  692.0  -0.00011

  693.0  -0.00015

  694.0  -0.00013

  695.0  -0.00013

  696.0  -0.00015

  697.0  -0.00014

  698.0  -0.00012

  699.0  -0.00012

  700.0  -0.00012

  701.0  -0.00018

  702.0  -0.00020

  703.0  -0.00020

  704.0  -0.00020

  705.0  -0.00024

  706.0  -0.00024

  707.0  -0.00024

  708.0  -0.00031

  709.0  -0.00031

  710.0  -0.00031

  711.0  -0.00025

  712.0  -0.00025

  713.0  -0.00023

  714.0  -0.00023

  715.0  -0.00024

  716.0  -0.00022

  717.0  -0.00022

  718.0  -0.00024

  719.0  -0.00024

  720.0  -0.00024

  721.0  -0.00020

  722.0  -0.00020

  723.0  -0.00020

  724.0  -0.00018

  725.0  -0.00016

  726.0  -0.00012

  727.0  -0.00012

  728.0  -0.00012

  729.0  -0.00012

  730.0  -0.00012

  731.0  -0.00010

  732.0  -0.00010

  733.0  -0.00007

  734.0  -0.00007

  735.0  -0.00010

  736.0   0.00020

  737.0   0.00014

  738.0   0.00014

  739.0   0.00011

  740.0   0.00009

  741.0   0.00006

  742.0   0.00003

  743.0  -0.00000

  744.0   0.00003

  745.0  -0.00000

  746.0  -0.00003

  747.0  -0.00006

  748.0  -0.00017

  749.0  -0.00020

  750.0  -0.00022

  751.0  -0.00022

  752.0  -0.00020

  753.0  -0.00022

  754.0  -0.00028

  755.0  -0.00028

  756.0  -0.00034

  757.0  -0.00034

  758.0  -0.00039

  759.0  -0.00037

  760.0  -0.00039

  761.0  -0.00040

  762.0  -0.00037

  763.0  -0.00045

  764.0  -0.00045

  765.0  -0.00048

  766.0  -0.00048

  767.0  -0.00045

  768.0  -0.00045

  769.0  -0.00048

  770.0  -0.00051

  771.0  -0.00051

  772.0  -0.00054

  773.0  -0.00052

  774.0  -0.00063

  775.0  -0.00060

  776.0  -0.00066

  777.0  -0.00066

  778.0  -0.00075

  779.0  -0.00081

  780.0  -0.00081

  781.0  -0.00075

  782.0  -0.00076

  783.0  -0.00082

  784.0  -0.00079

  785.0  -0.00076

  786.0  -0.00073

  787.0  -0.00076

  788.0  -0.00076

  789.0  -0.00080

  790.0  -0.00074

  791.0  -0.00077

  792.0  -0.00086

  793.0  -0.00092

  794.0  -0.00092

  795.0  -0.00087

  796.0  -0.00096

  797.0  -0.00096

  798.0  -0.00096

  799.0  -0.00096

  800.0  -0.00102

 
