ser ID: DU600

Method ID: A:\DEFAULT

Date: 07/31/00

Time: 08:14

 200.0   1.53300

  201.0   1.58315

  202.0   1.52587

  203.0   1.52827

  204.0   1.52572

  205.0   1.45679

  206.0   1.40153

  207.0   1.37264

  208.0   1.31743

  209.0   1.27850

  210.0   1.23916

  211.0   1.20646

  212.0   1.17704

  213.0   1.13944

  214.0   1.11319

  215.0   1.09105

  216.0   1.07140

  217.0   1.04222

  218.0   1.02254

  219.0   1.00895

  220.0   0.99399

  221.0   0.98340

  222.0   0.97521

  223.0   0.96817

  224.0   0.95947

  225.0   0.95279

  226.0   0.94659

  227.0   0.94452

  228.0   0.94398

  229.0   0.94314

  230.0   0.94157

  231.0   0.94159

  232.0   0.94226

  233.0   0.93739

  234.0   0.92967

  235.0   0.92027

  236.0   0.90165

  237.0   0.87845

  238.0   0.85398

  239.0   0.81591

  240.0   0.77620

  241.0   0.73149

  242.0   0.68525

  243.0   0.63481

  244.0   0.59411

  245.0   0.55651

  246.0   0.52476

  247.0   0.49330

  248.0   0.46961

  249.0   0.44727

  250.0   0.42801

  251.0   0.40809

  252.0   0.39117

  253.0   0.37704

  254.0   0.36201

  255.0   0.34737

  256.0   0.33399

  257.0   0.32207

  258.0   0.30973

  259.0   0.29758

  260.0   0.28599

  261.0   0.27536

  262.0   0.26398

  263.0   0.25517

  264.0   0.24638

  265.0   0.23858

  266.0   0.23157

  267.0   0.22630

  268.0   0.22089

  269.0   0.21528

  270.0   0.20933

  271.0   0.20486

  272.0   0.19937

  273.0   0.19573

  274.0   0.18960

  275.0   0.18452

  276.0   0.17946

  277.0   0.17334

  278.0   0.16678

  279.0   0.16059

  280.0   0.15437

  281.0   0.14658

  282.0   0.13992

  283.0   0.13390

  284.0   0.12692

  285.0   0.11943

  286.0   0.11328

  287.0   0.10678

  288.0   0.10001

  289.0   0.09492

  290.0   0.08966

  291.0   0.08506

  292.0   0.08089

  293.0   0.07647

  294.0   0.07245

  295.0   0.06871

  296.0   0.06477

  297.0   0.06126

  298.0   0.05860

  299.0   0.05516

  300.0   0.05218

  301.0   0.05043

  302.0   0.04814

  303.0   0.04586

  304.0   0.04454

  305.0   0.04270

  306.0   0.04055

  307.0   0.03957

  308.0   0.03804

  309.0   0.03683

  310.0   0.03559

  311.0   0.03480

  312.0   0.03404

  313.0   0.03333

  314.0   0.03364

  315.0   0.03272

  316.0   0.03209

  317.0   0.03279

  318.0   0.03204

  319.0   0.03267

  320.0   0.03341

  321.0   0.03341

  322.0   0.03452

  323.0   0.03516

  324.0   0.03695

  325.0   0.03726

  326.0   0.03900

  327.0   0.04022

  328.0   0.04114

  329.0   0.04271

  330.0   0.04381

  331.0   0.04585

  332.0   0.04844

  333.0   0.04974

  334.0   0.05231

  335.0   0.05351

  336.0   0.05506

  337.0   0.05684

  338.0   0.05862

  339.0   0.06114

  340.0   0.06210

  341.0   0.06476

  342.0   0.06721

  343.0   0.06903

  344.0   0.07093

  345.0   0.07156

  346.0   0.07336

  347.0   0.07439

  348.0   0.07583

  349.0   0.07689

  350.0   0.07873

  351.0   0.07983

  352.0   0.08076

  353.0   0.08069

  354.0   0.08068

  355.0   0.08036

  356.0   0.08014

  357.0   0.08165

  358.0   0.08068

  359.0   0.07998

  360.0   0.07904

  361.0   0.07809

  362.0   0.07762

  363.0   0.07669

  364.0   0.07586

  365.0   0.07364

  366.0   0.07286

  367.0   0.07029

  368.0   0.06869

  369.0   0.06738

  370.0   0.06564

  371.0   0.06422

  372.0   0.06262

  373.0   0.06078

  374.0   0.05910

  375.0   0.05779

  376.0   0.05568

  377.0   0.05430

  378.0   0.05304

  379.0   0.05160

  380.0   0.04989

  381.0   0.04870

  382.0   0.04758

  383.0   0.04646

  384.0   0.04466

  385.0   0.04334

  386.0   0.04224

  387.0   0.04136

  388.0   0.04046

  389.0   0.03914

  390.0   0.03823

  391.0   0.03742

  392.0   0.03628

  393.0   0.03557

  394.0   0.03443

  395.0   0.03406

  396.0   0.03298

  397.0   0.03273

  398.0   0.03185

  399.0   0.03102

  400.0   0.03035

  401.0   0.02995

  402.0   0.02921

  403.0   0.02880

  404.0   0.02821

  405.0   0.02763

  406.0   0.02688

  407.0   0.02619

  408.0   0.02591

  409.0   0.02535

  410.0   0.02487

  411.0   0.02438

  412.0   0.02387

  413.0   0.02317

  414.0   0.02274

  415.0   0.02260

  416.0   0.02186

  417.0   0.02121

  418.0   0.02066

  419.0   0.02017

  420.0   0.01982

  421.0   0.01925

  422.0   0.01889

  423.0   0.01844

  424.0   0.01766

  425.0   0.01704

  426.0   0.01667

  427.0   0.01601

  428.0   0.01558

  429.0   0.01526

  430.0   0.01498

  431.0   0.01436

  432.0   0.01392

  433.0   0.01334

  434.0   0.01293

  435.0   0.01258

  436.0   0.01222

  437.0   0.01192

  438.0   0.01161

  439.0   0.01128

  440.0   0.01076

  441.0   0.01038

  442.0   0.00999

  443.0   0.00969

  444.0   0.00945

  445.0   0.00917

  446.0   0.00887

  447.0   0.00856

  448.0   0.00832

  449.0   0.00804

  450.0   0.00774

  451.0   0.00748

  452.0   0.00737

  453.0   0.00696

  454.0   0.00674

  455.0   0.00652

  456.0   0.00631

  457.0   0.00611

  458.0   0.00579

  459.0   0.00559

  460.0   0.00547

  461.0   0.00531

  462.0   0.00507

  463.0   0.00490

  464.0   0.00468

  465.0   0.00442

  466.0   0.00416

  467.0   0.00400

  468.0   0.00377

  469.0   0.00361

  470.0   0.00347

  471.0   0.00329

  472.0   0.00294

  473.0   0.00280

  474.0   0.00262

  475.0   0.00250

  476.0   0.00226

  477.0   0.00212

  478.0   0.00196

  479.0   0.00186

  480.0   0.00164

  481.0   0.00151

  482.0   0.00135

  483.0   0.00120

  484.0   0.00109

  485.0   0.00095

  486.0   0.00084

  487.0   0.00072

  488.0   0.00055

  489.0   0.00040

  490.0   0.00029

  491.0   0.00015

  492.0  -0.00002

  493.0  -0.00004

  494.0  -0.00015

  495.0  -0.00015

  496.0  -0.00021

  497.0  -0.00031

  498.0  -0.00039

  499.0  -0.00045

  500.0  -0.00046

  501.0  -0.00048

  502.0  -0.00055

  503.0  -0.00061

  504.0  -0.00064

  505.0  -0.00068

  506.0  -0.00073

  507.0  -0.00077

  508.0  -0.00074

  509.0  -0.00083

  510.0  -0.00089

  511.0  -0.00090

  512.0  -0.00101

  513.0  -0.00110

  514.0  -0.00115

  515.0  -0.00122

  516.0  -0.00129

  517.0  -0.00136

  518.0  -0.00134

  519.0  -0.00143

  520.0  -0.00142

  521.0  -0.00153

  522.0  -0.00166

  523.0  -0.00171

  524.0  -0.00176

  525.0  -0.00187

  526.0  -0.00189

  527.0  -0.00194

  528.0  -0.00196

  529.0  -0.00204

  530.0  -0.00215

  531.0  -0.00214

  532.0  -0.00216

  533.0  -0.00225

  534.0  -0.00224

  535.0  -0.00236

  536.0  -0.00239

  537.0  -0.00241

  538.0  -0.00238

  539.0  -0.00239

  540.0  -0.00240

  541.0  -0.00239

  542.0  -0.00230

  543.0  -0.00236

  544.0  -0.00236

  545.0  -0.00233

  546.0  -0.00225

  547.0  -0.00231

  548.0  -0.00229

  549.0  -0.00235

  550.0  -0.00238

  551.0  -0.00241

  552.0  -0.00243

  553.0  -0.00240

  554.0  -0.00238

  555.0  -0.00238

  556.0  -0.00236

  557.0  -0.00235

  558.0  -0.00242

  559.0  -0.00239

  560.0  -0.00234

  561.0  -0.00226

  562.0  -0.00225

  563.0  -0.00228

  564.0  -0.00228

  565.0  -0.00225

  566.0  -0.00225

  567.0  -0.00228

  568.0  -0.00222

  569.0  -0.00225

  570.0  -0.00223

  571.0  -0.00224

  572.0  -0.00220

  573.0  -0.00217

  574.0  -0.00215

  575.0  -0.00210

  576.0  -0.00202

  577.0  -0.00203

  578.0  -0.00204

  579.0  -0.00196

  580.0  -0.00191

  581.0  -0.00190

  582.0  -0.00185

  583.0  -0.00182

  584.0  -0.00177

  585.0  -0.00172

  586.0  -0.00165

  587.0  -0.00163

  588.0  -0.00158

  589.0  -0.00155

  590.0  -0.00149

  591.0  -0.00148

  592.0  -0.00143

  593.0  -0.00141

  594.0  -0.00140

  595.0  -0.00140

  596.0  -0.00137

  597.0  -0.00142

  598.0  -0.00143

  599.0  -0.00145

  600.0  -0.00152

  601.0  -0.00151

  602.0  -0.00152

  603.0  -0.00150

  604.0  -0.00148

  605.0  -0.00142

  606.0  -0.00146

  607.0  -0.00142

  608.0  -0.00144

  609.0  -0.00140

  610.0  -0.00136

  611.0  -0.00139

  612.0  -0.00137

  613.0  -0.00136

  614.0  -0.00138

  615.0  -0.00132

  616.0  -0.00134

  617.0  -0.00140

  618.0  -0.00142

  619.0  -0.00143

  620.0  -0.00145

  621.0  -0.00145

  622.0  -0.00144

  623.0  -0.00144

  624.0  -0.00144

  625.0  -0.00142

  626.0  -0.00136

  627.0  -0.00136

  628.0  -0.00136

  629.0  -0.00132

  630.0  -0.00129

  631.0  -0.00124

  632.0  -0.00118

  633.0  -0.00120

  634.0  -0.00116

  635.0  -0.00113

  636.0  -0.00113

  637.0  -0.00113

  638.0  -0.00113

  639.0  -0.00113

  640.0  -0.00113

  641.0  -0.00111

  642.0  -0.00109

  643.0  -0.00104

  644.0  -0.00104

  645.0  -0.00101

  646.0  -0.00099

  647.0  -0.00097

  648.0  -0.00090

  649.0  -0.00096

  650.0  -0.00090

  651.0  -0.00090

  652.0  -0.00091

  653.0  -0.00091

  654.0  -0.00089

  655.0  -0.00087

  656.0  -0.00089

  657.0  -0.00082

  658.0  -0.00076

  659.0  -0.00069

  660.0  -0.00067

  661.0  -0.00067

  662.0  -0.00066

  663.0  -0.00062

  664.0  -0.00061

  665.0  -0.00061

  666.0  -0.00061

  667.0  -0.00052

  668.0  -0.00052

  669.0  -0.00051

  670.0  -0.00051

  671.0  -0.00049

  672.0  -0.00049

  673.0  -0.00044

  674.0  -0.00042

  675.0  -0.00044

  676.0  -0.00048

  677.0  -0.00046

  678.0  -0.00052

  679.0  -0.00050

  680.0  -0.00050

  681.0  -0.00049

  682.0  -0.00053

  683.0  -0.00055

  684.0  -0.00058

  685.0  -0.00059

  686.0  -0.00062

  687.0  -0.00059

  688.0  -0.00065

  689.0  -0.00069

  690.0  -0.00067

  691.0  -0.00062

  692.0  -0.00062

  693.0  -0.00061

  694.0  -0.00061

  695.0  -0.00061

  696.0  -0.00069

  697.0  -0.00066

  698.0  -0.00064

  699.0  -0.00066

  700.0  -0.00067

  701.0  -0.00073

  702.0  -0.00071

  703.0  -0.00070

  704.0  -0.00066

  705.0  -0.00066

  706.0  -0.00067

  707.0  -0.00065

  708.0  -0.00076

  709.0  -0.00072

  710.0  -0.00075

  711.0  -0.00069

  712.0  -0.00065

  713.0  -0.00063

  714.0  -0.00060

  715.0  -0.00060

  716.0  -0.00058

  717.0  -0.00061

  718.0  -0.00066

  719.0  -0.00059

  720.0  -0.00055

  721.0  -0.00054

  722.0  -0.00052

  723.0  -0.00045

  724.0  -0.00041

  725.0  -0.00042

  726.0  -0.00035

  727.0  -0.00040

  728.0  -0.00033

  729.0  -0.00033

  730.0  -0.00031

  731.0  -0.00024

  732.0  -0.00024

  733.0  -0.00027

  734.0  -0.00020

  735.0  -0.00015

  736.0   0.00063

  737.0   0.00060

  738.0   0.00057

  739.0   0.00051

  740.0   0.00048

  741.0   0.00048

  742.0   0.00051

  743.0   0.00040

  744.0   0.00048

  745.0   0.00042

  746.0   0.00045

  747.0   0.00037

  748.0   0.00037

  749.0   0.00028

  750.0   0.00028

  751.0   0.00022

  752.0   0.00028

  753.0   0.00028

  754.0   0.00031

  755.0   0.00028

  756.0   0.00028

  757.0   0.00023

  758.0   0.00023

  759.0   0.00023

  760.0   0.00020

  761.0   0.00011

  762.0   0.00014

  763.0   0.00006

  764.0   0.00006

  765.0  -0.00000

  766.0  -0.00006

  767.0  -0.00000

  768.0  -0.00003

  769.0  -0.00006

  770.0  -0.00006

  771.0  -0.00009

  772.0  -0.00011

  773.0  -0.00014

  774.0  -0.00017

  775.0  -0.00014

  776.0  -0.00026

  777.0  -0.00032

  778.0  -0.00038

  779.0  -0.00046

  780.0  -0.00041

  781.0  -0.00041

  782.0  -0.00044

  783.0  -0.00044

  784.0  -0.00035

  785.0  -0.00035

  786.0  -0.00038

  787.0  -0.00041

  788.0  -0.00044

  789.0  -0.00044

  790.0  -0.00044

  791.0  -0.00047

  792.0  -0.00053

  793.0  -0.00056

  794.0  -0.00051

  795.0  -0.00048

  796.0  -0.00057

  797.0  -0.00057

  798.0  -0.00060

  799.0  -0.00057

  800.0  -0.00063

 
