ser ID: DU600

Method ID: A:\DEFAULT

Date: 07/31/00

Time: 09:20

 200.0   1.55419

  201.0   1.51903

  202.0   1.56726

  203.0   1.53557

  204.0   1.47673

  205.0   1.42750

  206.0   1.38941

  207.0   1.34528

  208.0   1.31743

  209.0   1.26667

  210.0   1.23711

  211.0   1.21005

  212.0   1.17546

  213.0   1.14911

  214.0   1.12434

  215.0   1.10230

  216.0   1.07858

  217.0   1.05513

  218.0   1.03268

  219.0   1.01208

  220.0   0.99037

  221.0   0.97254

  222.0   0.94992

  223.0   0.93012

  224.0   0.91135

  225.0   0.89311

  226.0   0.87488

  227.0   0.85780

  228.0   0.84545

  229.0   0.83295

  230.0   0.82219

  231.0   0.81291

  232.0   0.80484

  233.0   0.79633

  234.0   0.78552

  235.0   0.77426

  236.0   0.75990

  237.0   0.74475

  238.0   0.72476

  239.0   0.69897

  240.0   0.67182

  241.0   0.64300

  242.0   0.61189

  243.0   0.57846

  244.0   0.54960

  245.0   0.52250

  246.0   0.49833

  247.0   0.47353

  248.0   0.45302

  249.0   0.43388

  250.0   0.41586

  251.0   0.39937

  252.0   0.38502

  253.0   0.37204

  254.0   0.35937

  255.0   0.34799

  256.0   0.33764

  257.0   0.32664

  258.0   0.31747

  259.0   0.30759

  260.0   0.29800

  261.0   0.28889

  262.0   0.27991

  263.0   0.27031

  264.0   0.26176

  265.0   0.25290

  266.0   0.24429

  267.0   0.23631

  268.0   0.22887

  269.0   0.22110

  270.0   0.21346

  271.0   0.20564

  272.0   0.19804

  273.0   0.19089

  274.0   0.18198

  275.0   0.17343

  276.0   0.16606

  277.0   0.15852

  278.0   0.15013

  279.0   0.14295

  280.0   0.13646

  281.0   0.12914

  282.0   0.12331

  283.0   0.11796

  284.0   0.11233

  285.0   0.10561

  286.0   0.10065

  287.0   0.09504

  288.0   0.09051

  289.0   0.08643

  290.0   0.08286

  291.0   0.07947

  292.0   0.07648

  293.0   0.07330

  294.0   0.07032

  295.0   0.06761

  296.0   0.06460

  297.0   0.06243

  298.0   0.06069

  299.0   0.05856

  300.0   0.05716

  301.0   0.05549

  302.0   0.05453

  303.0   0.05302

  304.0   0.05255

  305.0   0.05058

  306.0   0.04924

  307.0   0.04866

  308.0   0.04756

  309.0   0.04749

  310.0   0.04653

  311.0   0.04552

  312.0   0.04573

  313.0   0.04436

  314.0   0.04483

  315.0   0.04360

  316.0   0.04257

  317.0   0.04256

  318.0   0.04264

  319.0   0.04265

  320.0   0.04313

  321.0   0.04342

  322.0   0.04325

  323.0   0.04362

  324.0   0.04375

  325.0   0.04367

  326.0   0.04372

  327.0   0.04410

  328.0   0.04438

  329.0   0.04499

  330.0   0.04597

  331.0   0.04683

  332.0   0.04811

  333.0   0.04845

  334.0   0.04896

  335.0   0.04953

  336.0   0.04905

  337.0   0.05042

  338.0   0.05094

  339.0   0.05209

  340.0   0.05339

  341.0   0.05459

  342.0   0.05576

  343.0   0.05654

  344.0   0.05709

  345.0   0.05702

  346.0   0.05799

  347.0   0.05904

  348.0   0.06006

  349.0   0.06018

  350.0   0.06168

  351.0   0.06159

  352.0   0.06229

  353.0   0.06238

  354.0   0.06232

  355.0   0.06130

  356.0   0.06167

  357.0   0.06268

  358.0   0.06155

  359.0   0.06180

  360.0   0.06084

  361.0   0.06017

  362.0   0.05962

  363.0   0.05890

  364.0   0.05858

  365.0   0.05779

  366.0   0.05677

  367.0   0.05533

  368.0   0.05401

  369.0   0.05273

  370.0   0.05184

  371.0   0.05081

  372.0   0.04998

  373.0   0.04904

  374.0   0.04816

  375.0   0.04720

  376.0   0.04569

  377.0   0.04470

  378.0   0.04370

  379.0   0.04242

  380.0   0.04150

  381.0   0.04071

  382.0   0.04009

  383.0   0.03966

  384.0   0.03840

  385.0   0.03748

  386.0   0.03666

  387.0   0.03629

  388.0   0.03527

  389.0   0.03449

  390.0   0.03391

  391.0   0.03376

  392.0   0.03324

  393.0   0.03275

  394.0   0.03173

  395.0   0.03149

  396.0   0.03084

  397.0   0.03048

  398.0   0.02995

  399.0   0.02956

  400.0   0.02924

  401.0   0.02900

  402.0   0.02834

  403.0   0.02802

  404.0   0.02738

  405.0   0.02679

  406.0   0.02616

  407.0   0.02561

  408.0   0.02539

  409.0   0.02517

  410.0   0.02452

  411.0   0.02381

  412.0   0.02317

  413.0   0.02257

  414.0   0.02207

  415.0   0.02175

  416.0   0.02103

  417.0   0.02032

  418.0   0.01971

  419.0   0.01907

  420.0   0.01859

  421.0   0.01797

  422.0   0.01757

  423.0   0.01700

  424.0   0.01626

  425.0   0.01567

  426.0   0.01520

  427.0   0.01464

  428.0   0.01398

  429.0   0.01356

  430.0   0.01326

  431.0   0.01262

  432.0   0.01228

  433.0   0.01181

  434.0   0.01131

  435.0   0.01100

  436.0   0.01068

  437.0   0.01036

  438.0   0.01003

  439.0   0.00989

  440.0   0.00949

  441.0   0.00913

  442.0   0.00892

  443.0   0.00864

  444.0   0.00856

  445.0   0.00815

  446.0   0.00790

  447.0   0.00775

  448.0   0.00756

  449.0   0.00725

  450.0   0.00700

  451.0   0.00670

  452.0   0.00660

  453.0   0.00628

  454.0   0.00623

  455.0   0.00602

  456.0   0.00582

  457.0   0.00570

  458.0   0.00546

  459.0   0.00531

  460.0   0.00515

  461.0   0.00492

  462.0   0.00479

  463.0   0.00467

  464.0   0.00449

  465.0   0.00431

  466.0   0.00397

  467.0   0.00382

  468.0   0.00362

  469.0   0.00343

  470.0   0.00331

  471.0   0.00312

  472.0   0.00294

  473.0   0.00273

  474.0   0.00247

  475.0   0.00238

  476.0   0.00217

  477.0   0.00209

  478.0   0.00196

  479.0   0.00189

  480.0   0.00172

  481.0   0.00161

  482.0   0.00143

  483.0   0.00125

  484.0   0.00116

  485.0   0.00100

  486.0   0.00087

  487.0   0.00081

  488.0   0.00066

  489.0   0.00056

  490.0   0.00038

  491.0   0.00029

  492.0   0.00013

  493.0   0.00009

  494.0   0.00011

  495.0   0.00006

  496.0  -0.00000

  497.0  -0.00012

  498.0  -0.00025

  499.0  -0.00028

  500.0  -0.00026

  501.0  -0.00030

  502.0  -0.00036

  503.0  -0.00035

  504.0  -0.00041

  505.0  -0.00043

  506.0  -0.00048

  507.0  -0.00054

  508.0  -0.00051

  509.0  -0.00061

  510.0  -0.00066

  511.0  -0.00069

  512.0  -0.00082

  513.0  -0.00089

  514.0  -0.00096

  515.0  -0.00098

  516.0  -0.00109

  517.0  -0.00116

  518.0  -0.00119

  519.0  -0.00124

  520.0  -0.00131

  521.0  -0.00135

  522.0  -0.00147

  523.0  -0.00149

  524.0  -0.00160

  525.0  -0.00167

  526.0  -0.00169

  527.0  -0.00176

  528.0  -0.00178

  529.0  -0.00180

  530.0  -0.00188

  531.0  -0.00190

  532.0  -0.00188

  533.0  -0.00194

  534.0  -0.00193

  535.0  -0.00205

  536.0  -0.00209

  537.0  -0.00212

  538.0  -0.00212

  539.0  -0.00210

  540.0  -0.00205

  541.0  -0.00203

  542.0  -0.00202

  543.0  -0.00202

  544.0  -0.00204

  545.0  -0.00203

  546.0  -0.00195

  547.0  -0.00197

  548.0  -0.00197

  549.0  -0.00199

  550.0  -0.00202

  551.0  -0.00207

  552.0  -0.00211

  553.0  -0.00211

  554.0  -0.00206

  555.0  -0.00208

  556.0  -0.00201

  557.0  -0.00198

  558.0  -0.00198

  559.0  -0.00197

  560.0  -0.00190

  561.0  -0.00187

  562.0  -0.00181

  563.0  -0.00182

  564.0  -0.00179

  565.0  -0.00182

  566.0  -0.00185

  567.0  -0.00188

  568.0  -0.00183

  569.0  -0.00181

  570.0  -0.00180

  571.0  -0.00181

  572.0  -0.00175

  573.0  -0.00176

  574.0  -0.00171

  575.0  -0.00172

  576.0  -0.00165

  577.0  -0.00161

  578.0  -0.00165

  579.0  -0.00157

  580.0  -0.00150

  581.0  -0.00146

  582.0  -0.00137

  583.0  -0.00124

  584.0  -0.00125

  585.0  -0.00119

  586.0  -0.00116

  587.0  -0.00116

  588.0  -0.00111

  589.0  -0.00109

  590.0  -0.00104

  591.0  -0.00108

  592.0  -0.00101

  593.0  -0.00101

  594.0  -0.00099

  595.0  -0.00096

  596.0  -0.00094

  597.0  -0.00101

  598.0  -0.00099

  599.0  -0.00104

  600.0  -0.00104

  601.0  -0.00101

  602.0  -0.00101

  603.0  -0.00095

  604.0  -0.00091

  605.0  -0.00093

  606.0  -0.00096

  607.0  -0.00094

  608.0  -0.00093

  609.0  -0.00091

  610.0  -0.00088

  611.0  -0.00091

  612.0  -0.00085

  613.0  -0.00092

  614.0  -0.00090

  615.0  -0.00092

  616.0  -0.00090

  617.0  -0.00093

  618.0  -0.00093

  619.0  -0.00091

  620.0  -0.00093

  621.0  -0.00096

  622.0  -0.00099

  623.0  -0.00097

  624.0  -0.00094

  625.0  -0.00093

  626.0  -0.00092

  627.0  -0.00088

  628.0  -0.00086

  629.0  -0.00088

  630.0  -0.00084

  631.0  -0.00079

  632.0  -0.00077

  633.0  -0.00072

  634.0  -0.00072

  635.0  -0.00070

  636.0  -0.00068

  637.0  -0.00067

  638.0  -0.00063

  639.0  -0.00063

  640.0  -0.00067

  641.0  -0.00061

  642.0  -0.00060

  643.0  -0.00056

  644.0  -0.00058

  645.0  -0.00058

  646.0  -0.00056

  647.0  -0.00056

  648.0  -0.00053

  649.0  -0.00055

  650.0  -0.00048

  651.0  -0.00048

  652.0  -0.00048

  653.0  -0.00050

  654.0  -0.00048

  655.0  -0.00039

  656.0  -0.00043

  657.0  -0.00034

  658.0  -0.00029

  659.0  -0.00029

  660.0  -0.00024

  661.0  -0.00021

  662.0  -0.00017

  663.0  -0.00014

  664.0  -0.00017

  665.0  -0.00017

  666.0  -0.00016

  667.0  -0.00010

  668.0  -0.00016

  669.0  -0.00016

  670.0  -0.00016

  671.0  -0.00016

  672.0  -0.00018

  673.0  -0.00016

  674.0  -0.00014

  675.0  -0.00016

  676.0  -0.00012

  677.0  -0.00007

  678.0  -0.00009

  679.0  -0.00004

  680.0  -0.00005

  681.0  -0.00007

  682.0  -0.00009

  683.0  -0.00015

  684.0  -0.00018

  685.0  -0.00016

  686.0  -0.00018

  687.0  -0.00017

  688.0  -0.00017

  689.0  -0.00017

  690.0  -0.00019

  691.0  -0.00011

  692.0  -0.00011

  693.0  -0.00013

  694.0  -0.00013

  695.0  -0.00017

  696.0  -0.00023

  697.0  -0.00019

  698.0  -0.00021

  699.0  -0.00021

  700.0  -0.00016

  701.0  -0.00020

  702.0  -0.00020

  703.0  -0.00016

  704.0  -0.00012

  705.0  -0.00012

  706.0  -0.00018

  707.0  -0.00016

  708.0  -0.00020

  709.0  -0.00023

  710.0  -0.00025

  711.0  -0.00017

  712.0  -0.00017

  713.0  -0.00015

  714.0  -0.00015

  715.0  -0.00019

  716.0  -0.00019

  717.0  -0.00020

  718.0  -0.00026

  719.0  -0.00024

  720.0  -0.00018

  721.0  -0.00016

  722.0  -0.00016

  723.0  -0.00016

  724.0  -0.00014

  725.0  -0.00014

  726.0  -0.00007

  727.0  -0.00007

  728.0  -0.00007

  729.0  -0.00012

  730.0  -0.00010

  731.0  -0.00000

  732.0  -0.00000

  733.0   0.00002

  734.0  -0.00000

  735.0  -0.00000

  736.0   0.00023

  737.0   0.00017

  738.0   0.00014

  739.0  -0.00000

  740.0   0.00006

  741.0  -0.00000

  742.0   0.00003

  743.0  -0.00003

  744.0  -0.00003

  745.0  -0.00008

  746.0  -0.00011

  747.0  -0.00008

  748.0  -0.00011

  749.0  -0.00022

  750.0  -0.00020

  751.0  -0.00017

  752.0  -0.00014

  753.0  -0.00011

  754.0  -0.00020

  755.0  -0.00025

  756.0  -0.00020

  757.0  -0.00028

  758.0  -0.00031

  759.0  -0.00025

  760.0  -0.00025

  761.0  -0.00031

  762.0  -0.00025

  763.0  -0.00034

  764.0  -0.00034

  765.0  -0.00040

  766.0  -0.00043

  767.0  -0.00043

  768.0  -0.00045

  769.0  -0.00046

  770.0  -0.00046

  771.0  -0.00051

  772.0  -0.00049

  773.0  -0.00052

  774.0  -0.00057

  775.0  -0.00057

  776.0  -0.00060

  777.0  -0.00058

  778.0  -0.00066

  779.0  -0.00075

  780.0  -0.00075

  781.0  -0.00075

  782.0  -0.00076

  783.0  -0.00076

  784.0  -0.00076

  785.0  -0.00070

  786.0  -0.00076

  787.0  -0.00079

  788.0  -0.00082

  789.0  -0.00083

  790.0  -0.00080

  791.0  -0.00080

  792.0  -0.00089

  793.0  -0.00083

  794.0  -0.00089

  795.0  -0.00081

  796.0  -0.00093

  797.0  -0.00096

  798.0  -0.00096

  799.0  -0.00096

  800.0  -0.00105

 
