ser ID: DU600

Method ID: A:\DEFAULT

Date: 07/31/00

Time: 08:15

 200.0   1.55419

  201.0   1.58315

  202.0   1.56726

  203.0   1.52827

  204.0   1.54562

  205.0   1.46701

  206.0   1.40980

  207.0   1.37976

  208.0   1.32318

  209.0   1.26901

  210.0   1.23711

  211.0   1.19937

  212.0   1.16612

  213.0   1.13808

  214.0   1.11564

  215.0   1.09440

  216.0   1.07038

  217.0   1.04587

  218.0   1.02674

  219.0   1.01130

  220.0   0.98965

  221.0   0.97794

  222.0   0.97004

  223.0   0.96261

  224.0   0.95711

  225.0   0.95279

  226.0   0.94768

  227.0   0.94399

  228.0   0.94297

  229.0   0.94165

  230.0   0.93965

  231.0   0.93739

  232.0   0.93586

  233.0   0.93250

  234.0   0.92709

  235.0   0.91736

  236.0   0.90126

  237.0   0.87995

  238.0   0.85188

  239.0   0.81527

  240.0   0.77242

  241.0   0.72834

  242.0   0.68287

  243.0   0.63417

  244.0   0.59392

  245.0   0.55759

  246.0   0.52459

  247.0   0.49441

  248.0   0.46931

  249.0   0.44771

  250.0   0.42787

  251.0   0.40768

  252.0   0.39143

  253.0   0.37678

  254.0   0.36239

  255.0   0.34898

  256.0   0.33484

  257.0   0.32242

  258.0   0.31044

  259.0   0.29781

  260.0   0.28588

  261.0   0.27513

  262.0   0.26443

  263.0   0.25517

  264.0   0.24738

  265.0   0.23891

  266.0   0.23201

  267.0   0.22618

  268.0   0.22089

  269.0   0.21550

  270.0   0.20933

  271.0   0.20452

  272.0   0.19915

  273.0   0.19551

  274.0   0.19004

  275.0   0.18484

  276.0   0.17957

  277.0   0.17291

  278.0   0.16604

  279.0   0.16007

  280.0   0.15396

  281.0   0.14587

  282.0   0.14012

  283.0   0.13400

  284.0   0.12712

  285.0   0.12030

  286.0   0.11347

  287.0   0.10678

  288.0   0.10037

  289.0   0.09501

  290.0   0.08966

  291.0   0.08506

  292.0   0.08097

  293.0   0.07638

  294.0   0.07262

  295.0   0.06845

  296.0   0.06443

  297.0   0.06160

  298.0   0.05844

  299.0   0.05574

  300.0   0.05251

  301.0   0.04969

  302.0   0.04830

  303.0   0.04620

  304.0   0.04528

  305.0   0.04295

  306.0   0.04063

  307.0   0.04033

  308.0   0.03821

  309.0   0.03649

  310.0   0.03602

  311.0   0.03463

  312.0   0.03404

  313.0   0.03342

  314.0   0.03364

  315.0   0.03328

  316.0   0.03237

  317.0   0.03259

  318.0   0.03252

  319.0   0.03307

  320.0   0.03351

  321.0   0.03351

  322.0   0.03504

  323.0   0.03579

  324.0   0.03685

  325.0   0.03821

  326.0   0.03900

  327.0   0.04054

  328.0   0.04146

  329.0   0.04239

  330.0   0.04413

  331.0   0.04575

  332.0   0.04876

  333.0   0.04985

  334.0   0.05187

  335.0   0.05330

  336.0   0.05441

  337.0   0.05706

  338.0   0.05895

  339.0   0.06071

  340.0   0.06200

  341.0   0.06476

  342.0   0.06710

  343.0   0.06860

  344.0   0.07093

  345.0   0.07145

  346.0   0.07293

  347.0   0.07418

  348.0   0.07551

  349.0   0.07678

  350.0   0.07852

  351.0   0.07929

  352.0   0.08033

  353.0   0.08058

  354.0   0.08089

  355.0   0.08058

  356.0   0.08102

  357.0   0.08154

  358.0   0.08079

  359.0   0.07954

  360.0   0.07893

  361.0   0.07809

  362.0   0.07701

  363.0   0.07639

  364.0   0.07489

  365.0   0.07355

  366.0   0.07277

  367.0   0.07020

  368.0   0.06895

  369.0   0.06704

  370.0   0.06515

  371.0   0.06366

  372.0   0.06162

  373.0   0.06034

  374.0   0.05924

  375.0   0.05786

  376.0   0.05588

  377.0   0.05443

  378.0   0.05279

  379.0   0.05154

  380.0   0.04948

  381.0   0.04853

  382.0   0.04731

  383.0   0.04657

  384.0   0.04492

  385.0   0.04374

  386.0   0.04248

  387.0   0.04150

  388.0   0.04032

  389.0   0.03892

  390.0   0.03801

  391.0   0.03746

  392.0   0.03657

  393.0   0.03561

  394.0   0.03439

  395.0   0.03386

  396.0   0.03294

  397.0   0.03227

  398.0   0.03162

  399.0   0.03110

  400.0   0.03050

  401.0   0.02991

  402.0   0.02939

  403.0   0.02876

  404.0   0.02793

  405.0   0.02753

  406.0   0.02668

  407.0   0.02609

  408.0   0.02585

  409.0   0.02544

  410.0   0.02504

  411.0   0.02441

  412.0   0.02373

  413.0   0.02323

  414.0   0.02274

  415.0   0.02241

  416.0   0.02204

  417.0   0.02121

  418.0   0.02083

  419.0   0.02025

  420.0   0.01982

  421.0   0.01925

  422.0   0.01874

  423.0   0.01836

  424.0   0.01774

  425.0   0.01725

  426.0   0.01660

  427.0   0.01622

  428.0   0.01545

  429.0   0.01519

  430.0   0.01472

  431.0   0.01430

  432.0   0.01380

  433.0   0.01329

  434.0   0.01293

  435.0   0.01258

  436.0   0.01211

  437.0   0.01176

  438.0   0.01134

  439.0   0.01118

  440.0   0.01086

  441.0   0.01038

  442.0   0.00999

  443.0   0.00969

  444.0   0.00950

  445.0   0.00912

  446.0   0.00877

  447.0   0.00851

  448.0   0.00828

  449.0   0.00804

  450.0   0.00778

  451.0   0.00735

  452.0   0.00719

  453.0   0.00683

  454.0   0.00661

  455.0   0.00652

  456.0   0.00627

  457.0   0.00607

  458.0   0.00579

  459.0   0.00559

  460.0   0.00551

  461.0   0.00527

  462.0   0.00503

  463.0   0.00482

  464.0   0.00464

  465.0   0.00446

  466.0   0.00416

  467.0   0.00397

  468.0   0.00380

  469.0   0.00361

  470.0   0.00337

  471.0   0.00315

  472.0   0.00297

  473.0   0.00283

  474.0   0.00256

  475.0   0.00250

  476.0   0.00226

  477.0   0.00218

  478.0   0.00196

  479.0   0.00189

  480.0   0.00172

  481.0   0.00153

  482.0   0.00138

  483.0   0.00118

  484.0   0.00104

  485.0   0.00090

  486.0   0.00075

  487.0   0.00067

  488.0   0.00052

  489.0   0.00043

  490.0   0.00031

  491.0   0.00020

  492.0   0.00009

  493.0  -0.00004

  494.0  -0.00006

  495.0  -0.00015

  496.0  -0.00015

  497.0  -0.00023

  498.0  -0.00033

  499.0  -0.00037

  500.0  -0.00038

  501.0  -0.00042

  502.0  -0.00052

  503.0  -0.00055

  504.0  -0.00064

  505.0  -0.00062

  506.0  -0.00069

  507.0  -0.00073

  508.0  -0.00074

  509.0  -0.00083

  510.0  -0.00091

  511.0  -0.00096

  512.0  -0.00099

  513.0  -0.00106

  514.0  -0.00113

  515.0  -0.00116

  516.0  -0.00123

  517.0  -0.00132

  518.0  -0.00137

  519.0  -0.00145

  520.0  -0.00148

  521.0  -0.00153

  522.0  -0.00169

  523.0  -0.00175

  524.0  -0.00182

  525.0  -0.00193

  526.0  -0.00194

  527.0  -0.00200

  528.0  -0.00202

  529.0  -0.00208

  530.0  -0.00211

  531.0  -0.00210

  532.0  -0.00210

  533.0  -0.00216

  534.0  -0.00211

  535.0  -0.00218

  536.0  -0.00226

  537.0  -0.00228

  538.0  -0.00227

  539.0  -0.00232

  540.0  -0.00235

  541.0  -0.00235

  542.0  -0.00228

  543.0  -0.00232

  544.0  -0.00233

  545.0  -0.00229

  546.0  -0.00227

  547.0  -0.00229

  548.0  -0.00229

  549.0  -0.00231

  550.0  -0.00236

  551.0  -0.00241

  552.0  -0.00245

  553.0  -0.00240

  554.0  -0.00240

  555.0  -0.00238

  556.0  -0.00226

  557.0  -0.00231

  558.0  -0.00237

  559.0  -0.00234

  560.0  -0.00231

  561.0  -0.00230

  562.0  -0.00229

  563.0  -0.00230

  564.0  -0.00228

  565.0  -0.00227

  566.0  -0.00232

  567.0  -0.00233

  568.0  -0.00227

  569.0  -0.00225

  570.0  -0.00221

  571.0  -0.00226

  572.0  -0.00216

  573.0  -0.00215

  574.0  -0.00211

  575.0  -0.00205

  576.0  -0.00200

  577.0  -0.00199

  578.0  -0.00195

  579.0  -0.00190

  580.0  -0.00177

  581.0  -0.00176

  582.0  -0.00169

  583.0  -0.00160

  584.0  -0.00163

  585.0  -0.00160

  586.0  -0.00160

  587.0  -0.00155

  588.0  -0.00146

  589.0  -0.00144

  590.0  -0.00133

  591.0  -0.00134

  592.0  -0.00136

  593.0  -0.00137

  594.0  -0.00136

  595.0  -0.00132

  596.0  -0.00135

  597.0  -0.00138

  598.0  -0.00138

  599.0  -0.00139

  600.0  -0.00139

  601.0  -0.00138

  602.0  -0.00139

  603.0  -0.00139

  604.0  -0.00135

  605.0  -0.00138

  606.0  -0.00141

  607.0  -0.00139

  608.0  -0.00137

  609.0  -0.00131

  610.0  -0.00130

  611.0  -0.00132

  612.0  -0.00130

  613.0  -0.00131

  614.0  -0.00131

  615.0  -0.00129

  616.0  -0.00127

  617.0  -0.00133

  618.0  -0.00135

  619.0  -0.00135

  620.0  -0.00136

  621.0  -0.00141

  622.0  -0.00144

  623.0  -0.00142

  624.0  -0.00139

  625.0  -0.00137

  626.0  -0.00131

  627.0  -0.00128

  628.0  -0.00115

  629.0  -0.00108

  630.0  -0.00089

  631.0  -0.00084

  632.0  -0.00082

  633.0  -0.00082

  634.0  -0.00080

  635.0  -0.00075

  636.0  -0.00072

  637.0  -0.00070

  638.0  -0.00070

  639.0  -0.00068

  640.0  -0.00067

  641.0  -0.00065

  642.0  -0.00063

  643.0  -0.00061

  644.0  -0.00058

  645.0  -0.00056

  646.0  -0.00055

  647.0  -0.00056

  648.0  -0.00051

  649.0  -0.00053

  650.0  -0.00048

  651.0  -0.00046

  652.0  -0.00046

  653.0  -0.00046

  654.0  -0.00050

  655.0  -0.00048

  656.0  -0.00046

  657.0  -0.00040

  658.0  -0.00036

  659.0  -0.00034

  660.0  -0.00033

  661.0  -0.00033

  662.0  -0.00028

  663.0  -0.00024

  664.0  -0.00019

  665.0  -0.00010

  666.0  -0.00002

  667.0   0.00009

  668.0   0.00009

  669.0   0.00010

  670.0   0.00011

  671.0   0.00014

  672.0   0.00016

  673.0   0.00014

  674.0   0.00019

  675.0   0.00014

  676.0   0.00016

  677.0   0.00020

  678.0   0.00018

  679.0   0.00020

  680.0   0.00020

  681.0   0.00020

  682.0   0.00020

  683.0   0.00015

  684.0   0.00011

  685.0   0.00013

  686.0   0.00007

  687.0   0.00013

  688.0   0.00013

  689.0   0.00013

  690.0   0.00011

  691.0   0.00017

  692.0   0.00019

  693.0   0.00017

  694.0   0.00021

  695.0   0.00019

  696.0   0.00013

  697.0   0.00012

  698.0   0.00014

  699.0   0.00014

  700.0   0.00016

  701.0   0.00010

  702.0   0.00014

  703.0   0.00012

  704.0   0.00012

  705.0   0.00012

  706.0   0.00010

  707.0   0.00010

  708.0   0.00002

  709.0   0.00002

  710.0  -0.00000

  711.0   0.00008

  712.0   0.00013

  713.0   0.00013

  714.0   0.00017

  715.0   0.00015

  716.0   0.00017

  717.0   0.00017

  718.0   0.00017

  719.0   0.00018

  720.0   0.00022

  721.0   0.00025

  722.0   0.00025

  723.0   0.00030

  724.0   0.00032

  725.0   0.00028

  726.0   0.00033

  727.0   0.00028

  728.0   0.00026

  729.0   0.00024

  730.0   0.00026

  731.0   0.00027

  732.0   0.00024

  733.0   0.00029

  734.0   0.00032

  735.0   0.00030

  736.0   0.00052

  737.0   0.00057

  738.0   0.00054

  739.0   0.00048

  740.0   0.00048

  741.0   0.00048

  742.0   0.00051

  743.0   0.00051

  744.0   0.00051

  745.0   0.00048

  746.0   0.00045

  747.0   0.00039

  748.0   0.00034

  749.0   0.00034

  750.0   0.00028

  751.0   0.00031

  752.0   0.00034

  753.0   0.00034

  754.0   0.00034

  755.0   0.00028

  756.0   0.00028

  757.0   0.00023

  758.0   0.00020

  759.0   0.00020

  760.0   0.00014

  761.0   0.00011

  762.0   0.00014

  763.0  -0.00000

  764.0   0.00006

  765.0  -0.00000

  766.0  -0.00006

  767.0  -0.00006

  768.0  -0.00009

  769.0  -0.00014

  770.0  -0.00009

  771.0  -0.00009

  772.0  -0.00011

  773.0  -0.00017

  774.0  -0.00020

  775.0  -0.00014

  776.0  -0.00029

  777.0  -0.00029

  778.0  -0.00040

  779.0  -0.00043

  780.0  -0.00046

  781.0  -0.00049

  782.0  -0.00049

  783.0  -0.00047

  784.0  -0.00038

  785.0  -0.00038

  786.0  -0.00038

  787.0  -0.00038

  788.0  -0.00035

  789.0  -0.00038

  790.0  -0.00033

  791.0  -0.00038

  792.0  -0.00045

  793.0  -0.00045

  794.0  -0.00045

  795.0  -0.00036

  796.0  -0.00042

  797.0  -0.00048

  798.0  -0.00048

  799.0  -0.00045

  800.0  -0.00045

 
