ser ID: DU600

Method ID: A:\DEFAULT

Date: 07/31/00

Time: 09:32

 200.0   1.56518

  201.0   1.54536

  202.0   1.57604

  203.0   1.54300

  204.0   1.47098

  205.0   1.42281

  206.0   1.39745

  207.0   1.36218

  208.0   1.30338

  209.0   1.26901

  210.0   1.23508

  211.0   1.19937

  212.0   1.17862

  213.0   1.15191

  214.0   1.12939

  215.0   1.10574

  216.0   1.08483

  217.0   1.05983

  218.0   1.03525

  219.0   1.01208

  220.0   0.99254

  221.0   0.96788

  222.0   0.94382

  223.0   0.92167

  224.0   0.90348

  225.0   0.88286

  226.0   0.86444

  227.0   0.84929

  228.0   0.83343

  229.0   0.82231

  230.0   0.80854

  231.0   0.79614

  232.0   0.78644

  233.0   0.77707

  234.0   0.76703

  235.0   0.75616

  236.0   0.74226

  237.0   0.72651

  238.0   0.70740

  239.0   0.68264

  240.0   0.65848

  241.0   0.63028

  242.0   0.60098

  243.0   0.56996

  244.0   0.54246

  245.0   0.51771

  246.0   0.49518

  247.0   0.47128

  248.0   0.44998

  249.0   0.43178

  250.0   0.41410

  251.0   0.39712

  252.0   0.38308

  253.0   0.37051

  254.0   0.35925

  255.0   0.34638

  256.0   0.33667

  257.0   0.32664

  258.0   0.31807

  259.0   0.30879

  260.0   0.30014

  261.0   0.29124

  262.0   0.28120

  263.0   0.27252

  264.0   0.26454

  265.0   0.25543

  266.0   0.24567

  267.0   0.23870

  268.0   0.23068

  269.0   0.22280

  270.0   0.21335

  271.0   0.20608

  272.0   0.19694

  273.0   0.19035

  274.0   0.18048

  275.0   0.17183

  276.0   0.16355

  277.0   0.15595

  278.0   0.14760

  279.0   0.14155

  280.0   0.13459

  281.0   0.12691

  282.0   0.12111

  283.0   0.11550

  284.0   0.10990

  285.0   0.10386

  286.0   0.09909

  287.0   0.09360

  288.0   0.08855

  289.0   0.08520

  290.0   0.08094

  291.0   0.07808

  292.0   0.07554

  293.0   0.07236

  294.0   0.07058

  295.0   0.06769

  296.0   0.06502

  297.0   0.06277

  298.0   0.06136

  299.0   0.05948

  300.0   0.05774

  301.0   0.05666

  302.0   0.05495

  303.0   0.05361

  304.0   0.05323

  305.0   0.05143

  306.0   0.05069

  307.0   0.05020

  308.0   0.04886

  309.0   0.04846

  310.0   0.04822

  311.0   0.04759

  312.0   0.04765

  313.0   0.04649

  314.0   0.04652

  315.0   0.04560

  316.0   0.04488

  317.0   0.04481

  318.0   0.04433

  319.0   0.04396

  320.0   0.04456

  321.0   0.04404

  322.0   0.04368

  323.0   0.04415

  324.0   0.04461

  325.0   0.04463

  326.0   0.04426

  327.0   0.04497

  328.0   0.04568

  329.0   0.04651

  330.0   0.04728

  331.0   0.04759

  332.0   0.04811

  333.0   0.04802

  334.0   0.04864

  335.0   0.04942

  336.0   0.04862

  337.0   0.05031

  338.0   0.05041

  339.0   0.05104

  340.0   0.05161

  341.0   0.05333

  342.0   0.05430

  343.0   0.05498

  344.0   0.05595

  345.0   0.05609

  346.0   0.05686

  347.0   0.05749

  348.0   0.05872

  349.0   0.05884

  350.0   0.05911

  351.0   0.05881

  352.0   0.06012

  353.0   0.05948

  354.0   0.05963

  355.0   0.05922

  356.0   0.05938

  357.0   0.06029

  358.0   0.05933

  359.0   0.05952

  360.0   0.05809

  361.0   0.05778

  362.0   0.05787

  363.0   0.05709

  364.0   0.05617

  365.0   0.05589

  366.0   0.05456

  367.0   0.05327

  368.0   0.05267

  369.0   0.05159

  370.0   0.05049

  371.0   0.04950

  372.0   0.04834

  373.0   0.04767

  374.0   0.04613

  375.0   0.04537

  376.0   0.04412

  377.0   0.04337

  378.0   0.04260

  379.0   0.04153

  380.0   0.04075

  381.0   0.03987

  382.0   0.03934

  383.0   0.03861

  384.0   0.03769

  385.0   0.03698

  386.0   0.03628

  387.0   0.03574

  388.0   0.03468

  389.0   0.03409

  390.0   0.03369

  391.0   0.03325

  392.0   0.03287

  393.0   0.03246

  394.0   0.03153

  395.0   0.03141

  396.0   0.03088

  397.0   0.03052

  398.0   0.03007

  399.0   0.02956

  400.0   0.02909

  401.0   0.02881

  402.0   0.02816

  403.0   0.02788

  404.0   0.02732

  405.0   0.02676

  406.0   0.02622

  407.0   0.02587

  408.0   0.02548

  409.0   0.02496

  410.0   0.02457

  411.0   0.02398

  412.0   0.02326

  413.0   0.02263

  414.0   0.02210

  415.0   0.02191

  416.0   0.02094

  417.0   0.02032

  418.0   0.01971

  419.0   0.01916

  420.0   0.01859

  421.0   0.01781

  422.0   0.01734

  423.0   0.01692

  424.0   0.01604

  425.0   0.01531

  426.0   0.01485

  427.0   0.01437

  428.0   0.01371

  429.0   0.01343

  430.0   0.01294

  431.0   0.01256

  432.0   0.01204

  433.0   0.01163

  434.0   0.01125

  435.0   0.01089

  436.0   0.01052

  437.0   0.01014

  438.0   0.00992

  439.0   0.00963

  440.0   0.00934

  441.0   0.00889

  442.0   0.00873

  443.0   0.00849

  444.0   0.00832

  445.0   0.00801

  446.0   0.00781

  447.0   0.00752

  448.0   0.00730

  449.0   0.00707

  450.0   0.00687

  451.0   0.00657

  452.0   0.00651

  453.0   0.00620

  454.0   0.00602

  455.0   0.00585

  456.0   0.00565

  457.0   0.00554

  458.0   0.00526

  459.0   0.00515

  460.0   0.00503

  461.0   0.00484

  462.0   0.00463

  463.0   0.00447

  464.0   0.00433

  465.0   0.00404

  466.0   0.00389

  467.0   0.00375

  468.0   0.00352

  469.0   0.00336

  470.0   0.00327

  471.0   0.00315

  472.0   0.00290

  473.0   0.00273

  474.0   0.00250

  475.0   0.00241

  476.0   0.00217

  477.0   0.00209

  478.0   0.00185

  479.0   0.00181

  480.0   0.00161

  481.0   0.00148

  482.0   0.00135

  483.0   0.00123

  484.0   0.00111

  485.0   0.00098

  486.0   0.00087

  487.0   0.00074

  488.0   0.00055

  489.0   0.00040

  490.0   0.00027

  491.0   0.00018

  492.0   0.00007

  493.0   0.00004

  494.0  -0.00000

  495.0  -0.00004

  496.0  -0.00012

  497.0  -0.00023

  498.0  -0.00031

  499.0  -0.00030

  500.0  -0.00026

  501.0  -0.00026

  502.0  -0.00034

  503.0  -0.00039

  504.0  -0.00049

  505.0  -0.00050

  506.0  -0.00058

  507.0  -0.00063

  508.0  -0.00059

  509.0  -0.00066

  510.0  -0.00070

  511.0  -0.00073

  512.0  -0.00080

  513.0  -0.00086

  514.0  -0.00091

  515.0  -0.00092

  516.0  -0.00098

  517.0  -0.00110

  518.0  -0.00112

  519.0  -0.00121

  520.0  -0.00121

  521.0  -0.00122

  522.0  -0.00133

  523.0  -0.00138

  524.0  -0.00147

  525.0  -0.00160

  526.0  -0.00169

  527.0  -0.00175

  528.0  -0.00178

  529.0  -0.00186

  530.0  -0.00195

  531.0  -0.00197

  532.0  -0.00192

  533.0  -0.00202

  534.0  -0.00199

  535.0  -0.00207

  536.0  -0.00211

  537.0  -0.00212

  538.0  -0.00212

  539.0  -0.00211

  540.0  -0.00212

  541.0  -0.00209

  542.0  -0.00204

  543.0  -0.00206

  544.0  -0.00208

  545.0  -0.00208

  546.0  -0.00203

  547.0  -0.00204

  548.0  -0.00203

  549.0  -0.00205

  550.0  -0.00204

  551.0  -0.00209

  552.0  -0.00213

  553.0  -0.00211

  554.0  -0.00212

  555.0  -0.00210

  556.0  -0.00203

  557.0  -0.00191

  558.0  -0.00193

  559.0  -0.00193

  560.0  -0.00192

  561.0  -0.00189

  562.0  -0.00190

  563.0  -0.00194

  564.0  -0.00190

  565.0  -0.00189

  566.0  -0.00190

  567.0  -0.00193

  568.0  -0.00189

  569.0  -0.00190

  570.0  -0.00187

  571.0  -0.00185

  572.0  -0.00180

  573.0  -0.00181

  574.0  -0.00175

  575.0  -0.00172

  576.0  -0.00165

  577.0  -0.00159

  578.0  -0.00158

  579.0  -0.00153

  580.0  -0.00146

  581.0  -0.00143

  582.0  -0.00139

  583.0  -0.00128

  584.0  -0.00129

  585.0  -0.00125

  586.0  -0.00124

  587.0  -0.00118

  588.0  -0.00113

  589.0  -0.00105

  590.0  -0.00098

  591.0  -0.00102

  592.0  -0.00101

  593.0  -0.00103

  594.0  -0.00097

  595.0  -0.00098

  596.0  -0.00096

  597.0  -0.00097

  598.0  -0.00093

  599.0  -0.00097

  600.0  -0.00100

  601.0  -0.00100

  602.0  -0.00097

  603.0  -0.00095

  604.0  -0.00089

  605.0  -0.00087

  606.0  -0.00090

  607.0  -0.00085

  608.0  -0.00084

  609.0  -0.00082

  610.0  -0.00082

  611.0  -0.00084

  612.0  -0.00080

  613.0  -0.00085

  614.0  -0.00087

  615.0  -0.00085

  616.0  -0.00081

  617.0  -0.00084

  618.0  -0.00086

  619.0  -0.00086

  620.0  -0.00091

  621.0  -0.00089

  622.0  -0.00094

  623.0  -0.00089

  624.0  -0.00087

  625.0  -0.00083

  626.0  -0.00083

  627.0  -0.00083

  628.0  -0.00083

  629.0  -0.00086

  630.0  -0.00081

  631.0  -0.00077

  632.0  -0.00077

  633.0  -0.00070

  634.0  -0.00070

  635.0  -0.00070

  636.0  -0.00070

  637.0  -0.00067

  638.0  -0.00067

  639.0  -0.00068

  640.0  -0.00072

  641.0  -0.00068

  642.0  -0.00067

  643.0  -0.00063

  644.0  -0.00060

  645.0  -0.00056

  646.0  -0.00055

  647.0  -0.00053

  648.0  -0.00048

  649.0  -0.00051

  650.0  -0.00046

  651.0  -0.00046

  652.0  -0.00044

  653.0  -0.00043

  654.0  -0.00046

  655.0  -0.00043

  656.0  -0.00041

  657.0  -0.00034

  658.0  -0.00031

  659.0  -0.00026

  660.0  -0.00026

  661.0  -0.00024

  662.0  -0.00021

  663.0  -0.00019

  664.0  -0.00021

  665.0  -0.00017

  666.0  -0.00010

  667.0  -0.00005

  668.0  -0.00009

  669.0  -0.00012

  670.0  -0.00012

  671.0  -0.00012

  672.0  -0.00012

  673.0  -0.00009

  674.0  -0.00004

  675.0  -0.00007

  676.0  -0.00004

  677.0  -0.00000

  678.0  -0.00004

  679.0  -0.00002

  680.0  -0.00007

  681.0  -0.00005

  682.0  -0.00009

  683.0  -0.00015

  684.0  -0.00018

  685.0  -0.00015

  686.0  -0.00015

  687.0  -0.00013

  688.0  -0.00013

  689.0  -0.00019

  690.0  -0.00021

  691.0  -0.00017

  692.0  -0.00019

  693.0  -0.00017

  694.0  -0.00013

  695.0  -0.00013

  696.0  -0.00013

  697.0  -0.00014

  698.0  -0.00016

  699.0  -0.00018

  700.0  -0.00014

  701.0  -0.00020

  702.0  -0.00018

  703.0  -0.00016

  704.0  -0.00018

  705.0  -0.00018

  706.0  -0.00024

  707.0  -0.00026

  708.0  -0.00033

  709.0  -0.00029

  710.0  -0.00031

  711.0  -0.00017

  712.0  -0.00013

  713.0  -0.00013

  714.0  -0.00009

  715.0  -0.00011

  716.0  -0.00013

  717.0  -0.00009

  718.0  -0.00009

  719.0  -0.00011

  720.0  -0.00009

  721.0  -0.00004

  722.0  -0.00002

  723.0  -0.00002

  724.0  -0.00000

  725.0   0.00002

  726.0   0.00005

  727.0   0.00005

  728.0   0.00002

  729.0  -0.00002

  730.0  -0.00002

  731.0   0.00002

  732.0  -0.00000

  733.0  -0.00000

  734.0   0.00007

  735.0   0.00007

  736.0   0.00026

  737.0   0.00023

  738.0   0.00020

  739.0   0.00017

  740.0   0.00014

  741.0   0.00008

  742.0   0.00014

  743.0   0.00006

  744.0   0.00008

  745.0  -0.00000

  746.0  -0.00003

  747.0  -0.00006

  748.0  -0.00006

  749.0  -0.00008

  750.0  -0.00011

  751.0  -0.00011

  752.0  -0.00014

  753.0  -0.00014

  754.0  -0.00014

  755.0  -0.00020

  756.0  -0.00020

  757.0  -0.00028

  758.0  -0.00028

  759.0  -0.00034

  760.0  -0.00037

  761.0  -0.00048

  762.0  -0.00042

  763.0  -0.00051

  764.0  -0.00051

  765.0  -0.00057

  766.0  -0.00057

  767.0  -0.00054

  768.0  -0.00054

  769.0  -0.00057

  770.0  -0.00057

  771.0  -0.00054

  772.0  -0.00057

  773.0  -0.00057

  774.0  -0.00060

  775.0  -0.00055

  776.0  -0.00066

  777.0  -0.00066

  778.0  -0.00072

  779.0  -0.00078

  780.0  -0.00078

  781.0  -0.00075

  782.0  -0.00076

  783.0  -0.00076

  784.0  -0.00073

  785.0  -0.00076

  786.0  -0.00082

  787.0  -0.00082

  788.0  -0.00082

  789.0  -0.00083

  790.0  -0.00080

  791.0  -0.00089

  792.0  -0.00089

  793.0  -0.00089

  794.0  -0.00089

  795.0  -0.00087

  796.0  -0.00090

  797.0  -0.00096

  798.0  -0.00093

  799.0  -0.00093

  800.0  -0.00099

 
