ser ID: DU600

Method ID: A:\DEFAULT

Date: 07/31/00

Time: 08:16

 200.0   1.56518

  201.0   1.61382

  202.0   1.55866

  203.0   1.55055

  204.0   1.46531

  205.0   1.44681

  206.0   1.41824

  207.0   1.39809

  208.0   1.32901

  209.0   1.27373

  210.0   1.24952

  211.0   1.20646

  212.0   1.16612

  213.0   1.13537

  214.0   1.11075

  215.0   1.08773

  216.0   1.06836

  217.0   1.04955

  218.0   1.02758

  219.0   1.01287

  220.0   0.99618

  221.0   0.98271

  222.0   0.97004

  223.0   0.96139

  224.0   0.95359

  225.0   0.94997

  226.0   0.94659

  227.0   0.94609

  228.0   0.94347

  229.0   0.93870

  230.0   0.93870

  231.0   0.93785

  232.0   0.93586

  233.0   0.93162

  234.0   0.92367

  235.0   0.91200

  236.0   0.89810

  237.0   0.87696

  238.0   0.85083

  239.0   0.81304

  240.0   0.77271

  241.0   0.72808

  242.0   0.68311

  243.0   0.63332

  244.0   0.59217

  245.0   0.55561

  246.0   0.52375

  247.0   0.49346

  248.0   0.47052

  249.0   0.44829

  250.0   0.42773

  251.0   0.40809

  252.0   0.39183

  253.0   0.37640

  254.0   0.36302

  255.0   0.34799

  256.0   0.33459

  257.0   0.32242

  258.0   0.31044

  259.0   0.29770

  260.0   0.28645

  261.0   0.27593

  262.0   0.26432

  263.0   0.25528

  264.0   0.24760

  265.0   0.23936

  266.0   0.23179

  267.0   0.22630

  268.0   0.22089

  269.0   0.21617

  270.0   0.21022

  271.0   0.20463

  272.0   0.19981

  273.0   0.19584

  274.0   0.18905

  275.0   0.18430

  276.0   0.17839

  277.0   0.17270

  278.0   0.16604

  279.0   0.16028

  280.0   0.15344

  281.0   0.14607

  282.0   0.13982

  283.0   0.13321

  284.0   0.12673

  285.0   0.11924

  286.0   0.11300

  287.0   0.10641

  288.0   0.10046

  289.0   0.09492

  290.0   0.08966

  291.0   0.08532

  292.0   0.08106

  293.0   0.07647

  294.0   0.07296

  295.0   0.06845

  296.0   0.06460

  297.0   0.06135

  298.0   0.05877

  299.0   0.05582

  300.0   0.05309

  301.0   0.05059

  302.0   0.04822

  303.0   0.04611

  304.0   0.04471

  305.0   0.04278

  306.0   0.04122

  307.0   0.04008

  308.0   0.03830

  309.0   0.03735

  310.0   0.03662

  311.0   0.03568

  312.0   0.03448

  313.0   0.03378

  314.0   0.03373

  315.0   0.03309

  316.0   0.03322

  317.0   0.03269

  318.0   0.03330

  319.0   0.03297

  320.0   0.03391

  321.0   0.03412

  322.0   0.03536

  323.0   0.03611

  324.0   0.03695

  325.0   0.03768

  326.0   0.03857

  327.0   0.04033

  328.0   0.04125

  329.0   0.04325

  330.0   0.04478

  331.0   0.04640

  332.0   0.04876

  333.0   0.04985

  334.0   0.05112

  335.0   0.05308

  336.0   0.05420

  337.0   0.05641

  338.0   0.05905

  339.0   0.06093

  340.0   0.06232

  341.0   0.06476

  342.0   0.06678

  343.0   0.06838

  344.0   0.07039

  345.0   0.07113

  346.0   0.07314

  347.0   0.07396

  348.0   0.07647

  349.0   0.07710

  350.0   0.07852

  351.0   0.07854

  352.0   0.07979

  353.0   0.07929

  354.0   0.08057

  355.0   0.07971

  356.0   0.08091

  357.0   0.08074

  358.0   0.07946

  359.0   0.07998

  360.0   0.07893

  361.0   0.07850

  362.0   0.07742

  363.0   0.07600

  364.0   0.07489

  365.0   0.07326

  366.0   0.07176

  367.0   0.06994

  368.0   0.06895

  369.0   0.06721

  370.0   0.06507

  371.0   0.06358

  372.0   0.06200

  373.0   0.06019

  374.0   0.05852

  375.0   0.05703

  376.0   0.05562

  377.0   0.05423

  378.0   0.05266

  379.0   0.05166

  380.0   0.04965

  381.0   0.04813

  382.0   0.04714

  383.0   0.04587

  384.0   0.04476

  385.0   0.04369

  386.0   0.04234

  387.0   0.04136

  388.0   0.04014

  389.0   0.03910

  390.0   0.03805

  391.0   0.03729

  392.0   0.03632

  393.0   0.03553

  394.0   0.03451

  395.0   0.03374

  396.0   0.03305

  397.0   0.03262

  398.0   0.03173

  399.0   0.03091

  400.0   0.03024

  401.0   0.02969

  402.0   0.02921

  403.0   0.02876

  404.0   0.02817

  405.0   0.02746

  406.0   0.02681

  407.0   0.02619

  408.0   0.02579

  409.0   0.02541

  410.0   0.02484

  411.0   0.02438

  412.0   0.02364

  413.0   0.02309

  414.0   0.02274

  415.0   0.02263

  416.0   0.02177

  417.0   0.02121

  418.0   0.02075

  419.0   0.02008

  420.0   0.01965

  421.0   0.01933

  422.0   0.01881

  423.0   0.01836

  424.0   0.01766

  425.0   0.01704

  426.0   0.01660

  427.0   0.01615

  428.0   0.01552

  429.0   0.01500

  430.0   0.01472

  431.0   0.01430

  432.0   0.01380

  433.0   0.01329

  434.0   0.01293

  435.0   0.01252

  436.0   0.01222

  437.0   0.01181

  438.0   0.01150

  439.0   0.01128

  440.0   0.01091

  441.0   0.01047

  442.0   0.01009

  443.0   0.00979

  444.0   0.00955

  445.0   0.00922

  446.0   0.00891

  447.0   0.00865

  448.0   0.00841

  449.0   0.00800

  450.0   0.00774

  451.0   0.00735

  452.0   0.00724

  453.0   0.00683

  454.0   0.00665

  455.0   0.00652

  456.0   0.00623

  457.0   0.00611

  458.0   0.00583

  459.0   0.00551

  460.0   0.00547

  461.0   0.00516

  462.0   0.00495

  463.0   0.00482

  464.0   0.00464

  465.0   0.00450

  466.0   0.00419

  467.0   0.00397

  468.0   0.00377

  469.0   0.00357

  470.0   0.00347

  471.0   0.00338

  472.0   0.00310

  473.0   0.00292

  474.0   0.00268

  475.0   0.00253

  476.0   0.00232

  477.0   0.00220

  478.0   0.00199

  479.0   0.00197

  480.0   0.00174

  481.0   0.00158

  482.0   0.00140

  483.0   0.00123

  484.0   0.00109

  485.0   0.00098

  486.0   0.00087

  487.0   0.00081

  488.0   0.00057

  489.0   0.00047

  490.0   0.00027

  491.0   0.00011

  492.0  -0.00002

  493.0  -0.00009

  494.0  -0.00008

  495.0  -0.00013

  496.0  -0.00017

  497.0  -0.00029

  498.0  -0.00035

  499.0  -0.00039

  500.0  -0.00036

  501.0  -0.00038

  502.0  -0.00048

  503.0  -0.00051

  504.0  -0.00057

  505.0  -0.00060

  506.0  -0.00069

  507.0  -0.00075

  508.0  -0.00074

  509.0  -0.00082

  510.0  -0.00089

  511.0  -0.00092

  512.0  -0.00097

  513.0  -0.00104

  514.0  -0.00109

  515.0  -0.00113

  516.0  -0.00116

  517.0  -0.00125

  518.0  -0.00132

  519.0  -0.00135

  520.0  -0.00141

  521.0  -0.00149

  522.0  -0.00160

  523.0  -0.00167

  524.0  -0.00171

  525.0  -0.00185

  526.0  -0.00185

  527.0  -0.00193

  528.0  -0.00196

  529.0  -0.00202

  530.0  -0.00210

  531.0  -0.00210

  532.0  -0.00209

  533.0  -0.00222

  534.0  -0.00217

  535.0  -0.00227

  536.0  -0.00231

  537.0  -0.00236

  538.0  -0.00235

  539.0  -0.00230

  540.0  -0.00229

  541.0  -0.00230

  542.0  -0.00230

  543.0  -0.00236

  544.0  -0.00235

  545.0  -0.00231

  546.0  -0.00225

  547.0  -0.00225

  548.0  -0.00227

  549.0  -0.00230

  550.0  -0.00232

  551.0  -0.00237

  552.0  -0.00238

  553.0  -0.00231

  554.0  -0.00234

  555.0  -0.00238

  556.0  -0.00230

  557.0  -0.00231

  558.0  -0.00235

  559.0  -0.00237

  560.0  -0.00234

  561.0  -0.00230

  562.0  -0.00227

  563.0  -0.00228

  564.0  -0.00228

  565.0  -0.00225

  566.0  -0.00227

  567.0  -0.00230

  568.0  -0.00229

  569.0  -0.00227

  570.0  -0.00223

  571.0  -0.00226

  572.0  -0.00214

  573.0  -0.00215

  574.0  -0.00209

  575.0  -0.00208

  576.0  -0.00198

  577.0  -0.00194

  578.0  -0.00193

  579.0  -0.00188

  580.0  -0.00183

  581.0  -0.00180

  582.0  -0.00175

  583.0  -0.00172

  584.0  -0.00167

  585.0  -0.00166

  586.0  -0.00160

  587.0  -0.00161

  588.0  -0.00152

  589.0  -0.00149

  590.0  -0.00145

  591.0  -0.00146

  592.0  -0.00143

  593.0  -0.00145

  594.0  -0.00142

  595.0  -0.00143

  596.0  -0.00143

  597.0  -0.00144

  598.0  -0.00145

  599.0  -0.00147

  600.0  -0.00150

  601.0  -0.00147

  602.0  -0.00143

  603.0  -0.00143

  604.0  -0.00135

  605.0  -0.00136

  606.0  -0.00139

  607.0  -0.00137

  608.0  -0.00135

  609.0  -0.00134

  610.0  -0.00132

  611.0  -0.00132

  612.0  -0.00126

  613.0  -0.00131

  614.0  -0.00133

  615.0  -0.00131

  616.0  -0.00130

  617.0  -0.00135

  618.0  -0.00137

  619.0  -0.00136

  620.0  -0.00138

  621.0  -0.00138

  622.0  -0.00141

  623.0  -0.00139

  624.0  -0.00142

  625.0  -0.00138

  626.0  -0.00136

  627.0  -0.00131

  628.0  -0.00131

  629.0  -0.00127

  630.0  -0.00122

  631.0  -0.00117

  632.0  -0.00118

  633.0  -0.00120

  634.0  -0.00118

  635.0  -0.00115

  636.0  -0.00113

  637.0  -0.00109

  638.0  -0.00106

  639.0  -0.00107

  640.0  -0.00113

  641.0  -0.00109

  642.0  -0.00106

  643.0  -0.00101

  644.0  -0.00097

  645.0  -0.00097

  646.0  -0.00095

  647.0  -0.00095

  648.0  -0.00094

  649.0  -0.00094

  650.0  -0.00089

  651.0  -0.00087

  652.0  -0.00089

  653.0  -0.00084

  654.0  -0.00086

  655.0  -0.00079

  656.0  -0.00081

  657.0  -0.00074

  658.0  -0.00069

  659.0  -0.00065

  660.0  -0.00064

  661.0  -0.00062

  662.0  -0.00059

  663.0  -0.00055

  664.0  -0.00052

  665.0  -0.00050

  666.0  -0.00047

  667.0  -0.00044

  668.0  -0.00042

  669.0  -0.00045

  670.0  -0.00046

  671.0  -0.00044

  672.0  -0.00044

  673.0  -0.00046

  674.0  -0.00042

  675.0  -0.00044

  676.0  -0.00043

  677.0  -0.00039

  678.0  -0.00041

  679.0  -0.00039

  680.0  -0.00040

  681.0  -0.00045

  682.0  -0.00045

  683.0  -0.00047

  684.0  -0.00055

  685.0  -0.00051

  686.0  -0.00055

  687.0  -0.00050

  688.0  -0.00052

  689.0  -0.00052

  690.0  -0.00052

  691.0  -0.00053

  692.0  -0.00049

  693.0  -0.00049

  694.0  -0.00051

  695.0  -0.00050

  696.0  -0.00054

  697.0  -0.00050

  698.0  -0.00048

  699.0  -0.00051

  700.0  -0.00049

  701.0  -0.00051

  702.0  -0.00055

  703.0  -0.00054

  704.0  -0.00056

  705.0  -0.00056

  706.0  -0.00057

  707.0  -0.00057

  708.0  -0.00065

  709.0  -0.00064

  710.0  -0.00066

  711.0  -0.00060

  712.0  -0.00055

  713.0  -0.00053

  714.0  -0.00049

  715.0  -0.00047

  716.0  -0.00050

  717.0  -0.00046

  718.0  -0.00048

  719.0  -0.00051

  720.0  -0.00047

  721.0  -0.00049

  722.0  -0.00047

  723.0  -0.00045

  724.0  -0.00044

  725.0  -0.00042

  726.0  -0.00037

  727.0  -0.00042

  728.0  -0.00043

  729.0  -0.00038

  730.0  -0.00038

  731.0  -0.00029

  732.0  -0.00027

  733.0  -0.00027

  734.0  -0.00027

  735.0  -0.00025

  736.0  -0.00006

  737.0  -0.00006

  738.0  -0.00009

  739.0  -0.00017

  740.0  -0.00017

  741.0  -0.00020

  742.0  -0.00017

  743.0  -0.00025

  744.0  -0.00017

  745.0  -0.00025

  746.0  -0.00022

  747.0  -0.00022

  748.0  -0.00031

  749.0  -0.00034

  750.0  -0.00034

  751.0  -0.00034

  752.0  -0.00034

  753.0  -0.00034

  754.0  -0.00039

  755.0  -0.00045

  756.0  -0.00045

  757.0  -0.00051

  758.0  -0.00051

  759.0  -0.00054

  760.0  -0.00051

  761.0  -0.00054

  762.0  -0.00056

  763.0  -0.00065

  764.0  -0.00065

  765.0  -0.00065

  766.0  -0.00065

  767.0  -0.00065

  768.0  -0.00063

  769.0  -0.00065

  770.0  -0.00068

  771.0  -0.00069

  772.0  -0.00057

  773.0  -0.00057

  774.0  -0.00046

  775.0  -0.00026

  776.0  -0.00023

  777.0  -0.00029

  778.0  -0.00043

  779.0  -0.00055

  780.0  -0.00061

  781.0  -0.00061

  782.0  -0.00061

  783.0  -0.00064

  784.0  -0.00058

  785.0  -0.00056

  786.0  -0.00056

  787.0  -0.00047

  788.0  -0.00047

  789.0  -0.00047

  790.0  -0.00038

  791.0  -0.00044

  792.0  -0.00053

  793.0  -0.00048

  794.0  -0.00057

  795.0  -0.00048

  796.0  -0.00054

  797.0  -0.00054

  798.0  -0.00054

  799.0  -0.00060

  800.0  -0.00063

 
