ser ID: DU600

Method ID: A:\DEFAULT

Date: 07/31/00

Time: 08:17

 200.0   1.59994

  201.0   1.59313

  202.0   1.55023

  203.0   1.52110

  204.0   1.50054

  205.0   1.45679

  206.0   1.42252

  207.0   1.35534

  208.0   1.32318

  209.0   1.26667

  210.0   1.24327

  211.0   1.19761

  212.0   1.17862

  213.0   1.13944

  214.0   1.11564

  215.0   1.09777

  216.0   1.07344

  217.0   1.04313

  218.0   1.02338

  219.0   1.00973

  220.0   0.99691

  221.0   0.98134

  222.0   0.97262

  223.0   0.96446

  224.0   0.95593

  225.0   0.95166

  226.0   0.94443

  227.0   0.94034

  228.0   0.93691

  229.0   0.93723

  230.0   0.93679

  231.0   0.93461

  232.0   0.93495

  233.0   0.92986

  234.0   0.92282

  235.0   0.91282

  236.0   0.89419

  237.0   0.87290

  238.0   0.84667

  239.0   0.80955

  240.0   0.77155

  241.0   0.72677

  242.0   0.68169

  243.0   0.63311

  244.0   0.59217

  245.0   0.55597

  246.0   0.52308

  247.0   0.49314

  248.0   0.46870

  249.0   0.44771

  250.0   0.42829

  251.0   0.40822

  252.0   0.39183

  253.0   0.37704

  254.0   0.36290

  255.0   0.34823

  256.0   0.33423

  257.0   0.32230

  258.0   0.31056

  259.0   0.29816

  260.0   0.28680

  261.0   0.27639

  262.0   0.26510

  263.0   0.25562

  264.0   0.24771

  265.0   0.23902

  266.0   0.23213

  267.0   0.22652

  268.0   0.22045

  269.0   0.21561

  270.0   0.21011

  271.0   0.20497

  272.0   0.19981

  273.0   0.19595

  274.0   0.18982

  275.0   0.18375

  276.0   0.17828

  277.0   0.17238

  278.0   0.16583

  279.0   0.15996

  280.0   0.15406

  281.0   0.14617

  282.0   0.13952

  283.0   0.13301

  284.0   0.12615

  285.0   0.11924

  286.0   0.11262

  287.0   0.10650

  288.0   0.10065

  289.0   0.09501

  290.0   0.08966

  291.0   0.08462

  292.0   0.08036

  293.0   0.07655

  294.0   0.07270

  295.0   0.06862

  296.0   0.06460

  297.0   0.06151

  298.0   0.05869

  299.0   0.05599

  300.0   0.05300

  301.0   0.05084

  302.0   0.04822

  303.0   0.04636

  304.0   0.04504

  305.0   0.04320

  306.0   0.04147

  307.0   0.04058

  308.0   0.03855

  309.0   0.03726

  310.0   0.03680

  311.0   0.03577

  312.0   0.03510

  313.0   0.03414

  314.0   0.03355

  315.0   0.03374

  316.0   0.03284

  317.0   0.03298

  318.0   0.03291

  319.0   0.03356

  320.0   0.03401

  321.0   0.03412

  322.0   0.03536

  323.0   0.03590

  324.0   0.03727

  325.0   0.03853

  326.0   0.03953

  327.0   0.04097

  328.0   0.04146

  329.0   0.04282

  330.0   0.04500

  331.0   0.04575

  332.0   0.04833

  333.0   0.05007

  334.0   0.05144

  335.0   0.05330

  336.0   0.05463

  337.0   0.05706

  338.0   0.05862

  339.0   0.06060

  340.0   0.06189

  341.0   0.06444

  342.0   0.06624

  343.0   0.06796

  344.0   0.07029

  345.0   0.07070

  346.0   0.07272

  347.0   0.07396

  348.0   0.07530

  349.0   0.07667

  350.0   0.07777

  351.0   0.07864

  352.0   0.07947

  353.0   0.07972

  354.0   0.07992

  355.0   0.08014

  356.0   0.07982

  357.0   0.08074

  358.0   0.07979

  359.0   0.07900

  360.0   0.07851

  361.0   0.07715

  362.0   0.07681

  363.0   0.07570

  364.0   0.07422

  365.0   0.07364

  366.0   0.07167

  367.0   0.06949

  368.0   0.06809

  369.0   0.06645

  370.0   0.06458

  371.0   0.06287

  372.0   0.06154

  373.0   0.06071

  374.0   0.05902

  375.0   0.05737

  376.0   0.05508

  377.0   0.05365

  378.0   0.05204

  379.0   0.05088

  380.0   0.04942

  381.0   0.04848

  382.0   0.04736

  383.0   0.04603

  384.0   0.04430

  385.0   0.04329

  386.0   0.04185

  387.0   0.04084

  388.0   0.03991

  389.0   0.03883

  390.0   0.03831

  391.0   0.03738

  392.0   0.03632

  393.0   0.03549

  394.0   0.03410

  395.0   0.03358

  396.0   0.03290

  397.0   0.03239

  398.0   0.03173

  399.0   0.03102

  400.0   0.03046

  401.0   0.02988

  402.0   0.02910

  403.0   0.02869

  404.0   0.02800

  405.0   0.02736

  406.0   0.02684

  407.0   0.02628

  408.0   0.02591

  409.0   0.02538

  410.0   0.02498

  411.0   0.02427

  412.0   0.02359

  413.0   0.02309

  414.0   0.02288

  415.0   0.02271

  416.0   0.02186

  417.0   0.02130

  418.0   0.02075

  419.0   0.02025

  420.0   0.01974

  421.0   0.01933

  422.0   0.01850

  423.0   0.01821

  424.0   0.01752

  425.0   0.01689

  426.0   0.01653

  427.0   0.01601

  428.0   0.01552

  429.0   0.01506

  430.0   0.01466

  431.0   0.01424

  432.0   0.01374

  433.0   0.01323

  434.0   0.01293

  435.0   0.01247

  436.0   0.01211

  437.0   0.01165

  438.0   0.01129

  439.0   0.01103

  440.0   0.01066

  441.0   0.01023

  442.0   0.00994

  443.0   0.00965

  444.0   0.00945

  445.0   0.00912

  446.0   0.00887

  447.0   0.00870

  448.0   0.00832

  449.0   0.00813

  450.0   0.00782

  451.0   0.00748

  452.0   0.00728

  453.0   0.00688

  454.0   0.00674

  455.0   0.00652

  456.0   0.00619

  457.0   0.00603

  458.0   0.00583

  459.0   0.00555

  460.0   0.00543

  461.0   0.00523

  462.0   0.00499

  463.0   0.00486

  464.0   0.00468

  465.0   0.00450

  466.0   0.00416

  467.0   0.00397

  468.0   0.00369

  469.0   0.00361

  470.0   0.00351

  471.0   0.00329

  472.0   0.00300

  473.0   0.00280

  474.0   0.00253

  475.0   0.00250

  476.0   0.00226

  477.0   0.00215

  478.0   0.00199

  479.0   0.00189

  480.0   0.00172

  481.0   0.00156

  482.0   0.00135

  483.0   0.00125

  484.0   0.00114

  485.0   0.00095

  486.0   0.00080

  487.0   0.00074

  488.0   0.00052

  489.0   0.00040

  490.0   0.00022

  491.0   0.00013

  492.0  -0.00000

  493.0  -0.00006

  494.0  -0.00011

  495.0  -0.00015

  496.0  -0.00021

  497.0  -0.00029

  498.0  -0.00037

  499.0  -0.00039

  500.0  -0.00042

  501.0  -0.00048

  502.0  -0.00057

  503.0  -0.00063

  504.0  -0.00070

  505.0  -0.00074

  506.0  -0.00077

  507.0  -0.00079

  508.0  -0.00080

  509.0  -0.00083

  510.0  -0.00092

  511.0  -0.00096

  512.0  -0.00101

  513.0  -0.00106

  514.0  -0.00113

  515.0  -0.00116

  516.0  -0.00125

  517.0  -0.00132

  518.0  -0.00139

  519.0  -0.00148

  520.0  -0.00150

  521.0  -0.00151

  522.0  -0.00164

  523.0  -0.00167

  524.0  -0.00176

  525.0  -0.00189

  526.0  -0.00193

  527.0  -0.00196

  528.0  -0.00200

  529.0  -0.00204

  530.0  -0.00211

  531.0  -0.00214

  532.0  -0.00214

  533.0  -0.00224

  534.0  -0.00219

  535.0  -0.00225

  536.0  -0.00231

  537.0  -0.00232

  538.0  -0.00233

  539.0  -0.00238

  540.0  -0.00238

  541.0  -0.00235

  542.0  -0.00230

  543.0  -0.00238

  544.0  -0.00238

  545.0  -0.00240

  546.0  -0.00233

  547.0  -0.00235

  548.0  -0.00233

  549.0  -0.00230

  550.0  -0.00232

  551.0  -0.00232

  552.0  -0.00232

  553.0  -0.00236

  554.0  -0.00236

  555.0  -0.00236

  556.0  -0.00230

  557.0  -0.00231

  558.0  -0.00237

  559.0  -0.00232

  560.0  -0.00231

  561.0  -0.00230

  562.0  -0.00229

  563.0  -0.00230

  564.0  -0.00224

  565.0  -0.00222

  566.0  -0.00225

  567.0  -0.00230

  568.0  -0.00227

  569.0  -0.00227

  570.0  -0.00226

  571.0  -0.00224

  572.0  -0.00218

  573.0  -0.00217

  574.0  -0.00217

  575.0  -0.00210

  576.0  -0.00206

  577.0  -0.00205

  578.0  -0.00202

  579.0  -0.00200

  580.0  -0.00193

  581.0  -0.00188

  582.0  -0.00187

  583.0  -0.00180

  584.0  -0.00175

  585.0  -0.00170

  586.0  -0.00161

  587.0  -0.00161

  588.0  -0.00150

  589.0  -0.00151

  590.0  -0.00145

  591.0  -0.00146

  592.0  -0.00145

  593.0  -0.00145

  594.0  -0.00140

  595.0  -0.00140

  596.0  -0.00143

  597.0  -0.00150

  598.0  -0.00149

  599.0  -0.00150

  600.0  -0.00152

  601.0  -0.00149

  602.0  -0.00147

  603.0  -0.00146

  604.0  -0.00140

  605.0  -0.00140

  606.0  -0.00145

  607.0  -0.00141

  608.0  -0.00140

  609.0  -0.00140

  610.0  -0.00136

  611.0  -0.00135

  612.0  -0.00130

  613.0  -0.00136

  614.0  -0.00133

  615.0  -0.00132

  616.0  -0.00132

  617.0  -0.00135

  618.0  -0.00135

  619.0  -0.00133

  620.0  -0.00131

  621.0  -0.00132

  622.0  -0.00134

  623.0  -0.00132

  624.0  -0.00132

  625.0  -0.00130

  626.0  -0.00129

  627.0  -0.00129

  628.0  -0.00127

  629.0  -0.00127

  630.0  -0.00124

  631.0  -0.00122

  632.0  -0.00115

  633.0  -0.00115

  634.0  -0.00113

  635.0  -0.00108

  636.0  -0.00104

  637.0  -0.00104

  638.0  -0.00104

  639.0  -0.00106

  640.0  -0.00111

  641.0  -0.00111

  642.0  -0.00109

  643.0  -0.00106

  644.0  -0.00104

  645.0  -0.00102

  646.0  -0.00097

  647.0  -0.00097

  648.0  -0.00090

  649.0  -0.00094

  650.0  -0.00085

  651.0  -0.00085

  652.0  -0.00084

  653.0  -0.00082

  654.0  -0.00082

  655.0  -0.00081

  656.0  -0.00082

  657.0  -0.00079

  658.0  -0.00074

  659.0  -0.00072

  660.0  -0.00069

  661.0  -0.00062

  662.0  -0.00047

  663.0  -0.00042

  664.0  -0.00029

  665.0  -0.00016

  666.0  -0.00002

  667.0  -0.00003

  668.0  -0.00005

  669.0  -0.00007

  670.0  -0.00007

  671.0  -0.00004

  672.0  -0.00002

  673.0  -0.00002

  674.0   0.00002

  675.0  -0.00004

  676.0  -0.00000

  677.0   0.00002

  678.0  -0.00002

  679.0  -0.00000

  680.0  -0.00002

  681.0  -0.00004

  682.0  -0.00004

  683.0  -0.00009

  684.0  -0.00011

  685.0  -0.00011

  686.0  -0.00013

  687.0  -0.00013

  688.0  -0.00013

  689.0  -0.00015

  690.0  -0.00013

  691.0  -0.00009

  692.0  -0.00011

  693.0  -0.00013

  694.0  -0.00017

  695.0  -0.00017

  696.0  -0.00019

  697.0  -0.00017

  698.0  -0.00019

  699.0  -0.00019

  700.0  -0.00018

  701.0  -0.00018

  702.0  -0.00022

  703.0  -0.00024

  704.0  -0.00024

  705.0  -0.00022

  706.0  -0.00022

  707.0  -0.00020

  708.0  -0.00023

  709.0  -0.00025

  710.0  -0.00029

  711.0  -0.00023

  712.0  -0.00021

  713.0  -0.00019

  714.0  -0.00013

  715.0  -0.00011

  716.0  -0.00009

  717.0  -0.00002

  718.0  -0.00007

  719.0  -0.00004

  720.0  -0.00002

  721.0  -0.00000

  722.0   0.00002

  723.0  -0.00000

  724.0   0.00007

  725.0   0.00007

  726.0   0.00014

  727.0   0.00012

  728.0   0.00019

  729.0   0.00021

  730.0   0.00026

  731.0   0.00029

  732.0   0.00029

  733.0   0.00032

  734.0   0.00032

  735.0   0.00030

  736.0   0.00049

  737.0   0.00046

  738.0   0.00046

  739.0   0.00043

  740.0   0.00043

  741.0   0.00037

  742.0   0.00034

  743.0   0.00025

  744.0   0.00023

  745.0   0.00014

  746.0   0.00011

  747.0   0.00014

  748.0   0.00006

  749.0  -0.00000

  750.0  -0.00000

  751.0   0.00006

  752.0   0.00011

  753.0   0.00014

  754.0   0.00014

  755.0   0.00011

  756.0   0.00011

  757.0   0.00008

  758.0   0.00011

  759.0   0.00011

  760.0  -0.00000

  761.0  -0.00006

  762.0   0.00008

  763.0  -0.00006

  764.0  -0.00003

  765.0  -0.00009

  766.0  -0.00011

  767.0  -0.00011

  768.0  -0.00009

  769.0  -0.00014

  770.0  -0.00017

  771.0  -0.00014

  772.0  -0.00020

  773.0  -0.00017

  774.0  -0.00026

  775.0  -0.00026

  776.0  -0.00032

  777.0  -0.00032

  778.0  -0.00035

  779.0  -0.00041

  780.0  -0.00049

  781.0  -0.00046

  782.0  -0.00047

  783.0  -0.00047

  784.0  -0.00047

  785.0  -0.00053

  786.0  -0.00053

  787.0  -0.00050

  788.0  -0.00053

  789.0  -0.00062

  790.0  -0.00053

  791.0  -0.00056

  792.0  -0.00062

  793.0  -0.00059

  794.0  -0.00063

  795.0  -0.00057

  796.0  -0.00063

  797.0  -0.00069

  798.0  -0.00069

  799.0  -0.00078

  800.0  -0.00078

 
