ser ID: DU600

Method ID: A:\DEFAULT

Date: 07/31/00

Time: 02:59

 200.0   2.41288

  201.0   3.08884

  202.0   3.12905

  203.0   3.17260

  204.0   3.23147

  205.0   3.28803

  206.0   2.86332

  207.0   2.44387

  208.0   2.22804

  209.0   2.05334

  210.0   2.03803

  211.0   2.03264

  212.0   1.97260

  213.0   1.88768

  214.0   1.80853

  215.0   1.76747

  216.0   1.74199

  217.0   1.68865

  218.0   1.67905

  219.0   1.67688

  220.0   1.67473

  221.0   1.63340

  222.0   1.60240

  223.0   1.58430

  224.0   1.57500

  225.0   1.57335

  226.0   1.58422

  227.0   1.57341

  228.0   1.56376

  229.0   1.53891

  230.0   1.53975

  231.0   1.53100

  232.0   1.52065

  233.0   1.52655

  234.0   1.51218

  235.0   1.48301

  236.0   1.47472

  237.0   1.43092

  238.0   1.38348

  239.0   1.32964

  240.0   1.27783

  241.0   1.20393

  242.0   1.13493

  243.0   1.06722

  244.0   1.00459

  245.0   0.95528

  246.0   0.90615

  247.0   0.85867

  248.0   0.81793

  249.0   0.78409

  250.0   0.75236

  251.0   0.72191

  252.0   0.69320

  253.0   0.66779

  254.0   0.64192

  255.0   0.61670

  256.0   0.59508

  257.0   0.57461

  258.0   0.55385

  259.0   0.53104

  260.0   0.51210

  261.0   0.49142

  262.0   0.47187

  263.0   0.45861

  264.0   0.44334

  265.0   0.42879

  266.0   0.41617

  267.0   0.40489

  268.0   0.39536

  269.0   0.38595

  270.0   0.37544

  271.0   0.36690

  272.0   0.36062

  273.0   0.35272

  274.0   0.34265

  275.0   0.33469

  276.0   0.32386

  277.0   0.31343

  278.0   0.30167

  279.0   0.29179

  280.0   0.28001

  281.0   0.26852

  282.0   0.25695

  283.0   0.24453

  284.0   0.23352

  285.0   0.22182

  286.0   0.21010

  287.0   0.19943

  288.0   0.18851

  289.0   0.17887

  290.0   0.16957

  291.0   0.16134

  292.0   0.15298

  293.0   0.14578

  294.0   0.14010

  295.0   0.13302

  296.0   0.12654

  297.0   0.12056

  298.0   0.11430

  299.0   0.10872

  300.0   0.10495

  301.0   0.10024

  302.0   0.09651

  303.0   0.09326

  304.0   0.08931

  305.0   0.08596

  306.0   0.08216

  307.0   0.07988

  308.0   0.07803

  309.0   0.07531

  310.0   0.07408

  311.0   0.07141

  312.0   0.06980

  313.0   0.06848

  314.0   0.06678

  315.0   0.06668

  316.0   0.06676

  317.0   0.06640

  318.0   0.06616

  319.0   0.06571

  320.0   0.06627

  321.0   0.06726

  322.0   0.06872

  323.0   0.06929

  324.0   0.07075

  325.0   0.07315

  326.0   0.07489

  327.0   0.07667

  328.0   0.07895

  329.0   0.08132

  330.0   0.08400

  331.0   0.08634

  332.0   0.09035

  333.0   0.09226

  334.0   0.09470

  335.0   0.09871

  336.0   0.10118

  337.0   0.10462

  338.0   0.10765

  339.0   0.11102

  340.0   0.11427

  341.0   0.11762

  342.0   0.12070

  343.0   0.12357

  344.0   0.12691

  345.0   0.12959

  346.0   0.13223

  347.0   0.13551

  348.0   0.13718

  349.0   0.13956

  350.0   0.14073

  351.0   0.14212

  352.0   0.14407

  353.0   0.14492

  354.0   0.14581

  355.0   0.14663

  356.0   0.14589

  357.0   0.14691

  358.0   0.14514

  359.0   0.14466

  360.0   0.14350

  361.0   0.14304

  362.0   0.14051

  363.0   0.13913

  364.0   0.13633

  365.0   0.13418

  366.0   0.13190

  367.0   0.12932

  368.0   0.12722

  369.0   0.12441

  370.0   0.12180

  371.0   0.11877

  372.0   0.11615

  373.0   0.11335

  374.0   0.11141

  375.0   0.10862

  376.0   0.10600

  377.0   0.10342

  378.0   0.10055

  379.0   0.09878

  380.0   0.09647

  381.0   0.09405

  382.0   0.09165

  383.0   0.08994

  384.0   0.08779

  385.0   0.08602

  386.0   0.08366

  387.0   0.08193

  388.0   0.07994

  389.0   0.07806

  390.0   0.07666

  391.0   0.07536

  392.0   0.07374

  393.0   0.07238

  394.0   0.07071

  395.0   0.06920

  396.0   0.06807

  397.0   0.06679

  398.0   0.06566

  399.0   0.06439

  400.0   0.06317

  401.0   0.06223

  402.0   0.06105

  403.0   0.06004

  404.0   0.05909

  405.0   0.05804

  406.0   0.05746

  407.0   0.05645

  408.0   0.05565

  409.0   0.05474

  410.0   0.05387

  411.0   0.05288

  412.0   0.05193

  413.0   0.05136

  414.0   0.05066

  415.0   0.05014

  416.0   0.04810

  417.0   0.04710

  418.0   0.04622

  419.0   0.04558

  420.0   0.04468

  421.0   0.04394

  422.0   0.04315

  423.0   0.04239

  424.0   0.04134

  425.0   0.04050

  426.0   0.03973

  427.0   0.03914

  428.0   0.03830

  429.0   0.03746

  430.0   0.03673

  431.0   0.03606

  432.0   0.03518

  433.0   0.03436

  434.0   0.03381

  435.0   0.03321

  436.0   0.03251

  437.0   0.03215

  438.0   0.03155

  439.0   0.03084

  440.0   0.03037

  441.0   0.02988

  442.0   0.02943

  443.0   0.02896

  444.0   0.02848

  445.0   0.02808

  446.0   0.02775

  447.0   0.02748

  448.0   0.02700

  449.0   0.02657

  450.0   0.02640

  451.0   0.02605

  452.0   0.02576

  453.0   0.02571

  454.0   0.02537

  455.0   0.02496

  456.0   0.02467

  457.0   0.02435

  458.0   0.02419

  459.0   0.02397

  460.0   0.02375

  461.0   0.02354

  462.0   0.02331

  463.0   0.02295

  464.0   0.02276

  465.0   0.02269

  466.0   0.02241

  467.0   0.02220

  468.0   0.02203

  469.0   0.02186

  470.0   0.02190

  471.0   0.02180

  472.0   0.02161

  473.0   0.02151

  474.0   0.02131

  475.0   0.02130

  476.0   0.02120

  477.0   0.02117

  478.0   0.02121

  479.0   0.02116

  480.0   0.02105

  481.0   0.02100

  482.0   0.02104

  483.0   0.02100

  484.0   0.02085

  485.0   0.02070

  486.0   0.02068

  487.0   0.02081

  488.0   0.02077

  489.0   0.02067

  490.0   0.02062

  491.0   0.02056

  492.0   0.02053

  493.0   0.02054

  494.0   0.02054

  495.0   0.02051

  496.0   0.02051

  497.0   0.02041

  498.0   0.02040

  499.0   0.02035

  500.0   0.02029

  501.0   0.02030

  502.0   0.02029

  503.0   0.02027

  504.0   0.02025

  505.0   0.02026

  506.0   0.02023

  507.0   0.02020

  508.0   0.02024

  509.0   0.02018

  510.0   0.02015

  511.0   0.02012

  512.0   0.02012

  513.0   0.02007

  514.0   0.02000

  515.0   0.01999

  516.0   0.01995

  517.0   0.01999

  518.0   0.01996

  519.0   0.02003

  520.0   0.02005

  521.0   0.02000

  522.0   0.01998

  523.0   0.01999

  524.0   0.01992

  525.0   0.01985

  526.0   0.01983

  527.0   0.01983

  528.0   0.01981

  529.0   0.01972

  530.0   0.01968

  531.0   0.01963

  532.0   0.01965

  533.0   0.01963

  534.0   0.01962

  535.0   0.01965

  536.0   0.01963

  537.0   0.01962

  538.0   0.01956

  539.0   0.01952

  540.0   0.01945

  541.0   0.01944

  542.0   0.01939

  543.0   0.01939

  544.0   0.01937

  545.0   0.01933

  546.0   0.01933

  547.0   0.01939

  548.0   0.01936

  549.0   0.01935

  550.0   0.01941

  551.0   0.01942

  552.0   0.01950

  553.0   0.01957

  554.0   0.01968

  555.0   0.01975

  556.0   0.01974

  557.0   0.01987

  558.0   0.01989

  559.0   0.01995

  560.0   0.01999

  561.0   0.02003

  562.0   0.02001

  563.0   0.01999

  564.0   0.02000

  565.0   0.01997

  566.0   0.01994

  567.0   0.01993

  568.0   0.01996

  569.0   0.01996

  570.0   0.01995

  571.0   0.01996

  572.0   0.01996

  573.0   0.02001

  574.0   0.02000

  575.0   0.01997

  576.0   0.01991

  577.0   0.01990

  578.0   0.01989

  579.0   0.01990

  580.0   0.01985

  581.0   0.01990

  582.0   0.01983

  583.0   0.01982

  584.0   0.01992

  585.0   0.01989

  586.0   0.01991

  587.0   0.01988

  588.0   0.01991

  589.0   0.01988

  590.0   0.01989

  591.0   0.01997

  592.0   0.02004

  593.0   0.02000

  594.0   0.02006

  595.0   0.02011

  596.0   0.02017

  597.0   0.02020

  598.0   0.02024

  599.0   0.02030

  600.0   0.02036

  601.0   0.02043

  602.0   0.02051

  603.0   0.02058

  604.0   0.02067

  605.0   0.02073

  606.0   0.02080

  607.0   0.02087

  608.0   0.02085

  609.0   0.02093

  610.0   0.02097

  611.0   0.02103

  612.0   0.02108

  613.0   0.02110

  614.0   0.02113

  615.0   0.02121

  616.0   0.02122

  617.0   0.02124

  618.0   0.02124

  619.0   0.02125

  620.0   0.02127

  621.0   0.02128

  622.0   0.02131

  623.0   0.02131

  624.0   0.02132

  625.0   0.02139

  626.0   0.02137

  627.0   0.02134

  628.0   0.02142

  629.0   0.02137

  630.0   0.02145

  631.0   0.02143

  632.0   0.02145

  633.0   0.02146

  634.0   0.02146

  635.0   0.02148

  636.0   0.02145

  637.0   0.02144

  638.0   0.02144

  639.0   0.02138

  640.0   0.02139

  641.0   0.02135

  642.0   0.02134

  643.0   0.02135

  644.0   0.02132

  645.0   0.02131

  646.0   0.02133

  647.0   0.02135

  648.0   0.02142

  649.0   0.02144

  650.0   0.02148

  651.0   0.02151

  652.0   0.02153

  653.0   0.02156

  654.0   0.02154

  655.0   0.02154

  656.0   0.02157

  657.0   0.02156

  658.0   0.02165

  659.0   0.02169

  660.0   0.02167

  661.0   0.02172

  662.0   0.02175

  663.0   0.02176

  664.0   0.02175

  665.0   0.02176

  666.0   0.02180

  667.0   0.02179

  668.0   0.02183

  669.0   0.02182

  670.0   0.02184

  671.0   0.02189

  672.0   0.02190

  673.0   0.02192

  674.0   0.02192

  675.0   0.02190

  676.0   0.02191

  677.0   0.02185

  678.0   0.02184

  679.0   0.02183

  680.0   0.02185

  681.0   0.02185

  682.0   0.02181

  683.0   0.02187

  684.0   0.02187

  685.0   0.02188

  686.0   0.02187

  687.0   0.02181

  688.0   0.02182

  689.0   0.02182

  690.0   0.02177

  691.0   0.02179

  692.0   0.02183

  693.0   0.02184

  694.0   0.02187

  695.0   0.02188

  696.0   0.02191

  697.0   0.02193

  698.0   0.02188

  699.0   0.02186

  700.0   0.02186

  701.0   0.02184

  702.0   0.02186

  703.0   0.02186

  704.0   0.02180

  705.0   0.02183

  706.0   0.02178

  707.0   0.02183

  708.0   0.02191

  709.0   0.02192

  710.0   0.02193

  711.0   0.02197

  712.0   0.02199

  713.0   0.02197

  714.0   0.02201

  715.0   0.02197

  716.0   0.02200

  717.0   0.02205

  718.0   0.02212

  719.0   0.02210

  720.0   0.02214

  721.0   0.02214

  722.0   0.02211

  723.0   0.02212

  724.0   0.02210

  725.0   0.02206

  726.0   0.02205

  727.0   0.02204

  728.0   0.02203

  729.0   0.02209

  730.0   0.02207

  731.0   0.02210

  732.0   0.02209

  733.0   0.02202

  734.0   0.02208

  735.0   0.02213

  736.0   0.02220

  737.0   0.02218

  738.0   0.02220

  739.0   0.02217

  740.0   0.02223

  741.0   0.02215

  742.0   0.02217

  743.0   0.02222

  744.0   0.02222

  745.0   0.02225

  746.0   0.02223

  747.0   0.02229

  748.0   0.02230

  749.0   0.02230

  750.0   0.02229

  751.0   0.02231

  752.0   0.02231

  753.0   0.02226

  754.0   0.02224

  755.0   0.02220

  756.0   0.02213

  757.0   0.02221

  758.0   0.02224

  759.0   0.02228

  760.0   0.02224

  761.0   0.02226

  762.0   0.02222

  763.0   0.02216

  764.0   0.02212

  765.0   0.02206

  766.0   0.02209

  767.0   0.02206

  768.0   0.02206

  769.0   0.02203

  770.0   0.02201

  771.0   0.02196

  772.0   0.02188

  773.0   0.02194

  774.0   0.02189

  775.0   0.02193

  776.0   0.02190

  777.0   0.02186

  778.0   0.02187

  779.0   0.02179

  780.0   0.02174

  781.0   0.02173

  782.0   0.02174

  783.0   0.02172

  784.0   0.02168

  785.0   0.02163

  786.0   0.02162

  787.0   0.02160

  788.0   0.02159

  789.0   0.02155

  790.0   0.02151

  791.0   0.02150

  792.0   0.02139

  793.0   0.02141

  794.0   0.02137

  795.0   0.02132

  796.0   0.02130

  797.0   0.02119

  798.0   0.02119

  799.0   0.02115

  800.0   0.02117

 
