ser ID: DU600

Method ID: A:\DEFAULT

Date: 07/31/00

Time: 04:48

 200.0   3.01494

  201.0   3.08884

  202.0   2.65192

  203.0   2.39445

  204.0   2.45332

  205.0   2.38494

  206.0   2.29905

  207.0   2.19399

  208.0   2.17973

  209.0   2.08438

  210.0   1.95448

  211.0   1.95548

  212.0   1.89178

  213.0   1.81748

  214.0   1.80853

  215.0   1.78892

  216.0   1.73265

  217.0   1.70489

  218.0   1.66433

  219.0   1.64240

  220.0   1.60778

  221.0   1.56085

  222.0   1.51824

  223.0   1.48892

  224.0   1.43757

  225.0   1.39415

  226.0   1.35500

  227.0   1.31158

  228.0   1.28094

  229.0   1.25260

  230.0   1.22484

  231.0   1.19785

  232.0   1.17464

  233.0   1.15080

  234.0   1.13361

  235.0   1.11310

  236.0   1.09353

  237.0   1.07322

  238.0   1.04534

  239.0   1.01688

  240.0   0.98749

  241.0   0.95526

  242.0   0.92235

  243.0   0.88528

  244.0   0.85353

  245.0   0.82216

  246.0   0.79251

  247.0   0.76125

  248.0   0.73008

  249.0   0.70242

  250.0   0.67612

  251.0   0.65216

  252.0   0.63040

  253.0   0.61165

  254.0   0.59444

  255.0   0.57787

  256.0   0.56431

  257.0   0.55303

  258.0   0.54109

  259.0   0.52867

  260.0   0.51500

  261.0   0.50232

  262.0   0.48727

  263.0   0.47393

  264.0   0.45978

  265.0   0.44633

  266.0   0.43087

  267.0   0.41753

  268.0   0.40351

  269.0   0.38956

  270.0   0.37286

  271.0   0.35849

  272.0   0.34408

  273.0   0.32871

  274.0   0.31162

  275.0   0.29577

  276.0   0.28083

  277.0   0.26557

  278.0   0.25060

  279.0   0.23829

  280.0   0.22639

  281.0   0.21500

  282.0   0.20537

  283.0   0.19566

  284.0   0.18682

  285.0   0.17832

  286.0   0.16973

  287.0   0.16356

  288.0   0.15607

  289.0   0.15132

  290.0   0.14564

  291.0   0.14165

  292.0   0.13680

  293.0   0.13229

  294.0   0.12948

  295.0   0.12608

  296.0   0.12320

  297.0   0.12104

  298.0   0.11796

  299.0   0.11593

  300.0   0.11344

  301.0   0.11206

  302.0   0.11101

  303.0   0.10963

  304.0   0.10866

  305.0   0.10646

  306.0   0.10539

  307.0   0.10494

  308.0   0.10383

  309.0   0.10280

  310.0   0.10294

  311.0   0.10165

  312.0   0.10022

  313.0   0.10042

  314.0   0.09931

  315.0   0.09875

  316.0   0.09754

  317.0   0.09797

  318.0   0.09687

  319.0   0.09568

  320.0   0.09535

  321.0   0.09513

  322.0   0.09474

  323.0   0.09357

  324.0   0.09411

  325.0   0.09479

  326.0   0.09452

  327.0   0.09473

  328.0   0.09471

  329.0   0.09343

  330.0   0.09423

  331.0   0.09349

  332.0   0.09451

  333.0   0.09309

  334.0   0.09411

  335.0   0.09445

  336.0   0.09362

  337.0   0.09340

  338.0   0.09351

  339.0   0.09337

  340.0   0.09465

  341.0   0.09510

  342.0   0.09620

  343.0   0.09523

  344.0   0.09576

  345.0   0.09671

  346.0   0.09630

  347.0   0.09736

  348.0   0.09828

  349.0   0.09820

  350.0   0.09805

  351.0   0.09841

  352.0   0.09794

  353.0   0.09850

  354.0   0.09796

  355.0   0.09821

  356.0   0.09738

  357.0   0.09855

  358.0   0.09817

  359.0   0.09781

  360.0   0.09731

  361.0   0.09667

  362.0   0.09474

  363.0   0.09450

  364.0   0.09214

  365.0   0.09188

  366.0   0.09083

  367.0   0.08959

  368.0   0.08850

  369.0   0.08723

  370.0   0.08577

  371.0   0.08359

  372.0   0.08234

  373.0   0.08101

  374.0   0.08017

  375.0   0.07879

  376.0   0.07724

  377.0   0.07572

  378.0   0.07448

  379.0   0.07318

  380.0   0.07243

  381.0   0.07110

  382.0   0.07010

  383.0   0.06921

  384.0   0.06832

  385.0   0.06723

  386.0   0.06619

  387.0   0.06546

  388.0   0.06487

  389.0   0.06352

  390.0   0.06343

  391.0   0.06288

  392.0   0.06217

  393.0   0.06172

  394.0   0.06084

  395.0   0.06040

  396.0   0.05976

  397.0   0.05935

  398.0   0.05867

  399.0   0.05815

  400.0   0.05735

  401.0   0.05691

  402.0   0.05607

  403.0   0.05569

  404.0   0.05500

  405.0   0.05436

  406.0   0.05387

  407.0   0.05308

  408.0   0.05238

  409.0   0.05147

  410.0   0.05085

  411.0   0.04988

  412.0   0.04894

  413.0   0.04813

  414.0   0.04723

  415.0   0.04660

  416.0   0.04433

  417.0   0.04317

  418.0   0.04213

  419.0   0.04116

  420.0   0.03995

  421.0   0.03933

  422.0   0.03834

  423.0   0.03747

  424.0   0.03633

  425.0   0.03531

  426.0   0.03446

  427.0   0.03371

  428.0   0.03293

  429.0   0.03197

  430.0   0.03130

  431.0   0.03064

  432.0   0.02983

  433.0   0.02920

  434.0   0.02871

  435.0   0.02823

  436.0   0.02766

  437.0   0.02734

  438.0   0.02685

  439.0   0.02645

  440.0   0.02612

  441.0   0.02576

  442.0   0.02549

  443.0   0.02524

  444.0   0.02490

  445.0   0.02466

  446.0   0.02442

  447.0   0.02439

  448.0   0.02405

  449.0   0.02388

  450.0   0.02374

  451.0   0.02360

  452.0   0.02346

  453.0   0.02352

  454.0   0.02329

  455.0   0.02311

  456.0   0.02292

  457.0   0.02261

  458.0   0.02259

  459.0   0.02238

  460.0   0.02234

  461.0   0.02226

  462.0   0.02209

  463.0   0.02194

  464.0   0.02172

  465.0   0.02182

  466.0   0.02157

  467.0   0.02144

  468.0   0.02133

  469.0   0.02121

  470.0   0.02127

  471.0   0.02122

  472.0   0.02108

  473.0   0.02096

  474.0   0.02091

  475.0   0.02096

  476.0   0.02091

  477.0   0.02085

  478.0   0.02093

  479.0   0.02094

  480.0   0.02088

  481.0   0.02090

  482.0   0.02086

  483.0   0.02082

  484.0   0.02068

  485.0   0.02051

  486.0   0.02046

  487.0   0.02067

  488.0   0.02070

  489.0   0.02062

  490.0   0.02064

  491.0   0.02056

  492.0   0.02058

  493.0   0.02049

  494.0   0.02052

  495.0   0.02053

  496.0   0.02057

  497.0   0.02054

  498.0   0.02048

  499.0   0.02043

  500.0   0.02042

  501.0   0.02042

  502.0   0.02039

  503.0   0.02041

  504.0   0.02041

  505.0   0.02042

  506.0   0.02039

  507.0   0.02036

  508.0   0.02038

  509.0   0.02031

  510.0   0.02025

  511.0   0.02026

  512.0   0.02030

  513.0   0.02028

  514.0   0.02027

  515.0   0.02023

  516.0   0.02022

  517.0   0.02025

  518.0   0.02021

  519.0   0.02025

  520.0   0.02024

  521.0   0.02024

  522.0   0.02018

  523.0   0.02019

  524.0   0.02012

  525.0   0.02004

  526.0   0.02001

  527.0   0.01999

  528.0   0.02002

  529.0   0.01996

  530.0   0.01991

  531.0   0.01988

  532.0   0.01985

  533.0   0.01985

  534.0   0.01986

  535.0   0.01990

  536.0   0.01991

  537.0   0.01985

  538.0   0.01982

  539.0   0.01980

  540.0   0.01979

  541.0   0.01978

  542.0   0.01973

  543.0   0.01970

  544.0   0.01971

  545.0   0.01975

  546.0   0.01975

  547.0   0.01978

  548.0   0.01978

  549.0   0.01981

  550.0   0.01988

  551.0   0.01998

  552.0   0.02008

  553.0   0.02018

  554.0   0.02030

  555.0   0.02038

  556.0   0.02044

  557.0   0.02116

  558.0   0.02113

  559.0   0.02114

  560.0   0.02114

  561.0   0.02114

  562.0   0.02112

  563.0   0.02109

  564.0   0.02110

  565.0   0.02110

  566.0   0.02108

  567.0   0.02107

  568.0   0.02109

  569.0   0.02112

  570.0   0.02113

  571.0   0.02110

  572.0   0.02110

  573.0   0.02113

  574.0   0.02110

  575.0   0.02109

  576.0   0.02104

  577.0   0.02103

  578.0   0.02105

  579.0   0.02103

  580.0   0.02102

  581.0   0.02105

  582.0   0.02100

  583.0   0.02102

  584.0   0.02108

  585.0   0.02102

  586.0   0.02110

  587.0   0.02117

  588.0   0.02120

  589.0   0.02124

  590.0   0.02132

  591.0   0.02138

  592.0   0.02146

  593.0   0.02146

  594.0   0.02154

  595.0   0.02157

  596.0   0.02162

  597.0   0.02164

  598.0   0.02175

  599.0   0.02182

  600.0   0.02188

  601.0   0.02194

  602.0   0.02206

  603.0   0.02208

  604.0   0.02213

  605.0   0.02219

  606.0   0.02227

  607.0   0.02238

  608.0   0.02243

  609.0   0.02250

  610.0   0.02255

  611.0   0.02260

  612.0   0.02265

  613.0   0.02264

  614.0   0.02267

  615.0   0.02274

  616.0   0.02276

  617.0   0.02277

  618.0   0.02277

  619.0   0.02279

  620.0   0.02283

  621.0   0.02284

  622.0   0.02284

  623.0   0.02285

  624.0   0.02287

  625.0   0.02291

  626.0   0.02287

  627.0   0.02293

  628.0   0.02295

  629.0   0.02294

  630.0   0.02296

  631.0   0.02292

  632.0   0.02290

  633.0   0.02289

  634.0   0.02285

  635.0   0.02286

  636.0   0.02288

  637.0   0.02286

  638.0   0.02286

  639.0   0.02284

  640.0   0.02283

  641.0   0.02282

  642.0   0.02279

  643.0   0.02282

  644.0   0.02281

  645.0   0.02278

  646.0   0.02281

  647.0   0.02284

  648.0   0.02289

  649.0   0.02288

  650.0   0.02296

  651.0   0.02299

  652.0   0.02300

  653.0   0.02309

  654.0   0.02308

  655.0   0.02307

  656.0   0.02312

  657.0   0.02314

  658.0   0.02320

  659.0   0.02323

  660.0   0.02323

  661.0   0.02321

  662.0   0.02322

  663.0   0.02320

  664.0   0.02319

  665.0   0.02319

  666.0   0.02315

  667.0   0.02314

  668.0   0.02312

  669.0   0.02310

  670.0   0.02309

  671.0   0.02308

  672.0   0.02310

  673.0   0.02314

  674.0   0.02315

  675.0   0.02312

  676.0   0.02316

  677.0   0.02309

  678.0   0.02305

  679.0   0.02307

  680.0   0.02307

  681.0   0.02310

  682.0   0.02306

  683.0   0.02305

  684.0   0.02308

  685.0   0.02309

  686.0   0.02303

  687.0   0.02300

  688.0   0.02303

  689.0   0.02300

  690.0   0.02293

  691.0   0.02294

  692.0   0.02295

  693.0   0.02295

  694.0   0.02292

  695.0   0.02295

  696.0   0.02295

  697.0   0.02293

  698.0   0.02292

  699.0   0.02290

  700.0   0.02286

  701.0   0.02288

  702.0   0.02285

  703.0   0.02290

  704.0   0.02283

  705.0   0.02280

  706.0   0.02277

  707.0   0.02281

  708.0   0.02281

  709.0   0.02281

  710.0   0.02283

  711.0   0.02281

  712.0   0.02283

  713.0   0.02275

  714.0   0.02278

  715.0   0.02277

  716.0   0.02280

  717.0   0.02281

  718.0   0.02284

  719.0   0.02281

  720.0   0.02279

  721.0   0.02272

  722.0   0.02275

  723.0   0.02273

  724.0   0.02274

  725.0   0.02266

  726.0   0.02270

  727.0   0.02263

  728.0   0.02262

  729.0   0.02264

  730.0   0.02261

  731.0   0.02261

  732.0   0.02258

  733.0   0.02259

  734.0   0.02268

  735.0   0.02273

  736.0   0.02341

  737.0   0.02336

  738.0   0.02332

  739.0   0.02328

  740.0   0.02328

  741.0   0.02315

  742.0   0.02313

  743.0   0.02312

  744.0   0.02309

  745.0   0.02315

  746.0   0.02307

  747.0   0.02313

  748.0   0.02312

  749.0   0.02306

  750.0   0.02297

  751.0   0.02305

  752.0   0.02302

  753.0   0.02299

  754.0   0.02297

  755.0   0.02293

  756.0   0.02278

  757.0   0.02283

  758.0   0.02283

  759.0   0.02276

  760.0   0.02269

  761.0   0.02277

  762.0   0.02265

  763.0   0.02261

  764.0   0.02264

  765.0   0.02263

  766.0   0.02260

  767.0   0.02254

  768.0   0.02252

  769.0   0.02249

  770.0   0.02249

  771.0   0.02242

  772.0   0.02237

  773.0   0.02231

  774.0   0.02232

  775.0   0.02227

  776.0   0.02228

  777.0   0.02220

  778.0   0.02219

  779.0   0.02211

  780.0   0.02206

  781.0   0.02208

  782.0   0.02206

  783.0   0.02207

  784.0   0.02200

  785.0   0.02201

  786.0   0.02200

  787.0   0.02198

  788.0   0.02195

  789.0   0.02191

  790.0   0.02187

  791.0   0.02182

  792.0   0.02175

  793.0   0.02170

  794.0   0.02163

  795.0   0.02156

  796.0   0.02157

  797.0   0.02149

  798.0   0.02146

  799.0   0.02145

  800.0   0.02141

 
