ser ID: DU600

Method ID: A:\DEFAULT

Date: 07/31/00

Time: 03:09

 200.0   3.01494

  201.0   3.08884

  202.0   3.12905

  203.0   2.69548

  204.0   3.23147

  205.0   2.50987

  206.0   2.73838

  207.0   2.39811

  208.0   2.28240

  209.0   2.15401

  210.0   2.02506

  211.0   1.97616

  212.0   1.90849

  213.0   1.88012

  214.0   1.82701

  215.0   1.81149

  216.0   1.78670

  217.0   1.71747

  218.0   1.67532

  219.0   1.66276

  220.0   1.66116

  221.0   1.62737

  222.0   1.60240

  223.0   1.58941

  224.0   1.56075

  225.0   1.54839

  226.0   1.53384

  227.0   1.53142

  228.0   1.51611

  229.0   1.51634

  230.0   1.49682

  231.0   1.48977

  232.0   1.47489

  233.0   1.47331

  234.0   1.45850

  235.0   1.44409

  236.0   1.41967

  237.0   1.38834

  238.0   1.34530

  239.0   1.29108

  240.0   1.23921

  241.0   1.17828

  242.0   1.11482

  243.0   1.04661

  244.0   0.98899

  245.0   0.93779

  246.0   0.89229

  247.0   0.84717

  248.0   0.81129

  249.0   0.77728

  250.0   0.74422

  251.0   0.71286

  252.0   0.68590

  253.0   0.66082

  254.0   0.63693

  255.0   0.61239

  256.0   0.59157

  257.0   0.57017

  258.0   0.54996

  259.0   0.52729

  260.0   0.50676

  261.0   0.48920

  262.0   0.47043

  263.0   0.45385

  264.0   0.43919

  265.0   0.42607

  266.0   0.41233

  267.0   0.40208

  268.0   0.39306

  269.0   0.38204

  270.0   0.37190

  271.0   0.36307

  272.0   0.35352

  273.0   0.34478

  274.0   0.33529

  275.0   0.32593

  276.0   0.31587

  277.0   0.30546

  278.0   0.29320

  279.0   0.28213

  280.0   0.27127

  281.0   0.25948

  282.0   0.24876

  283.0   0.23754

  284.0   0.22632

  285.0   0.21493

  286.0   0.20303

  287.0   0.19276

  288.0   0.18244

  289.0   0.17305

  290.0   0.16483

  291.0   0.15762

  292.0   0.14983

  293.0   0.14170

  294.0   0.13617

  295.0   0.12944

  296.0   0.12387

  297.0   0.11867

  298.0   0.11336

  299.0   0.10816

  300.0   0.10347

  301.0   0.09941

  302.0   0.09541

  303.0   0.09244

  304.0   0.08968

  305.0   0.08641

  306.0   0.08308

  307.0   0.08052

  308.0   0.07830

  309.0   0.07643

  310.0   0.07501

  311.0   0.07302

  312.0   0.07123

  313.0   0.07023

  314.0   0.06923

  315.0   0.06827

  316.0   0.06818

  317.0   0.06815

  318.0   0.06783

  319.0   0.06793

  320.0   0.06896

  321.0   0.06834

  322.0   0.07084

  323.0   0.07098

  324.0   0.07279

  325.0   0.07486

  326.0   0.07662

  327.0   0.07806

  328.0   0.07965

  329.0   0.08144

  330.0   0.08435

  331.0   0.08611

  332.0   0.08999

  333.0   0.09119

  334.0   0.09446

  335.0   0.09764

  336.0   0.10011

  337.0   0.10271

  338.0   0.10550

  339.0   0.10815

  340.0   0.11151

  341.0   0.11438

  342.0   0.11757

  343.0   0.12008

  344.0   0.12316

  345.0   0.12524

  346.0   0.12774

  347.0   0.12980

  348.0   0.13230

  349.0   0.13382

  350.0   0.13546

  351.0   0.13696

  352.0   0.13802

  353.0   0.13910

  354.0   0.14033

  355.0   0.13989

  356.0   0.13951

  357.0   0.13952

  358.0   0.13968

  359.0   0.13920

  360.0   0.13840

  361.0   0.13698

  362.0   0.13438

  363.0   0.13303

  364.0   0.13029

  365.0   0.12821

  366.0   0.12671

  367.0   0.12419

  368.0   0.12271

  369.0   0.11936

  370.0   0.11673

  371.0   0.11377

  372.0   0.11183

  373.0   0.10903

  374.0   0.10740

  375.0   0.10482

  376.0   0.10221

  377.0   0.09940

  378.0   0.09681

  379.0   0.09509

  380.0   0.09329

  381.0   0.09093

  382.0   0.08904

  383.0   0.08736

  384.0   0.08491

  385.0   0.08296

  386.0   0.08108

  387.0   0.07957

  388.0   0.07794

  389.0   0.07625

  390.0   0.07476

  391.0   0.07346

  392.0   0.07184

  393.0   0.07034

  394.0   0.06884

  395.0   0.06788

  396.0   0.06694

  397.0   0.06547

  398.0   0.06424

  399.0   0.06315

  400.0   0.06185

  401.0   0.06093

  402.0   0.06002

  403.0   0.05921

  404.0   0.05825

  405.0   0.05758

  406.0   0.05648

  407.0   0.05547

  408.0   0.05477

  409.0   0.05385

  410.0   0.05309

  411.0   0.05219

  412.0   0.05143

  413.0   0.05064

  414.0   0.04983

  415.0   0.04913

  416.0   0.04723

  417.0   0.04635

  418.0   0.04549

  419.0   0.04469

  420.0   0.04373

  421.0   0.04327

  422.0   0.04233

  423.0   0.04144

  424.0   0.04034

  425.0   0.03960

  426.0   0.03877

  427.0   0.03821

  428.0   0.03746

  429.0   0.03658

  430.0   0.03593

  431.0   0.03522

  432.0   0.03442

  433.0   0.03368

  434.0   0.03320

  435.0   0.03262

  436.0   0.03193

  437.0   0.03153

  438.0   0.03095

  439.0   0.03025

  440.0   0.02979

  441.0   0.02926

  442.0   0.02892

  443.0   0.02851

  444.0   0.02808

  445.0   0.02764

  446.0   0.02722

  447.0   0.02697

  448.0   0.02654

  449.0   0.02616

  450.0   0.02604

  451.0   0.02569

  452.0   0.02549

  453.0   0.02545

  454.0   0.02503

  455.0   0.02470

  456.0   0.02445

  457.0   0.02414

  458.0   0.02394

  459.0   0.02363

  460.0   0.02358

  461.0   0.02337

  462.0   0.02311

  463.0   0.02291

  464.0   0.02264

  465.0   0.02257

  466.0   0.02222

  467.0   0.02201

  468.0   0.02188

  469.0   0.02168

  470.0   0.02173

  471.0   0.02156

  472.0   0.02151

  473.0   0.02135

  474.0   0.02128

  475.0   0.02124

  476.0   0.02114

  477.0   0.02105

  478.0   0.02110

  479.0   0.02102

  480.0   0.02091

  481.0   0.02092

  482.0   0.02091

  483.0   0.02092

  484.0   0.02080

  485.0   0.02061

  486.0   0.02058

  487.0   0.02069

  488.0   0.02063

  489.0   0.02060

  490.0   0.02051

  491.0   0.02047

  492.0   0.02047

  493.0   0.02036

  494.0   0.02037

  495.0   0.02038

  496.0   0.02038

  497.0   0.02032

  498.0   0.02033

  499.0   0.02031

  500.0   0.02027

  501.0   0.02028

  502.0   0.02021

  503.0   0.02015

  504.0   0.02013

  505.0   0.02016

  506.0   0.02009

  507.0   0.02004

  508.0   0.02002

  509.0   0.01998

  510.0   0.01996

  511.0   0.01993

  512.0   0.02001

  513.0   0.01999

  514.0   0.02000

  515.0   0.01993

  516.0   0.01990

  517.0   0.01984

  518.0   0.01978

  519.0   0.01982

  520.0   0.01983

  521.0   0.01985

  522.0   0.01983

  523.0   0.01977

  524.0   0.01977

  525.0   0.01967

  526.0   0.01964

  527.0   0.01966

  528.0   0.01965

  529.0   0.01961

  530.0   0.01957

  531.0   0.01956

  532.0   0.01952

  533.0   0.01948

  534.0   0.01945

  535.0   0.01945

  536.0   0.01946

  537.0   0.01943

  538.0   0.01944

  539.0   0.01944

  540.0   0.01937

  541.0   0.01936

  542.0   0.01927

  543.0   0.01922

  544.0   0.01920

  545.0   0.01916

  546.0   0.01915

  547.0   0.01920

  548.0   0.01917

  549.0   0.01921

  550.0   0.01924

  551.0   0.01929

  552.0   0.01934

  553.0   0.01945

  554.0   0.01950

  555.0   0.01960

  556.0   0.01966

  557.0   0.01984

  558.0   0.01986

  559.0   0.01993

  560.0   0.01995

  561.0   0.01991

  562.0   0.01994

  563.0   0.01988

  564.0   0.01991

  565.0   0.01990

  566.0   0.01989

  567.0   0.01984

  568.0   0.01987

  569.0   0.01989

  570.0   0.01987

  571.0   0.01991

  572.0   0.01989

  573.0   0.01991

  574.0   0.01987

  575.0   0.01978

  576.0   0.01972

  577.0   0.01974

  578.0   0.01970

  579.0   0.01974

  580.0   0.01971

  581.0   0.01977

  582.0   0.01973

  583.0   0.01976

  584.0   0.01982

  585.0   0.01977

  586.0   0.01982

  587.0   0.01984

  588.0   0.01985

  589.0   0.01984

  590.0   0.01985

  591.0   0.01984

  592.0   0.01994

  593.0   0.01992

  594.0   0.01996

  595.0   0.01998

  596.0   0.02004

  597.0   0.02005

  598.0   0.02011

  599.0   0.02013

  600.0   0.02021

  601.0   0.02027

  602.0   0.02031

  603.0   0.02038

  604.0   0.02045

  605.0   0.02053

  606.0   0.02062

  607.0   0.02070

  608.0   0.02074

  609.0   0.02084

  610.0   0.02089

  611.0   0.02094

  612.0   0.02097

  613.0   0.02095

  614.0   0.02097

  615.0   0.02103

  616.0   0.02108

  617.0   0.02113

  618.0   0.02114

  619.0   0.02116

  620.0   0.02120

  621.0   0.02120

  622.0   0.02122

  623.0   0.02124

  624.0   0.02123

  625.0   0.02128

  626.0   0.02121

  627.0   0.02119

  628.0   0.02123

  629.0   0.02117

  630.0   0.02119

  631.0   0.02117

  632.0   0.02121

  633.0   0.02122

  634.0   0.02127

  635.0   0.02132

  636.0   0.02140

  637.0   0.02152

  638.0   0.02163

  639.0   0.02166

  640.0   0.02161

  641.0   0.02156

  642.0   0.02154

  643.0   0.02156

  644.0   0.02149

  645.0   0.02143

  646.0   0.02148

  647.0   0.02150

  648.0   0.02157

  649.0   0.02160

  650.0   0.02160

  651.0   0.02163

  652.0   0.02161

  653.0   0.02163

  654.0   0.02164

  655.0   0.02170

  656.0   0.02169

  657.0   0.02178

  658.0   0.02194

  659.0   0.02209

  660.0   0.02207

  661.0   0.02212

  662.0   0.02211

  663.0   0.02213

  664.0   0.02218

  665.0   0.02220

  666.0   0.02217

  667.0   0.02214

  668.0   0.02214

  669.0   0.02215

  670.0   0.02214

  671.0   0.02215

  672.0   0.02220

  673.0   0.02226

  674.0   0.02230

  675.0   0.02225

  676.0   0.02225

  677.0   0.02223

  678.0   0.02218

  679.0   0.02217

  680.0   0.02228

  681.0   0.02225

  682.0   0.02224

  683.0   0.02227

  684.0   0.02229

  685.0   0.02233

  686.0   0.02231

  687.0   0.02231

  688.0   0.02231

  689.0   0.02229

  690.0   0.02227

  691.0   0.02230

  692.0   0.02230

  693.0   0.02228

  694.0   0.02229

  695.0   0.02236

  696.0   0.02233

  697.0   0.02230

  698.0   0.02225

  699.0   0.02225

  700.0   0.02225

  701.0   0.02227

  702.0   0.02225

  703.0   0.02228

  704.0   0.02225

  705.0   0.02221

  706.0   0.02220

  707.0   0.02224

  708.0   0.02228

  709.0   0.02234

  710.0   0.02239

  711.0   0.02241

  712.0   0.02239

  713.0   0.02239

  714.0   0.02240

  715.0   0.02242

  716.0   0.02247

  717.0   0.02248

  718.0   0.02251

  719.0   0.02250

  720.0   0.02252

  721.0   0.02252

  722.0   0.02252

  723.0   0.02253

  724.0   0.02251

  725.0   0.02246

  726.0   0.02249

  727.0   0.02244

  728.0   0.02243

  729.0   0.02247

  730.0   0.02246

  731.0   0.02241

  732.0   0.02238

  733.0   0.02242

  734.0   0.02245

  735.0   0.02251

  736.0   0.02283

  737.0   0.02278

  738.0   0.02274

  739.0   0.02274

  740.0   0.02277

  741.0   0.02269

  742.0   0.02271

  743.0   0.02267

  744.0   0.02270

  745.0   0.02275

  746.0   0.02268

  747.0   0.02274

  748.0   0.02273

  749.0   0.02272

  750.0   0.02266

  751.0   0.02271

  752.0   0.02268

  753.0   0.02263

  754.0   0.02261

  755.0   0.02265

  756.0   0.02253

  757.0   0.02260

  758.0   0.02260

  759.0   0.02265

  760.0   0.02255

  761.0   0.02254

  762.0   0.02245

  763.0   0.02233

  764.0   0.02224

  765.0   0.02223

  766.0   0.02217

  767.0   0.02209

  768.0   0.02217

  769.0   0.02212

  770.0   0.02212

  771.0   0.02204

  772.0   0.02197

  773.0   0.02197

  774.0   0.02192

  775.0   0.02193

  776.0   0.02196

  777.0   0.02186

  778.0   0.02181

  779.0   0.02182

  780.0   0.02180

  781.0   0.02179

  782.0   0.02177

  783.0   0.02184

  784.0   0.02179

  785.0   0.02178

  786.0   0.02173

  787.0   0.02169

  788.0   0.02171

  789.0   0.02164

  790.0   0.02157

  791.0   0.02153

  792.0   0.02145

  793.0   0.02150

  794.0   0.02148

  795.0   0.02144

  796.0   0.02145

  797.0   0.02137

  798.0   0.02137

  799.0   0.02136

  800.0   0.02135

 
