ser ID: DU600

Method ID: A:\DEFAULT

Date: 07/31/00

Time: 03:10

 200.0   3.01494

  201.0   3.08884

  202.0   3.12905

  203.0   2.87157

  204.0   2.53250

  205.0   2.38494

  206.0   2.56229

  207.0   2.31893

  208.0   2.20321

  209.0   2.17332

  210.0   2.12518

  211.0   1.99788

  212.0   1.89178

  213.0   1.86540

  214.0   1.82076

  215.0   1.80573

  216.0   1.77636

  217.0   1.73044

  218.0   1.69819

  219.0   1.66276

  220.0   1.64800

  221.0   1.61555

  222.0   1.60514

  223.0   1.58941

  224.0   1.56075

  225.0   1.55282

  226.0   1.53384

  227.0   1.52744

  228.0   1.51611

  229.0   1.50907

  230.0   1.50716

  231.0   1.48814

  232.0   1.47957

  233.0   1.46728

  234.0   1.44993

  235.0   1.43861

  236.0   1.42226

  237.0   1.38834

  238.0   1.34208

  239.0   1.28825

  240.0   1.23586

  241.0   1.17536

  242.0   1.11229

  243.0   1.04606

  244.0   0.98947

  245.0   0.93693

  246.0   0.89074

  247.0   0.84788

  248.0   0.80866

  249.0   0.77667

  250.0   0.74422

  251.0   0.71313

  252.0   0.68513

  253.0   0.65959

  254.0   0.63693

  255.0   0.61307

  256.0   0.59048

  257.0   0.57017

  258.0   0.54956

  259.0   0.52749

  260.0   0.50733

  261.0   0.48938

  262.0   0.47061

  263.0   0.45438

  264.0   0.43988

  265.0   0.42624

  266.0   0.41249

  267.0   0.40224

  268.0   0.39306

  269.0   0.38253

  270.0   0.37174

  271.0   0.36244

  272.0   0.35383

  273.0   0.34493

  274.0   0.33483

  275.0   0.32563

  276.0   0.31514

  277.0   0.30431

  278.0   0.29278

  279.0   0.28131

  280.0   0.27007

  281.0   0.25779

  282.0   0.24737

  283.0   0.23630

  284.0   0.22560

  285.0   0.21387

  286.0   0.20234

  287.0   0.19186

  288.0   0.18091

  289.0   0.17305

  290.0   0.16472

  291.0   0.15690

  292.0   0.14883

  293.0   0.14180

  294.0   0.13559

  295.0   0.12915

  296.0   0.12339

  297.0   0.11848

  298.0   0.11336

  299.0   0.10863

  300.0   0.10375

  301.0   0.09941

  302.0   0.09587

  303.0   0.09253

  304.0   0.09022

  305.0   0.08641

  306.0   0.08308

  307.0   0.08043

  308.0   0.07895

  309.0   0.07643

  310.0   0.07501

  311.0   0.07179

  312.0   0.07191

  313.0   0.07169

  314.0   0.07101

  315.0   0.06867

  316.0   0.06807

  317.0   0.06743

  318.0   0.06751

  319.0   0.06814

  320.0   0.06778

  321.0   0.06780

  322.0   0.07028

  323.0   0.07052

  324.0   0.07199

  325.0   0.07532

  326.0   0.07766

  327.0   0.07957

  328.0   0.08093

  329.0   0.08144

  330.0   0.08423

  331.0   0.08587

  332.0   0.08893

  333.0   0.09048

  334.0   0.09505

  335.0   0.09990

  336.0   0.10142

  337.0   0.10247

  338.0   0.10431

  339.0   0.10696

  340.0   0.11032

  341.0   0.11379

  342.0   0.11781

  343.0   0.12020

  344.0   0.12268

  345.0   0.12464

  346.0   0.12641

  347.0   0.13004

  348.0   0.13279

  349.0   0.13443

  350.0   0.13534

  351.0   0.13708

  352.0   0.13790

  353.0   0.13750

  354.0   0.13885

  355.0   0.13915

  356.0   0.13939

  357.0   0.13965

  358.0   0.13842

  359.0   0.13760

  360.0   0.13756

  361.0   0.13651

  362.0   0.13438

  363.0   0.13303

  364.0   0.12974

  365.0   0.12768

  366.0   0.12579

  367.0   0.12349

  368.0   0.12213

  369.0   0.11917

  370.0   0.11663

  371.0   0.11403

  372.0   0.11131

  373.0   0.10869

  374.0   0.10716

  375.0   0.10444

  376.0   0.10199

  377.0   0.09940

  378.0   0.09681

  379.0   0.09476

  380.0   0.09291

  381.0   0.09037

  382.0   0.08844

  383.0   0.08677

  384.0   0.08480

  385.0   0.08318

  386.0   0.08092

  387.0   0.07926

  388.0   0.07729

  389.0   0.07543

  390.0   0.07447

  391.0   0.07328

  392.0   0.07198

  393.0   0.07043

  394.0   0.06888

  395.0   0.06741

  396.0   0.06636

  397.0   0.06547

  398.0   0.06428

  399.0   0.06327

  400.0   0.06225

  401.0   0.06117

  402.0   0.06002

  403.0   0.05895

  404.0   0.05785

  405.0   0.05725

  406.0   0.05658

  407.0   0.05567

  408.0   0.05490

  409.0   0.05388

  410.0   0.05288

  411.0   0.05195

  412.0   0.05122

  413.0   0.05061

  414.0   0.04963

  415.0   0.04935

  416.0   0.04723

  417.0   0.04644

  418.0   0.04540

  419.0   0.04460

  420.0   0.04356

  421.0   0.04302

  422.0   0.04208

  423.0   0.04136

  424.0   0.04041

  425.0   0.03952

  426.0   0.03877

  427.0   0.03821

  428.0   0.03739

  429.0   0.03658

  430.0   0.03580

  431.0   0.03502

  432.0   0.03436

  433.0   0.03368

  434.0   0.03320

  435.0   0.03262

  436.0   0.03188

  437.0   0.03147

  438.0   0.03089

  439.0   0.03030

  440.0   0.02989

  441.0   0.02932

  442.0   0.02887

  443.0   0.02846

  444.0   0.02803

  445.0   0.02759

  446.0   0.02717

  447.0   0.02692

  448.0   0.02649

  449.0   0.02616

  450.0   0.02590

  451.0   0.02560

  452.0   0.02540

  453.0   0.02531

  454.0   0.02507

  455.0   0.02474

  456.0   0.02450

  457.0   0.02410

  458.0   0.02390

  459.0   0.02372

  460.0   0.02371

  461.0   0.02341

  462.0   0.02323

  463.0   0.02303

  464.0   0.02276

  465.0   0.02265

  466.0   0.02237

  467.0   0.02216

  468.0   0.02199

  469.0   0.02182

  470.0   0.02187

  471.0   0.02180

  472.0   0.02168

  473.0   0.02141

  474.0   0.02131

  475.0   0.02121

  476.0   0.02094

  477.0   0.02105

  478.0   0.02119

  479.0   0.02107

  480.0   0.02099

  481.0   0.02092

  482.0   0.02096

  483.0   0.02097

  484.0   0.02083

  485.0   0.02065

  486.0   0.02070

  487.0   0.02081

  488.0   0.02086

  489.0   0.02074

  490.0   0.02064

  491.0   0.02056

  492.0   0.02053

  493.0   0.02047

  494.0   0.02046

  495.0   0.02045

  496.0   0.02038

  497.0   0.02036

  498.0   0.02031

  499.0   0.02031

  500.0   0.02027

  501.0   0.02026

  502.0   0.02023

  503.0   0.02021

  504.0   0.02019

  505.0   0.02018

  506.0   0.02017

  507.0   0.02010

  508.0   0.02012

  509.0   0.02006

  510.0   0.02007

  511.0   0.02004

  512.0   0.02007

  513.0   0.02003

  514.0   0.02000

  515.0   0.01997

  516.0   0.01992

  517.0   0.01989

  518.0   0.01985

  519.0   0.01984

  520.0   0.01985

  521.0   0.01979

  522.0   0.01976

  523.0   0.01977

  524.0   0.01977

  525.0   0.01972

  526.0   0.01962

  527.0   0.01966

  528.0   0.01963

  529.0   0.01959

  530.0   0.01959

  531.0   0.01950

  532.0   0.01950

  533.0   0.01946

  534.0   0.01943

  535.0   0.01943

  536.0   0.01944

  537.0   0.01943

  538.0   0.01939

  539.0   0.01935

  540.0   0.01933

  541.0   0.01931

  542.0   0.01923

  543.0   0.01926

  544.0   0.01925

  545.0   0.01922

  546.0   0.01919

  547.0   0.01926

  548.0   0.01924

  549.0   0.01933

  550.0   0.01934

  551.0   0.01942

  552.0   0.01946

  553.0   0.01957

  554.0   0.01962

  555.0   0.01965

  556.0   0.01964

  557.0   0.02001

  558.0   0.02000

  559.0   0.02004

  560.0   0.02011

  561.0   0.02010

  562.0   0.02015

  563.0   0.02013

  564.0   0.02016

  565.0   0.02015

  566.0   0.02012

  567.0   0.02016

  568.0   0.02018

  569.0   0.02020

  570.0   0.02017

  571.0   0.02015

  572.0   0.02015

  573.0   0.02016

  574.0   0.02013

  575.0   0.02006

  576.0   0.02001

  577.0   0.01999

  578.0   0.01999

  579.0   0.01998

  580.0   0.01993

  581.0   0.01996

  582.0   0.01989

  583.0   0.01990

  584.0   0.02000

  585.0   0.01999

  586.0   0.02001

  587.0   0.02005

  588.0   0.02005

  589.0   0.02008

  590.0   0.02012

  591.0   0.02016

  592.0   0.02025

  593.0   0.02022

  594.0   0.02030

  595.0   0.02034

  596.0   0.02038

  597.0   0.02040

  598.0   0.02050

  599.0   0.02054

  600.0   0.02058

  601.0   0.02065

  602.0   0.02070

  603.0   0.02080

  604.0   0.02081

  605.0   0.02093

  606.0   0.02104

  607.0   0.02112

  608.0   0.02124

  609.0   0.02139

  610.0   0.02146

  611.0   0.02148

  612.0   0.02151

  613.0   0.02150

  614.0   0.02154

  615.0   0.02158

  616.0   0.02163

  617.0   0.02166

  618.0   0.02166

  619.0   0.02164

  620.0   0.02169

  621.0   0.02170

  622.0   0.02171

  623.0   0.02174

  624.0   0.02174

  625.0   0.02175

  626.0   0.02172

  627.0   0.02172

  628.0   0.02166

  629.0   0.02165

  630.0   0.02171

  631.0   0.02168

  632.0   0.02171

  633.0   0.02174

  634.0   0.02173

  635.0   0.02178

  636.0   0.02177

  637.0   0.02176

  638.0   0.02172

  639.0   0.02169

  640.0   0.02163

  641.0   0.02164

  642.0   0.02164

  643.0   0.02168

  644.0   0.02163

  645.0   0.02160

  646.0   0.02165

  647.0   0.02166

  648.0   0.02173

  649.0   0.02175

  650.0   0.02181

  651.0   0.02187

  652.0   0.02187

  653.0   0.02192

  654.0   0.02190

  655.0   0.02190

  656.0   0.02193

  657.0   0.02192

  658.0   0.02194

  659.0   0.02200

  660.0   0.02198

  661.0   0.02201

  662.0   0.02204

  663.0   0.02207

  664.0   0.02206

  665.0   0.02206

  666.0   0.02208

  667.0   0.02207

  668.0   0.02205

  669.0   0.02210

  670.0   0.02214

  671.0   0.02218

  672.0   0.02220

  673.0   0.02224

  674.0   0.02224

  675.0   0.02218

  676.0   0.02220

  677.0   0.02216

  678.0   0.02212

  679.0   0.02215

  680.0   0.02214

  681.0   0.02217

  682.0   0.02213

  683.0   0.02218

  684.0   0.02218

  685.0   0.02221

  686.0   0.02220

  687.0   0.02220

  688.0   0.02220

  689.0   0.02214

  690.0   0.02209

  691.0   0.02217

  692.0   0.02217

  693.0   0.02215

  694.0   0.02220

  695.0   0.02222

  696.0   0.02220

  697.0   0.02222

  698.0   0.02222

  699.0   0.02221

  700.0   0.02221

  701.0   0.02221

  702.0   0.02221

  703.0   0.02224

  704.0   0.02219

  705.0   0.02219

  706.0   0.02218

  707.0   0.02220

  708.0   0.02224

  709.0   0.02223

  710.0   0.02223

  711.0   0.02224

  712.0   0.02226

  713.0   0.02231

  714.0   0.02236

  715.0   0.02234

  716.0   0.02239

  717.0   0.02244

  718.0   0.02242

  719.0   0.02248

  720.0   0.02245

  721.0   0.02245

  722.0   0.02243

  723.0   0.02241

  724.0   0.02242

  725.0   0.02241

  726.0   0.02242

  727.0   0.02242

  728.0   0.02239

  729.0   0.02240

  730.0   0.02239

  731.0   0.02241

  732.0   0.02243

  733.0   0.02239

  734.0   0.02245

  735.0   0.02251

  736.0   0.02280

  737.0   0.02278

  738.0   0.02277

  739.0   0.02268

  740.0   0.02271

  741.0   0.02258

  742.0   0.02262

  743.0   0.02264

  744.0   0.02264

  745.0   0.02267

  746.0   0.02265

  747.0   0.02268

  748.0   0.02264

  749.0   0.02266

  750.0   0.02260

  751.0   0.02268

  752.0   0.02271

  753.0   0.02268

  754.0   0.02266

  755.0   0.02265

  756.0   0.02244

  757.0   0.02249

  758.0   0.02255

  759.0   0.02251

  760.0   0.02246

  761.0   0.02248

  762.0   0.02239

  763.0   0.02239

  764.0   0.02238

  765.0   0.02237

  766.0   0.02234

  767.0   0.02229

  768.0   0.02232

  769.0   0.02229

  770.0   0.02226

  771.0   0.02221

  772.0   0.02214

  773.0   0.02214

  774.0   0.02206

  775.0   0.02210

  776.0   0.02208

  777.0   0.02200

  778.0   0.02198

  779.0   0.02197

  780.0   0.02192

  781.0   0.02185

  782.0   0.02183

  783.0   0.02181

  784.0   0.02179

  785.0   0.02181

  786.0   0.02182

  787.0   0.02181

  788.0   0.02180

  789.0   0.02179

  790.0   0.02175

  791.0   0.02167

  792.0   0.02160

  793.0   0.02158

  794.0   0.02151

  795.0   0.02141

  796.0   0.02136

  797.0   0.02128

  798.0   0.02128

  799.0   0.02121

  800.0   0.02123

 
