ser ID: DU600

Method ID: A:\DEFAULT

Date: 07/31/00

Time: 03:13

 200.0   2.41288

  201.0   3.08884

  202.0   3.12905

  203.0   3.17260

  204.0   3.23147

  205.0   3.28803

  206.0   2.86332

  207.0   2.05569

  208.0   2.13627

  209.0   2.15401

  210.0   2.09415

  211.0   1.99788

  212.0   1.96284

  213.0   1.87270

  214.0   1.82076

  215.0   1.76747

  216.0   1.76130

  217.0   1.72175

  218.0   1.70608

  219.0   1.68779

  220.0   1.62588

  221.0   1.60689

  222.0   1.59428

  223.0   1.57675

  224.0   1.56075

  225.0   1.56183

  226.0   1.54009

  227.0   1.51377

  228.0   1.50498

  229.0   1.48797

  230.0   1.48839

  231.0   1.48165

  232.0   1.47334

  233.0   1.46281

  234.0   1.44014

  235.0   1.42389

  236.0   1.40194

  237.0   1.37310

  238.0   1.33468

  239.0   1.28357

  240.0   1.22842

  241.0   1.16601

  242.0   1.10666

  243.0   1.04227

  244.0   0.98708

  245.0   0.93437

  246.0   0.88996

  247.0   0.84399

  248.0   0.80703

  249.0   0.77300

  250.0   0.74221

  251.0   0.71123

  252.0   0.68590

  253.0   0.66058

  254.0   0.63528

  255.0   0.61103

  256.0   0.58918

  257.0   0.56975

  258.0   0.55058

  259.0   0.52867

  260.0   0.50904

  261.0   0.48975

  262.0   0.47079

  263.0   0.45473

  264.0   0.44057

  265.0   0.42760

  266.0   0.41383

  267.0   0.40340

  268.0   0.39224

  269.0   0.38140

  270.0   0.37094

  271.0   0.36244

  272.0   0.35415

  273.0   0.34555

  274.0   0.33483

  275.0   0.32399

  276.0   0.31382

  277.0   0.30274

  278.0   0.29069

  279.0   0.28063

  280.0   0.27020

  281.0   0.25831

  282.0   0.24636

  283.0   0.23494

  284.0   0.22307

  285.0   0.21270

  286.0   0.20142

  287.0   0.19175

  288.0   0.18113

  289.0   0.17198

  290.0   0.16388

  291.0   0.15659

  292.0   0.14903

  293.0   0.14220

  294.0   0.13647

  295.0   0.12992

  296.0   0.12406

  297.0   0.11820

  298.0   0.11364

  299.0   0.10798

  300.0   0.10393

  301.0   0.10042

  302.0   0.09687

  303.0   0.09299

  304.0   0.08977

  305.0   0.08632

  306.0   0.08344

  307.0   0.08153

  308.0   0.08024

  309.0   0.07801

  310.0   0.07577

  311.0   0.07349

  312.0   0.07162

  313.0   0.07100

  314.0   0.07032

  315.0   0.06927

  316.0   0.06889

  317.0   0.06846

  318.0   0.06814

  319.0   0.06751

  320.0   0.06832

  321.0   0.06943

  322.0   0.07073

  323.0   0.07120

  324.0   0.07347

  325.0   0.07601

  326.0   0.07742

  327.0   0.07864

  328.0   0.07965

  329.0   0.08238

  330.0   0.08435

  331.0   0.08682

  332.0   0.09082

  333.0   0.09178

  334.0   0.09411

  335.0   0.09670

  336.0   0.09845

  337.0   0.10199

  338.0   0.10443

  339.0   0.10731

  340.0   0.11104

  341.0   0.11367

  342.0   0.11722

  343.0   0.11816

  344.0   0.12160

  345.0   0.12416

  346.0   0.12617

  347.0   0.12932

  348.0   0.13024

  349.0   0.13165

  350.0   0.13303

  351.0   0.13416

  352.0   0.13558

  353.0   0.13677

  354.0   0.13787

  355.0   0.13754

  356.0   0.13740

  357.0   0.13772

  358.0   0.13678

  359.0   0.13662

  360.0   0.13599

  361.0   0.13510

  362.0   0.13300

  363.0   0.13157

  364.0   0.12832

  365.0   0.12736

  366.0   0.12538

  367.0   0.12299

  368.0   0.12048

  369.0   0.11813

  370.0   0.11535

  371.0   0.11217

  372.0   0.11028

  373.0   0.10754

  374.0   0.10597

  375.0   0.10336

  376.0   0.10125

  377.0   0.09862

  378.0   0.09599

  379.0   0.09389

  380.0   0.09213

  381.0   0.08975

  382.0   0.08778

  383.0   0.08642

  384.0   0.08452

  385.0   0.08236

  386.0   0.08019

  387.0   0.07864

  388.0   0.07714

  389.0   0.07548

  390.0   0.07414

  391.0   0.07268

  392.0   0.07144

  393.0   0.06981

  394.0   0.06828

  395.0   0.06711

  396.0   0.06627

  397.0   0.06522

  398.0   0.06404

  399.0   0.06311

  400.0   0.06166

  401.0   0.06054

  402.0   0.05952

  403.0   0.05887

  404.0   0.05785

  405.0   0.05715

  406.0   0.05648

  407.0   0.05540

  408.0   0.05450

  409.0   0.05350

  410.0   0.05266

  411.0   0.05183

  412.0   0.05099

  413.0   0.05049

  414.0   0.04969

  415.0   0.04910

  416.0   0.04752

  417.0   0.04635

  418.0   0.04522

  419.0   0.04452

  420.0   0.04356

  421.0   0.04293

  422.0   0.04208

  423.0   0.04144

  424.0   0.04026

  425.0   0.03937

  426.0   0.03855

  427.0   0.03785

  428.0   0.03725

  429.0   0.03644

  430.0   0.03587

  431.0   0.03509

  432.0   0.03429

  433.0   0.03356

  434.0   0.03302

  435.0   0.03232

  436.0   0.03171

  437.0   0.03136

  438.0   0.03078

  439.0   0.03019

  440.0   0.02974

  441.0   0.02921

  442.0   0.02882

  443.0   0.02841

  444.0   0.02799

  445.0   0.02755

  446.0   0.02717

  447.0   0.02683

  448.0   0.02645

  449.0   0.02597

  450.0   0.02586

  451.0   0.02556

  452.0   0.02527

  453.0   0.02527

  454.0   0.02498

  455.0   0.02466

  456.0   0.02437

  457.0   0.02397

  458.0   0.02377

  459.0   0.02363

  460.0   0.02358

  461.0   0.02337

  462.0   0.02315

  463.0   0.02287

  464.0   0.02276

  465.0   0.02261

  466.0   0.02230

  467.0   0.02212

  468.0   0.02203

  469.0   0.02193

  470.0   0.02190

  471.0   0.02183

  472.0   0.02158

  473.0   0.02141

  474.0   0.02125

  475.0   0.02130

  476.0   0.02120

  477.0   0.02126

  478.0   0.02130

  479.0   0.02124

  480.0   0.02115

  481.0   0.02108

  482.0   0.02104

  483.0   0.02102

  484.0   0.02085

  485.0   0.02065

  486.0   0.02068

  487.0   0.02081

  488.0   0.02074

  489.0   0.02064

  490.0   0.02057

  491.0   0.02050

  492.0   0.02049

  493.0   0.02040

  494.0   0.02041

  495.0   0.02042

  496.0   0.02038

  497.0   0.02032

  498.0   0.02029

  499.0   0.02020

  500.0   0.02017

  501.0   0.02021

  502.0   0.02019

  503.0   0.02023

  504.0   0.02019

  505.0   0.02020

  506.0   0.02017

  507.0   0.02018

  508.0   0.02018

  509.0   0.02010

  510.0   0.02009

  511.0   0.02002

  512.0   0.02003

  513.0   0.01999

  514.0   0.01996

  515.0   0.01995

  516.0   0.01992

  517.0   0.01986

  518.0   0.01983

  519.0   0.01986

  520.0   0.01987

  521.0   0.01985

  522.0   0.01979

  523.0   0.01977

  524.0   0.01975

  525.0   0.01972

  526.0   0.01968

  527.0   0.01971

  528.0   0.01967

  529.0   0.01962

  530.0   0.01959

  531.0   0.01952

  532.0   0.01948

  533.0   0.01946

  534.0   0.01945

  535.0   0.01946

  536.0   0.01948

  537.0   0.01943

  538.0   0.01944

  539.0   0.01944

  540.0   0.01939

  541.0   0.01936

  542.0   0.01929

  543.0   0.01924

  544.0   0.01927

  545.0   0.01926

  546.0   0.01923

  547.0   0.01926

  548.0   0.01924

  549.0   0.01929

  550.0   0.01936

  551.0   0.01942

  552.0   0.01948

  553.0   0.01961

  554.0   0.01962

  555.0   0.01969

  556.0   0.01968

  557.0   0.01996

  558.0   0.02000

  559.0   0.02007

  560.0   0.02009

  561.0   0.02015

  562.0   0.02013

  563.0   0.02013

  564.0   0.02016

  565.0   0.02017

  566.0   0.02016

  567.0   0.02018

  568.0   0.02016

  569.0   0.02014

  570.0   0.02013

  571.0   0.02013

  572.0   0.02011

  573.0   0.02014

  574.0   0.02010

  575.0   0.02006

  576.0   0.02001

  577.0   0.02003

  578.0   0.01999

  579.0   0.01996

  580.0   0.01993

  581.0   0.01998

  582.0   0.01995

  583.0   0.01998

  584.0   0.02004

  585.0   0.01999

  586.0   0.02001

  587.0   0.02005

  588.0   0.02007

  589.0   0.02004

  590.0   0.02008

  591.0   0.02012

  592.0   0.02023

  593.0   0.02024

  594.0   0.02029

  595.0   0.02030

  596.0   0.02038

  597.0   0.02044

  598.0   0.02048

  599.0   0.02054

  600.0   0.02058

  601.0   0.02062

  602.0   0.02071

  603.0   0.02076

  604.0   0.02083

  605.0   0.02092

  606.0   0.02096

  607.0   0.02108

  608.0   0.02116

  609.0   0.02125

  610.0   0.02131

  611.0   0.02137

  612.0   0.02142

  613.0   0.02140

  614.0   0.02141

  615.0   0.02151

  616.0   0.02154

  617.0   0.02152

  618.0   0.02154

  619.0   0.02155

  620.0   0.02159

  621.0   0.02158

  622.0   0.02162

  623.0   0.02164

  624.0   0.02167

  625.0   0.02168

  626.0   0.02166

  627.0   0.02165

  628.0   0.02166

  629.0   0.02160

  630.0   0.02164

  631.0   0.02165

  632.0   0.02171

  633.0   0.02172

  634.0   0.02172

  635.0   0.02173

  636.0   0.02174

  637.0   0.02168

  638.0   0.02167

  639.0   0.02164

  640.0   0.02165

  641.0   0.02164

  642.0   0.02166

  643.0   0.02168

  644.0   0.02161

  645.0   0.02160

  646.0   0.02158

  647.0   0.02157

  648.0   0.02161

  649.0   0.02162

  650.0   0.02166

  651.0   0.02172

  652.0   0.02177

  653.0   0.02180

  654.0   0.02176

  655.0   0.02177

  656.0   0.02177

  657.0   0.02176

  658.0   0.02184

  659.0   0.02188

  660.0   0.02188

  661.0   0.02187

  662.0   0.02190

  663.0   0.02194

  664.0   0.02197

  665.0   0.02197

  666.0   0.02198

  667.0   0.02198

  668.0   0.02198

  669.0   0.02201

  670.0   0.02198

  671.0   0.02197

  672.0   0.02199

  673.0   0.02199

  674.0   0.02201

  675.0   0.02202

  676.0   0.02206

  677.0   0.02200

  678.0   0.02198

  679.0   0.02193

  680.0   0.02199

  681.0   0.02201

  682.0   0.02199

  683.0   0.02203

  684.0   0.02201

  685.0   0.02200

  686.0   0.02200

  687.0   0.02196

  688.0   0.02197

  689.0   0.02194

  690.0   0.02196

  691.0   0.02194

  692.0   0.02193

  693.0   0.02194

  694.0   0.02199

  695.0   0.02196

  696.0   0.02199

  697.0   0.02197

  698.0   0.02198

  699.0   0.02198

  700.0   0.02196

  701.0   0.02197

  702.0   0.02200

  703.0   0.02206

  704.0   0.02199

  705.0   0.02199

  706.0   0.02200

  707.0   0.02204

  708.0   0.02205

  709.0   0.02207

  710.0   0.02206

  711.0   0.02208

  712.0   0.02210

  713.0   0.02214

  714.0   0.02218

  715.0   0.02215

  716.0   0.02217

  717.0   0.02222

  718.0   0.02225

  719.0   0.02226

  720.0   0.02225

  721.0   0.02218

  722.0   0.02225

  723.0   0.02223

  724.0   0.02228

  725.0   0.02227

  726.0   0.02230

  727.0   0.02225

  728.0   0.02227

  729.0   0.02231

  730.0   0.02229

  731.0   0.02229

  732.0   0.02223

  733.0   0.02222

  734.0   0.02226

  735.0   0.02228

  736.0   0.02263

  737.0   0.02264

  738.0   0.02266

  739.0   0.02260

  740.0   0.02260

  741.0   0.02258

  742.0   0.02254

  743.0   0.02259

  744.0   0.02258

  745.0   0.02264

  746.0   0.02259

  747.0   0.02266

  748.0   0.02264

  749.0   0.02261

  750.0   0.02257

  751.0   0.02262

  752.0   0.02260

  753.0   0.02260

  754.0   0.02261

  755.0   0.02259

  756.0   0.02247

  757.0   0.02252

  758.0   0.02255

  759.0   0.02254

  760.0   0.02249

  761.0   0.02248

  762.0   0.02237

  763.0   0.02227

  764.0   0.02227

  765.0   0.02229

  766.0   0.02226

  767.0   0.02226

  768.0   0.02226

  769.0   0.02223

  770.0   0.02221

  771.0   0.02216

  772.0   0.02208

  773.0   0.02214

  774.0   0.02212

  775.0   0.02204

  776.0   0.02202

  777.0   0.02200

  778.0   0.02201

  779.0   0.02194

  780.0   0.02192

  781.0   0.02187

  782.0   0.02180

  783.0   0.02181

  784.0   0.02176

  785.0   0.02178

  786.0   0.02173

  787.0   0.02169

  788.0   0.02171

  789.0   0.02164

  790.0   0.02154

  791.0   0.02150

  792.0   0.02139

  793.0   0.02147

  794.0   0.02145

  795.0   0.02141

  796.0   0.02139

  797.0   0.02131

  798.0   0.02122

  799.0   0.02118

  800.0   0.02123

 
