ser ID: DU600

Method ID: A:\DEFAULT

Date: 07/31/00

Time: 03:14

 200.0   3.01494

  201.0   3.08884

  202.0   3.12905

  203.0   2.87157

  204.0   2.62941

  205.0   2.44293

  206.0   2.56229

  207.0   2.31893

  208.0   2.17973

  209.0   2.11780

  210.0   2.03803

  211.0   1.95548

  212.0   1.93481

  213.0   1.86540

  214.0   1.83979

  215.0   1.81732

  216.0   1.76626

  217.0   1.72607

  218.0   1.68660

  219.0   1.65930

  220.0   1.65453

  221.0   1.63037

  222.0   1.61067

  223.0   1.56933

  224.0   1.55381

  225.0   1.54183

  226.0   1.52363

  227.0   1.51570

  228.0   1.51051

  229.0   1.49664

  230.0   1.47848

  231.0   1.47369

  232.0   1.46873

  233.0   1.45546

  234.0   1.44152

  235.0   1.42258

  236.0   1.39947

  237.0   1.36851

  238.0   1.32636

  239.0   1.28172

  240.0   1.22597

  241.0   1.16743

  242.0   1.10294

  243.0   1.03798

  244.0   0.98328

  245.0   0.93522

  246.0   0.89190

  247.0   0.84469

  248.0   0.80801

  249.0   0.77391

  250.0   0.74049

  251.0   0.71069

  252.0   0.68538

  253.0   0.66008

  254.0   0.63646

  255.0   0.61261

  256.0   0.58918

  257.0   0.56807

  258.0   0.55058

  259.0   0.52808

  260.0   0.50847

  261.0   0.49142

  262.0   0.47295

  263.0   0.45508

  264.0   0.43988

  265.0   0.42574

  266.0   0.41433

  267.0   0.40423

  268.0   0.39405

  269.0   0.38253

  270.0   0.37110

  271.0   0.36085

  272.0   0.35289

  273.0   0.34478

  274.0   0.33529

  275.0   0.32444

  276.0   0.31368

  277.0   0.30174

  278.0   0.28999

  279.0   0.28036

  280.0   0.26861

  281.0   0.25599

  282.0   0.24573

  283.0   0.23494

  284.0   0.22391

  285.0   0.21235

  286.0   0.20130

  287.0   0.19130

  288.0   0.18058

  289.0   0.17272

  290.0   0.16462

  291.0   0.15577

  292.0   0.14752

  293.0   0.14200

  294.0   0.13578

  295.0   0.12925

  296.0   0.12415

  297.0   0.11924

  298.0   0.11317

  299.0   0.10863

  300.0   0.10402

  301.0   0.10051

  302.0   0.09696

  303.0   0.09272

  304.0   0.09004

  305.0   0.08669

  306.0   0.08344

  307.0   0.08190

  308.0   0.07987

  309.0   0.07773

  310.0   0.07708

  311.0   0.07349

  312.0   0.07143

  313.0   0.07081

  314.0   0.07012

  315.0   0.07027

  316.0   0.06960

  317.0   0.06897

  318.0   0.06877

  319.0   0.06836

  320.0   0.06918

  321.0   0.07008

  322.0   0.07028

  323.0   0.07211

  324.0   0.07415

  325.0   0.07555

  326.0   0.07685

  327.0   0.07887

  328.0   0.07988

  329.0   0.08121

  330.0   0.08388

  331.0   0.08599

  332.0   0.09011

  333.0   0.09226

  334.0   0.09458

  335.0   0.09670

  336.0   0.09857

  337.0   0.10128

  338.0   0.10431

  339.0   0.10696

  340.0   0.11008

  341.0   0.11331

  342.0   0.11531

  343.0   0.11816

  344.0   0.12148

  345.0   0.12332

  346.0   0.12509

  347.0   0.12823

  348.0   0.12928

  349.0   0.13201

  350.0   0.13315

  351.0   0.13367

  352.0   0.13510

  353.0   0.13664

  354.0   0.13738

  355.0   0.13754

  356.0   0.13629

  357.0   0.13708

  358.0   0.13641

  359.0   0.13625

  360.0   0.13587

  361.0   0.13522

  362.0   0.13220

  363.0   0.13034

  364.0   0.12821

  365.0   0.12589

  366.0   0.12445

  367.0   0.12199

  368.0   0.12048

  369.0   0.11738

  370.0   0.11399

  371.0   0.11191

  372.0   0.10977

  373.0   0.10754

  374.0   0.10573

  375.0   0.10328

  376.0   0.10066

  377.0   0.09776

  378.0   0.09537

  379.0   0.09369

  380.0   0.09200

  381.0   0.08994

  382.0   0.08766

  383.0   0.08584

  384.0   0.08367

  385.0   0.08203

  386.0   0.08008

  387.0   0.07859

  388.0   0.07694

  389.0   0.07513

  390.0   0.07367

  391.0   0.07226

  392.0   0.07099

  393.0   0.06973

  394.0   0.06836

  395.0   0.06715

  396.0   0.06581

  397.0   0.06477

  398.0   0.06367

  399.0   0.06278

  400.0   0.06146

  401.0   0.06058

  402.0   0.05944

  403.0   0.05872

  404.0   0.05763

  405.0   0.05686

  406.0   0.05620

  407.0   0.05530

  408.0   0.05454

  409.0   0.05363

  410.0   0.05279

  411.0   0.05177

  412.0   0.05096

  413.0   0.05029

  414.0   0.04938

  415.0   0.04893

  416.0   0.04723

  417.0   0.04616

  418.0   0.04531

  419.0   0.04469

  420.0   0.04356

  421.0   0.04293

  422.0   0.04208

  423.0   0.04128

  424.0   0.04026

  425.0   0.03937

  426.0   0.03870

  427.0   0.03806

  428.0   0.03725

  429.0   0.03630

  430.0   0.03553

  431.0   0.03489

  432.0   0.03410

  433.0   0.03343

  434.0   0.03290

  435.0   0.03226

  436.0   0.03165

  437.0   0.03119

  438.0   0.03062

  439.0   0.03008

  440.0   0.02963

  441.0   0.02916

  442.0   0.02872

  443.0   0.02827

  444.0   0.02779

  445.0   0.02740

  446.0   0.02713

  447.0   0.02687

  448.0   0.02645

  449.0   0.02597

  450.0   0.02568

  451.0   0.02543

  452.0   0.02531

  453.0   0.02523

  454.0   0.02490

  455.0   0.02457

  456.0   0.02437

  457.0   0.02405

  458.0   0.02381

  459.0   0.02355

  460.0   0.02346

  461.0   0.02317

  462.0   0.02295

  463.0   0.02275

  464.0   0.02268

  465.0   0.02249

  466.0   0.02234

  467.0   0.02235

  468.0   0.02185

  469.0   0.02164

  470.0   0.02194

  471.0   0.02217

  472.0   0.02171

  473.0   0.02148

  474.0   0.02131

  475.0   0.02127

  476.0   0.02120

  477.0   0.02117

  478.0   0.02124

  479.0   0.02116

  480.0   0.02113

  481.0   0.02105

  482.0   0.02093

  483.0   0.02095

  484.0   0.02083

  485.0   0.02073

  486.0   0.02070

  487.0   0.02084

  488.0   0.02077

  489.0   0.02067

  490.0   0.02062

  491.0   0.02056

  492.0   0.02053

  493.0   0.02045

  494.0   0.02039

  495.0   0.02040

  496.0   0.02040

  497.0   0.02036

  498.0   0.02036

  499.0   0.02025

  500.0   0.02019

  501.0   0.02017

  502.0   0.02015

  503.0   0.02017

  504.0   0.02017

  505.0   0.02016

  506.0   0.02011

  507.0   0.02008

  508.0   0.02008

  509.0   0.02004

  510.0   0.02000

  511.0   0.01997

  512.0   0.01997

  513.0   0.01997

  514.0   0.01994

  515.0   0.01993

  516.0   0.01990

  517.0   0.01982

  518.0   0.01978

  519.0   0.01980

  520.0   0.01983

  521.0   0.01981

  522.0   0.01983

  523.0   0.01984

  524.0   0.01982

  525.0   0.01974

  526.0   0.01972

  527.0   0.01973

  528.0   0.01970

  529.0   0.01964

  530.0   0.01961

  531.0   0.01954

  532.0   0.01950

  533.0   0.01944

  534.0   0.01941

  535.0   0.01941

  536.0   0.01942

  537.0   0.01942

  538.0   0.01941

  539.0   0.01940

  540.0   0.01933

  541.0   0.01931

  542.0   0.01927

  543.0   0.01922

  544.0   0.01920

  545.0   0.01920

  546.0   0.01921

  547.0   0.01924

  548.0   0.01922

  549.0   0.01927

  550.0   0.01928

  551.0   0.01932

  552.0   0.01938

  553.0   0.01949

  554.0   0.01954

  555.0   0.01958

  556.0   0.01962

  557.0   0.02003

  558.0   0.02005

  559.0   0.02007

  560.0   0.02011

  561.0   0.02012

  562.0   0.02015

  563.0   0.02013

  564.0   0.02016

  565.0   0.02015

  566.0   0.02014

  567.0   0.02011

  568.0   0.02011

  569.0   0.02014

  570.0   0.02011

  571.0   0.02015

  572.0   0.02017

  573.0   0.02016

  574.0   0.02017

  575.0   0.02012

  576.0   0.02012

  577.0   0.02007

  578.0   0.02001

  579.0   0.02000

  580.0   0.01998

  581.0   0.02002

  582.0   0.01999

  583.0   0.01998

  584.0   0.02004

  585.0   0.02007

  586.0   0.02009

  587.0   0.02009

  588.0   0.02009

  589.0   0.02009

  590.0   0.02010

  591.0   0.02014

  592.0   0.02019

  593.0   0.02024

  594.0   0.02029

  595.0   0.02030

  596.0   0.02038

  597.0   0.02040

  598.0   0.02046

  599.0   0.02054

  600.0   0.02064

  601.0   0.02073

  602.0   0.02081

  603.0   0.02085

  604.0   0.02090

  605.0   0.02099

  606.0   0.02102

  607.0   0.02108

  608.0   0.02112

  609.0   0.02121

  610.0   0.02124

  611.0   0.02130

  612.0   0.02131

  613.0   0.02133

  614.0   0.02140

  615.0   0.02147

  616.0   0.02154

  617.0   0.02154

  618.0   0.02156

  619.0   0.02157

  620.0   0.02161

  621.0   0.02161

  622.0   0.02166

  623.0   0.02167

  624.0   0.02165

  625.0   0.02168

  626.0   0.02166

  627.0   0.02169

  628.0   0.02171

  629.0   0.02165

  630.0   0.02167

  631.0   0.02167

  632.0   0.02171

  633.0   0.02172

  634.0   0.02173

  635.0   0.02173

  636.0   0.02174

  637.0   0.02173

  638.0   0.02167

  639.0   0.02164

  640.0   0.02161

  641.0   0.02159

  642.0   0.02152

  643.0   0.02157

  644.0   0.02156

  645.0   0.02153

  646.0   0.02160

  647.0   0.02162

  648.0   0.02168

  649.0   0.02174

  650.0   0.02178

  651.0   0.02184

  652.0   0.02185

  653.0   0.02187

  654.0   0.02186

  655.0   0.02185

  656.0   0.02182

  657.0   0.02182

  658.0   0.02191

  659.0   0.02195

  660.0   0.02193

  661.0   0.02194

  662.0   0.02197

  663.0   0.02202

  664.0   0.02201

  665.0   0.02202

  666.0   0.02203

  667.0   0.02207

  668.0   0.02202

  669.0   0.02203

  670.0   0.02198

  671.0   0.02199

  672.0   0.02201

  673.0   0.02197

  674.0   0.02192

  675.0   0.02184

  676.0   0.02186

  677.0   0.02180

  678.0   0.02178

  679.0   0.02179

  680.0   0.02185

  681.0   0.02189

  682.0   0.02192

  683.0   0.02203

  684.0   0.02207

  685.0   0.02211

  686.0   0.02209

  687.0   0.02207

  688.0   0.02197

  689.0   0.02197

  690.0   0.02194

  691.0   0.02194

  692.0   0.02198

  693.0   0.02200

  694.0   0.02206

  695.0   0.02209

  696.0   0.02216

  697.0   0.02218

  698.0   0.02214

  699.0   0.02219

  700.0   0.02211

  701.0   0.02213

  702.0   0.02213

  703.0   0.02218

  704.0   0.02219

  705.0   0.02215

  706.0   0.02214

  707.0   0.02216

  708.0   0.02217

  709.0   0.02219

  710.0   0.02216

  711.0   0.02220

  712.0   0.02224

  713.0   0.02224

  714.0   0.02225

  715.0   0.02223

  716.0   0.02221

  717.0   0.02222

  718.0   0.02225

  719.0   0.02224

  720.0   0.02225

  721.0   0.02223

  722.0   0.02223

  723.0   0.02219

  724.0   0.02219

  725.0   0.02225

  726.0   0.02228

  727.0   0.02220

  728.0   0.02217

  729.0   0.02221

  730.0   0.02220

  731.0   0.02217

  732.0   0.02218

  733.0   0.02215

  734.0   0.02221

  735.0   0.02221

  736.0   0.02263

  737.0   0.02261

  738.0   0.02260

  739.0   0.02254

  740.0   0.02257

  741.0   0.02247

  742.0   0.02248

  743.0   0.02256

  744.0   0.02261

  745.0   0.02261

  746.0   0.02248

  747.0   0.02260

  748.0   0.02264

  749.0   0.02255

  750.0   0.02255

  751.0   0.02265

  752.0   0.02265

  753.0   0.02271

  754.0   0.02275

  755.0   0.02268

  756.0   0.02250

  757.0   0.02246

  758.0   0.02252

  759.0   0.02251

  760.0   0.02244

  761.0   0.02248

  762.0   0.02239

  763.0   0.02236

  764.0   0.02229

  765.0   0.02223

  766.0   0.02220

  767.0   0.02217

  768.0   0.02220

  769.0   0.02215

  770.0   0.02212

  771.0   0.02207

  772.0   0.02202

  773.0   0.02206

  774.0   0.02204

  775.0   0.02210

  776.0   0.02211

  777.0   0.02206

  778.0   0.02207

  779.0   0.02191

  780.0   0.02189

  781.0   0.02185

  782.0   0.02180

  783.0   0.02178

  784.0   0.02173

  785.0   0.02175

  786.0   0.02170

  787.0   0.02175

  788.0   0.02177

  789.0   0.02173

  790.0   0.02166

  791.0   0.02167

  792.0   0.02160

  793.0   0.02161

  794.0   0.02154

  795.0   0.02147

  796.0   0.02148

  797.0   0.02143

  798.0   0.02143

  799.0   0.02130

  800.0   0.02126

 
