ser ID: DU600

Method ID: A:\DEFAULT

Date: 07/31/00

Time: 03:15

 200.0   3.01494

  201.0   2.48678

  202.0   2.43008

  203.0   3.17260

  204.0   3.23147

  205.0   2.81090

  206.0   2.56229

  207.0   2.55302

  208.0   2.20321

  209.0   2.11780

  210.0   1.98834

  211.0   1.98688

  212.0   1.94396

  213.0   1.90319

  214.0   1.84632

  215.0   1.78892

  216.0   1.74199

  217.0   1.73485

  218.0   1.71009

  219.0   1.66976

  220.0   1.64477

  221.0   1.61555

  222.0   1.59428

  223.0   1.56688

  224.0   1.55843

  225.0   1.54839

  226.0   1.53384

  227.0   1.52349

  228.0   1.50133

  229.0   1.48116

  230.0   1.47685

  231.0   1.46586

  232.0   1.46721

  233.0   1.45255

  234.0   1.44152

  235.0   1.41349

  236.0   1.38610

  237.0   1.36173

  238.0   1.33050

  239.0   1.27895

  240.0   1.22434

  241.0   1.16601

  242.0   1.10232

  243.0   1.03639

  244.0   0.97999

  245.0   0.93267

  246.0   0.88996

  247.0   0.84540

  248.0   0.80735

  249.0   0.77239

  250.0   0.74021

  251.0   0.71042

  252.0   0.68461

  253.0   0.65959

  254.0   0.63599

  255.0   0.61126

  256.0   0.58896

  257.0   0.56912

  258.0   0.54956

  259.0   0.52886

  260.0   0.51019

  261.0   0.49105

  262.0   0.47277

  263.0   0.45525

  264.0   0.44040

  265.0   0.42743

  266.0   0.41416

  267.0   0.40357

  268.0   0.39339

  269.0   0.38237

  270.0   0.37142

  271.0   0.36149

  272.0   0.35383

  273.0   0.34400

  274.0   0.33377

  275.0   0.32385

  276.0   0.31309

  277.0   0.30188

  278.0   0.28958

  279.0   0.27914

  280.0   0.26821

  281.0   0.25650

  282.0   0.24610

  283.0   0.23396

  284.0   0.22283

  285.0   0.21141

  286.0   0.20085

  287.0   0.19108

  288.0   0.18036

  289.0   0.17155

  290.0   0.16326

  291.0   0.15587

  292.0   0.14782

  293.0   0.14131

  294.0   0.13598

  295.0   0.12954

  296.0   0.12387

  297.0   0.11886

  298.0   0.11271

  299.0   0.10798

  300.0   0.10412

  301.0   0.10033

  302.0   0.09660

  303.0   0.09381

  304.0   0.09022

  305.0   0.08705

  306.0   0.08399

  307.0   0.08190

  308.0   0.08108

  309.0   0.07885

  310.0   0.07737

  311.0   0.07435

  312.0   0.07248

  313.0   0.07178

  314.0   0.07071

  315.0   0.06997

  316.0   0.06960

  317.0   0.06928

  318.0   0.06908

  319.0   0.06910

  320.0   0.06886

  321.0   0.06943

  322.0   0.07253

  323.0   0.07279

  324.0   0.07404

  325.0   0.07509

  326.0   0.07535

  327.0   0.07690

  328.0   0.07918

  329.0   0.08167

  330.0   0.08506

  331.0   0.08623

  332.0   0.08881

  333.0   0.09060

  334.0   0.09399

  335.0   0.09753

  336.0   0.09963

  337.0   0.10164

  338.0   0.10526

  339.0   0.10624

  340.0   0.10878

  341.0   0.11236

  342.0   0.11578

  343.0   0.11745

  344.0   0.12052

  345.0   0.12392

  346.0   0.12533

  347.0   0.12775

  348.0   0.12916

  349.0   0.13104

  350.0   0.13255

  351.0   0.13331

  352.0   0.13510

  353.0   0.13554

  354.0   0.13590

  355.0   0.13656

  356.0   0.13604

  357.0   0.13708

  358.0   0.13591

  359.0   0.13515

  360.0   0.13503

  361.0   0.13381

  362.0   0.13174

  363.0   0.13034

  364.0   0.12778

  365.0   0.12536

  366.0   0.12363

  367.0   0.12159

  368.0   0.11970

  369.0   0.11728

  370.0   0.11453

  371.0   0.11217

  372.0   0.10951

  373.0   0.10705

  374.0   0.10525

  375.0   0.10298

  376.0   0.10021

  377.0   0.09798

  378.0   0.09571

  379.0   0.09336

  380.0   0.09149

  381.0   0.08919

  382.0   0.08712

  383.0   0.08578

  384.0   0.08378

  385.0   0.08209

  386.0   0.08003

  387.0   0.07808

  388.0   0.07659

  389.0   0.07504

  390.0   0.07376

  391.0   0.07245

  392.0   0.07094

  393.0   0.06955

  394.0   0.06819

  395.0   0.06669

  396.0   0.06569

  397.0   0.06477

  398.0   0.06375

  399.0   0.06278

  400.0   0.06177

  401.0   0.06054

  402.0   0.05944

  403.0   0.05857

  404.0   0.05755

  405.0   0.05697

  406.0   0.05637

  407.0   0.05534

  408.0   0.05444

  409.0   0.05356

  410.0   0.05269

  411.0   0.05183

  412.0   0.05090

  413.0   0.05044

  414.0   0.04966

  415.0   0.04907

  416.0   0.04713

  417.0   0.04625

  418.0   0.04531

  419.0   0.04434

  420.0   0.04330

  421.0   0.04285

  422.0   0.04184

  423.0   0.04120

  424.0   0.04026

  425.0   0.03945

  426.0   0.03863

  427.0   0.03778

  428.0   0.03697

  429.0   0.03617

  430.0   0.03547

  431.0   0.03483

  432.0   0.03410

  433.0   0.03331

  434.0   0.03272

  435.0   0.03209

  436.0   0.03148

  437.0   0.03114

  438.0   0.03056

  439.0   0.03003

  440.0   0.02952

  441.0   0.02906

  442.0   0.02867

  443.0   0.02822

  444.0   0.02779

  445.0   0.02740

  446.0   0.02703

  447.0   0.02678

  448.0   0.02640

  449.0   0.02602

  450.0   0.02577

  451.0   0.02551

  452.0   0.02531

  453.0   0.02527

  454.0   0.02494

  455.0   0.02453

  456.0   0.02428

  457.0   0.02393

  458.0   0.02377

  459.0   0.02355

  460.0   0.02342

  461.0   0.02329

  462.0   0.02307

  463.0   0.02283

  464.0   0.02252

  465.0   0.02245

  466.0   0.02218

  467.0   0.02201

  468.0   0.02185

  469.0   0.02175

  470.0   0.02180

  471.0   0.02173

  472.0   0.02161

  473.0   0.02135

  474.0   0.02122

  475.0   0.02121

  476.0   0.02111

  477.0   0.02111

  478.0   0.02113

  479.0   0.02105

  480.0   0.02102

  481.0   0.02095

  482.0   0.02091

  483.0   0.02087

  484.0   0.02073

  485.0   0.02058

  486.0   0.02058

  487.0   0.02079

  488.0   0.02070

  489.0   0.02064

  490.0   0.02062

  491.0   0.02052

  492.0   0.02044

  493.0   0.02040

  494.0   0.02046

  495.0   0.02042

  496.0   0.02040

  497.0   0.02034

  498.0   0.02033

  499.0   0.02029

  500.0   0.02027

  501.0   0.02028

  502.0   0.02025

  503.0   0.02023

  504.0   0.02019

  505.0   0.02022

  506.0   0.02019

  507.0   0.02016

  508.0   0.02018

  509.0   0.02012

  510.0   0.02007

  511.0   0.02010

  512.0   0.02010

  513.0   0.02007

  514.0   0.02004

  515.0   0.01997

  516.0   0.01986

  517.0   0.01986

  518.0   0.01985

  519.0   0.01990

  520.0   0.01990

  521.0   0.01988

  522.0   0.01992

  523.0   0.01990

  524.0   0.01982

  525.0   0.01978

  526.0   0.01979

  527.0   0.01981

  528.0   0.01978

  529.0   0.01973

  530.0   0.01970

  531.0   0.01965

  532.0   0.01959

  533.0   0.01957

  534.0   0.01951

  535.0   0.01956

  536.0   0.01954

  537.0   0.01955

  538.0   0.01950

  539.0   0.01946

  540.0   0.01941

  541.0   0.01938

  542.0   0.01935

  543.0   0.01932

  544.0   0.01933

  545.0   0.01929

  546.0   0.01931

  547.0   0.01930

  548.0   0.01930

  549.0   0.01931

  550.0   0.01937

  551.0   0.01942

  552.0   0.01944

  553.0   0.01953

  554.0   0.01962

  555.0   0.01969

  556.0   0.01968

  557.0   0.02010

  558.0   0.02012

  559.0   0.02021

  560.0   0.02023

  561.0   0.02026

  562.0   0.02027

  563.0   0.02027

  564.0   0.02028

  565.0   0.02024

  566.0   0.02018

  567.0   0.02022

  568.0   0.02020

  569.0   0.02020

  570.0   0.02019

  571.0   0.02019

  572.0   0.02019

  573.0   0.02021

  574.0   0.02021

  575.0   0.02014

  576.0   0.02010

  577.0   0.02007

  578.0   0.02005

  579.0   0.02002

  580.0   0.02000

  581.0   0.02006

  582.0   0.02001

  583.0   0.02004

  584.0   0.02008

  585.0   0.02009

  586.0   0.02013

  587.0   0.02017

  588.0   0.02017

  589.0   0.02017

  590.0   0.02018

  591.0   0.02022

  592.0   0.02025

  593.0   0.02028

  594.0   0.02032

  595.0   0.02038

  596.0   0.02045

  597.0   0.02048

  598.0   0.02055

  599.0   0.02061

  600.0   0.02069

  601.0   0.02076

  602.0   0.02084

  603.0   0.02092

  604.0   0.02094

  605.0   0.02106

  606.0   0.02107

  607.0   0.02115

  608.0   0.02121

  609.0   0.02127

  610.0   0.02135

  611.0   0.02142

  612.0   0.02147

  613.0   0.02149

  614.0   0.02154

  615.0   0.02159

  616.0   0.02165

  617.0   0.02164

  618.0   0.02166

  619.0   0.02165

  620.0   0.02169

  621.0   0.02167

  622.0   0.02171

  623.0   0.02172

  624.0   0.02175

  625.0   0.02177

  626.0   0.02177

  627.0   0.02170

  628.0   0.02176

  629.0   0.02168

  630.0   0.02172

  631.0   0.02172

  632.0   0.02174

  633.0   0.02174

  634.0   0.02173

  635.0   0.02177

  636.0   0.02179

  637.0   0.02178

  638.0   0.02177

  639.0   0.02176

  640.0   0.02175

  641.0   0.02173

  642.0   0.02169

  643.0   0.02173

  644.0   0.02175

  645.0   0.02168

  646.0   0.02172

  647.0   0.02174

  648.0   0.02178

  649.0   0.02179

  650.0   0.02184

  651.0   0.02191

  652.0   0.02194

  653.0   0.02197

  654.0   0.02200

  655.0   0.02196

  656.0   0.02198

  657.0   0.02195

  658.0   0.02201

  659.0   0.02206

  660.0   0.02205

  661.0   0.02210

  662.0   0.02213

  663.0   0.02213

  664.0   0.02213

  665.0   0.02215

  666.0   0.02212

  667.0   0.02214

  668.0   0.02214

  669.0   0.02217

  670.0   0.02222

  671.0   0.02224

  672.0   0.02223

  673.0   0.02224

  674.0   0.02223

  675.0   0.02223

  676.0   0.02222

  677.0   0.02214

  678.0   0.02216

  679.0   0.02215

  680.0   0.02214

  681.0   0.02216

  682.0   0.02212

  683.0   0.02216

  684.0   0.02214

  685.0   0.02215

  686.0   0.02211

  687.0   0.02212

  688.0   0.02212

  689.0   0.02210

  690.0   0.02209

  691.0   0.02205

  692.0   0.02206

  693.0   0.02202

  694.0   0.02199

  695.0   0.02194

  696.0   0.02195

  697.0   0.02201

  698.0   0.02208

  699.0   0.02211

  700.0   0.02211

  701.0   0.02215

  702.0   0.02217

  703.0   0.02220

  704.0   0.02217

  705.0   0.02213

  706.0   0.02210

  707.0   0.02212

  708.0   0.02220

  709.0   0.02225

  710.0   0.02225

  711.0   0.02226

  712.0   0.02224

  713.0   0.02224

  714.0   0.02227

  715.0   0.02225

  716.0   0.02226

  717.0   0.02231

  718.0   0.02231

  719.0   0.02228

  720.0   0.02234

  721.0   0.02229

  722.0   0.02234

  723.0   0.02232

  724.0   0.02235

  725.0   0.02232

  726.0   0.02233

  727.0   0.02232

  728.0   0.02231

  729.0   0.02233

  730.0   0.02229

  731.0   0.02229

  732.0   0.02228

  733.0   0.02229

  734.0   0.02228

  735.0   0.02228

  736.0   0.02280

  737.0   0.02281

  738.0   0.02280

  739.0   0.02271

  740.0   0.02277

  741.0   0.02269

  742.0   0.02268

  743.0   0.02270

  744.0   0.02270

  745.0   0.02275

  746.0   0.02268

  747.0   0.02271

  748.0   0.02273

  749.0   0.02272

  750.0   0.02274

  751.0   0.02279

  752.0   0.02282

  753.0   0.02280

  754.0   0.02275

  755.0   0.02270

  756.0   0.02258

  757.0   0.02260

  758.0   0.02266

  759.0   0.02262

  760.0   0.02258

  761.0   0.02257

  762.0   0.02251

  763.0   0.02242

  764.0   0.02235

  765.0   0.02235

  766.0   0.02237

  767.0   0.02243

  768.0   0.02240

  769.0   0.02240

  770.0   0.02238

  771.0   0.02233

  772.0   0.02225

  773.0   0.02223

  774.0   0.02224

  775.0   0.02221

  776.0   0.02219

  777.0   0.02209

  778.0   0.02210

  779.0   0.02208

  780.0   0.02212

  781.0   0.02202

  782.0   0.02200

  783.0   0.02195

  784.0   0.02188

  785.0   0.02184

  786.0   0.02182

  787.0   0.02190

  788.0   0.02198

  789.0   0.02191

  790.0   0.02187

  791.0   0.02185

  792.0   0.02178

  793.0   0.02179

  794.0   0.02181

  795.0   0.02177

  796.0   0.02172

  797.0   0.02164

  798.0   0.02161

  799.0   0.02160

  800.0   0.02153

 
