ser ID: DU600

Method ID: A:\DEFAULT

Date: 07/31/00

Time: 03:16

 200.0   2.53782

  201.0   2.38987

  202.0   3.12905

  203.0   3.17260

  204.0   3.23147

  205.0   3.28803

  206.0   2.56229

  207.0   2.39811

  208.0   2.17973

  209.0   2.02438

  210.0   1.98834

  211.0   1.97616

  212.0   1.90849

  213.0   1.84421

  214.0   1.80853

  215.0   1.75713

  216.0   1.73265

  217.0   1.68865

  218.0   1.66796

  219.0   1.66625

  220.0   1.62281

  221.0   1.56863

  222.0   1.56575

  223.0   1.56203

  224.0   1.59474

  225.0   1.59001

  226.0   1.57731

  227.0   1.57562

  228.0   1.50315

  229.0   1.47612

  230.0   1.47200

  231.0   1.46431

  232.0   1.46115

  233.0   1.45111

  234.0   1.43464

  235.0   1.40965

  236.0   1.38971

  237.0   1.36285

  238.0   1.32534

  239.0   1.27711

  240.0   1.22111

  241.0   1.16530

  242.0   1.10294

  243.0   1.03427

  244.0   0.97858

  245.0   0.93267

  246.0   0.88726

  247.0   0.84364

  248.0   0.80768

  249.0   0.77118

  250.0   0.73935

  251.0   0.70881

  252.0   0.68410

  253.0   0.65984

  254.0   0.63575

  255.0   0.61148

  256.0   0.58983

  257.0   0.56765

  258.0   0.54895

  259.0   0.52749

  260.0   0.50904

  261.0   0.49142

  262.0   0.47313

  263.0   0.45631

  264.0   0.44040

  265.0   0.42658

  266.0   0.41366

  267.0   0.40406

  268.0   0.39355

  269.0   0.38611

  270.0   0.37270

  271.0   0.36228

  272.0   0.35211

  273.0   0.34400

  274.0   0.33377

  275.0   0.32310

  276.0   0.31324

  277.0   0.30060

  278.0   0.28819

  279.0   0.27792

  280.0   0.26703

  281.0   0.25534

  282.0   0.24485

  283.0   0.23371

  284.0   0.22331

  285.0   0.21270

  286.0   0.20073

  287.0   0.19074

  288.0   0.17982

  289.0   0.17112

  290.0   0.16347

  291.0   0.15557

  292.0   0.14752

  293.0   0.14111

  294.0   0.13598

  295.0   0.12963

  296.0   0.12368

  297.0   0.11896

  298.0   0.11345

  299.0   0.10826

  300.0   0.10384

  301.0   0.10033

  302.0   0.09706

  303.0   0.09372

  304.0   0.09132

  305.0   0.08806

  306.0   0.08427

  307.0   0.08199

  308.0   0.08062

  309.0   0.07857

  310.0   0.07690

  311.0   0.07463

  312.0   0.07374

  313.0   0.07188

  314.0   0.07052

  315.0   0.07017

  316.0   0.06980

  317.0   0.06970

  318.0   0.06971

  319.0   0.06910

  320.0   0.06918

  321.0   0.06965

  322.0   0.07186

  323.0   0.07267

  324.0   0.07381

  325.0   0.07555

  326.0   0.07638

  327.0   0.07887

  328.0   0.08023

  329.0   0.08202

  330.0   0.08447

  331.0   0.08611

  332.0   0.08893

  333.0   0.09072

  334.0   0.09351

  335.0   0.09705

  336.0   0.09892

  337.0   0.10104

  338.0   0.10431

  339.0   0.10529

  340.0   0.10913

  341.0   0.11188

  342.0   0.11590

  343.0   0.11768

  344.0   0.12064

  345.0   0.12284

  346.0   0.12449

  347.0   0.12715

  348.0   0.12904

  349.0   0.13128

  350.0   0.13231

  351.0   0.13379

  352.0   0.13412

  353.0   0.13481

  354.0   0.13542

  355.0   0.13594

  356.0   0.13592

  357.0   0.13593

  358.0   0.13566

  359.0   0.13527

  360.0   0.13491

  361.0   0.13357

  362.0   0.13140

  363.0   0.12967

  364.0   0.12680

  365.0   0.12546

  366.0   0.12373

  367.0   0.12140

  368.0   0.11980

  369.0   0.11728

  370.0   0.11417

  371.0   0.11120

  372.0   0.10934

  373.0   0.10655

  374.0   0.10525

  375.0   0.10259

  376.0   0.10029

  377.0   0.09741

  378.0   0.09482

  379.0   0.09310

  380.0   0.09162

  381.0   0.08956

  382.0   0.08736

  383.0   0.08584

  384.0   0.08384

  385.0   0.08160

  386.0   0.07971

  387.0   0.07813

  388.0   0.07664

  389.0   0.07484

  390.0   0.07376

  391.0   0.07240

  392.0   0.07094

  393.0   0.06937

  394.0   0.06797

  395.0   0.06698

  396.0   0.06598

  397.0   0.06481

  398.0   0.06396

  399.0   0.06278

  400.0   0.06134

  401.0   0.06038

  402.0   0.05948

  403.0   0.05876

  404.0   0.05774

  405.0   0.05693

  406.0   0.05627

  407.0   0.05513

  408.0   0.05434

  409.0   0.05334

  410.0   0.05282

  411.0   0.05177

  412.0   0.05102

  413.0   0.05041

  414.0   0.04938

  415.0   0.04879

  416.0   0.04713

  417.0   0.04616

  418.0   0.04522

  419.0   0.04434

  420.0   0.04339

  421.0   0.04277

  422.0   0.04200

  423.0   0.04120

  424.0   0.04010

  425.0   0.03922

  426.0   0.03863

  427.0   0.03785

  428.0   0.03711

  429.0   0.03624

  430.0   0.03547

  431.0   0.03476

  432.0   0.03385

  433.0   0.03325

  434.0   0.03266

  435.0   0.03209

  436.0   0.03148

  437.0   0.03114

  438.0   0.03056

  439.0   0.03003

  440.0   0.02952

  441.0   0.02906

  442.0   0.02862

  443.0   0.02822

  444.0   0.02784

  445.0   0.02740

  446.0   0.02708

  447.0   0.02678

  448.0   0.02640

  449.0   0.02597

  450.0   0.02577

  451.0   0.02547

  452.0   0.02523

  453.0   0.02514

  454.0   0.02490

  455.0   0.02449

  456.0   0.02424

  457.0   0.02388

  458.0   0.02373

  459.0   0.02351

  460.0   0.02342

  461.0   0.02317

  462.0   0.02303

  463.0   0.02275

  464.0   0.02256

  465.0   0.02261

  466.0   0.02230

  467.0   0.02208

  468.0   0.02188

  469.0   0.02175

  470.0   0.02183

  471.0   0.02170

  472.0   0.02161

  473.0   0.02145

  474.0   0.02134

  475.0   0.02130

  476.0   0.02120

  477.0   0.02114

  478.0   0.02113

  479.0   0.02105

  480.0   0.02099

  481.0   0.02095

  482.0   0.02098

  483.0   0.02095

  484.0   0.02080

  485.0   0.02063

  486.0   0.02066

  487.0   0.02074

  488.0   0.02070

  489.0   0.02064

  490.0   0.02060

  491.0   0.02052

  492.0   0.02047

  493.0   0.02043

  494.0   0.02041

  495.0   0.02040

  496.0   0.02036

  497.0   0.02032

  498.0   0.02029

  499.0   0.02023

  500.0   0.02021

  501.0   0.02026

  502.0   0.02021

  503.0   0.02021

  504.0   0.02017

  505.0   0.02014

  506.0   0.02015

  507.0   0.02008

  508.0   0.02012

  509.0   0.02006

  510.0   0.02004

  511.0   0.02002

  512.0   0.01997

  513.0   0.01994

  514.0   0.01994

  515.0   0.01987

  516.0   0.01984

  517.0   0.01989

  518.0   0.01985

  519.0   0.01988

  520.0   0.01988

  521.0   0.01990

  522.0   0.01991

  523.0   0.01984

  524.0   0.01981

  525.0   0.01976

  526.0   0.01973

  527.0   0.01973

  528.0   0.01970

  529.0   0.01968

  530.0   0.01963

  531.0   0.01958

  532.0   0.01959

  533.0   0.01952

  534.0   0.01954

  535.0   0.01950

  536.0   0.01950

  537.0   0.01945

  538.0   0.01944

  539.0   0.01944

  540.0   0.01937

  541.0   0.01932

  542.0   0.01929

  543.0   0.01926

  544.0   0.01925

  545.0   0.01922

  546.0   0.01923

  547.0   0.01926

  548.0   0.01922

  549.0   0.01921

  550.0   0.01928

  551.0   0.01936

  552.0   0.01938

  553.0   0.01945

  554.0   0.01956

  555.0   0.01969

  556.0   0.01970

  557.0   0.01999

  558.0   0.02003

  559.0   0.02004

  560.0   0.02009

  561.0   0.02010

  562.0   0.02015

  563.0   0.02013

  564.0   0.02012

  565.0   0.02010

  566.0   0.02005

  567.0   0.02007

  568.0   0.02007

  569.0   0.02009

  570.0   0.02009

  571.0   0.02011

  572.0   0.02011

  573.0   0.02016

  574.0   0.02015

  575.0   0.02008

  576.0   0.02001

  577.0   0.01997

  578.0   0.01995

  579.0   0.01998

  580.0   0.01996

  581.0   0.02002

  582.0   0.02001

  583.0   0.02002

  584.0   0.02006

  585.0   0.02007

  586.0   0.02009

  587.0   0.02013

  588.0   0.02015

  589.0   0.02017

  590.0   0.02022

  591.0   0.02028

  592.0   0.02034

  593.0   0.02032

  594.0   0.02034

  595.0   0.02040

  596.0   0.02045

  597.0   0.02046

  598.0   0.02050

  599.0   0.02056

  600.0   0.02064

  601.0   0.02073

  602.0   0.02079

  603.0   0.02081

  604.0   0.02085

  605.0   0.02093

  606.0   0.02102

  607.0   0.02112

  608.0   0.02116

  609.0   0.02125

  610.0   0.02131

  611.0   0.02137

  612.0   0.02138

  613.0   0.02142

  614.0   0.02143

  615.0   0.02147

  616.0   0.02154

  617.0   0.02156

  618.0   0.02158

  619.0   0.02160

  620.0   0.02164

  621.0   0.02167

  622.0   0.02169

  623.0   0.02172

  624.0   0.02174

  625.0   0.02171

  626.0   0.02168

  627.0   0.02170

  628.0   0.02174

  629.0   0.02168

  630.0   0.02176

  631.0   0.02174

  632.0   0.02178

  633.0   0.02177

  634.0   0.02178

  635.0   0.02175

  636.0   0.02172

  637.0   0.02168

  638.0   0.02163

  639.0   0.02159

  640.0   0.02160

  641.0   0.02161

  642.0   0.02157

  643.0   0.02161

  644.0   0.02158

  645.0   0.02158

  646.0   0.02160

  647.0   0.02162

  648.0   0.02164

  649.0   0.02170

  650.0   0.02176

  651.0   0.02172

  652.0   0.02166

  653.0   0.02172

  654.0   0.02176

  655.0   0.02178

  656.0   0.02177

  657.0   0.02178

  658.0   0.02184

  659.0   0.02187

  660.0   0.02184

  661.0   0.02187

  662.0   0.02194

  663.0   0.02200

  664.0   0.02197

  665.0   0.02196

  666.0   0.02198

  667.0   0.02200

  668.0   0.02198

  669.0   0.02203

  670.0   0.02205

  671.0   0.02204

  672.0   0.02206

  673.0   0.02204

  674.0   0.02205

  675.0   0.02200

  676.0   0.02202

  677.0   0.02193

  678.0   0.02194

  679.0   0.02193

  680.0   0.02196

  681.0   0.02201

  682.0   0.02199

  683.0   0.02201

  684.0   0.02200

  685.0   0.02206

  686.0   0.02203

  687.0   0.02199

  688.0   0.02197

  689.0   0.02197

  690.0   0.02196

  691.0   0.02200

  692.0   0.02202

  693.0   0.02205

  694.0   0.02202

  695.0   0.02205

  696.0   0.02203

  697.0   0.02206

  698.0   0.02202

  699.0   0.02202

  700.0   0.02198

  701.0   0.02199

  702.0   0.02204

  703.0   0.02208

  704.0   0.02203

  705.0   0.02203

  706.0   0.02204

  707.0   0.02208

  708.0   0.02209

  709.0   0.02215

  710.0   0.02212

  711.0   0.02218

  712.0   0.02222

  713.0   0.02224

  714.0   0.02223

  715.0   0.02223

  716.0   0.02228

  717.0   0.02229

  718.0   0.02229

  719.0   0.02228

  720.0   0.02225

  721.0   0.02223

  722.0   0.02220

  723.0   0.02221

  724.0   0.02221

  725.0   0.02213

  726.0   0.02221

  727.0   0.02216

  728.0   0.02215

  729.0   0.02216

  730.0   0.02210

  731.0   0.02210

  732.0   0.02211

  733.0   0.02207

  734.0   0.02211

  735.0   0.02216

  736.0   0.02257

  737.0   0.02255

  738.0   0.02249

  739.0   0.02243

  740.0   0.02240

  741.0   0.02238

  742.0   0.02242

  743.0   0.02247

  744.0   0.02250

  745.0   0.02253

  746.0   0.02251

  747.0   0.02257

  748.0   0.02253

  749.0   0.02246

  750.0   0.02246

  751.0   0.02248

  752.0   0.02254

  753.0   0.02254

  754.0   0.02252

  755.0   0.02251

  756.0   0.02236

  757.0   0.02241

  758.0   0.02243

  759.0   0.02245

  760.0   0.02244

  761.0   0.02240

  762.0   0.02237

  763.0   0.02225

  764.0   0.02221

  765.0   0.02220

  766.0   0.02220

  767.0   0.02226

  768.0   0.02223

  769.0   0.02215

  770.0   0.02224

  771.0   0.02221

  772.0   0.02211

  773.0   0.02208

  774.0   0.02206

  775.0   0.02201

  776.0   0.02202

  777.0   0.02194

  778.0   0.02192

  779.0   0.02185

  780.0   0.02186

  781.0   0.02187

  782.0   0.02191

  783.0   0.02195

  784.0   0.02194

  785.0   0.02195

  786.0   0.02188

  787.0   0.02184

  788.0   0.02183

  789.0   0.02167

  790.0   0.02154

  791.0   0.02150

  792.0   0.02142

  793.0   0.02150

  794.0   0.02151

  795.0   0.02156

  796.0   0.02157

  797.0   0.02155

  798.0   0.02149

  799.0   0.02139

  800.0   0.02141

 
