ser ID: DU600

Method ID: A:\DEFAULT

Date: 07/31/00

Time: 03:17

 200.0   2.16984

  201.0   3.08884

  202.0   3.12905

  203.0   3.17260

  204.0   3.23147

  205.0   3.28803

  206.0   3.34044

  207.0   2.44387

  208.0   2.20321

  209.0   2.05334

  210.0   2.01248

  211.0   1.95548

  212.0   1.96284

  213.0   1.91116

  214.0   1.83979

  215.0   1.78892

  216.0   1.74674

  217.0   1.72607

  218.0   1.71009

  219.0   1.66976

  220.0   1.65453

  221.0   1.62737

  222.0   1.59697

  223.0   1.57675

  224.0   1.56310

  225.0   1.51858

  226.0   1.51761

  227.0   1.51570

  228.0   1.49591

  229.0   1.48455

  230.0   1.48506

  231.0   1.47211

  232.0   1.46568

  233.0   1.45255

  234.0   1.42252

  235.0   1.38852

  236.0   1.36623

  237.0   1.34956

  238.0   1.31619

  239.0   1.26984

  240.0   1.22191

  241.0   1.17828

  242.0   1.10603

  243.0   1.03321

  244.0   0.98708

  245.0   0.92636

  246.0   0.88152

  247.0   0.84717

  248.0   0.80703

  249.0   0.76696

  250.0   0.73313

  251.0   0.70988

  252.0   0.68928

  253.0   0.66305

  254.0   0.63411

  255.0   0.61307

  256.0   0.59027

  257.0   0.56975

  258.0   0.55242

  259.0   0.52788

  260.0   0.50923

  261.0   0.49142

  262.0   0.47115

  263.0   0.45490

  264.0   0.44022

  265.0   0.42845

  266.0   0.41668

  267.0   0.40439

  268.0   0.39388

  269.0   0.38237

  270.0   0.37126

  271.0   0.36070

  272.0   0.35305

  273.0   0.34447

  274.0   0.33423

  275.0   0.32370

  276.0   0.31309

  277.0   0.30117

  278.0   0.28861

  279.0   0.27752

  280.0   0.26755

  281.0   0.25547

  282.0   0.24472

  283.0   0.23335

  284.0   0.22223

  285.0   0.21094

  286.0   0.20016

  287.0   0.19018

  288.0   0.17982

  289.0   0.17155

  290.0   0.16378

  291.0   0.15629

  292.0   0.14802

  293.0   0.14121

  294.0   0.13559

  295.0   0.12934

  296.0   0.12406

  297.0   0.11896

  298.0   0.11355

  299.0   0.10863

  300.0   0.10402

  301.0   0.10088

  302.0   0.09761

  303.0   0.09427

  304.0   0.09177

  305.0   0.08888

  306.0   0.08491

  307.0   0.08264

  308.0   0.08099

  309.0   0.07913

  310.0   0.07765

  311.0   0.07568

  312.0   0.07374

  313.0   0.07266

  314.0   0.07131

  315.0   0.07067

  316.0   0.07031

  317.0   0.07021

  318.0   0.07034

  319.0   0.06996

  320.0   0.07026

  321.0   0.07019

  322.0   0.07186

  323.0   0.07199

  324.0   0.07336

  325.0   0.07567

  326.0   0.07823

  327.0   0.07969

  328.0   0.08081

  329.0   0.08226

  330.0   0.08482

  331.0   0.08658

  332.0   0.08940

  333.0   0.09107

  334.0   0.09399

  335.0   0.09753

  336.0   0.09904

  337.0   0.10092

  338.0   0.10372

  339.0   0.10589

  340.0   0.10901

  341.0   0.11236

  342.0   0.11590

  343.0   0.11673

  344.0   0.11909

  345.0   0.12117

  346.0   0.12341

  347.0   0.12715

  348.0   0.12904

  349.0   0.13080

  350.0   0.13146

  351.0   0.13125

  352.0   0.13364

  353.0   0.13506

  354.0   0.13529

  355.0   0.13692

  356.0   0.13691

  357.0   0.13529

  358.0   0.13441

  359.0   0.13539

  360.0   0.13432

  361.0   0.13311

  362.0   0.13026

  363.0   0.12823

  364.0   0.12572

  365.0   0.12399

  366.0   0.12281

  367.0   0.12100

  368.0   0.11912

  369.0   0.11653

  370.0   0.11426

  371.0   0.11111

  372.0   0.10934

  373.0   0.10655

  374.0   0.10454

  375.0   0.10190

  376.0   0.09911

  377.0   0.09755

  378.0   0.09475

  379.0   0.09283

  380.0   0.09130

  381.0   0.08901

  382.0   0.08724

  383.0   0.08555

  384.0   0.08350

  385.0   0.08193

  386.0   0.07971

  387.0   0.07793

  388.0   0.07619

  389.0   0.07465

  390.0   0.07362

  391.0   0.07236

  392.0   0.07085

  393.0   0.06942

  394.0   0.06776

  395.0   0.06656

  396.0   0.06569

  397.0   0.06453

  398.0   0.06363

  399.0   0.06262

  400.0   0.06162

  401.0   0.06050

  402.0   0.05944

  403.0   0.05854

  404.0   0.05770

  405.0   0.05689

  406.0   0.05631

  407.0   0.05540

  408.0   0.05460

  409.0   0.05344

  410.0   0.05266

  411.0   0.05180

  412.0   0.05087

  413.0   0.05018

  414.0   0.04949

  415.0   0.04910

  416.0   0.04694

  417.0   0.04607

  418.0   0.04513

  419.0   0.04443

  420.0   0.04339

  421.0   0.04277

  422.0   0.04192

  423.0   0.04104

  424.0   0.04010

  425.0   0.03937

  426.0   0.03863

  427.0   0.03792

  428.0   0.03718

  429.0   0.03624

  430.0   0.03547

  431.0   0.03483

  432.0   0.03410

  433.0   0.03325

  434.0   0.03266

  435.0   0.03215

  436.0   0.03159

  437.0   0.03119

  438.0   0.03062

  439.0   0.02998

  440.0   0.02947

  441.0   0.02906

  442.0   0.02862

  443.0   0.02822

  444.0   0.02779

  445.0   0.02726

  446.0   0.02694

  447.0   0.02673

  448.0   0.02645

  449.0   0.02597

  450.0   0.02586

  451.0   0.02556

  452.0   0.02536

  453.0   0.02536

  454.0   0.02481

  455.0   0.02449

  456.0   0.02424

  457.0   0.02401

  458.0   0.02390

  459.0   0.02363

  460.0   0.02358

  461.0   0.02329

  462.0   0.02315

  463.0   0.02283

  464.0   0.02264

  465.0   0.02257

  466.0   0.02234

  467.0   0.02216

  468.0   0.02199

  469.0   0.02186

  470.0   0.02183

  471.0   0.02173

  472.0   0.02155

  473.0   0.02135

  474.0   0.02128

  475.0   0.02127

  476.0   0.02120

  477.0   0.02120

  478.0   0.02116

  479.0   0.02099

  480.0   0.02096

  481.0   0.02090

  482.0   0.02098

  483.0   0.02102

  484.0   0.02088

  485.0   0.02068

  486.0   0.02061

  487.0   0.02081

  488.0   0.02067

  489.0   0.02064

  490.0   0.02060

  491.0   0.02050

  492.0   0.02049

  493.0   0.02045

  494.0   0.02050

  495.0   0.02047

  496.0   0.02045

  497.0   0.02039

  498.0   0.02038

  499.0   0.02029

  500.0   0.02027

  501.0   0.02030

  502.0   0.02025

  503.0   0.02025

  504.0   0.02021

  505.0   0.02020

  506.0   0.02019

  507.0   0.02014

  508.0   0.02014

  509.0   0.02010

  510.0   0.02004

  511.0   0.02001

  512.0   0.01999

  513.0   0.01996

  514.0   0.01994

  515.0   0.01989

  516.0   0.01986

  517.0   0.01987

  518.0   0.01985

  519.0   0.01990

  520.0   0.01990

  521.0   0.01990

  522.0   0.01989

  523.0   0.01988

  524.0   0.01986

  525.0   0.01978

  526.0   0.01975

  527.0   0.01971

  528.0   0.01970

  529.0   0.01957

  530.0   0.01957

  531.0   0.01948

  532.0   0.01944

  533.0   0.01946

  534.0   0.01947

  535.0   0.01948

  536.0   0.01952

  537.0   0.01951

  538.0   0.01946

  539.0   0.01944

  540.0   0.01933

  541.0   0.01931

  542.0   0.01925

  543.0   0.01920

  544.0   0.01920

  545.0   0.01922

  546.0   0.01923

  547.0   0.01930

  548.0   0.01924

  549.0   0.01927

  550.0   0.01934

  551.0   0.01940

  552.0   0.01944

  553.0   0.01951

  554.0   0.01958

  555.0   0.01965

  556.0   0.01964

  557.0   0.02015

  558.0   0.02012

  559.0   0.02014

  560.0   0.02016

  561.0   0.02015

  562.0   0.02020

  563.0   0.02020

  564.0   0.02019

  565.0   0.02024

  566.0   0.02016

  567.0   0.02018

  568.0   0.02020

  569.0   0.02025

  570.0   0.02017

  571.0   0.02015

  572.0   0.02017

  573.0   0.02025

  574.0   0.02025

  575.0   0.02010

  576.0   0.02008

  577.0   0.02005

  578.0   0.02003

  579.0   0.02004

  580.0   0.02000

  581.0   0.02004

  582.0   0.01999

  583.0   0.01998

  584.0   0.02002

  585.0   0.02001

  586.0   0.02005

  587.0   0.02013

  588.0   0.02015

  589.0   0.02015

  590.0   0.02018

  591.0   0.02026

  592.0   0.02036

  593.0   0.02036

  594.0   0.02042

  595.0   0.02047

  596.0   0.02051

  597.0   0.02057

  598.0   0.02067

  599.0   0.02072

  600.0   0.02082

  601.0   0.02086

  602.0   0.02092

  603.0   0.02091

  604.0   0.02098

  605.0   0.02106

  606.0   0.02113

  607.0   0.02119

  608.0   0.02121

  609.0   0.02127

  610.0   0.02139

  611.0   0.02139

  612.0   0.02142

  613.0   0.02145

  614.0   0.02149

  615.0   0.02154

  616.0   0.02154

  617.0   0.02156

  618.0   0.02149

  619.0   0.02148

  620.0   0.02155

  621.0   0.02160

  622.0   0.02164

  623.0   0.02167

  624.0   0.02167

  625.0   0.02170

  626.0   0.02166

  627.0   0.02163

  628.0   0.02164

  629.0   0.02156

  630.0   0.02166

  631.0   0.02163

  632.0   0.02166

  633.0   0.02165

  634.0   0.02165

  635.0   0.02166

  636.0   0.02169

  637.0   0.02166

  638.0   0.02161

  639.0   0.02160

  640.0   0.02155

  641.0   0.02152

  642.0   0.02152

  643.0   0.02159

  644.0   0.02158

  645.0   0.02155

  646.0   0.02158

  647.0   0.02155

  648.0   0.02161

  649.0   0.02163

  650.0   0.02167

  651.0   0.02172

  652.0   0.02173

  653.0   0.02173

  654.0   0.02174

  655.0   0.02170

  656.0   0.02172

  657.0   0.02175

  658.0   0.02184

  659.0   0.02188

  660.0   0.02191

  661.0   0.02196

  662.0   0.02197

  663.0   0.02202

  664.0   0.02201

  665.0   0.02204

  666.0   0.02205

  667.0   0.02203

  668.0   0.02200

  669.0   0.02203

  670.0   0.02203

  671.0   0.02199

  672.0   0.02202

  673.0   0.02203

  674.0   0.02207

  675.0   0.02200

  676.0   0.02204

  677.0   0.02201

  678.0   0.02198

  679.0   0.02197

  680.0   0.02203

  681.0   0.02201

  682.0   0.02201

  683.0   0.02203

  684.0   0.02200

  685.0   0.02206

  686.0   0.02203

  687.0   0.02199

  688.0   0.02203

  689.0   0.02201

  690.0   0.02197

  691.0   0.02194

  692.0   0.02193

  693.0   0.02194

  694.0   0.02199

  695.0   0.02201

  696.0   0.02201

  697.0   0.02204

  698.0   0.02200

  699.0   0.02200

  700.0   0.02202

  701.0   0.02203

  702.0   0.02204

  703.0   0.02210

  704.0   0.02201

  705.0   0.02201

  706.0   0.02198

  707.0   0.02200

  708.0   0.02201

  709.0   0.02205

  710.0   0.02204

  711.0   0.02205

  712.0   0.02207

  713.0   0.02212

  714.0   0.02210

  715.0   0.02210

  716.0   0.02210

  717.0   0.02218

  718.0   0.02216

  719.0   0.02219

  720.0   0.02221

  721.0   0.02225

  722.0   0.02225

  723.0   0.02221

  724.0   0.02221

  725.0   0.02218

  726.0   0.02219

  727.0   0.02216

  728.0   0.02215

  729.0   0.02216

  730.0   0.02215

  731.0   0.02212

  732.0   0.02211

  733.0   0.02215

  734.0   0.02218

  735.0   0.02226

  736.0   0.02252

  737.0   0.02250

  738.0   0.02249

  739.0   0.02248

  740.0   0.02246

  741.0   0.02241

  742.0   0.02242

  743.0   0.02244

  744.0   0.02244

  745.0   0.02241

  746.0   0.02239

  747.0   0.02240

  748.0   0.02247

  749.0   0.02241

  750.0   0.02238

  751.0   0.02243

  752.0   0.02246

  753.0   0.02243

  754.0   0.02238

  755.0   0.02237

  756.0   0.02227

  757.0   0.02227

  758.0   0.02232

  759.0   0.02231

  760.0   0.02227

  761.0   0.02231

  762.0   0.02222

  763.0   0.02213

  764.0   0.02212

  765.0   0.02209

  766.0   0.02206

  767.0   0.02209

  768.0   0.02212

  769.0   0.02203

  770.0   0.02204

  771.0   0.02199

  772.0   0.02188

  773.0   0.02185

  774.0   0.02183

  775.0   0.02184

  776.0   0.02185

  777.0   0.02186

  778.0   0.02184

  779.0   0.02179

  780.0   0.02174

  781.0   0.02176

  782.0   0.02174

  783.0   0.02172

  784.0   0.02162

  785.0   0.02160

  786.0   0.02159

  787.0   0.02154

  788.0   0.02148

  789.0   0.02143

  790.0   0.02139

  791.0   0.02150

  792.0   0.02148

  793.0   0.02153

  794.0   0.02148

  795.0   0.02147

  796.0   0.02142

  797.0   0.02137

  798.0   0.02140

  799.0   0.02127

  800.0   0.02123

 
