ser ID: DU600

Method ID: A:\DEFAULT

Date: 07/31/00

Time: 03:19

 200.0   3.01494

  201.0   3.08884

  202.0   3.12905

  203.0   2.87157

  204.0   2.38637

  205.0   2.38494

  206.0   2.29905

  207.0   2.31893

  208.0   2.25437

  209.0   2.21471

  210.0   2.02506

  211.0   1.98688

  212.0   1.90849

  213.0   1.85822

  214.0   1.82701

  215.0   1.78346

  216.0   1.77636

  217.0   1.74835

  218.0   1.71413

  219.0   1.65586

  220.0   1.62281

  221.0   1.61555

  222.0   1.59161

  223.0   1.56203

  224.0   1.55843

  225.0   1.52480

  226.0   1.51761

  227.0   1.50052

  228.0   1.48879

  229.0   1.47947

  230.0   1.47200

  231.0   1.45817

  232.0   1.44204

  233.0   1.42999

  234.0   1.41987

  235.0   1.39958

  236.0   1.38610

  237.0   1.35174

  238.0   1.31619

  239.0   1.26894

  240.0   1.21312

  241.0   1.15269

  242.0   1.09560

  243.0   1.02953

  244.0   0.97532

  245.0   0.92930

  246.0   0.88534

  247.0   0.84049

  248.0   0.80313

  249.0   0.77088

  250.0   0.73935

  251.0   0.70935

  252.0   0.68230

  253.0   0.65836

  254.0   0.63317

  255.0   0.60946

  256.0   0.58896

  257.0   0.56933

  258.0   0.55058

  259.0   0.52926

  260.0   0.51057

  261.0   0.49235

  262.0   0.47403

  263.0   0.45613

  264.0   0.44230

  265.0   0.42913

  266.0   0.41567

  267.0   0.40606

  268.0   0.39355

  269.0   0.38334

  270.0   0.37110

  271.0   0.36070

  272.0   0.35368

  273.0   0.34431

  274.0   0.33301

  275.0   0.32325

  276.0   0.31092

  277.0   0.29961

  278.0   0.28805

  279.0   0.27738

  280.0   0.26623

  281.0   0.25445

  282.0   0.24322

  283.0   0.23139

  284.0   0.22056

  285.0   0.20896

  286.0   0.19845

  287.0   0.18974

  288.0   0.17884

  289.0   0.17155

  290.0   0.16430

  291.0   0.15608

  292.0   0.14802

  293.0   0.14121

  294.0   0.13686

  295.0   0.13041

  296.0   0.12453

  297.0   0.11924

  298.0   0.11693

  299.0   0.10946

  300.0   0.10412

  301.0   0.09987

  302.0   0.09724

  303.0   0.09436

  304.0   0.09196

  305.0   0.08861

  306.0   0.08537

  307.0   0.08291

  308.0   0.08191

  309.0   0.07932

  310.0   0.07793

  311.0   0.07654

  312.0   0.07538

  313.0   0.07345

  314.0   0.07200

  315.0   0.07137

  316.0   0.07113

  317.0   0.07166

  318.0   0.07108

  319.0   0.07092

  320.0   0.07156

  321.0   0.07183

  322.0   0.07242

  323.0   0.07267

  324.0   0.07495

  325.0   0.07682

  326.0   0.07893

  327.0   0.08085

  328.0   0.08245

  329.0   0.08367

  330.0   0.08506

  331.0   0.08670

  332.0   0.08952

  333.0   0.09131

  334.0   0.09482

  335.0   0.09729

  336.0   0.09857

  337.0   0.10021

  338.0   0.10301

  339.0   0.10601

  340.0   0.10937

  341.0   0.11248

  342.0   0.11578

  343.0   0.11697

  344.0   0.11813

  345.0   0.12105

  346.0   0.12281

  347.0   0.12560

  348.0   0.12736

  349.0   0.12948

  350.0   0.13074

  351.0   0.13113

  352.0   0.13291

  353.0   0.13299

  354.0   0.13407

  355.0   0.13471

  356.0   0.13494

  357.0   0.13351

  358.0   0.13341

  359.0   0.13320

  360.0   0.13276

  361.0   0.13275

  362.0   0.13208

  363.0   0.13101

  364.0   0.12735

  365.0   0.12441

  366.0   0.12261

  367.0   0.12001

  368.0   0.11835

  369.0   0.11512

  370.0   0.11226

  371.0   0.10997

  372.0   0.10798

  373.0   0.10589

  374.0   0.10414

  375.0   0.10206

  376.0   0.09889

  377.0   0.09627

  378.0   0.09400

  379.0   0.09230

  380.0   0.09046

  381.0   0.08857

  382.0   0.08628

  383.0   0.08485

  384.0   0.08272

  385.0   0.08079

  386.0   0.07903

  387.0   0.07803

  388.0   0.07629

  389.0   0.07470

  390.0   0.07352

  391.0   0.07217

  392.0   0.07058

  393.0   0.06933

  394.0   0.06758

  395.0   0.06643

  396.0   0.06556

  397.0   0.06461

  398.0   0.06367

  399.0   0.06270

  400.0   0.06134

  401.0   0.06007

  402.0   0.05944

  403.0   0.05872

  404.0   0.05777

  405.0   0.05689

  406.0   0.05634

  407.0   0.05537

  408.0   0.05437

  409.0   0.05347

  410.0   0.05269

  411.0   0.05198

  412.0   0.05081

  413.0   0.05015

  414.0   0.04938

  415.0   0.04896

  416.0   0.04694

  417.0   0.04607

  418.0   0.04504

  419.0   0.04416

  420.0   0.04339

  421.0   0.04285

  422.0   0.04184

  423.0   0.04104

  424.0   0.04010

  425.0   0.03930

  426.0   0.03848

  427.0   0.03785

  428.0   0.03711

  429.0   0.03603

  430.0   0.03533

  431.0   0.03457

  432.0   0.03379

  433.0   0.03319

  434.0   0.03266

  435.0   0.03203

  436.0   0.03136

  437.0   0.03097

  438.0   0.03034

  439.0   0.02976

  440.0   0.02926

  441.0   0.02890

  442.0   0.02852

  443.0   0.02812

  444.0   0.02769

  445.0   0.02726

  446.0   0.02698

  447.0   0.02664

  448.0   0.02626

  449.0   0.02588

  450.0   0.02568

  451.0   0.02543

  452.0   0.02514

  453.0   0.02518

  454.0   0.02490

  455.0   0.02444

  456.0   0.02424

  457.0   0.02388

  458.0   0.02369

  459.0   0.02342

  460.0   0.02338

  461.0   0.02321

  462.0   0.02303

  463.0   0.02279

  464.0   0.02256

  465.0   0.02257

  466.0   0.02222

  467.0   0.02208

  468.0   0.02188

  469.0   0.02172

  470.0   0.02176

  471.0   0.02163

  472.0   0.02155

  473.0   0.02141

  474.0   0.02131

  475.0   0.02127

  476.0   0.02114

  477.0   0.02114

  478.0   0.02119

  479.0   0.02105

  480.0   0.02099

  481.0   0.02100

  482.0   0.02098

  483.0   0.02092

  484.0   0.02078

  485.0   0.02058

  486.0   0.02058

  487.0   0.02074

  488.0   0.02067

  489.0   0.02060

  490.0   0.02055

  491.0   0.02054

  492.0   0.02051

  493.0   0.02043

  494.0   0.02048

  495.0   0.02047

  496.0   0.02045

  497.0   0.02041

  498.0   0.02033

  499.0   0.02029

  500.0   0.02025

  501.0   0.02030

  502.0   0.02021

  503.0   0.02023

  504.0   0.02023

  505.0   0.02024

  506.0   0.02019

  507.0   0.02010

  508.0   0.02008

  509.0   0.01998

  510.0   0.01994

  511.0   0.01993

  512.0   0.01997

  513.0   0.01992

  514.0   0.01993

  515.0   0.01985

  516.0   0.01977

  517.0   0.01974

  518.0   0.01978

  519.0   0.01982

  520.0   0.01983

  521.0   0.01987

  522.0   0.01989

  523.0   0.01988

  524.0   0.01981

  525.0   0.01976

  526.0   0.01973

  527.0   0.01973

  528.0   0.01968

  529.0   0.01961

  530.0   0.01959

  531.0   0.01956

  532.0   0.01954

  533.0   0.01946

  534.0   0.01941

  535.0   0.01945

  536.0   0.01950

  537.0   0.01951

  538.0   0.01946

  539.0   0.01942

  540.0   0.01937

  541.0   0.01936

  542.0   0.01929

  543.0   0.01924

  544.0   0.01925

  545.0   0.01922

  546.0   0.01919

  547.0   0.01924

  548.0   0.01919

  549.0   0.01925

  550.0   0.01932

  551.0   0.01936

  552.0   0.01942

  553.0   0.01951

  554.0   0.01960

  555.0   0.01965

  556.0   0.01968

  557.0   0.02003

  558.0   0.02005

  559.0   0.02011

  560.0   0.02011

  561.0   0.02015

  562.0   0.02020

  563.0   0.02015

  564.0   0.02021

  565.0   0.02024

  566.0   0.02023

  567.0   0.02022

  568.0   0.02022

  569.0   0.02022

  570.0   0.02015

  571.0   0.02022

  572.0   0.02019

  573.0   0.02018

  574.0   0.02019

  575.0   0.02014

  576.0   0.02012

  577.0   0.02011

  578.0   0.02010

  579.0   0.02006

  580.0   0.02006

  581.0   0.02010

  582.0   0.02006

  583.0   0.02008

  584.0   0.02014

  585.0   0.02015

  586.0   0.02017

  587.0   0.02017

  588.0   0.02018

  589.0   0.02025

  590.0   0.02028

  591.0   0.02030

  592.0   0.02033

  593.0   0.02028

  594.0   0.02034

  595.0   0.02040

  596.0   0.02041

  597.0   0.02050

  598.0   0.02055

  599.0   0.02063

  600.0   0.02071

  601.0   0.02078

  602.0   0.02086

  603.0   0.02091

  604.0   0.02092

  605.0   0.02108

  606.0   0.02113

  607.0   0.02117

  608.0   0.02123

  609.0   0.02128

  610.0   0.02133

  611.0   0.02135

  612.0   0.02140

  613.0   0.02145

  614.0   0.02150

  615.0   0.02159

  616.0   0.02161

  617.0   0.02163

  618.0   0.02165

  619.0   0.02167

  620.0   0.02171

  621.0   0.02168

  622.0   0.02167

  623.0   0.02169

  624.0   0.02170

  625.0   0.02170

  626.0   0.02172

  627.0   0.02174

  628.0   0.02174

  629.0   0.02172

  630.0   0.02174

  631.0   0.02172

  632.0   0.02176

  633.0   0.02172

  634.0   0.02173

  635.0   0.02175

  636.0   0.02177

  637.0   0.02176

  638.0   0.02173

  639.0   0.02171

  640.0   0.02172

  641.0   0.02169

  642.0   0.02169

  643.0   0.02176

  644.0   0.02173

  645.0   0.02172

  646.0   0.02175

  647.0   0.02174

  648.0   0.02180

  649.0   0.02179

  650.0   0.02184

  651.0   0.02185

  652.0   0.02184

  653.0   0.02185

  654.0   0.02184

  655.0   0.02185

  656.0   0.02188

  657.0   0.02185

  658.0   0.02189

  659.0   0.02193

  660.0   0.02195

  661.0   0.02200

  662.0   0.02202

  663.0   0.02207

  664.0   0.02209

  665.0   0.02211

  666.0   0.02212

  667.0   0.02207

  668.0   0.02205

  669.0   0.02206

  670.0   0.02207

  671.0   0.02204

  672.0   0.02197

  673.0   0.02201

  674.0   0.02200

  675.0   0.02193

  676.0   0.02195

  677.0   0.02198

  678.0   0.02202

  679.0   0.02204

  680.0   0.02210

  681.0   0.02212

  682.0   0.02210

  683.0   0.02212

  684.0   0.02216

  685.0   0.02224

  686.0   0.02224

  687.0   0.02225

  688.0   0.02222

  689.0   0.02212

  690.0   0.02216

  691.0   0.02217

  692.0   0.02217

  693.0   0.02224

  694.0   0.02225

  695.0   0.02228

  696.0   0.02220

  697.0   0.02216

  698.0   0.02212

  699.0   0.02213

  700.0   0.02209

  701.0   0.02209

  702.0   0.02209

  703.0   0.02212

  704.0   0.02211

  705.0   0.02207

  706.0   0.02208

  707.0   0.02214

  708.0   0.02217

  709.0   0.02217

  710.0   0.02216

  711.0   0.02220

  712.0   0.02218

  713.0   0.02212

  714.0   0.02212

  715.0   0.02210

  716.0   0.02215

  717.0   0.02218

  718.0   0.02220

  719.0   0.02221

  720.0   0.02223

  721.0   0.02223

  722.0   0.02223

  723.0   0.02219

  724.0   0.02217

  725.0   0.02211

  726.0   0.02209

  727.0   0.02206

  728.0   0.02208

  729.0   0.02214

  730.0   0.02210

  731.0   0.02212

  732.0   0.02214

  733.0   0.02210

  734.0   0.02216

  735.0   0.02218

  736.0   0.02246

  737.0   0.02247

  738.0   0.02249

  739.0   0.02243

  740.0   0.02237

  741.0   0.02230

  742.0   0.02234

  743.0   0.02239

  744.0   0.02241

  745.0   0.02244

  746.0   0.02237

  747.0   0.02243

  748.0   0.02244

  749.0   0.02238

  750.0   0.02243

  751.0   0.02243

  752.0   0.02248

  753.0   0.02246

  754.0   0.02244

  755.0   0.02242

  756.0   0.02230

  757.0   0.02232

  758.0   0.02238

  759.0   0.02231

  760.0   0.02224

  761.0   0.02223

  762.0   0.02220

  763.0   0.02213

  764.0   0.02215

  765.0   0.02212

  766.0   0.02212

  767.0   0.02209

  768.0   0.02212

  769.0   0.02212

  770.0   0.02215

  771.0   0.02207

  772.0   0.02199

  773.0   0.02203

  774.0   0.02198

  775.0   0.02198

  776.0   0.02199

  777.0   0.02197

  778.0   0.02192

  779.0   0.02185

  780.0   0.02183

  781.0   0.02176

  782.0   0.02162

  783.0   0.02146

  784.0   0.02150

  785.0   0.02160

  786.0   0.02165

  787.0   0.02163

  788.0   0.02165

  789.0   0.02155

  790.0   0.02157

  791.0   0.02153

  792.0   0.02142

  793.0   0.02138

  794.0   0.02134

  795.0   0.02129

  796.0   0.02130

  797.0   0.02122

  798.0   0.02125

  799.0   0.02124

  800.0   0.02117

 
