ser ID: DU600

Method ID: A:\DEFAULT

Date: 07/31/00

Time: 06:26

 200.0   3.01494

  201.0   2.48678

  202.0   2.43008

  203.0   2.47363

  204.0   3.23147

  205.0   2.68597

  206.0   2.29905

  207.0   2.39811

  208.0   2.07828

  209.0   2.10077

  210.0   2.02506

  211.0   1.92619

  212.0   1.86787

  213.0   1.80470

  214.0   1.79663

  215.0   1.74703

  216.0   1.70578

  217.0   1.68075

  218.0   1.62957

  219.0   1.60433

  220.0   1.55762

  221.0   1.50998

  222.0   1.45549

  223.0   1.40906

  224.0   1.35751

  225.0   1.31010

  226.0   1.26167

  227.0   1.21854

  228.0   1.17644

  229.0   1.13674

  230.0   1.09515

  231.0   1.06606

  232.0   1.03782

  233.0   1.01217

  234.0   0.98670

  235.0   0.96422

  236.0   0.94384

  237.0   0.92331

  238.0   0.90362

  239.0   0.88322

  240.0   0.86421

  241.0   0.84277

  242.0   0.82243

  243.0   0.79816

  244.0   0.77604

  245.0   0.75278

  246.0   0.73140

  247.0   0.70384

  248.0   0.67884

  249.0   0.65265

  250.0   0.62970

  251.0   0.60820

  252.0   0.59106

  253.0   0.57592

  254.0   0.56266

  255.0   0.55018

  256.0   0.54176

  257.0   0.53363

  258.0   0.52618

  259.0   0.51682

  260.0   0.50638

  261.0   0.49721

  262.0   0.48392

  263.0   0.47173

  264.0   0.45780

  265.0   0.44404

  266.0   0.42879

  267.0   0.41429

  268.0   0.39884

  269.0   0.38366

  270.0   0.36427

  271.0   0.34855

  272.0   0.33155

  273.0   0.31450

  274.0   0.29524

  275.0   0.27721

  276.0   0.26088

  277.0   0.24510

  278.0   0.22896

  279.0   0.21628

  280.0   0.20518

  281.0   0.19353

  282.0   0.18432

  283.0   0.17534

  284.0   0.16780

  285.0   0.16070

  286.0   0.15455

  287.0   0.14911

  288.0   0.14306

  289.0   0.13917

  290.0   0.13542

  291.0   0.13252

  292.0   0.12932

  293.0   0.12671

  294.0   0.12527

  295.0   0.12294

  296.0   0.12149

  297.0   0.11971

  298.0   0.11853

  299.0   0.11725

  300.0   0.11656

  301.0   0.11585

  302.0   0.11615

  303.0   0.11535

  304.0   0.11537

  305.0   0.11524

  306.0   0.11433

  307.0   0.11495

  308.0   0.11472

  309.0   0.11483

  310.0   0.11430

  311.0   0.11430

  312.0   0.11304

  313.0   0.11268

  314.0   0.11217

  315.0   0.11167

  316.0   0.11031

  317.0   0.11015

  318.0   0.10875

  319.0   0.10751

  320.0   0.10698

  321.0   0.10672

  322.0   0.10495

  323.0   0.10380

  324.0   0.10377

  325.0   0.10303

  326.0   0.10192

  327.0   0.10117

  328.0   0.10029

  329.0   0.09912

  330.0   0.09810

  331.0   0.09650

  332.0   0.09619

  333.0   0.09344

  334.0   0.09304

  335.0   0.09246

  336.0   0.09023

  337.0   0.08888

  338.0   0.08764

  339.0   0.08605

  340.0   0.08691

  341.0   0.08616

  342.0   0.08529

  343.0   0.08392

  344.0   0.08328

  345.0   0.08339

  346.0   0.08216

  347.0   0.08271

  348.0   0.08243

  349.0   0.08165

  350.0   0.08107

  351.0   0.08023

  352.0   0.08032

  353.0   0.07975

  354.0   0.07963

  355.0   0.07938

  356.0   0.07873

  357.0   0.07875

  358.0   0.07799

  359.0   0.07807

  360.0   0.07734

  361.0   0.07681

  362.0   0.07585

  363.0   0.07541

  364.0   0.07402

  365.0   0.07339

  366.0   0.07317

  367.0   0.07256

  368.0   0.07248

  369.0   0.07142

  370.0   0.07043

  371.0   0.06909

  372.0   0.06867

  373.0   0.06781

  374.0   0.06767

  375.0   0.06655

  376.0   0.06545

  377.0   0.06458

  378.0   0.06364

  379.0   0.06309

  380.0   0.06288

  381.0   0.06215

  382.0   0.06118

  383.0   0.06088

  384.0   0.06032

  385.0   0.05989

  386.0   0.05918

  387.0   0.05891

  388.0   0.05836

  389.0   0.05802

  390.0   0.05805

  391.0   0.05790

  392.0   0.05770

  393.0   0.05724

  394.0   0.05702

  395.0   0.05672

  396.0   0.05640

  397.0   0.05620

  398.0   0.05587

  399.0   0.05581

  400.0   0.05499

  401.0   0.05451

  402.0   0.05406

  403.0   0.05368

  404.0   0.05318

  405.0   0.05262

  406.0   0.05214

  407.0   0.05150

  408.0   0.05085

  409.0   0.04999

  410.0   0.04931

  411.0   0.04845

  412.0   0.04751

  413.0   0.04690

  414.0   0.04582

  415.0   0.04520

  416.0   0.04308

  417.0   0.04187

  418.0   0.04068

  419.0   0.03976

  420.0   0.03858

  421.0   0.03784

  422.0   0.03656

  423.0   0.03574

  424.0   0.03457

  425.0   0.03352

  426.0   0.03272

  427.0   0.03201

  428.0   0.03120

  429.0   0.03029

  430.0   0.02966

  431.0   0.02891

  432.0   0.02826

  433.0   0.02762

  434.0   0.02722

  435.0   0.02666

  436.0   0.02624

  437.0   0.02596

  438.0   0.02555

  439.0   0.02517

  440.0   0.02492

  441.0   0.02464

  442.0   0.02439

  443.0   0.02420

  444.0   0.02393

  445.0   0.02370

  446.0   0.02362

  447.0   0.02355

  448.0   0.02331

  449.0   0.02311

  450.0   0.02311

  451.0   0.02298

  452.0   0.02289

  453.0   0.02300

  454.0   0.02282

  455.0   0.02273

  456.0   0.02258

  457.0   0.02236

  458.0   0.02230

  459.0   0.02221

  460.0   0.02217

  461.0   0.02201

  462.0   0.02201

  463.0   0.02182

  464.0   0.02172

  465.0   0.02175

  466.0   0.02141

  467.0   0.02129

  468.0   0.02122

  469.0   0.02114

  470.0   0.02120

  471.0   0.02118

  472.0   0.02112

  473.0   0.02103

  474.0   0.02100

  475.0   0.02102

  476.0   0.02102

  477.0   0.02102

  478.0   0.02113

  479.0   0.02105

  480.0   0.02099

  481.0   0.02100

  482.0   0.02106

  483.0   0.02100

  484.0   0.02093

  485.0   0.02075

  486.0   0.02075

  487.0   0.02098

  488.0   0.02095

  489.0   0.02090

  490.0   0.02096

  491.0   0.02084

  492.0   0.02089

  493.0   0.02085

  494.0   0.02089

  495.0   0.02088

  496.0   0.02090

  497.0   0.02088

  498.0   0.02084

  499.0   0.02079

  500.0   0.02073

  501.0   0.02073

  502.0   0.02070

  503.0   0.02072

  504.0   0.02073

  505.0   0.02074

  506.0   0.02071

  507.0   0.02067

  508.0   0.02067

  509.0   0.02062

  510.0   0.02060

  511.0   0.02060

  512.0   0.02066

  513.0   0.02062

  514.0   0.02065

  515.0   0.02061

  516.0   0.02054

  517.0   0.02055

  518.0   0.02055

  519.0   0.02061

  520.0   0.02065

  521.0   0.02065

  522.0   0.02065

  523.0   0.02059

  524.0   0.02059

  525.0   0.02046

  526.0   0.02048

  527.0   0.02049

  528.0   0.02046

  529.0   0.02042

  530.0   0.02037

  531.0   0.02032

  532.0   0.02034

  533.0   0.02028

  534.0   0.02029

  535.0   0.02035

  536.0   0.02035

  537.0   0.02034

  538.0   0.02031

  539.0   0.02032

  540.0   0.02029

  541.0   0.02024

  542.0   0.02021

  543.0   0.02018

  544.0   0.02018

  545.0   0.02014

  546.0   0.02019

  547.0   0.02022

  548.0   0.02020

  549.0   0.02031

  550.0   0.02038

  551.0   0.02049

  552.0   0.02063

  553.0   0.02074

  554.0   0.02086

  555.0   0.02097

  556.0   0.02098

  557.0   0.02163

  558.0   0.02160

  559.0   0.02161

  560.0   0.02163

  561.0   0.02163

  562.0   0.02163

  563.0   0.02164

  564.0   0.02160

  565.0   0.02164

  566.0   0.02160

  567.0   0.02161

  568.0   0.02162

  569.0   0.02161

  570.0   0.02161

  571.0   0.02163

  572.0   0.02164

  573.0   0.02166

  574.0   0.02161

  575.0   0.02157

  576.0   0.02154

  577.0   0.02150

  578.0   0.02150

  579.0   0.02152

  580.0   0.02149

  581.0   0.02154

  582.0   0.02151

  583.0   0.02153

  584.0   0.02160

  585.0   0.02162

  586.0   0.02163

  587.0   0.02168

  588.0   0.02173

  589.0   0.02175

  590.0   0.02179

  591.0   0.02186

  592.0   0.02194

  593.0   0.02196

  594.0   0.02201

  595.0   0.02204

  596.0   0.02211

  597.0   0.02219

  598.0   0.02227

  599.0   0.02234

  600.0   0.02242

  601.0   0.02248

  602.0   0.02259

  603.0   0.02266

  604.0   0.02271

  605.0   0.02281

  606.0   0.02287

  607.0   0.02298

  608.0   0.02305

  609.0   0.02312

  610.0   0.02312

  611.0   0.02318

  612.0   0.02318

  613.0   0.02321

  614.0   0.02322

  615.0   0.02329

  616.0   0.02334

  617.0   0.02334

  618.0   0.02333

  619.0   0.02335

  620.0   0.02341

  621.0   0.02338

  622.0   0.02340

  623.0   0.02341

  624.0   0.02341

  625.0   0.02343

  626.0   0.02340

  627.0   0.02342

  628.0   0.02344

  629.0   0.02338

  630.0   0.02341

  631.0   0.02337

  632.0   0.02338

  633.0   0.02335

  634.0   0.02336

  635.0   0.02341

  636.0   0.02342

  637.0   0.02337

  638.0   0.02336

  639.0   0.02333

  640.0   0.02329

  641.0   0.02328

  642.0   0.02327

  643.0   0.02330

  644.0   0.02329

  645.0   0.02327

  646.0   0.02333

  647.0   0.02333

  648.0   0.02340

  649.0   0.02343

  650.0   0.02349

  651.0   0.02353

  652.0   0.02355

  653.0   0.02357

  654.0   0.02356

  655.0   0.02354

  656.0   0.02355

  657.0   0.02354

  658.0   0.02358

  659.0   0.02359

  660.0   0.02357

  661.0   0.02359

  662.0   0.02360

  663.0   0.02359

  664.0   0.02359

  665.0   0.02358

  666.0   0.02357

  667.0   0.02354

  668.0   0.02349

  669.0   0.02350

  670.0   0.02351

  671.0   0.02351

  672.0   0.02354

  673.0   0.02353

  674.0   0.02354

  675.0   0.02348

  676.0   0.02352

  677.0   0.02344

  678.0   0.02340

  679.0   0.02339

  680.0   0.02336

  681.0   0.02335

  682.0   0.02334

  683.0   0.02333

  684.0   0.02331

  685.0   0.02335

  686.0   0.02327

  687.0   0.02322

  688.0   0.02320

  689.0   0.02317

  690.0   0.02312

  691.0   0.02309

  692.0   0.02308

  693.0   0.02310

  694.0   0.02311

  695.0   0.02311

  696.0   0.02311

  697.0   0.02311

  698.0   0.02311

  699.0   0.02311

  700.0   0.02310

  701.0   0.02310

  702.0   0.02309

  703.0   0.02308

  704.0   0.02305

  705.0   0.02302

  706.0   0.02300

  707.0   0.02300

  708.0   0.02298

  709.0   0.02300

  710.0   0.02297

  711.0   0.02298

  712.0   0.02298

  713.0   0.02294

  714.0   0.02297

  715.0   0.02294

  716.0   0.02297

  717.0   0.02298

  718.0   0.02297

  719.0   0.02297

  720.0   0.02294

  721.0   0.02286

  722.0   0.02286

  723.0   0.02285

  724.0   0.02281

  725.0   0.02280

  726.0   0.02282

  727.0   0.02279

  728.0   0.02277

  729.0   0.02283

  730.0   0.02280

  731.0   0.02275

  732.0   0.02277

  733.0   0.02274

  734.0   0.02278

  735.0   0.02276

  736.0   0.02341

  737.0   0.02336

  738.0   0.02337

  739.0   0.02334

  740.0   0.02325

  741.0   0.02315

  742.0   0.02310

  743.0   0.02310

  744.0   0.02309

  745.0   0.02312

  746.0   0.02302

  747.0   0.02308

  748.0   0.02306

  749.0   0.02303

  750.0   0.02297

  751.0   0.02305

  752.0   0.02305

  753.0   0.02302

  754.0   0.02300

  755.0   0.02296

  756.0   0.02281

  757.0   0.02286

  758.0   0.02286

  759.0   0.02276

  760.0   0.02278

  761.0   0.02279

  762.0   0.02271

  763.0   0.02267

  764.0   0.02258

  765.0   0.02260

  766.0   0.02257

  767.0   0.02254

  768.0   0.02252

  769.0   0.02249

  770.0   0.02252

  771.0   0.02242

  772.0   0.02234

  773.0   0.02240

  774.0   0.02235

  775.0   0.02236

  776.0   0.02237

  777.0   0.02226

  778.0   0.02227

  779.0   0.02214

  780.0   0.02212

  781.0   0.02214

  782.0   0.02206

  783.0   0.02201

  784.0   0.02200

  785.0   0.02201

  786.0   0.02200

  787.0   0.02201

  788.0   0.02201

  789.0   0.02194

  790.0   0.02187

  791.0   0.02185

  792.0   0.02172

  793.0   0.02170

  794.0   0.02166

  795.0   0.02165

  796.0   0.02163

  797.0   0.02155

  798.0   0.02158

  799.0   0.02151

  800.0   0.02147

 
