ser ID: DU600

Method ID: A:\DEFAULT

Date: 07/31/00

Time: 03:20

 200.0   3.01494

  201.0   3.08884

  202.0   3.12905

  203.0   3.17260

  204.0   3.23147

  205.0   3.28803

  206.0   2.34044

  207.0   2.28417

  208.0   2.25437

  209.0   2.11780

  210.0   2.07942

  211.0   1.97616

  212.0   1.89178

  213.0   1.84421

  214.0   1.80853

  215.0   1.79445

  216.0   1.75639

  217.0   1.72607

  218.0   1.69429

  219.0   1.67331

  220.0   1.65783

  221.0   1.61555

  222.0   1.58895

  223.0   1.57179

  224.0   1.55381

  225.0   1.53110

  226.0   1.51761

  227.0   1.50239

  228.0   1.49412

  229.0   1.47612

  230.0   1.46403

  231.0   1.45212

  232.0   1.44204

  233.0   1.43136

  234.0   1.41462

  235.0   1.39710

  236.0   1.37430

  237.0   1.34521

  238.0   1.30724

  239.0   1.25479

  240.0   1.20142

  241.0   1.14856

  242.0   1.09017

  243.0   1.02953

  244.0   0.97532

  245.0   0.92804

  246.0   0.88381

  247.0   0.83944

  248.0   0.80151

  249.0   0.76907

  250.0   0.73878

  251.0   0.70988

  252.0   0.68230

  253.0   0.65910

  254.0   0.63387

  255.0   0.60946

  256.0   0.58853

  257.0   0.56954

  258.0   0.55098

  259.0   0.53005

  260.0   0.51057

  261.0   0.49328

  262.0   0.47367

  263.0   0.45719

  264.0   0.44195

  265.0   0.42879

  266.0   0.41533

  267.0   0.40439

  268.0   0.39470

  269.0   0.38334

  270.0   0.37270

  271.0   0.36133

  272.0   0.35258

  273.0   0.34308

  274.0   0.33241

  275.0   0.32221

  276.0   0.31150

  277.0   0.29989

  278.0   0.28736

  279.0   0.27644

  280.0   0.26426

  281.0   0.25304

  282.0   0.24197

  283.0   0.23212

  284.0   0.22116

  285.0   0.20966

  286.0   0.19902

  287.0   0.18963

  288.0   0.17873

  289.0   0.17027

  290.0   0.16221

  291.0   0.15536

  292.0   0.14802

  293.0   0.14141

  294.0   0.13539

  295.0   0.12925

  296.0   0.12349

  297.0   0.11877

  298.0   0.11336

  299.0   0.10854

  300.0   0.10458

  301.0   0.10180

  302.0   0.09770

  303.0   0.09546

  304.0   0.09278

  305.0   0.08916

  306.0   0.08647

  307.0   0.08402

  308.0   0.08210

  309.0   0.07951

  310.0   0.07822

  311.0   0.07702

  312.0   0.07451

  313.0   0.07374

  314.0   0.07270

  315.0   0.07158

  316.0   0.07113

  317.0   0.07135

  318.0   0.07129

  319.0   0.07135

  320.0   0.07091

  321.0   0.07129

  322.0   0.07231

  323.0   0.07392

  324.0   0.07518

  325.0   0.07521

  326.0   0.07708

  327.0   0.07992

  328.0   0.08457

  329.0   0.08402

  330.0   0.08200

  331.0   0.08375

  332.0   0.08964

  333.0   0.09416

  334.0   0.09947

  335.0   0.09611

  336.0   0.09786

  337.0   0.10069

  338.0   0.10218

  339.0   0.10317

  340.0   0.10771

  341.0   0.11200

  342.0   0.11459

  343.0   0.11733

  344.0   0.12268

  345.0   0.12093

  346.0   0.12091

  347.0   0.12548

  348.0   0.12688

  349.0   0.12960

  350.0   0.12810

  351.0   0.12921

  352.0   0.13207

  353.0   0.13275

  354.0   0.13359

  355.0   0.14038

  356.0   0.13494

  357.0   0.13124

  358.0   0.13378

  359.0   0.13723

  360.0   0.13467

  361.0   0.12926

  362.0   0.12505

  363.0   0.12623

  364.0   0.12507

  365.0   0.12969

  366.0   0.12108

  367.0   0.11862

  368.0   0.11604

  369.0   0.11559

  370.0   0.11262

  371.0   0.10620

  372.0   0.10670

  373.0   0.10944

  374.0   0.10422

  375.0   0.09885

  376.0   0.09889

  377.0   0.09904

  378.0   0.09414

  379.0   0.09104

  380.0   0.08880

  381.0   0.08740

  382.0   0.08766

  383.0   0.08572

  384.0   0.08277

  385.0   0.08052

  386.0   0.07872

  387.0   0.07742

  388.0   0.07584

  389.0   0.07421

  390.0   0.07310

  391.0   0.07190

  392.0   0.07058

  393.0   0.06933

  394.0   0.06771

  395.0   0.06639

  396.0   0.06552

  397.0   0.06453

  398.0   0.06355

  399.0   0.06270

  400.0   0.06150

  401.0   0.06038

  402.0   0.05936

  403.0   0.05846

  404.0   0.05755

  405.0   0.05679

  406.0   0.05599

  407.0   0.05527

  408.0   0.05431

  409.0   0.05347

  410.0   0.05272

  411.0   0.05174

  412.0   0.05093

  413.0   0.05018

  414.0   0.04941

  415.0   0.04882

  416.0   0.04713

  417.0   0.04616

  418.0   0.04467

  419.0   0.04398

  420.0   0.04296

  421.0   0.04285

  422.0   0.04208

  423.0   0.04104

  424.0   0.03979

  425.0   0.03899

  426.0   0.03841

  427.0   0.03778

  428.0   0.03676

  429.0   0.03590

  430.0   0.03533

  431.0   0.03463

  432.0   0.03373

  433.0   0.03319

  434.0   0.03260

  435.0   0.03215

  436.0   0.03142

  437.0   0.03097

  438.0   0.03051

  439.0   0.02982

  440.0   0.02921

  441.0   0.02885

  442.0   0.02842

  443.0   0.02797

  444.0   0.02750

  445.0   0.02711

  446.0   0.02689

  447.0   0.02654

  448.0   0.02621

  449.0   0.02593

  450.0   0.02572

  451.0   0.02529

  452.0   0.02505

  453.0   0.02510

  454.0   0.02485

  455.0   0.02449

  456.0   0.02420

  457.0   0.02397

  458.0   0.02381

  459.0   0.02355

  460.0   0.02350

  461.0   0.02329

  462.0   0.02307

  463.0   0.02283

  464.0   0.02256

  465.0   0.02249

  466.0   0.02222

  467.0   0.02208

  468.0   0.02181

  469.0   0.02168

  470.0   0.02176

  471.0   0.02173

  472.0   0.02158

  473.0   0.02141

  474.0   0.02131

  475.0   0.02130

  476.0   0.02126

  477.0   0.02120

  478.0   0.02119

  479.0   0.02105

  480.0   0.02105

  481.0   0.02098

  482.0   0.02098

  483.0   0.02100

  484.0   0.02085

  485.0   0.02063

  486.0   0.02063

  487.0   0.02072

  488.0   0.02072

  489.0   0.02060

  490.0   0.02057

  491.0   0.02050

  492.0   0.02049

  493.0   0.02040

  494.0   0.02046

  495.0   0.02047

  496.0   0.02049

  497.0   0.02043

  498.0   0.02040

  499.0   0.02035

  500.0   0.02031

  501.0   0.02028

  502.0   0.02023

  503.0   0.02021

  504.0   0.02019

  505.0   0.02024

  506.0   0.02025

  507.0   0.02022

  508.0   0.02018

  509.0   0.02014

  510.0   0.02007

  511.0   0.02008

  512.0   0.02010

  513.0   0.02005

  514.0   0.02004

  515.0   0.02001

  516.0   0.01992

  517.0   0.01989

  518.0   0.01983

  519.0   0.01988

  520.0   0.01985

  521.0   0.01983

  522.0   0.01985

  523.0   0.01982

  524.0   0.01973

  525.0   0.01974

  526.0   0.01972

  527.0   0.01968

  528.0   0.01963

  529.0   0.01959

  530.0   0.01955

  531.0   0.01950

  532.0   0.01954

  533.0   0.01957

  534.0   0.01954

  535.0   0.01956

  536.0   0.01956

  537.0   0.01955

  538.0   0.01950

  539.0   0.01946

  540.0   0.01939

  541.0   0.01934

  542.0   0.01923

  543.0   0.01918

  544.0   0.01914

  545.0   0.01920

  546.0   0.01921

  547.0   0.01922

  548.0   0.01921

  549.0   0.01931

  550.0   0.01936

  551.0   0.01934

  552.0   0.01940

  553.0   0.01953

  554.0   0.01958

  555.0   0.01967

  556.0   0.01970

  557.0   0.02001

  558.0   0.02040

  559.0   0.01981

  560.0   0.01999

  561.0   0.02012

  562.0   0.02006

  563.0   0.02013

  564.0   0.02021

  565.0   0.02024

  566.0   0.02018

  567.0   0.02027

  568.0   0.02031

  569.0   0.02036

  570.0   0.02035

  571.0   0.02037

  572.0   0.02032

  573.0   0.02036

  574.0   0.02029

  575.0   0.02022

  576.0   0.02020

  577.0   0.02015

  578.0   0.02014

  579.0   0.02015

  580.0   0.02014

  581.0   0.02022

  582.0   0.02022

  583.0   0.02022

  584.0   0.02026

  585.0   0.02027

  586.0   0.02031

  587.0   0.02031

  588.0   0.02030

  589.0   0.02033

  590.0   0.02032

  591.0   0.02035

  592.0   0.02038

  593.0   0.02041

  594.0   0.02046

  595.0   0.02049

  596.0   0.02058

  597.0   0.02063

  598.0   0.02070

  599.0   0.02076

  600.0   0.02077

  601.0   0.02084

  602.0   0.02097

  603.0   0.02105

  604.0   0.02105

  605.0   0.02117

  606.0   0.02122

  607.0   0.02133

  608.0   0.02137

  609.0   0.02143

  610.0   0.02148

  611.0   0.02151

  612.0   0.02154

  613.0   0.02156

  614.0   0.02159

  615.0   0.02163

  616.0   0.02166

  617.0   0.02173

  618.0   0.02168

  619.0   0.02171

  620.0   0.02176

  621.0   0.02177

  622.0   0.02183

  623.0   0.02181

  624.0   0.02181

  625.0   0.02182

  626.0   0.02177

  627.0   0.02172

  628.0   0.02176

  629.0   0.02174

  630.0   0.02178

  631.0   0.02170

  632.0   0.02173

  633.0   0.02176

  634.0   0.02177

  635.0   0.02177

  636.0   0.02179

  637.0   0.02175

  638.0   0.02175

  639.0   0.02174

  640.0   0.02173

  641.0   0.02171

  642.0   0.02169

  643.0   0.02171

  644.0   0.02168

  645.0   0.02161

  646.0   0.02170

  647.0   0.02176

  648.0   0.02180

  649.0   0.02182

  650.0   0.02186

  651.0   0.02185

  652.0   0.02187

  653.0   0.02190

  654.0   0.02191

  655.0   0.02190

  656.0   0.02189

  657.0   0.02188

  658.0   0.02193

  659.0   0.02199

  660.0   0.02200

  661.0   0.02201

  662.0   0.02206

  663.0   0.02209

  664.0   0.02209

  665.0   0.02208

  666.0   0.02212

  667.0   0.02210

  668.0   0.02207

  669.0   0.02210

  670.0   0.02212

  671.0   0.02215

  672.0   0.02215

  673.0   0.02217

  674.0   0.02217

  675.0   0.02214

  676.0   0.02216

  677.0   0.02212

  678.0   0.02209

  679.0   0.02208

  680.0   0.02210

  681.0   0.02212

  682.0   0.02212

  683.0   0.02216

  684.0   0.02218

  685.0   0.02221

  686.0   0.02216

  687.0   0.02212

  688.0   0.02210

  689.0   0.02209

  690.0   0.02205

  691.0   0.02205

  692.0   0.02204

  693.0   0.02207

  694.0   0.02206

  695.0   0.02209

  696.0   0.02214

  697.0   0.02214

  698.0   0.02212

  699.0   0.02211

  700.0   0.02211

  701.0   0.02215

  702.0   0.02213

  703.0   0.02212

  704.0   0.02207

  705.0   0.02203

  706.0   0.02200

  707.0   0.02204

  708.0   0.02207

  709.0   0.02211

  710.0   0.02212

  711.0   0.02214

  712.0   0.02216

  713.0   0.02218

  714.0   0.02223

  715.0   0.02221

  716.0   0.02223

  717.0   0.02224

  718.0   0.02227

  719.0   0.02228

  720.0   0.02230

  721.0   0.02225

  722.0   0.02229

  723.0   0.02225

  724.0   0.02228

  725.0   0.02227

  726.0   0.02230

  727.0   0.02228

  728.0   0.02229

  729.0   0.02235

  730.0   0.02236

  731.0   0.02241

  732.0   0.02240

  733.0   0.02239

  734.0   0.02240

  735.0   0.02243

  736.0   0.02275

  737.0   0.02273

  738.0   0.02271

  739.0   0.02268

  740.0   0.02271

  741.0   0.02264

  742.0   0.02265

  743.0   0.02270

  744.0   0.02272

  745.0   0.02273

  746.0   0.02265

  747.0   0.02271

  748.0   0.02278

  749.0   0.02275

  750.0   0.02269

  751.0   0.02271

  752.0   0.02276

  753.0   0.02268

  754.0   0.02266

  755.0   0.02262

  756.0   0.02247

  757.0   0.02255

  758.0   0.02255

  759.0   0.02254

  760.0   0.02255

  761.0   0.02260

  762.0   0.02254

  763.0   0.02242

  764.0   0.02238

  765.0   0.02223

  766.0   0.02234

  767.0   0.02220

  768.0   0.02220

  769.0   0.02232

  770.0   0.02232

  771.0   0.02221

  772.0   0.02217

  773.0   0.02223

  774.0   0.02221

  775.0   0.02224

  776.0   0.02228

  777.0   0.02220

  778.0   0.02221

  779.0   0.02217

  780.0   0.02206

  781.0   0.02202

  782.0   0.02200

  783.0   0.02204

  784.0   0.02197

  785.0   0.02192

  786.0   0.02191

  787.0   0.02196

  788.0   0.02195

  789.0   0.02191

  790.0   0.02187

  791.0   0.02182

  792.0   0.02169

  793.0   0.02173

  794.0   0.02175

  795.0   0.02165

  796.0   0.02154

  797.0   0.02146

  798.0   0.02152

  799.0   0.02142

  800.0   0.02144

 
