ser ID: DU600

Method ID: A:\DEFAULT

Date: 07/31/00

Time: 03:22

 200.0   2.71391

  201.0   3.08884

  202.0   3.12905

  203.0   3.17260

  204.0   3.23147

  205.0   2.58906

  206.0   2.56229

  207.0   2.39811

  208.0   2.11606

  209.0   2.03862

  210.0   2.06518

  211.0   1.98688

  212.0   1.92586

  213.0   1.90319

  214.0   1.86652

  215.0   1.82921

  216.0   1.74674

  217.0   1.71324

  218.0   1.69043

  219.0   1.66276

  220.0   1.65453

  221.0   1.62142

  222.0   1.58108

  223.0   1.56933

  224.0   1.55611

  225.0   1.52689

  226.0   1.50776

  227.0   1.48586

  228.0   1.47833

  229.0   1.46785

  230.0   1.45311

  231.0   1.44764

  232.0   1.43633

  233.0   1.42588

  234.0   1.41073

  235.0   1.39463

  236.0   1.36508

  237.0   1.33560

  238.0   1.29846

  239.0   1.24874

  240.0   1.20219

  241.0   1.14516

  242.0   1.08719

  243.0   1.02381

  244.0   0.97301

  245.0   0.92345

  246.0   0.88076

  247.0   0.83840

  248.0   0.80055

  249.0   0.76876

  250.0   0.73680

  251.0   0.70639

  252.0   0.68102

  253.0   0.65689

  254.0   0.63411

  255.0   0.60991

  256.0   0.58983

  257.0   0.56870

  258.0   0.55017

  259.0   0.52906

  260.0   0.51153

  261.0   0.49272

  262.0   0.47458

  263.0   0.45896

  264.0   0.44490

  265.0   0.43152

  266.0   0.41702

  267.0   0.40506

  268.0   0.39503

  269.0   0.38383

  270.0   0.37270

  271.0   0.36228

  272.0   0.35289

  273.0   0.34354

  274.0   0.33226

  275.0   0.32103

  276.0   0.31034

  277.0   0.29820

  278.0   0.28585

  279.0   0.27617

  280.0   0.26426

  281.0   0.25304

  282.0   0.24209

  283.0   0.23151

  284.0   0.22056

  285.0   0.20896

  286.0   0.19834

  287.0   0.18840

  288.0   0.17775

  289.0   0.16974

  290.0   0.16211

  291.0   0.15516

  292.0   0.14802

  293.0   0.14141

  294.0   0.13657

  295.0   0.13012

  296.0   0.12406

  297.0   0.11933

  298.0   0.11364

  299.0   0.10900

  300.0   0.10559

  301.0   0.10217

  302.0   0.09871

  303.0   0.09564

  304.0   0.09342

  305.0   0.09007

  306.0   0.08684

  307.0   0.08467

  308.0   0.08294

  309.0   0.08054

  310.0   0.07973

  311.0   0.07760

  312.0   0.07558

  313.0   0.07511

  314.0   0.07429

  315.0   0.07339

  316.0   0.07246

  317.0   0.07249

  318.0   0.07192

  319.0   0.07177

  320.0   0.07265

  321.0   0.07249

  322.0   0.07400

  323.0   0.07449

  324.0   0.07587

  325.0   0.07774

  326.0   0.07870

  327.0   0.07992

  328.0   0.08140

  329.0   0.08332

  330.0   0.08529

  331.0   0.08717

  332.0   0.09058

  333.0   0.09095

  334.0   0.09446

  335.0   0.09717

  336.0   0.09928

  337.0   0.10045

  338.0   0.10265

  339.0   0.10458

  340.0   0.10818

  341.0   0.11129

  342.0   0.11424

  343.0   0.11613

  344.0   0.11825

  345.0   0.12081

  346.0   0.12222

  347.0   0.12488

  348.0   0.12592

  349.0   0.12792

  350.0   0.12918

  351.0   0.13017

  352.0   0.13098

  353.0   0.13178

  354.0   0.13322

  355.0   0.13361

  356.0   0.13334

  357.0   0.13377

  358.0   0.13279

  359.0   0.13234

  360.0   0.13181

  361.0   0.12984

  362.0   0.12799

  363.0   0.12601

  364.0   0.12367

  365.0   0.12159

  366.0   0.12078

  367.0   0.11882

  368.0   0.11719

  369.0   0.11437

  370.0   0.11217

  371.0   0.10935

  372.0   0.10713

  373.0   0.10442

  374.0   0.10224

  375.0   0.09999

  376.0   0.09750

  377.0   0.09549

  378.0   0.09325

  379.0   0.09170

  380.0   0.08995

  381.0   0.08771

  382.0   0.08586

  383.0   0.08410

  384.0   0.08216

  385.0   0.08024

  386.0   0.07830

  387.0   0.07711

  388.0   0.07544

  389.0   0.07397

  390.0   0.07277

  391.0   0.07167

  392.0   0.07009

  393.0   0.06906

  394.0   0.06771

  395.0   0.06630

  396.0   0.06544

  397.0   0.06428

  398.0   0.06335

  399.0   0.06242

  400.0   0.06110

  401.0   0.06042

  402.0   0.05925

  403.0   0.05846

  404.0   0.05766

  405.0   0.05672

  406.0   0.05599

  407.0   0.05500

  408.0   0.05421

  409.0   0.05321

  410.0   0.05263

  411.0   0.05165

  412.0   0.05093

  413.0   0.05009

  414.0   0.04941

  415.0   0.04904

  416.0   0.04684

  417.0   0.04588

  418.0   0.04485

  419.0   0.04416

  420.0   0.04322

  421.0   0.04251

  422.0   0.04159

  423.0   0.04080

  424.0   0.03979

  425.0   0.03892

  426.0   0.03811

  427.0   0.03735

  428.0   0.03662

  429.0   0.03590

  430.0   0.03513

  431.0   0.03444

  432.0   0.03379

  433.0   0.03312

  434.0   0.03248

  435.0   0.03185

  436.0   0.03125

  437.0   0.03069

  438.0   0.03018

  439.0   0.02966

  440.0   0.02921

  441.0   0.02875

  442.0   0.02832

  443.0   0.02797

  444.0   0.02750

  445.0   0.02716

  446.0   0.02684

  447.0   0.02659

  448.0   0.02621

  449.0   0.02579

  450.0   0.02563

  451.0   0.02534

  452.0   0.02509

  453.0   0.02510

  454.0   0.02481

  455.0   0.02444

  456.0   0.02420

  457.0   0.02393

  458.0   0.02373

  459.0   0.02338

  460.0   0.02333

  461.0   0.02308

  462.0   0.02299

  463.0   0.02267

  464.0   0.02244

  465.0   0.02241

  466.0   0.02211

  467.0   0.02190

  468.0   0.02173

  469.0   0.02164

  470.0   0.02162

  471.0   0.02156

  472.0   0.02145

  473.0   0.02125

  474.0   0.02112

  475.0   0.02108

  476.0   0.02102

  477.0   0.02102

  478.0   0.02104

  479.0   0.02096

  480.0   0.02091

  481.0   0.02087

  482.0   0.02086

  483.0   0.02079

  484.0   0.02065

  485.0   0.02048

  486.0   0.02044

  487.0   0.02060

  488.0   0.02058

  489.0   0.02055

  490.0   0.02053

  491.0   0.02045

  492.0   0.02047

  493.0   0.02038

  494.0   0.02037

  495.0   0.02034

  496.0   0.02034

  497.0   0.02028

  498.0   0.02023

  499.0   0.02020

  500.0   0.02017

  501.0   0.02017

  502.0   0.02017

  503.0   0.02017

  504.0   0.02017

  505.0   0.02014

  506.0   0.02017

  507.0   0.02012

  508.0   0.02010

  509.0   0.02004

  510.0   0.02002

  511.0   0.01999

  512.0   0.01997

  513.0   0.01990

  514.0   0.01991

  515.0   0.01985

  516.0   0.01982

  517.0   0.01984

  518.0   0.01974

  519.0   0.01982

  520.0   0.01983

  521.0   0.01981

  522.0   0.01978

  523.0   0.01979

  524.0   0.01975

  525.0   0.01967

  526.0   0.01964

  527.0   0.01966

  528.0   0.01963

  529.0   0.01961

  530.0   0.01955

  531.0   0.01952

  532.0   0.01952

  533.0   0.01950

  534.0   0.01951

  535.0   0.01946

  536.0   0.01944

  537.0   0.01945

  538.0   0.01941

  539.0   0.01938

  540.0   0.01933

  541.0   0.01932

  542.0   0.01925

  543.0   0.01920

  544.0   0.01922

  545.0   0.01914

  546.0   0.01913

  547.0   0.01918

  548.0   0.01913

  549.0   0.01919

  550.0   0.01926

  551.0   0.01932

  552.0   0.01940

  553.0   0.01949

  554.0   0.01960

  555.0   0.01969

  556.0   0.01966

  557.0   0.01994

  558.0   0.01991

  559.0   0.01995

  560.0   0.01997

  561.0   0.02001

  562.0   0.02003

  563.0   0.01999

  564.0   0.01996

  565.0   0.02003

  566.0   0.01998

  567.0   0.01998

  568.0   0.02002

  569.0   0.02003

  570.0   0.02004

  571.0   0.02002

  572.0   0.02000

  573.0   0.01999

  574.0   0.01998

  575.0   0.01989

  576.0   0.01983

  577.0   0.01982

  578.0   0.01985

  579.0   0.01982

  580.0   0.01977

  581.0   0.01981

  582.0   0.01975

  583.0   0.01976

  584.0   0.01984

  585.0   0.01987

  586.0   0.01989

  587.0   0.01993

  588.0   0.01997

  589.0   0.01996

  590.0   0.01993

  591.0   0.01999

  592.0   0.02004

  593.0   0.02001

  594.0   0.02011

  595.0   0.02009

  596.0   0.02015

  597.0   0.02018

  598.0   0.02022

  599.0   0.02032

  600.0   0.02036

  601.0   0.02043

  602.0   0.02051

  603.0   0.02056

  604.0   0.02061

  605.0   0.02073

  606.0   0.02077

  607.0   0.02085

  608.0   0.02090

  609.0   0.02096

  610.0   0.02101

  611.0   0.02103

  612.0   0.02108

  613.0   0.02104

  614.0   0.02111

  615.0   0.02119

  616.0   0.02122

  617.0   0.02128

  618.0   0.02131

  619.0   0.02134

  620.0   0.02138

  621.0   0.02134

  622.0   0.02131

  623.0   0.02129

  624.0   0.02130

  625.0   0.02135

  626.0   0.02133

  627.0   0.02132

  628.0   0.02135

  629.0   0.02131

  630.0   0.02136

  631.0   0.02132

  632.0   0.02137

  633.0   0.02140

  634.0   0.02139

  635.0   0.02142

  636.0   0.02145

  637.0   0.02144

  638.0   0.02143

  639.0   0.02142

  640.0   0.02139

  641.0   0.02137

  642.0   0.02135

  643.0   0.02137

  644.0   0.02134

  645.0   0.02132

  646.0   0.02133

  647.0   0.02133

  648.0   0.02139

  649.0   0.02139

  650.0   0.02142

  651.0   0.02144

  652.0   0.02148

  653.0   0.02149

  654.0   0.02150

  655.0   0.02147

  656.0   0.02152

  657.0   0.02149

  658.0   0.02158

  659.0   0.02161

  660.0   0.02160

  661.0   0.02163

  662.0   0.02166

  663.0   0.02169

  664.0   0.02171

  665.0   0.02171

  666.0   0.02172

  667.0   0.02172

  668.0   0.02172

  669.0   0.02171

  670.0   0.02170

  671.0   0.02171

  672.0   0.02169

  673.0   0.02171

  674.0   0.02173

  675.0   0.02170

  676.0   0.02172

  677.0   0.02168

  678.0   0.02166

  679.0   0.02168

  680.0   0.02170

  681.0   0.02170

  682.0   0.02170

  683.0   0.02170

  684.0   0.02172

  685.0   0.02176

  686.0   0.02172

  687.0   0.02170

  688.0   0.02169

  689.0   0.02168

  690.0   0.02166

  691.0   0.02166

  692.0   0.02170

  693.0   0.02169

  694.0   0.02174

  695.0   0.02173

  696.0   0.02176

  697.0   0.02175

  698.0   0.02173

  699.0   0.02170

  700.0   0.02168

  701.0   0.02166

  702.0   0.02170

  703.0   0.02174

  704.0   0.02164

  705.0   0.02165

  706.0   0.02166

  707.0   0.02167

  708.0   0.02172

  709.0   0.02176

  710.0   0.02177

  711.0   0.02182

  712.0   0.02180

  713.0   0.02180

  714.0   0.02180

  715.0   0.02174

  716.0   0.02178

  717.0   0.02178

  718.0   0.02181

  719.0   0.02184

  720.0   0.02185

  721.0   0.02187

  722.0   0.02189

  723.0   0.02191

  724.0   0.02191

  725.0   0.02188

  726.0   0.02186

  727.0   0.02183

  728.0   0.02182

  729.0   0.02180

  730.0   0.02176

  731.0   0.02176

  732.0   0.02179

  733.0   0.02175

  734.0   0.02183

  735.0   0.02183

  736.0   0.02223

  737.0   0.02215

  738.0   0.02220

  739.0   0.02214

  740.0   0.02211

  741.0   0.02213

  742.0   0.02211

  743.0   0.02216

  744.0   0.02222

  745.0   0.02225

  746.0   0.02231

  747.0   0.02260

  748.0   0.02275

  749.0   0.02277

  750.0   0.02277

  751.0   0.02288

  752.0   0.02293

  753.0   0.02288

  754.0   0.02283

  755.0   0.02276

  756.0   0.02264

  757.0   0.02272

  758.0   0.02283

  759.0   0.02282

  760.0   0.02278

  761.0   0.02282

  762.0   0.02271

  763.0   0.02264

  764.0   0.02261

  765.0   0.02254

  766.0   0.02254

  767.0   0.02257

  768.0   0.02252

  769.0   0.02255

  770.0   0.02255

  771.0   0.02253

  772.0   0.02240

  773.0   0.02243

  774.0   0.02241

  775.0   0.02256

  776.0   0.02274

  777.0   0.02278

  778.0   0.02279

  779.0   0.02269

  780.0   0.02262

  781.0   0.02252

  782.0   0.02250

  783.0   0.02248

  784.0   0.02238

  785.0   0.02236

  786.0   0.02235

  787.0   0.02237

  788.0   0.02239

  789.0   0.02232

  790.0   0.02231

  791.0   0.02230

  792.0   0.02223

  793.0   0.02218

  794.0   0.02217

  795.0   0.02210

  796.0   0.02205

  797.0   0.02197

  798.0   0.02203

  799.0   0.02200

  800.0   0.02195

 
