ser ID: DU600

Method ID: A:\DEFAULT

Date: 07/31/00

Time: 03:23

 200.0   3.01494

  201.0   3.08884

  202.0   2.65192

  203.0   2.57054

  204.0   2.75435

  205.0   2.50987

  206.0   2.49535

  207.0   2.28417

  208.0   2.22804

  209.0   2.17332

  210.0   2.07942

  211.0   1.98688

  212.0   1.95330

  213.0   1.90319

  214.0   1.83979

  215.0   1.78892

  216.0   1.74674

  217.0   1.71747

  218.0   1.68660

  219.0   1.65930

  220.0   1.63522

  221.0   1.62142

  222.0   1.58631

  223.0   1.57426

  224.0   1.54247

  225.0   1.53536

  226.0   1.51364

  227.0   1.48948

  228.0   1.47149

  229.0   1.46458

  230.0   1.44700

  231.0   1.44173

  232.0   1.42929

  233.0   1.41913

  234.0   1.40051

  235.0   1.38852

  236.0   1.36623

  237.0   1.33139

  238.0   1.29558

  239.0   1.24788

  240.0   1.19454

  241.0   1.13909

  242.0   1.08422

  243.0   1.02330

  244.0   0.97255

  245.0   0.92345

  246.0   0.88266

  247.0   0.83944

  248.0   0.80248

  249.0   0.76816

  250.0   0.73510

  251.0   0.70559

  252.0   0.67923

  253.0   0.65518

  254.0   0.63434

  255.0   0.60923

  256.0   0.58875

  257.0   0.56996

  258.0   0.55262

  259.0   0.53025

  260.0   0.51134

  261.0   0.49272

  262.0   0.47385

  263.0   0.45896

  264.0   0.44334

  265.0   0.42981

  266.0   0.41702

  267.0   0.40639

  268.0   0.39487

  269.0   0.38448

  270.0   0.37270

  271.0   0.36291

  272.0   0.35289

  273.0   0.34277

  274.0   0.33151

  275.0   0.32044

  276.0   0.30904

  277.0   0.29820

  278.0   0.28571

  279.0   0.27496

  280.0   0.26374

  281.0   0.25227

  282.0   0.24172

  283.0   0.23090

  284.0   0.21960

  285.0   0.20792

  286.0   0.19743

  287.0   0.18829

  288.0   0.17721

  289.0   0.16984

  290.0   0.16159

  291.0   0.15454

  292.0   0.14772

  293.0   0.14081

  294.0   0.13627

  295.0   0.13021

  296.0   0.12463

  297.0   0.11962

  298.0   0.11448

  299.0   0.10984

  300.0   0.10532

  301.0   0.10226

  302.0   0.09889

  303.0   0.09601

  304.0   0.09324

  305.0   0.09035

  306.0   0.08730

  307.0   0.08541

  308.0   0.08378

  309.0   0.08139

  310.0   0.08011

  311.0   0.07769

  312.0   0.07597

  313.0   0.07521

  314.0   0.07419

  315.0   0.07379

  316.0   0.07307

  317.0   0.07312

  318.0   0.07245

  319.0   0.07263

  320.0   0.07222

  321.0   0.07282

  322.0   0.07400

  323.0   0.07449

  324.0   0.07564

  325.0   0.07762

  326.0   0.07881

  327.0   0.08074

  328.0   0.08210

  329.0   0.08391

  330.0   0.08565

  331.0   0.08646

  332.0   0.08987

  333.0   0.09060

  334.0   0.09375

  335.0   0.09670

  336.0   0.09833

  337.0   0.10045

  338.0   0.10289

  339.0   0.10529

  340.0   0.10878

  341.0   0.11105

  342.0   0.11352

  343.0   0.11530

  344.0   0.11742

  345.0   0.11974

  346.0   0.12103

  347.0   0.12357

  348.0   0.12616

  349.0   0.12756

  350.0   0.12882

  351.0   0.12969

  352.0   0.13098

  353.0   0.13178

  354.0   0.13201

  355.0   0.13239

  356.0   0.13212

  357.0   0.13288

  358.0   0.13167

  359.0   0.13198

  360.0   0.13098

  361.0   0.12961

  362.0   0.12742

  363.0   0.12568

  364.0   0.12357

  365.0   0.12149

  366.0   0.12027

  367.0   0.11813

  368.0   0.11652

  369.0   0.11371

  370.0   0.11135

  371.0   0.10891

  372.0   0.10713

  373.0   0.10458

  374.0   0.10248

  375.0   0.10015

  376.0   0.09764

  377.0   0.09493

  378.0   0.09257

  379.0   0.09131

  380.0   0.08950

  381.0   0.08764

  382.0   0.08544

  383.0   0.08375

  384.0   0.08221

  385.0   0.08062

  386.0   0.07861

  387.0   0.07691

  388.0   0.07544

  389.0   0.07373

  390.0   0.07263

  391.0   0.07157

  392.0   0.07009

  393.0   0.06880

  394.0   0.06745

  395.0   0.06630

  396.0   0.06544

  397.0   0.06440

  398.0   0.06355

  399.0   0.06258

  400.0   0.06126

  401.0   0.06023

  402.0   0.05929

  403.0   0.05835

  404.0   0.05737

  405.0   0.05675

  406.0   0.05613

  407.0   0.05513

  408.0   0.05447

  409.0   0.05353

  410.0   0.05266

  411.0   0.05186

  412.0   0.05090

  413.0   0.05015

  414.0   0.04929

  415.0   0.04885

  416.0   0.04684

  417.0   0.04597

  418.0   0.04485

  419.0   0.04434

  420.0   0.04313

  421.0   0.04251

  422.0   0.04159

  423.0   0.04088

  424.0   0.03987

  425.0   0.03899

  426.0   0.03826

  427.0   0.03756

  428.0   0.03662

  429.0   0.03583

  430.0   0.03507

  431.0   0.03437

  432.0   0.03366

  433.0   0.03306

  434.0   0.03248

  435.0   0.03191

  436.0   0.03119

  437.0   0.03080

  438.0   0.03029

  439.0   0.02971

  440.0   0.02921

  441.0   0.02875

  442.0   0.02827

  443.0   0.02797

  444.0   0.02750

  445.0   0.02711

  446.0   0.02684

  447.0   0.02650

  448.0   0.02617

  449.0   0.02579

  450.0   0.02563

  451.0   0.02529

  452.0   0.02509

  453.0   0.02510

  454.0   0.02481

  455.0   0.02449

  456.0   0.02415

  457.0   0.02384

  458.0   0.02356

  459.0   0.02334

  460.0   0.02325

  461.0   0.02313

  462.0   0.02290

  463.0   0.02271

  464.0   0.02248

  465.0   0.02249

  466.0   0.02214

  467.0   0.02190

  468.0   0.02181

  469.0   0.02157

  470.0   0.02155

  471.0   0.02146

  472.0   0.02138

  473.0   0.02122

  474.0   0.02112

  475.0   0.02114

  476.0   0.02099

  477.0   0.02102

  478.0   0.02102

  479.0   0.02099

  480.0   0.02094

  481.0   0.02087

  482.0   0.02091

  483.0   0.02087

  484.0   0.02070

  485.0   0.02048

  486.0   0.02049

  487.0   0.02067

  488.0   0.02063

  489.0   0.02055

  490.0   0.02053

  491.0   0.02045

  492.0   0.02047

  493.0   0.02036

  494.0   0.02037

  495.0   0.02038

  496.0   0.02034

  497.0   0.02030

  498.0   0.02027

  499.0   0.02023

  500.0   0.02021

  501.0   0.02017

  502.0   0.02013

  503.0   0.02015

  504.0   0.02019

  505.0   0.02020

  506.0   0.02015

  507.0   0.02012

  508.0   0.02012

  509.0   0.02006

  510.0   0.02004

  511.0   0.02001

  512.0   0.01995

  513.0   0.01992

  514.0   0.01991

  515.0   0.01983

  516.0   0.01977

  517.0   0.01974

  518.0   0.01974

  519.0   0.01976

  520.0   0.01977

  521.0   0.01981

  522.0   0.01978

  523.0   0.01979

  524.0   0.01977

  525.0   0.01967

  526.0   0.01968

  527.0   0.01966

  528.0   0.01963

  529.0   0.01953

  530.0   0.01953

  531.0   0.01948

  532.0   0.01944

  533.0   0.01942

  534.0   0.01941

  535.0   0.01946

  536.0   0.01946

  537.0   0.01943

  538.0   0.01939

  539.0   0.01935

  540.0   0.01928

  541.0   0.01927

  542.0   0.01919

  543.0   0.01916

  544.0   0.01920

  545.0   0.01914

  546.0   0.01911

  547.0   0.01914

  548.0   0.01907

  549.0   0.01908

  550.0   0.01914

  551.0   0.01921

  552.0   0.01932

  553.0   0.01945

  554.0   0.01952

  555.0   0.01963

  556.0   0.01962

  557.0   0.01989

  558.0   0.01991

  559.0   0.01993

  560.0   0.01997

  561.0   0.02003

  562.0   0.01999

  563.0   0.01997

  564.0   0.01996

  565.0   0.01997

  566.0   0.01996

  567.0   0.01996

  568.0   0.02000

  569.0   0.01998

  570.0   0.02000

  571.0   0.01998

  572.0   0.01996

  573.0   0.01997

  574.0   0.01991

  575.0   0.01987

  576.0   0.01985

  577.0   0.01982

  578.0   0.01979

  579.0   0.01978

  580.0   0.01973

  581.0   0.01979

  582.0   0.01975

  583.0   0.01978

  584.0   0.01982

  585.0   0.01983

  586.0   0.01982

  587.0   0.01986

  588.0   0.01985

  589.0   0.01990

  590.0   0.01991

  591.0   0.01999

  592.0   0.02002

  593.0   0.02001

  594.0   0.02004

  595.0   0.02004

  596.0   0.02007

  597.0   0.02012

  598.0   0.02022

  599.0   0.02026

  600.0   0.02034

  601.0   0.02040

  602.0   0.02053

  603.0   0.02059

  604.0   0.02067

  605.0   0.02075

  606.0   0.02080

  607.0   0.02085

  608.0   0.02089

  609.0   0.02094

  610.0   0.02099

  611.0   0.02098

  612.0   0.02103

  613.0   0.02103

  614.0   0.02103

  615.0   0.02110

  616.0   0.02119

  617.0   0.02121

  618.0   0.02121

  619.0   0.02120

  620.0   0.02126

  621.0   0.02127

  622.0   0.02124

  623.0   0.02125

  624.0   0.02130

  625.0   0.02133

  626.0   0.02135

  627.0   0.02138

  628.0   0.02142

  629.0   0.02136

  630.0   0.02141

  631.0   0.02139

  632.0   0.02140

  633.0   0.02140

  634.0   0.02139

  635.0   0.02141

  636.0   0.02140

  637.0   0.02133

  638.0   0.02131

  639.0   0.02130

  640.0   0.02129

  641.0   0.02125

  642.0   0.02127

  643.0   0.02130

  644.0   0.02130

  645.0   0.02127

  646.0   0.02131

  647.0   0.02130

  648.0   0.02135

  649.0   0.02134

  650.0   0.02136

  651.0   0.02139

  652.0   0.02137

  653.0   0.02144

  654.0   0.02142

  655.0   0.02144

  656.0   0.02146

  657.0   0.02147

  658.0   0.02153

  659.0   0.02157

  660.0   0.02157

  661.0   0.02160

  662.0   0.02164

  663.0   0.02168

  664.0   0.02171

  665.0   0.02171

  666.0   0.02172

  667.0   0.02172

  668.0   0.02174

  669.0   0.02171

  670.0   0.02170

  671.0   0.02167

  672.0   0.02169

  673.0   0.02167

  674.0   0.02164

  675.0   0.02161

  676.0   0.02165

  677.0   0.02159

  678.0   0.02159

  679.0   0.02159

  680.0   0.02163

  681.0   0.02163

  682.0   0.02161

  683.0   0.02163

  684.0   0.02163

  685.0   0.02165

  686.0   0.02165

  687.0   0.02159

  688.0   0.02160

  689.0   0.02158

  690.0   0.02156

  691.0   0.02155

  692.0   0.02157

  693.0   0.02158

  694.0   0.02157

  695.0   0.02159

  696.0   0.02158

  697.0   0.02160

  698.0   0.02155

  699.0   0.02157

  700.0   0.02153

  701.0   0.02160

  702.0   0.02162

  703.0   0.02164

  704.0   0.02162

  705.0   0.02161

  706.0   0.02159

  707.0   0.02159

  708.0   0.02162

  709.0   0.02167

  710.0   0.02171

  711.0   0.02172

  712.0   0.02174

  713.0   0.02172

  714.0   0.02174

  715.0   0.02172

  716.0   0.02174

  717.0   0.02176

  718.0   0.02179

  719.0   0.02182

  720.0   0.02183

  721.0   0.02176

  722.0   0.02182

  723.0   0.02180

  724.0   0.02182

  725.0   0.02181

  726.0   0.02181

  727.0   0.02183

  728.0   0.02182

  729.0   0.02185

  730.0   0.02181

  731.0   0.02185

  732.0   0.02179

  733.0   0.02178

  734.0   0.02183

  735.0   0.02186

  736.0   0.02217

  737.0   0.02212

  738.0   0.02217

  739.0   0.02211

  740.0   0.02206

  741.0   0.02204

  742.0   0.02197

  743.0   0.02199

  744.0   0.02199

  745.0   0.02205

  746.0   0.02203

  747.0   0.02209

  748.0   0.02208

  749.0   0.02207

  750.0   0.02204

  751.0   0.02206

  752.0   0.02209

  753.0   0.02207

  754.0   0.02199

  755.0   0.02197

  756.0   0.02185

  757.0   0.02193

  758.0   0.02192

  759.0   0.02186

  760.0   0.02190

  761.0   0.02189

  762.0   0.02177

  763.0   0.02176

  764.0   0.02176

  765.0   0.02178

  766.0   0.02177

  767.0   0.02175

  768.0   0.02175

  769.0   0.02166

  770.0   0.02169

  771.0   0.02161

  772.0   0.02154

  773.0   0.02151

  774.0   0.02155

  775.0   0.02149

  776.0   0.02147

  777.0   0.02142

  778.0   0.02140

  779.0   0.02136

  780.0   0.02131

  781.0   0.02141

  782.0   0.02180

  783.0   0.02198

  784.0   0.02223

  785.0   0.02231

  786.0   0.02238

  787.0   0.02234

  788.0   0.02224

  789.0   0.02220

  790.0   0.02210

  791.0   0.02221

  792.0   0.02226

  793.0   0.02218

  794.0   0.02211

  795.0   0.02210

  796.0   0.02208

  797.0   0.02200

  798.0   0.02197

  799.0   0.02197

  800.0   0.02192

 
