ser ID: DU600

Method ID: A:\DEFAULT

Date: 07/31/00

Time: 07:02

 200.0   2.31597

  201.0   2.78781

  202.0   2.43008

  203.0   3.17260

  204.0   3.23147

  205.0   2.68597

  206.0   2.49535

  207.0   2.25199

  208.0   2.11606

  209.0   2.06858

  210.0   1.95448

  211.0   1.91685

  212.0   1.85263

  213.0   1.78023

  214.0   1.76277

  215.0   1.73716

  216.0   1.68874

  217.0   1.65419

  218.0   1.61318

  219.0   1.58648

  220.0   1.53455

  221.0   1.48988

  222.0   1.44207

  223.0   1.39405

  224.0   1.34739

  225.0   1.29755

  226.0   1.24540

  227.0   1.20324

  228.0   1.15545

  229.0   1.11657

  230.0   1.07535

  231.0   1.04261

  232.0   1.01410

  233.0   0.98717

  234.0   0.95797

  235.0   0.93938

  236.0   0.91663

  237.0   0.89829

  238.0   0.87906

  239.0   0.85737

  240.0   0.84009

  241.0   0.82197

  242.0   0.80407

  243.0   0.78129

  244.0   0.76049

  245.0   0.73928

  246.0   0.71815

  247.0   0.69152

  248.0   0.66686

  249.0   0.64330

  250.0   0.61878

  251.0   0.59850

  252.0   0.58181

  253.0   0.56668

  254.0   0.55536

  255.0   0.54415

  256.0   0.53538

  257.0   0.52824

  258.0   0.52196

  259.0   0.51320

  260.0   0.50411

  261.0   0.49347

  262.0   0.48207

  263.0   0.47064

  264.0   0.45709

  265.0   0.44263

  266.0   0.42672

  267.0   0.41362

  268.0   0.39817

  269.0   0.38172

  270.0   0.36317

  271.0   0.34595

  272.0   0.32888

  273.0   0.31120

  274.0   0.29124

  275.0   0.27282

  276.0   0.25689

  277.0   0.24013

  278.0   0.22416

  279.0   0.21150

  280.0   0.20006

  281.0   0.18865

  282.0   0.17997

  283.0   0.17139

  284.0   0.16297

  285.0   0.15646

  286.0   0.15025

  287.0   0.14617

  288.0   0.14046

  289.0   0.13719

  290.0   0.13317

  291.0   0.13058

  292.0   0.12798

  293.0   0.12585

  294.0   0.12442

  295.0   0.12323

  296.0   0.12130

  297.0   0.12085

  298.0   0.12005

  299.0   0.11848

  300.0   0.11789

  301.0   0.11757

  302.0   0.11787

  303.0   0.11728

  304.0   0.11750

  305.0   0.11621

  306.0   0.11580

  307.0   0.11664

  308.0   0.11673

  309.0   0.11616

  310.0   0.11615

  311.0   0.11524

  312.0   0.11516

  313.0   0.11483

  314.0   0.11380

  315.0   0.11344

  316.0   0.11266

  317.0   0.11231

  318.0   0.11105

  319.0   0.10973

  320.0   0.10958

  321.0   0.10839

  322.0   0.10837

  323.0   0.10575

  324.0   0.10548

  325.0   0.10487

  326.0   0.10413

  327.0   0.10264

  328.0   0.10201

  329.0   0.09986

  330.0   0.09834

  331.0   0.09686

  332.0   0.09631

  333.0   0.09344

  334.0   0.09292

  335.0   0.09210

  336.0   0.08977

  337.0   0.08773

  338.0   0.08558

  339.0   0.08423

  340.0   0.08455

  341.0   0.08415

  342.0   0.08274

  343.0   0.08139

  344.0   0.08120

  345.0   0.08045

  346.0   0.07934

  347.0   0.07979

  348.0   0.07909

  349.0   0.07897

  350.0   0.07786

  351.0   0.07703

  352.0   0.07723

  353.0   0.07633

  354.0   0.07556

  355.0   0.07530

  356.0   0.07561

  357.0   0.07585

  358.0   0.07537

  359.0   0.07455

  360.0   0.07462

  361.0   0.07344

  362.0   0.07195

  363.0   0.07238

  364.0   0.07086

  365.0   0.07014

  366.0   0.06973

  367.0   0.06955

  368.0   0.06937

  369.0   0.06812

  370.0   0.06780

  371.0   0.06662

  372.0   0.06618

  373.0   0.06585

  374.0   0.06571

  375.0   0.06472

  376.0   0.06375

  377.0   0.06287

  378.0   0.06217

  379.0   0.06130

  380.0   0.06126

  381.0   0.06052

  382.0   0.05971

  383.0   0.05961

  384.0   0.05904

  385.0   0.05875

  386.0   0.05789

  387.0   0.05779

  388.0   0.05754

  389.0   0.05718

  390.0   0.05692

  391.0   0.05706

  392.0   0.05692

  393.0   0.05672

  394.0   0.05648

  395.0   0.05614

  396.0   0.05599

  397.0   0.05596

  398.0   0.05579

  399.0   0.05538

  400.0   0.05496

  401.0   0.05436

  402.0   0.05383

  403.0   0.05346

  404.0   0.05296

  405.0   0.05245

  406.0   0.05207

  407.0   0.05133

  408.0   0.05052

  409.0   0.04955

  410.0   0.04891

  411.0   0.04821

  412.0   0.04713

  413.0   0.04650

  414.0   0.04551

  415.0   0.04492

  416.0   0.04260

  417.0   0.04177

  418.0   0.04050

  419.0   0.03958

  420.0   0.03824

  421.0   0.03750

  422.0   0.03640

  423.0   0.03535

  424.0   0.03419

  425.0   0.03330

  426.0   0.03250

  427.0   0.03166

  428.0   0.03086

  429.0   0.03008

  430.0   0.02933

  431.0   0.02872

  432.0   0.02814

  433.0   0.02756

  434.0   0.02716

  435.0   0.02666

  436.0   0.02624

  437.0   0.02590

  438.0   0.02550

  439.0   0.02507

  440.0   0.02482

  441.0   0.02454

  442.0   0.02429

  443.0   0.02410

  444.0   0.02383

  445.0   0.02370

  446.0   0.02362

  447.0   0.02351

  448.0   0.02331

  449.0   0.02302

  450.0   0.02307

  451.0   0.02298

  452.0   0.02289

  453.0   0.02305

  454.0   0.02286

  455.0   0.02281

  456.0   0.02271

  457.0   0.02253

  458.0   0.02243

  459.0   0.02234

  460.0   0.02234

  461.0   0.02222

  462.0   0.02213

  463.0   0.02198

  464.0   0.02184

  465.0   0.02186

  466.0   0.02160

  467.0   0.02148

  468.0   0.02137

  469.0   0.02125

  470.0   0.02141

  471.0   0.02135

  472.0   0.02132

  473.0   0.02122

  474.0   0.02116

  475.0   0.02124

  476.0   0.02120

  477.0   0.02123

  478.0   0.02130

  479.0   0.02127

  480.0   0.02123

  481.0   0.02124

  482.0   0.02124

  483.0   0.02123

  484.0   0.02108

  485.0   0.02095

  486.0   0.02100

  487.0   0.02115

  488.0   0.02114

  489.0   0.02111

  490.0   0.02115

  491.0   0.02111

  492.0   0.02109

  493.0   0.02105

  494.0   0.02105

  495.0   0.02105

  496.0   0.02109

  497.0   0.02102

  498.0   0.02101

  499.0   0.02100

  500.0   0.02096

  501.0   0.02100

  502.0   0.02100

  503.0   0.02096

  504.0   0.02099

  505.0   0.02104

  506.0   0.02101

  507.0   0.02099

  508.0   0.02100

  509.0   0.02096

  510.0   0.02091

  511.0   0.02089

  512.0   0.02093

  513.0   0.02087

  514.0   0.02088

  515.0   0.02082

  516.0   0.02077

  517.0   0.02074

  518.0   0.02072

  519.0   0.02074

  520.0   0.02074

  521.0   0.02078

  522.0   0.02080

  523.0   0.02075

  524.0   0.02072

  525.0   0.02070

  526.0   0.02068

  527.0   0.02064

  528.0   0.02061

  529.0   0.02059

  530.0   0.02056

  531.0   0.02055

  532.0   0.02054

  533.0   0.02053

  534.0   0.02050

  535.0   0.02053

  536.0   0.02055

  537.0   0.02053

  538.0   0.02052

  539.0   0.02051

  540.0   0.02048

  541.0   0.02045

  542.0   0.02042

  543.0   0.02037

  544.0   0.02041

  545.0   0.02037

  546.0   0.02038

  547.0   0.02049

  548.0   0.02049

  549.0   0.02056

  550.0   0.02067

  551.0   0.02074

  552.0   0.02085

  553.0   0.02097

  554.0   0.02109

  555.0   0.02117

  556.0   0.02124

  557.0   0.02213

  558.0   0.02207

  559.0   0.02213

  560.0   0.02217

  561.0   0.02217

  562.0   0.02216

  563.0   0.02210

  564.0   0.02206

  565.0   0.02205

  566.0   0.02196

  567.0   0.02196

  568.0   0.02197

  569.0   0.02201

  570.0   0.02203

  571.0   0.02206

  572.0   0.02209

  573.0   0.02209

  574.0   0.02206

  575.0   0.02202

  576.0   0.02200

  577.0   0.02198

  578.0   0.02198

  579.0   0.02194

  580.0   0.02190

  581.0   0.02191

  582.0   0.02185

  583.0   0.02193

  584.0   0.02200

  585.0   0.02204

  586.0   0.02209

  587.0   0.02214

  588.0   0.02216

  589.0   0.02220

  590.0   0.02225

  591.0   0.02230

  592.0   0.02240

  593.0   0.02242

  594.0   0.02251

  595.0   0.02265

  596.0   0.02288

  597.0   0.02296

  598.0   0.02306

  599.0   0.02315

  600.0   0.02327

  601.0   0.02333

  602.0   0.02342

  603.0   0.02347

  604.0   0.02354

  605.0   0.02365

  606.0   0.02371

  607.0   0.02381

  608.0   0.02386

  609.0   0.02387

  610.0   0.02393

  611.0   0.02396

  612.0   0.02401

  613.0   0.02405

  614.0   0.02410

  615.0   0.02415

  616.0   0.02419

  617.0   0.02420

  618.0   0.02423

  619.0   0.02425

  620.0   0.02425

  621.0   0.02426

  622.0   0.02428

  623.0   0.02422

  624.0   0.02421

  625.0   0.02425

  626.0   0.02418

  627.0   0.02420

  628.0   0.02422

  629.0   0.02419

  630.0   0.02424

  631.0   0.02420

  632.0   0.02422

  633.0   0.02423

  634.0   0.02422

  635.0   0.02429

  636.0   0.02428

  637.0   0.02425

  638.0   0.02425

  639.0   0.02421

  640.0   0.02425

  641.0   0.02423

  642.0   0.02421

  643.0   0.02421

  644.0   0.02418

  645.0   0.02420

  646.0   0.02425

  647.0   0.02422

  648.0   0.02430

  649.0   0.02436

  650.0   0.02442

  651.0   0.02448

  652.0   0.02448

  653.0   0.02453

  654.0   0.02449

  655.0   0.02449

  656.0   0.02448

  657.0   0.02451

  658.0   0.02452

  659.0   0.02453

  660.0   0.02451

  661.0   0.02453

  662.0   0.02456

  663.0   0.02460

  664.0   0.02452

  665.0   0.02450

  666.0   0.02450

  667.0   0.02447

  668.0   0.02442

  669.0   0.02436

  670.0   0.02430

  671.0   0.02434

  672.0   0.02438

  673.0   0.02440

  674.0   0.02439

  675.0   0.02437

  676.0   0.02432

  677.0   0.02427

  678.0   0.02419

  679.0   0.02418

  680.0   0.02421

  681.0   0.02419

  682.0   0.02421

  683.0   0.02421

  684.0   0.02418

  685.0   0.02414

  686.0   0.02416

  687.0   0.02411

  688.0   0.02410

  689.0   0.02403

  690.0   0.02400

  691.0   0.02400

  692.0   0.02397

  693.0   0.02399

  694.0   0.02397

  695.0   0.02393

  696.0   0.02397

  697.0   0.02398

  698.0   0.02395

  699.0   0.02390

  700.0   0.02391

  701.0   0.02391

  702.0   0.02390

  703.0   0.02392

  704.0   0.02384

  705.0   0.02385

  706.0   0.02379

  707.0   0.02375

  708.0   0.02372

  709.0   0.02366

  710.0   0.02354

  711.0   0.02344

  712.0   0.02319

  713.0   0.02309

  714.0   0.02310

  715.0   0.02305

  716.0   0.02306

  717.0   0.02307

  718.0   0.02308

  719.0   0.02310

  720.0   0.02308

  721.0   0.02306

  722.0   0.02304

  723.0   0.02303

  724.0   0.02306

  725.0   0.02299

  726.0   0.02298

  727.0   0.02294

  728.0   0.02293

  729.0   0.02298

  730.0   0.02294

  731.0   0.02292

  732.0   0.02289

  733.0   0.02286

  734.0   0.02290

  735.0   0.02296

  736.0   0.02370

  737.0   0.02370

  738.0   0.02360

  739.0   0.02354

  740.0   0.02354

  741.0   0.02340

  742.0   0.02342

  743.0   0.02338

  744.0   0.02343

  745.0   0.02346

  746.0   0.02335

  747.0   0.02342

  748.0   0.02343

  749.0   0.02342

  750.0   0.02336

  751.0   0.02341

  752.0   0.02336

  753.0   0.02336

  754.0   0.02323

  755.0   0.02316

  756.0   0.02301

  757.0   0.02306

  758.0   0.02303

  759.0   0.02313

  760.0   0.02314

  761.0   0.02313

  762.0   0.02307

  763.0   0.02295

  764.0   0.02295

  765.0   0.02291

  766.0   0.02283

  767.0   0.02280

  768.0   0.02277

  769.0   0.02272

  770.0   0.02272

  771.0   0.02264

  772.0   0.02257

  773.0   0.02257

  774.0   0.02253

  775.0   0.02256

  776.0   0.02260

  777.0   0.02252

  778.0   0.02253

  779.0   0.02246

  780.0   0.02244

  781.0   0.02237

  782.0   0.02229

  783.0   0.02228

  784.0   0.02229

  785.0   0.02228

  786.0   0.02226

  787.0   0.02231

  788.0   0.02230

  789.0   0.02223

  790.0   0.02216

  791.0   0.02215

  792.0   0.02211

  793.0   0.02200

  794.0   0.02199

  795.0   0.02192

  796.0   0.02187

  797.0   0.02176

  798.0   0.02179

  799.0   0.02173

  800.0   0.02168

 
