ser ID: DU600

Method ID: A:\DEFAULT

Date: 07/31/00

Time: 03:24

 200.0   3.01494

  201.0   3.08884

  202.0   3.12905

  203.0   3.17260

  204.0   3.23147

  205.0   3.28803

  206.0   2.86332

  207.0   2.11936

  208.0   2.07828

  209.0   2.11780

  210.0   2.09415

  211.0   1.96569

  212.0   1.93481

  213.0   1.87270

  214.0   1.83335

  215.0   1.77806

  216.0   1.74199

  217.0   1.71747

  218.0   1.68660

  219.0   1.67331

  220.0   1.64156

  221.0   1.61847

  222.0   1.59428

  223.0   1.57925

  224.0   1.55843

  225.0   1.52480

  226.0   1.50196

  227.0   1.48767

  228.0   1.46475

  229.0   1.45973

  230.0   1.44246

  231.0   1.43735

  232.0   1.42929

  233.0   1.41248

  234.0   1.39799

  235.0   1.38130

  236.0   1.35942

  237.0   1.33244

  238.0   1.29271

  239.0   1.24532

  240.0   1.19378

  241.0   1.13642

  242.0   1.08069

  243.0   1.01868

  244.0   0.96796

  245.0   0.92179

  246.0   0.88001

  247.0   0.83735

  248.0   0.79991

  249.0   0.76816

  250.0   0.73623

  251.0   0.70533

  252.0   0.68000

  253.0   0.65518

  254.0   0.63293

  255.0   0.60879

  256.0   0.58745

  257.0   0.56890

  258.0   0.55078

  259.0   0.52965

  260.0   0.51172

  261.0   0.49403

  262.0   0.47567

  263.0   0.46020

  264.0   0.44455

  265.0   0.43032

  266.0   0.41769

  267.0   0.40656

  268.0   0.39421

  269.0   0.38350

  270.0   0.37222

  271.0   0.36180

  272.0   0.35243

  273.0   0.34200

  274.0   0.33105

  275.0   0.32059

  276.0   0.31005

  277.0   0.29806

  278.0   0.28516

  279.0   0.27388

  280.0   0.26322

  281.0   0.25112

  282.0   0.24060

  283.0   0.22883

  284.0   0.21877

  285.0   0.20803

  286.0   0.19754

  287.0   0.18762

  288.0   0.17753

  289.0   0.16963

  290.0   0.16200

  291.0   0.15546

  292.0   0.14782

  293.0   0.14111

  294.0   0.13569

  295.0   0.12954

  296.0   0.12358

  297.0   0.11877

  298.0   0.11402

  299.0   0.10956

  300.0   0.10569

  301.0   0.10208

  302.0   0.09834

  303.0   0.09592

  304.0   0.09342

  305.0   0.09035

  306.0   0.08730

  307.0   0.08541

  308.0   0.08331

  309.0   0.08120

  310.0   0.07973

  311.0   0.07740

  312.0   0.07597

  313.0   0.07551

  314.0   0.07419

  315.0   0.07359

  316.0   0.07307

  317.0   0.07301

  318.0   0.07266

  319.0   0.07242

  320.0   0.07265

  321.0   0.07260

  322.0   0.07412

  323.0   0.07460

  324.0   0.07587

  325.0   0.07774

  326.0   0.07870

  327.0   0.08015

  328.0   0.08140

  329.0   0.08261

  330.0   0.08541

  331.0   0.08646

  332.0   0.08952

  333.0   0.09107

  334.0   0.09399

  335.0   0.09658

  336.0   0.09857

  337.0   0.09962

  338.0   0.10241

  339.0   0.10411

  340.0   0.10759

  341.0   0.11034

  342.0   0.11293

  343.0   0.11471

  344.0   0.11718

  345.0   0.11950

  346.0   0.12079

  347.0   0.12416

  348.0   0.12556

  349.0   0.12768

  350.0   0.12822

  351.0   0.12945

  352.0   0.13050

  353.0   0.13021

  354.0   0.13128

  355.0   0.13179

  356.0   0.13138

  357.0   0.13073

  358.0   0.13093

  359.0   0.13041

  360.0   0.13003

  361.0   0.12892

  362.0   0.12731

  363.0   0.12590

  364.0   0.12324

  365.0   0.12149

  366.0   0.11966

  367.0   0.11724

  368.0   0.11604

  369.0   0.11334

  370.0   0.11036

  371.0   0.10751

  372.0   0.10568

  373.0   0.10328

  374.0   0.10185

  375.0   0.09969

  376.0   0.09786

  377.0   0.09486

  378.0   0.09202

  379.0   0.09051

  380.0   0.08899

  381.0   0.08709

  382.0   0.08574

  383.0   0.08381

  384.0   0.08244

  385.0   0.08030

  386.0   0.07783

  387.0   0.07589

  388.0   0.07400

  389.0   0.07300

  390.0   0.07216

  391.0   0.07047

  392.0   0.06955

  393.0   0.06876

  394.0   0.06750

  395.0   0.06664

  396.0   0.06523

  397.0   0.06428

  398.0   0.06286

  399.0   0.06206

  400.0   0.06090

  401.0   0.05964

  402.0   0.05867

  403.0   0.05797

  404.0   0.05704

  405.0   0.05629

  406.0   0.05564

  407.0   0.05517

  408.0   0.05434

  409.0   0.05331

  410.0   0.05248

  411.0   0.05180

  412.0   0.05081

  413.0   0.04989

  414.0   0.04898

  415.0   0.04854

  416.0   0.04684

  417.0   0.04569

  418.0   0.04476

  419.0   0.04398

  420.0   0.04296

  421.0   0.04243

  422.0   0.04151

  423.0   0.04072

  424.0   0.03949

  425.0   0.03862

  426.0   0.03811

  427.0   0.03742

  428.0   0.03669

  429.0   0.03576

  430.0   0.03487

  431.0   0.03418

  432.0   0.03347

  433.0   0.03276

  434.0   0.03230

  435.0   0.03168

  436.0   0.03108

  437.0   0.03069

  438.0   0.03018

  439.0   0.02955

  440.0   0.02916

  441.0   0.02875

  442.0   0.02837

  443.0   0.02797

  444.0   0.02750

  445.0   0.02711

  446.0   0.02675

  447.0   0.02650

  448.0   0.02617

  449.0   0.02570

  450.0   0.02541

  451.0   0.02529

  452.0   0.02505

  453.0   0.02505

  454.0   0.02477

  455.0   0.02440

  456.0   0.02415

  457.0   0.02380

  458.0   0.02369

  459.0   0.02334

  460.0   0.02325

  461.0   0.02304

  462.0   0.02295

  463.0   0.02271

  464.0   0.02244

  465.0   0.02237

  466.0   0.02222

  467.0   0.02220

  468.0   0.02203

  469.0   0.02182

  470.0   0.02187

  471.0   0.02176

  472.0   0.02171

  473.0   0.02151

  474.0   0.02144

  475.0   0.02136

  476.0   0.02120

  477.0   0.02111

  478.0   0.02110

  479.0   0.02105

  480.0   0.02102

  481.0   0.02108

  482.0   0.02104

  483.0   0.02097

  484.0   0.02080

  485.0   0.02065

  486.0   0.02063

  487.0   0.02079

  488.0   0.02077

  489.0   0.02067

  490.0   0.02064

  491.0   0.02050

  492.0   0.02042

  493.0   0.02036

  494.0   0.02041

  495.0   0.02045

  496.0   0.02045

  497.0   0.02041

  498.0   0.02033

  499.0   0.02033

  500.0   0.02031

  501.0   0.02038

  502.0   0.02031

  503.0   0.02033

  504.0   0.02033

  505.0   0.02030

  506.0   0.02021

  507.0   0.02014

  508.0   0.02010

  509.0   0.02008

  510.0   0.02002

  511.0   0.02008

  512.0   0.02009

  513.0   0.01999

  514.0   0.01994

  515.0   0.01989

  516.0   0.01982

  517.0   0.01984

  518.0   0.01981

  519.0   0.01984

  520.0   0.01988

  521.0   0.01990

  522.0   0.01991

  523.0   0.01988

  524.0   0.01986

  525.0   0.01983

  526.0   0.01975

  527.0   0.01977

  528.0   0.01957

  529.0   0.01959

  530.0   0.01951

  531.0   0.01952

  532.0   0.01950

  533.0   0.01950

  534.0   0.01953

  535.0   0.01960

  536.0   0.01961

  537.0   0.01951

  538.0   0.01946

  539.0   0.01942

  540.0   0.01935

  541.0   0.01931

  542.0   0.01929

  543.0   0.01926

  544.0   0.01927

  545.0   0.01929

  546.0   0.01933

  547.0   0.01937

  548.0   0.01932

  549.0   0.01939

  550.0   0.01941

  551.0   0.01944

  552.0   0.01950

  553.0   0.01963

  554.0   0.01970

  555.0   0.01979

  556.0   0.01980

  557.0   0.02022

  558.0   0.02022

  559.0   0.02030

  560.0   0.02030

  561.0   0.02035

  562.0   0.02043

  563.0   0.02040

  564.0   0.02044

  565.0   0.02044

  566.0   0.02038

  567.0   0.02042

  568.0   0.02042

  569.0   0.02046

  570.0   0.02048

  571.0   0.02045

  572.0   0.02045

  573.0   0.02048

  574.0   0.02044

  575.0   0.02035

  576.0   0.02029

  577.0   0.02028

  578.0   0.02022

  579.0   0.02021

  580.0   0.02018

  581.0   0.02020

  582.0   0.02016

  583.0   0.02020

  584.0   0.02028

  585.0   0.02029

  586.0   0.02031

  587.0   0.02033

  588.0   0.02034

  589.0   0.02039

  590.0   0.02041

  591.0   0.02049

  592.0   0.02057

  593.0   0.02059

  594.0   0.02063

  595.0   0.02066

  596.0   0.02073

  597.0   0.02080

  598.0   0.02087

  599.0   0.02091

  600.0   0.02097

  601.0   0.02104

  602.0   0.02108

  603.0   0.02118

  604.0   0.02125

  605.0   0.02133

  606.0   0.02142

  607.0   0.02151

  608.0   0.02159

  609.0   0.02166

  610.0   0.02173

  611.0   0.02176

  612.0   0.02181

  613.0   0.02181

  614.0   0.02182

  615.0   0.02190

  616.0   0.02193

  617.0   0.02194

  618.0   0.02193

  619.0   0.02193

  620.0   0.02195

  621.0   0.02195

  622.0   0.02199

  623.0   0.02198

  624.0   0.02200

  625.0   0.02203

  626.0   0.02199

  627.0   0.02201

  628.0   0.02202

  629.0   0.02198

  630.0   0.02203

  631.0   0.02203

  632.0   0.02204

  633.0   0.02201

  634.0   0.02201

  635.0   0.02206

  636.0   0.02206

  637.0   0.02202

  638.0   0.02199

  639.0   0.02200

  640.0   0.02199

  641.0   0.02198

  642.0   0.02197

  643.0   0.02203

  644.0   0.02199

  645.0   0.02197

  646.0   0.02201

  647.0   0.02198

  648.0   0.02205

  649.0   0.02208

  650.0   0.02217

  651.0   0.02218

  652.0   0.02221

  653.0   0.02226

  654.0   0.02222

  655.0   0.02218

  656.0   0.02219

  657.0   0.02219

  658.0   0.02225

  659.0   0.02230

  660.0   0.02226

  661.0   0.02229

  662.0   0.02233

  663.0   0.02239

  664.0   0.02242

  665.0   0.02243

  666.0   0.02243

  667.0   0.02244

  668.0   0.02239

  669.0   0.02238

  670.0   0.02238

  671.0   0.02241

  672.0   0.02243

  673.0   0.02247

  674.0   0.02253

  675.0   0.02252

  676.0   0.02254

  677.0   0.02248

  678.0   0.02245

  679.0   0.02244

  680.0   0.02244

  681.0   0.02246

  682.0   0.02244

  683.0   0.02249

  684.0   0.02249

  685.0   0.02252

  686.0   0.02248

  687.0   0.02248

  688.0   0.02246

  689.0   0.02242

  690.0   0.02237

  691.0   0.02239

  692.0   0.02240

  693.0   0.02241

  694.0   0.02244

  695.0   0.02245

  696.0   0.02243

  697.0   0.02247

  698.0   0.02239

  699.0   0.02241

  700.0   0.02239

  701.0   0.02237

  702.0   0.02233

  703.0   0.02236

  704.0   0.02235

  705.0   0.02232

  706.0   0.02233

  707.0   0.02230

  708.0   0.02236

  709.0   0.02238

  710.0   0.02237

  711.0   0.02237

  712.0   0.02241

  713.0   0.02241

  714.0   0.02246

  715.0   0.02242

  716.0   0.02247

  717.0   0.02248

  718.0   0.02249

  719.0   0.02248

  720.0   0.02252

  721.0   0.02247

  722.0   0.02252

  723.0   0.02251

  724.0   0.02251

  725.0   0.02246

  726.0   0.02247

  727.0   0.02239

  728.0   0.02239

  729.0   0.02243

  730.0   0.02246

  731.0   0.02249

  732.0   0.02248

  733.0   0.02249

  734.0   0.02250

  735.0   0.02253

  736.0   0.02292

  737.0   0.02281

  738.0   0.02283

  739.0   0.02283

  740.0   0.02283

  741.0   0.02278

  742.0   0.02279

  743.0   0.02281

  744.0   0.02284

  745.0   0.02284

  746.0   0.02282

  747.0   0.02285

  748.0   0.02287

  749.0   0.02283

  750.0   0.02277

  751.0   0.02288

  752.0   0.02291

  753.0   0.02288

  754.0   0.02281

  755.0   0.02279

  756.0   0.02264

  757.0   0.02269

  758.0   0.02269

  759.0   0.02262

  760.0   0.02255

  761.0   0.02260

  762.0   0.02259

  763.0   0.02253

  764.0   0.02249

  765.0   0.02246

  766.0   0.02251

  767.0   0.02243

  768.0   0.02243

  769.0   0.02235

  770.0   0.02229

  771.0   0.02221

  772.0   0.02219

  773.0   0.02223

  774.0   0.02215

  775.0   0.02210

  776.0   0.02208

  777.0   0.02206

  778.0   0.02207

  779.0   0.02205

  780.0   0.02201

  781.0   0.02190

  782.0   0.02189

  783.0   0.02187

  784.0   0.02185

  785.0   0.02190

  786.0   0.02185

  787.0   0.02187

  788.0   0.02189

  789.0   0.02185

  790.0   0.02178

  791.0   0.02173

  792.0   0.02166

  793.0   0.02167

  794.0   0.02175

  795.0   0.02165

  796.0   0.02160

  797.0   0.02143

  798.0   0.02137

  799.0   0.02124

  800.0   0.02123

 
