ser ID: DU600

Method ID: A:\DEFAULT

Date: 07/31/00

Time: 03:25

 200.0   3.01494

  201.0   3.08884

  202.0   3.12905

  203.0   3.17260

  204.0   2.62941

  205.0   2.58906

  206.0   2.43735

  207.0   2.44387

  208.0   2.28240

  209.0   2.13553

  210.0   2.14157

  211.0   2.00916

  212.0   1.90005

  213.0   1.87270

  214.0   1.83335

  215.0   1.78892

  216.0   1.75154

  217.0   1.70489

  218.0   1.69819

  219.0   1.66976

  220.0   1.64156

  221.0   1.61555

  222.0   1.58895

  223.0   1.56933

  224.0   1.55843

  225.0   1.52271

  226.0   1.50971

  227.0   1.48227

  228.0   1.47149

  229.0   1.45176

  230.0   1.43947

  231.0   1.43735

  232.0   1.42512

  233.0   1.41116

  234.0   1.39424

  235.0   1.37774

  236.0   1.35606

  237.0   1.32930

  238.0   1.28798

  239.0   1.24362

  240.0   1.19002

  241.0   1.13510

  242.0   1.07835

  243.0   1.01868

  244.0   0.96614

  245.0   0.92138

  246.0   0.87887

  247.0   0.83494

  248.0   0.80055

  249.0   0.76756

  250.0   0.73567

  251.0   0.70613

  252.0   0.68076

  253.0   0.65494

  254.0   0.63153

  255.0   0.60811

  256.0   0.58745

  257.0   0.56849

  258.0   0.55119

  259.0   0.53104

  260.0   0.51268

  261.0   0.49384

  262.0   0.47476

  263.0   0.45967

  264.0   0.44525

  265.0   0.43152

  266.0   0.41803

  267.0   0.40656

  268.0   0.39536

  269.0   0.38366

  270.0   0.37174

  271.0   0.36180

  272.0   0.35243

  273.0   0.34231

  274.0   0.33135

  275.0   0.32014

  276.0   0.30875

  277.0   0.29806

  278.0   0.28502

  279.0   0.27442

  280.0   0.26256

  281.0   0.25011

  282.0   0.23985

  283.0   0.22895

  284.0   0.21806

  285.0   0.20711

  286.0   0.19686

  287.0   0.18751

  288.0   0.17743

  289.0   0.16921

  290.0   0.16180

  291.0   0.15454

  292.0   0.14742

  293.0   0.14141

  294.0   0.13617

  295.0   0.12992

  296.0   0.12396

  297.0   0.11867

  298.0   0.11439

  299.0   0.10965

  300.0   0.10596

  301.0   0.10236

  302.0   0.09898

  303.0   0.09628

  304.0   0.09352

  305.0   0.09063

  306.0   0.08786

  307.0   0.08597

  308.0   0.08415

  309.0   0.08195

  310.0   0.08011

  311.0   0.07817

  312.0   0.07606

  313.0   0.07531

  314.0   0.07449

  315.0   0.07399

  316.0   0.07369

  317.0   0.07364

  318.0   0.07318

  319.0   0.07285

  320.0   0.07309

  321.0   0.07403

  322.0   0.07468

  323.0   0.07517

  324.0   0.07655

  325.0   0.07808

  326.0   0.08009

  327.0   0.08132

  328.0   0.08222

  329.0   0.08367

  330.0   0.08506

  331.0   0.08646

  332.0   0.08976

  333.0   0.09072

  334.0   0.09351

  335.0   0.09599

  336.0   0.09786

  337.0   0.10021

  338.0   0.10241

  339.0   0.10435

  340.0   0.10795

  341.0   0.11058

  342.0   0.11364

  343.0   0.11423

  344.0   0.11623

  345.0   0.11855

  346.0   0.12031

  347.0   0.12274

  348.0   0.12473

  349.0   0.12625

  350.0   0.12678

  351.0   0.12801

  352.0   0.12942

  353.0   0.13021

  354.0   0.13164

  355.0   0.13203

  356.0   0.13126

  357.0   0.13187

  358.0   0.13093

  359.0   0.13053

  360.0   0.13003

  361.0   0.12868

  362.0   0.12719

  363.0   0.12513

  364.0   0.12271

  365.0   0.12107

  366.0   0.11885

  367.0   0.11655

  368.0   0.11441

  369.0   0.11194

  370.0   0.10936

  371.0   0.10707

  372.0   0.10568

  373.0   0.10352

  374.0   0.10153

  375.0   0.09977

  376.0   0.09706

  377.0   0.09500

  378.0   0.09264

  379.0   0.09118

  380.0   0.08931

  381.0   0.08703

  382.0   0.08502

  383.0   0.08340

  384.0   0.08143

  385.0   0.07976

  386.0   0.07767

  387.0   0.07676

  388.0   0.07479

  389.0   0.07329

  390.0   0.07201

  391.0   0.07093

  392.0   0.06995

  393.0   0.06893

  394.0   0.06745

  395.0   0.06596

  396.0   0.06548

  397.0   0.06420

  398.0   0.06298

  399.0   0.06218

  400.0   0.06086

  401.0   0.05995

  402.0   0.05886

  403.0   0.05816

  404.0   0.05755

  405.0   0.05707

  406.0   0.05620

  407.0   0.05517

  408.0   0.05434

  409.0   0.05334

  410.0   0.05257

  411.0   0.05177

  412.0   0.05072

  413.0   0.05015

  414.0   0.04910

  415.0   0.04859

  416.0   0.04694

  417.0   0.04588

  418.0   0.04485

  419.0   0.04416

  420.0   0.04304

  421.0   0.04243

  422.0   0.04143

  423.0   0.04064

  424.0   0.03964

  425.0   0.03862

  426.0   0.03797

  427.0   0.03706

  428.0   0.03634

  429.0   0.03556

  430.0   0.03494

  431.0   0.03431

  432.0   0.03354

  433.0   0.03282

  434.0   0.03230

  435.0   0.03168

  436.0   0.03102

  437.0   0.03069

  438.0   0.03018

  439.0   0.02949

  440.0   0.02910

  441.0   0.02864

  442.0   0.02822

  443.0   0.02787

  444.0   0.02745

  445.0   0.02706

  446.0   0.02675

  447.0   0.02650

  448.0   0.02608

  449.0   0.02570

  450.0   0.02563

  451.0   0.02538

  452.0   0.02514

  453.0   0.02510

  454.0   0.02477

  455.0   0.02449

  456.0   0.02428

  457.0   0.02393

  458.0   0.02377

  459.0   0.02338

  460.0   0.02338

  461.0   0.02317

  462.0   0.02299

  463.0   0.02271

  464.0   0.02252

  465.0   0.02245

  466.0   0.02214

  467.0   0.02201

  468.0   0.02181

  469.0   0.02175

  470.0   0.02169

  471.0   0.02163

  472.0   0.02158

  473.0   0.02138

  474.0   0.02134

  475.0   0.02133

  476.0   0.02123

  477.0   0.02126

  478.0   0.02124

  479.0   0.02121

  480.0   0.02110

  481.0   0.02103

  482.0   0.02104

  483.0   0.02097

  484.0   0.02083

  485.0   0.02063

  486.0   0.02056

  487.0   0.02072

  488.0   0.02070

  489.0   0.02062

  490.0   0.02057

  491.0   0.02050

  492.0   0.02051

  493.0   0.02047

  494.0   0.02052

  495.0   0.02053

  496.0   0.02053

  497.0   0.02045

  498.0   0.02048

  499.0   0.02039

  500.0   0.02035

  501.0   0.02038

  502.0   0.02033

  503.0   0.02031

  504.0   0.02023

  505.0   0.02024

  506.0   0.02017

  507.0   0.02014

  508.0   0.02014

  509.0   0.02012

  510.0   0.02009

  511.0   0.02008

  512.0   0.02009

  513.0   0.02001

  514.0   0.01994

  515.0   0.01995

  516.0   0.01993

  517.0   0.01991

  518.0   0.01972

  519.0   0.01971

  520.0   0.01983

  521.0   0.01979

  522.0   0.01989

  523.0   0.01977

  524.0   0.01968

  525.0   0.01959

  526.0   0.01955

  527.0   0.01958

  528.0   0.01954

  529.0   0.01948

  530.0   0.01946

  531.0   0.01945

  532.0   0.01942

  533.0   0.01942

  534.0   0.01941

  535.0   0.01937

  536.0   0.01939

  537.0   0.01936

  538.0   0.01929

  539.0   0.01927

  540.0   0.01918

  541.0   0.01919

  542.0   0.01914

  543.0   0.01909

  544.0   0.01910

  545.0   0.01912

  546.0   0.01915

  547.0   0.01918

  548.0   0.01913

  549.0   0.01919

  550.0   0.01922

  551.0   0.01931

  552.0   0.01934

  553.0   0.01943

  554.0   0.01948

  555.0   0.01948

  556.0   0.01948

  557.0   0.01987

  558.0   0.01986

  559.0   0.01993

  560.0   0.01997

  561.0   0.02001

  562.0   0.01999

  563.0   0.01992

  564.0   0.01996

  565.0   0.01997

  566.0   0.01998

  567.0   0.02000

  568.0   0.01998

  569.0   0.02000

  570.0   0.02000

  571.0   0.01996

  572.0   0.01996

  573.0   0.02001

  574.0   0.01993

  575.0   0.01991

  576.0   0.01983

  577.0   0.01982

  578.0   0.01981

  579.0   0.01980

  580.0   0.01975

  581.0   0.01981

  582.0   0.01975

  583.0   0.01976

  584.0   0.01980

  585.0   0.01981

  586.0   0.01982

  587.0   0.01982

  588.0   0.01983

  589.0   0.01986

  590.0   0.01989

  591.0   0.01997

  592.0   0.02002

  593.0   0.02000

  594.0   0.02004

  595.0   0.02004

  596.0   0.02011

  597.0   0.02020

  598.0   0.02026

  599.0   0.02032

  600.0   0.02053

  601.0   0.02071

  602.0   0.02084

  603.0   0.02085

  604.0   0.02090

  605.0   0.02097

  606.0   0.02102

  607.0   0.02110

  608.0   0.02116

  609.0   0.02123

  610.0   0.02128

  611.0   0.02126

  612.0   0.02128

  613.0   0.02133

  614.0   0.02141

  615.0   0.02165

  616.0   0.02184

  617.0   0.02189

  618.0   0.02193

  619.0   0.02190

  620.0   0.02187

  621.0   0.02177

  622.0   0.02174

  623.0   0.02174

  624.0   0.02177

  625.0   0.02182

  626.0   0.02180

  627.0   0.02179

  628.0   0.02181

  629.0   0.02175

  630.0   0.02178

  631.0   0.02179

  632.0   0.02180

  633.0   0.02181

  634.0   0.02180

  635.0   0.02182

  636.0   0.02182

  637.0   0.02181

  638.0   0.02179

  639.0   0.02177

  640.0   0.02180

  641.0   0.02181

  642.0   0.02180

  643.0   0.02181

  644.0   0.02178

  645.0   0.02179

  646.0   0.02182

  647.0   0.02181

  648.0   0.02186

  649.0   0.02187

  650.0   0.02196

  651.0   0.02196

  652.0   0.02199

  653.0   0.02204

  654.0   0.02205

  655.0   0.02213

  656.0   0.02215

  657.0   0.02216

  658.0   0.02217

  659.0   0.02218

  660.0   0.02219

  661.0   0.02222

  662.0   0.02225

  663.0   0.02227

  664.0   0.02230

  665.0   0.02230

  666.0   0.02233

  667.0   0.02231

  668.0   0.02232

  669.0   0.02232

  670.0   0.02237

  671.0   0.02241

  672.0   0.02238

  673.0   0.02240

  674.0   0.02244

  675.0   0.02239

  676.0   0.02239

  677.0   0.02232

  678.0   0.02228

  679.0   0.02231

  680.0   0.02235

  681.0   0.02237

  682.0   0.02239

  683.0   0.02241

  684.0   0.02240

  685.0   0.02248

  686.0   0.02246

  687.0   0.02240

  688.0   0.02244

  689.0   0.02242

  690.0   0.02239

  691.0   0.02234

  692.0   0.02232

  693.0   0.02236

  694.0   0.02239

  695.0   0.02240

  696.0   0.02237

  697.0   0.02239

  698.0   0.02235

  699.0   0.02235

  700.0   0.02237

  701.0   0.02241

  702.0   0.02239

  703.0   0.02242

  704.0   0.02239

  705.0   0.02238

  706.0   0.02237

  707.0   0.02242

  708.0   0.02242

  709.0   0.02244

  710.0   0.02245

  711.0   0.02258

  712.0   0.02262

  713.0   0.02261

  714.0   0.02263

  715.0   0.02262

  716.0   0.02260

  717.0   0.02261

  718.0   0.02264

  719.0   0.02261

  720.0   0.02263

  721.0   0.02261

  722.0   0.02263

  723.0   0.02264

  724.0   0.02265

  725.0   0.02262

  726.0   0.02265

  727.0   0.02261

  728.0   0.02262

  729.0   0.02269

  730.0   0.02261

  731.0   0.02263

  732.0   0.02260

  733.0   0.02259

  734.0   0.02263

  735.0   0.02266

  736.0   0.02306

  737.0   0.02301

  738.0   0.02303

  739.0   0.02300

  740.0   0.02300

  741.0   0.02289

  742.0   0.02288

  743.0   0.02295

  744.0   0.02301

  745.0   0.02298

  746.0   0.02299

  747.0   0.02302

  748.0   0.02301

  749.0   0.02297

  750.0   0.02291

  751.0   0.02293

  752.0   0.02293

  753.0   0.02294

  754.0   0.02289

  755.0   0.02282

  756.0   0.02275

  757.0   0.02277

  758.0   0.02280

  759.0   0.02279

  760.0   0.02275

  761.0   0.02271

  762.0   0.02259

  763.0   0.02259

  764.0   0.02255

  765.0   0.02254

  766.0   0.02251

  767.0   0.02249

  768.0   0.02240

  769.0   0.02238

  770.0   0.02238

  771.0   0.02236

  772.0   0.02225

  773.0   0.02231

  774.0   0.02221

  775.0   0.02224

  776.0   0.02225

  777.0   0.02220

  778.0   0.02219

  779.0   0.02208

  780.0   0.02209

  781.0   0.02208

  782.0   0.02197

  783.0   0.02198

  784.0   0.02197

  785.0   0.02192

  786.0   0.02194

  787.0   0.02193

  788.0   0.02186

  789.0   0.02182

  790.0   0.02178

  791.0   0.02176

  792.0   0.02175

  793.0   0.02170

  794.0   0.02163

  795.0   0.02153

  796.0   0.02151

  797.0   0.02143

  798.0   0.02143

  799.0   0.02136

  800.0   0.02138

 
