ser ID: DU600

Method ID: A:\DEFAULT

Date: 07/31/00

Time: 03:26

 200.0   3.01494

  201.0   2.61172

  202.0   3.12905

  203.0   2.69548

  204.0   2.53250

  205.0   2.58906

  206.0   2.56229

  207.0   2.49502

  208.0   2.34454

  209.0   2.13553

  210.0   2.09415

  211.0   1.95548

  212.0   1.98259

  213.0   1.91928

  214.0   1.81460

  215.0   1.78892

  216.0   1.73265

  217.0   1.65789

  218.0   1.66433

  219.0   1.73028

  220.0   1.65783

  221.0   1.62142

  222.0   1.59697

  223.0   1.58430

  224.0   1.55151

  225.0   1.55730

  226.0   1.54009

  227.0   1.48049

  228.0   1.42794

  229.0   1.43777

  230.0   1.39821

  231.0   1.35672

  232.0   1.38172

  233.0   1.38810

  234.0   1.42652

  235.0   1.40965

  236.0   1.36737

  237.0   1.32516

  238.0   1.28329

  239.0   1.24108

  240.0   1.18703

  241.0   1.13245

  242.0   1.07894

  243.0   1.01715

  244.0   0.96433

  245.0   0.92221

  246.0   0.88076

  247.0   0.83840

  248.0   0.80151

  249.0   0.76606

  250.0   0.73454

  251.0   0.70373

  252.0   0.67771

  253.0   0.65421

  254.0   0.63223

  255.0   0.60879

  256.0   0.58810

  257.0   0.56870

  258.0   0.55037

  259.0   0.53362

  260.0   0.50714

  261.0   0.49179

  262.0   0.47385

  263.0   0.46038

  264.0   0.44351

  265.0   0.43067

  266.0   0.41921

  267.0   0.40806

  268.0   0.39834

  269.0   0.38595

  270.0   0.37431

  271.0   0.36291

  272.0   0.35399

  273.0   0.34262

  274.0   0.33151

  275.0   0.32014

  276.0   0.30918

  277.0   0.29749

  278.0   0.28571

  279.0   0.26909

  280.0   0.26022

  281.0   0.25023

  282.0   0.24234

  283.0   0.23127

  284.0   0.21877

  285.0   0.20803

  286.0   0.19777

  287.0   0.18696

  288.0   0.17764

  289.0   0.16519

  290.0   0.15847

  291.0   0.15291

  292.0   0.14682

  293.0   0.14032

  294.0   0.13549

  295.0   0.13205

  296.0   0.12587

  297.0   0.11764

  298.0   0.11336

  299.0   0.10872

  300.0   0.10559

  301.0   0.10254

  302.0   0.09981

  303.0   0.09877

  304.0   0.09656

  305.0   0.09072

  306.0   0.08620

  307.0   0.08485

  308.0   0.08247

  309.0   0.08129

  310.0   0.07954

  311.0   0.07740

  312.0   0.07606

  313.0   0.07551

  314.0   0.07489

  315.0   0.07582

  316.0   0.07761

  317.0   0.07825

  318.0   0.07234

  319.0   0.07102

  320.0   0.07265

  321.0   0.07337

  322.0   0.07502

  323.0   0.07483

  324.0   0.07610

  325.0   0.07785

  326.0   0.07905

  327.0   0.08085

  328.0   0.08198

  329.0   0.08355

  330.0   0.08529

  331.0   0.08682

  332.0   0.09047

  333.0   0.09143

  334.0   0.09375

  335.0   0.09670

  336.0   0.09726

  337.0   0.09903

  338.0   0.10182

  339.0   0.10376

  340.0   0.10747

  341.0   0.10963

  342.0   0.11222

  343.0   0.11471

  344.0   0.11659

  345.0   0.11891

  346.0   0.12055

  347.0   0.12297

  348.0   0.12414

  349.0   0.12601

  350.0   0.12678

  351.0   0.12765

  352.0   0.12918

  353.0   0.12997

  354.0   0.13055

  355.0   0.13057

  356.0   0.13053

  357.0   0.13124

  358.0   0.13031

  359.0   0.12992

  360.0   0.12944

  361.0   0.12730

  362.0   0.12528

  363.0   0.12458

  364.0   0.12206

  365.0   0.12044

  366.0   0.11875

  367.0   0.11665

  368.0   0.11556

  369.0   0.11259

  370.0   0.11009

  371.0   0.10725

  372.0   0.10526

  373.0   0.10336

  374.0   0.10177

  375.0   0.09885

  376.0   0.09603

  377.0   0.09415

  378.0   0.09182

  379.0   0.09078

  380.0   0.08912

  381.0   0.08672

  382.0   0.08472

  383.0   0.08357

  384.0   0.08188

  385.0   0.07960

  386.0   0.07767

  387.0   0.07615

  388.0   0.07450

  389.0   0.07315

  390.0   0.07216

  391.0   0.07107

  392.0   0.06969

  393.0   0.06845

  394.0   0.06728

  395.0   0.06605

  396.0   0.06527

  397.0   0.06416

  398.0   0.06286

  399.0   0.06206

  400.0   0.06066

  401.0   0.05968

  402.0   0.05883

  403.0   0.05824

  404.0   0.05755

  405.0   0.05682

  406.0   0.05596

  407.0   0.05480

  408.0   0.05437

  409.0   0.05344

  410.0   0.05251

  411.0   0.05156

  412.0   0.05066

  413.0   0.04997

  414.0   0.04907

  415.0   0.04851

  416.0   0.04665

  417.0   0.04560

  418.0   0.04458

  419.0   0.04390

  420.0   0.04296

  421.0   0.04251

  422.0   0.04159

  423.0   0.04072

  424.0   0.03972

  425.0   0.03877

  426.0   0.03811

  427.0   0.03749

  428.0   0.03655

  429.0   0.03549

  430.0   0.03487

  431.0   0.03412

  432.0   0.03354

  433.0   0.03288

  434.0   0.03224

  435.0   0.03174

  436.0   0.03108

  437.0   0.03069

  438.0   0.03018

  439.0   0.02960

  440.0   0.02916

  441.0   0.02864

  442.0   0.02816

  443.0   0.02782

  444.0   0.02745

  445.0   0.02692

  446.0   0.02670

  447.0   0.02640

  448.0   0.02608

  449.0   0.02570

  450.0   0.02550

  451.0   0.02529

  452.0   0.02509

  453.0   0.02510

  454.0   0.02468

  455.0   0.02449

  456.0   0.02420

  457.0   0.02384

  458.0   0.02365

  459.0   0.02342

  460.0   0.02329

  461.0   0.02317

  462.0   0.02299

  463.0   0.02279

  464.0   0.02260

  465.0   0.02261

  466.0   0.02230

  467.0   0.02212

  468.0   0.02185

  469.0   0.02164

  470.0   0.02169

  471.0   0.02159

  472.0   0.02148

  473.0   0.02125

  474.0   0.02122

  475.0   0.02114

  476.0   0.02102

  477.0   0.02102

  478.0   0.02107

  479.0   0.02096

  480.0   0.02091

  481.0   0.02092

  482.0   0.02086

  483.0   0.02087

  484.0   0.02073

  485.0   0.02053

  486.0   0.02054

  487.0   0.02067

  488.0   0.02065

  489.0   0.02053

  490.0   0.02051

  491.0   0.02038

  492.0   0.02038

  493.0   0.02034

  494.0   0.02037

  495.0   0.02040

  496.0   0.02042

  497.0   0.02041

  498.0   0.02040

  499.0   0.02035

  500.0   0.02023

  501.0   0.02011

  502.0   0.02017

  503.0   0.02015

  504.0   0.02011

  505.0   0.02016

  506.0   0.02025

  507.0   0.02028

  508.0   0.02024

  509.0   0.02012

  510.0   0.02004

  511.0   0.02001

  512.0   0.02001

  513.0   0.01997

  514.0   0.01998

  515.0   0.01997

  516.0   0.01992

  517.0   0.01989

  518.0   0.01985

  519.0   0.01995

  520.0   0.01996

  521.0   0.01994

  522.0   0.01996

  523.0   0.01992

  524.0   0.01988

  525.0   0.01978

  526.0   0.01975

  527.0   0.01973

  528.0   0.01968

  529.0   0.01966

  530.0   0.01957

  531.0   0.01954

  532.0   0.01954

  533.0   0.01950

  534.0   0.01953

  535.0   0.01952

  536.0   0.01954

  537.0   0.01953

  538.0   0.01952

  539.0   0.01952

  540.0   0.01945

  541.0   0.01940

  542.0   0.01933

  543.0   0.01928

  544.0   0.01925

  545.0   0.01924

  546.0   0.01923

  547.0   0.01926

  548.0   0.01924

  549.0   0.01933

  550.0   0.01939

  551.0   0.01946

  552.0   0.01950

  553.0   0.01965

  554.0   0.01974

  555.0   0.01981

  556.0   0.01974

  557.0   0.02017

  558.0   0.02012

  559.0   0.02021

  560.0   0.02023

  561.0   0.02026

  562.0   0.02033

  563.0   0.02031

  564.0   0.02021

  565.0   0.02017

  566.0   0.02016

  567.0   0.02018

  568.0   0.02018

  569.0   0.02025

  570.0   0.02026

  571.0   0.02026

  572.0   0.02028

  573.0   0.02023

  574.0   0.02015

  575.0   0.02012

  576.0   0.02010

  577.0   0.02013

  578.0   0.02014

  579.0   0.02017

  580.0   0.02016

  581.0   0.02020

  582.0   0.02016

  583.0   0.02014

  584.0   0.02024

  585.0   0.02027

  586.0   0.02027

  587.0   0.02029

  588.0   0.02034

  589.0   0.02035

  590.0   0.02037

  591.0   0.02041

  592.0   0.02048

  593.0   0.02055

  594.0   0.02055

  595.0   0.02062

  596.0   0.02064

  597.0   0.02067

  598.0   0.02076

  599.0   0.02080

  600.0   0.02084

  601.0   0.02091

  602.0   0.02103

  603.0   0.02109

  604.0   0.02116

  605.0   0.02122

  606.0   0.02127

  607.0   0.02137

  608.0   0.02144

  609.0   0.02150

  610.0   0.02155

  611.0   0.02160

  612.0   0.02165

  613.0   0.02163

  614.0   0.02166

  615.0   0.02175

  616.0   0.02184

  617.0   0.02187

  618.0   0.02189

  619.0   0.02190

  620.0   0.02194

  621.0   0.02196

  622.0   0.02201

  623.0   0.02202

  624.0   0.02203

  625.0   0.02204

  626.0   0.02197

  627.0   0.02196

  628.0   0.02197

  629.0   0.02189

  630.0   0.02195

  631.0   0.02199

  632.0   0.02200

  633.0   0.02201

  634.0   0.02202

  635.0   0.02208

  636.0   0.02203

  637.0   0.02200

  638.0   0.02192

  639.0   0.02188

  640.0   0.02187

  641.0   0.02186

  642.0   0.02186

  643.0   0.02191

  644.0   0.02188

  645.0   0.02189

  646.0   0.02194

  647.0   0.02195

  648.0   0.02198

  649.0   0.02201

  650.0   0.02213

  651.0   0.02215

  652.0   0.02211

  653.0   0.02218

  654.0   0.02215

  655.0   0.02213

  656.0   0.02217

  657.0   0.02218

  658.0   0.02225

  659.0   0.02231

  660.0   0.02231

  661.0   0.02231

  662.0   0.02233

  663.0   0.02235

  664.0   0.02239

  665.0   0.02239

  666.0   0.02241

  667.0   0.02242

  668.0   0.02242

  669.0   0.02243

  670.0   0.02244

  671.0   0.02247

  672.0   0.02250

  673.0   0.02256

  674.0   0.02256

  675.0   0.02255

  676.0   0.02264

  677.0   0.02259

  678.0   0.02257

  679.0   0.02256

  680.0   0.02260

  681.0   0.02259

  682.0   0.02259

  683.0   0.02256

  684.0   0.02253

  685.0   0.02257

  686.0   0.02259

  687.0   0.02255

  688.0   0.02255

  689.0   0.02250

  690.0   0.02248

  691.0   0.02247

  692.0   0.02249

  693.0   0.02247

  694.0   0.02246

  695.0   0.02247

  696.0   0.02251

  697.0   0.02249

  698.0   0.02243

  699.0   0.02243

  700.0   0.02241

  701.0   0.02241

  702.0   0.02241

  703.0   0.02244

  704.0   0.02237

  705.0   0.02236

  706.0   0.02239

  707.0   0.02240

  708.0   0.02244

  709.0   0.02248

  710.0   0.02243

  711.0   0.02254

  712.0   0.02258

  713.0   0.02258

  714.0   0.02261

  715.0   0.02255

  716.0   0.02260

  717.0   0.02261

  718.0   0.02260

  719.0   0.02259

  720.0   0.02263

  721.0   0.02259

  722.0   0.02261

  723.0   0.02260

  724.0   0.02260

  725.0   0.02255

  726.0   0.02256

  727.0   0.02244

  728.0   0.02246

  729.0   0.02245

  730.0   0.02241

  731.0   0.02236

  732.0   0.02238

  733.0   0.02237

  734.0   0.02243

  735.0   0.02246

  736.0   0.02283

  737.0   0.02287

  738.0   0.02280

  739.0   0.02280

  740.0   0.02277

  741.0   0.02272

  742.0   0.02274

  743.0   0.02276

  744.0   0.02272

  745.0   0.02275

  746.0   0.02273

  747.0   0.02277

  748.0   0.02278

  749.0   0.02275

  750.0   0.02274

  751.0   0.02279

  752.0   0.02279

  753.0   0.02280

  754.0   0.02272

  755.0   0.02268

  756.0   0.02258

  757.0   0.02260

  758.0   0.02263

  759.0   0.02259

  760.0   0.02255

  761.0   0.02257

  762.0   0.02254

  763.0   0.02250

  764.0   0.02247

  765.0   0.02246

  766.0   0.02246

  767.0   0.02243

  768.0   0.02240

  769.0   0.02235

  770.0   0.02235

  771.0   0.02233

  772.0   0.02225

  773.0   0.02229

  774.0   0.02224

  775.0   0.02224

  776.0   0.02222

  777.0   0.02218

  778.0   0.02219

  779.0   0.02211

  780.0   0.02206

  781.0   0.02205

  782.0   0.02200

  783.0   0.02198

  784.0   0.02194

  785.0   0.02192

  786.0   0.02188

  787.0   0.02193

  788.0   0.02189

  789.0   0.02188

  790.0   0.02178

  791.0   0.02176

  792.0   0.02172

  793.0   0.02173

  794.0   0.02175

  795.0   0.02171

  796.0   0.02175

  797.0   0.02152

  798.0   0.02158

  799.0   0.02148

  800.0   0.02138

 
