ser ID: DU600

Method ID: A:\DEFAULT

Date: 07/31/00

Time: 07:38

 200.0   3.01494

  201.0   3.08884

  202.0   2.43008

  203.0   2.47363

  204.0   3.23147

  205.0   2.68597

  206.0   2.38620

  207.0   2.25199

  208.0   2.09676

  209.0   2.08438

  210.0   1.91309

  211.0   1.86467

  212.0   1.83073

  213.0   1.82401

  214.0   1.76824

  215.0   1.77273

  216.0   1.70146

  217.0   1.66538

  218.0   1.62957

  219.0   1.59531

  220.0   1.53705

  221.0   1.50093

  222.0   1.43831

  223.0   1.38755

  224.0   1.33751

  225.0   1.28295

  226.0   1.23075

  227.0   1.18845

  228.0   1.14333

  229.0   1.09870

  230.0   1.05826

  231.0   1.02260

  232.0   0.99212

  233.0   0.96494

  234.0   0.93577

  235.0   0.91343

  236.0   0.89255

  237.0   0.87426

  238.0   0.85756

  239.0   0.83928

  240.0   0.82236

  241.0   0.80521

  242.0   0.78735

  243.0   0.76848

  244.0   0.74767

  245.0   0.72882

  246.0   0.70810

  247.0   0.68245

  248.0   0.65867

  249.0   0.63459

  250.0   0.61172

  251.0   0.59311

  252.0   0.57736

  253.0   0.56253

  254.0   0.55030

  255.0   0.53916

  256.0   0.53043

  257.0   0.52424

  258.0   0.51721

  259.0   0.50941

  260.0   0.50129

  261.0   0.49198

  262.0   0.48005

  263.0   0.46846

  264.0   0.45441

  265.0   0.44070

  266.0   0.42535

  267.0   0.41074

  268.0   0.39553

  269.0   0.37866

  270.0   0.35941

  271.0   0.34275

  272.0   0.32564

  273.0   0.30750

  274.0   0.28823

  275.0   0.27019

  276.0   0.25358

  277.0   0.23718

  278.0   0.22071

  279.0   0.20768

  280.0   0.19646

  281.0   0.18558

  282.0   0.17609

  283.0   0.16842

  284.0   0.16130

  285.0   0.15501

  286.0   0.14903

  287.0   0.14386

  288.0   0.13867

  289.0   0.13542

  290.0   0.13181

  291.0   0.12943

  292.0   0.12644

  293.0   0.12470

  294.0   0.12299

  295.0   0.12133

  296.0   0.12036

  297.0   0.12037

  298.0   0.11929

  299.0   0.11801

  300.0   0.11770

  301.0   0.11738

  302.0   0.11768

  303.0   0.11689

  304.0   0.11682

  305.0   0.11690

  306.0   0.11728

  307.0   0.11784

  308.0   0.11834

  309.0   0.11882

  310.0   0.11750

  311.0   0.11796

  312.0   0.11761

  313.0   0.11742

  314.0   0.11643

  315.0   0.11533

  316.0   0.11390

  317.0   0.11334

  318.0   0.11278

  319.0   0.11184

  320.0   0.11112

  321.0   0.11030

  322.0   0.10812

  323.0   0.10673

  324.0   0.10597

  325.0   0.10634

  326.0   0.10450

  327.0   0.10375

  328.0   0.10226

  329.0   0.09973

  330.0   0.09919

  331.0   0.09698

  332.0   0.09607

  333.0   0.09344

  334.0   0.09221

  335.0   0.09140

  336.0   0.08931

  337.0   0.08784

  338.0   0.08581

  339.0   0.08446

  340.0   0.08422

  341.0   0.08304

  342.0   0.08186

  343.0   0.07997

  344.0   0.07880

  345.0   0.07828

  346.0   0.07708

  347.0   0.07775

  348.0   0.07685

  349.0   0.07630

  350.0   0.07500

  351.0   0.07427

  352.0   0.07415

  353.0   0.07347

  354.0   0.07312

  355.0   0.07275

  356.0   0.07230

  357.0   0.07242

  358.0   0.07190

  359.0   0.07201

  360.0   0.07161

  361.0   0.07140

  362.0   0.06957

  363.0   0.06917

  364.0   0.06811

  365.0   0.06746

  366.0   0.06756

  367.0   0.06673

  368.0   0.06713

  369.0   0.06636

  370.0   0.06568

  371.0   0.06447

  372.0   0.06410

  373.0   0.06324

  374.0   0.06347

  375.0   0.06248

  376.0   0.06165

  377.0   0.06104

  378.0   0.06021

  379.0   0.06043

  380.0   0.06000

  381.0   0.05913

  382.0   0.05903

  383.0   0.05846

  384.0   0.05771

  385.0   0.05747

  386.0   0.05689

  387.0   0.05672

  388.0   0.05645

  389.0   0.05643

  390.0   0.05682

  391.0   0.05648

  392.0   0.05592

  393.0   0.05582

  394.0   0.05568

  395.0   0.05544

  396.0   0.05538

  397.0   0.05516

  398.0   0.05476

  399.0   0.05435

  400.0   0.05425

  401.0   0.05413

  402.0   0.05398

  403.0   0.05249

  404.0   0.05253

  405.0   0.05234

  406.0   0.05141

  407.0   0.05013

  408.0   0.05020

  409.0   0.05015

  410.0   0.04916

  411.0   0.04797

  412.0   0.04646

  413.0   0.04584

  414.0   0.04492

  415.0   0.04470

  416.0   0.04241

  417.0   0.04140

  418.0   0.04023

  419.0   0.03941

  420.0   0.03816

  421.0   0.03742

  422.0   0.03632

  423.0   0.03511

  424.0   0.03380

  425.0   0.03300

  426.0   0.03257

  427.0   0.03194

  428.0   0.03100

  429.0   0.03008

  430.0   0.02939

  431.0   0.02865

  432.0   0.02808

  433.0   0.02744

  434.0   0.02693

  435.0   0.02649

  436.0   0.02601

  437.0   0.02574

  438.0   0.02539

  439.0   0.02501

  440.0   0.02477

  441.0   0.02449

  442.0   0.02439

  443.0   0.02420

  444.0   0.02388

  445.0   0.02370

  446.0   0.02357

  447.0   0.02351

  448.0   0.02336

  449.0   0.02315

  450.0   0.02316

  451.0   0.02302

  452.0   0.02298

  453.0   0.02305

  454.0   0.02291

  455.0   0.02281

  456.0   0.02279

  457.0   0.02257

  458.0   0.02255

  459.0   0.02238

  460.0   0.02238

  461.0   0.02226

  462.0   0.02213

  463.0   0.02206

  464.0   0.02196

  465.0   0.02194

  466.0   0.02180

  467.0   0.02163

  468.0   0.02159

  469.0   0.02146

  470.0   0.02169

  471.0   0.02166

  472.0   0.02165

  473.0   0.02158

  474.0   0.02156

  475.0   0.02157

  476.0   0.02156

  477.0   0.02154

  478.0   0.02155

  479.0   0.02157

  480.0   0.02153

  481.0   0.02153

  482.0   0.02153

  483.0   0.02156

  484.0   0.02143

  485.0   0.02129

  486.0   0.02133

  487.0   0.02148

  488.0   0.02138

  489.0   0.02120

  490.0   0.02122

  491.0   0.02120

  492.0   0.02134

  493.0   0.02125

  494.0   0.02124

  495.0   0.02129

  496.0   0.02122

  497.0   0.02122

  498.0   0.02124

  499.0   0.02119

  500.0   0.02110

  501.0   0.02112

  502.0   0.02121

  503.0   0.02116

  504.0   0.02103

  505.0   0.02102

  506.0   0.02095

  507.0   0.02099

  508.0   0.02098

  509.0   0.02105

  510.0   0.02102

  511.0   0.02105

  512.0   0.02106

  513.0   0.02104

  514.0   0.02101

  515.0   0.02092

  516.0   0.02090

  517.0   0.02085

  518.0   0.02087

  519.0   0.02089

  520.0   0.02087

  521.0   0.02087

  522.0   0.02087

  523.0   0.02081

  524.0   0.02081

  525.0   0.02074

  526.0   0.02074

  527.0   0.02072

  528.0   0.02074

  529.0   0.02068

  530.0   0.02069

  531.0   0.02062

  532.0   0.02066

  533.0   0.02060

  534.0   0.02059

  535.0   0.02065

  536.0   0.02065

  537.0   0.02064

  538.0   0.02062

  539.0   0.02056

  540.0   0.02052

  541.0   0.02053

  542.0   0.02052

  543.0   0.02051

  544.0   0.02050

  545.0   0.02048

  546.0   0.02053

  547.0   0.02058

  548.0   0.02055

  549.0   0.02067

  550.0   0.02078

  551.0   0.02091

  552.0   0.02104

  553.0   0.02119

  554.0   0.02127

  555.0   0.02136

  556.0   0.02139

  557.0   0.02220

  558.0   0.02216

  559.0   0.02218

  560.0   0.02221

  561.0   0.02221

  562.0   0.02221

  563.0   0.02220

  564.0   0.02217

  565.0   0.02223

  566.0   0.02214

  567.0   0.02214

  568.0   0.02213

  569.0   0.02209

  570.0   0.02212

  571.0   0.02215

  572.0   0.02218

  573.0   0.02220

  574.0   0.02216

  575.0   0.02212

  576.0   0.02207

  577.0   0.02205

  578.0   0.02200

  579.0   0.02202

  580.0   0.02198

  581.0   0.02203

  582.0   0.02197

  583.0   0.02205

  584.0   0.02210

  585.0   0.02210

  586.0   0.02215

  587.0   0.02222

  588.0   0.02226

  589.0   0.02233

  590.0   0.02241

  591.0   0.02250

  592.0   0.02257

  593.0   0.02259

  594.0   0.02266

  595.0   0.02271

  596.0   0.02279

  597.0   0.02284

  598.0   0.02293

  599.0   0.02300

  600.0   0.02309

  601.0   0.02313

  602.0   0.02325

  603.0   0.02329

  604.0   0.02335

  605.0   0.02343

  606.0   0.02349

  607.0   0.02356

  608.0   0.02364

  609.0   0.02371

  610.0   0.02373

  611.0   0.02377

  612.0   0.02383

  613.0   0.02385

  614.0   0.02385

  615.0   0.02392

  616.0   0.02396

  617.0   0.02403

  618.0   0.02400

  619.0   0.02402

  620.0   0.02406

  621.0   0.02403

  622.0   0.02403

  623.0   0.02404

  624.0   0.02403

  625.0   0.02406

  626.0   0.02402

  627.0   0.02402

  628.0   0.02404

  629.0   0.02400

  630.0   0.02402

  631.0   0.02398

  632.0   0.02400

  633.0   0.02397

  634.0   0.02398

  635.0   0.02400

  636.0   0.02404

  637.0   0.02403

  638.0   0.02403

  639.0   0.02402

  640.0   0.02399

  641.0   0.02397

  642.0   0.02399

  643.0   0.02399

  644.0   0.02397

  645.0   0.02398

  646.0   0.02401

  647.0   0.02402

  648.0   0.02407

  649.0   0.02408

  650.0   0.02419

  651.0   0.02420

  652.0   0.02426

  653.0   0.02428

  654.0   0.02425

  655.0   0.02423

  656.0   0.02424

  657.0   0.02423

  658.0   0.02426

  659.0   0.02429

  660.0   0.02423

  661.0   0.02425

  662.0   0.02428

  663.0   0.02428

  664.0   0.02429

  665.0   0.02428

  666.0   0.02427

  667.0   0.02426

  668.0   0.02421

  669.0   0.02419

  670.0   0.02416

  671.0   0.02416

  672.0   0.02416

  673.0   0.02415

  674.0   0.02415

  675.0   0.02408

  676.0   0.02411

  677.0   0.02405

  678.0   0.02404

  679.0   0.02400

  680.0   0.02400

  681.0   0.02399

  682.0   0.02396

  683.0   0.02397

  684.0   0.02394

  685.0   0.02399

  686.0   0.02394

  687.0   0.02391

  688.0   0.02391

  689.0   0.02384

  690.0   0.02381

  691.0   0.02379

  692.0   0.02376

  693.0   0.02375

  694.0   0.02369

  695.0   0.02366

  696.0   0.02367

  697.0   0.02363

  698.0   0.02362

  699.0   0.02360

  700.0   0.02355

  701.0   0.02356

  702.0   0.02355

  703.0   0.02360

  704.0   0.02353

  705.0   0.02347

  706.0   0.02346

  707.0   0.02347

  708.0   0.02347

  709.0   0.02349

  710.0   0.02350

  711.0   0.02352

  712.0   0.02355

  713.0   0.02354

  714.0   0.02353

  715.0   0.02352

  716.0   0.02349

  717.0   0.02353

  718.0   0.02352

  719.0   0.02348

  720.0   0.02343

  721.0   0.02342

  722.0   0.02343

  723.0   0.02342

  724.0   0.02341

  725.0   0.02336

  726.0   0.02333

  727.0   0.02329

  728.0   0.02329

  729.0   0.02327

  730.0   0.02321

  731.0   0.02324

  732.0   0.02324

  733.0   0.02323

  734.0   0.02330

  735.0   0.02331

  736.0   0.02416

  737.0   0.02413

  738.0   0.02403

  739.0   0.02400

  740.0   0.02399

  741.0   0.02389

  742.0   0.02390

  743.0   0.02383

  744.0   0.02383

  745.0   0.02377

  746.0   0.02372

  747.0   0.02376

  748.0   0.02374

  749.0   0.02368

  750.0   0.02359

  751.0   0.02367

  752.0   0.02364

  753.0   0.02361

  754.0   0.02357

  755.0   0.02349

  756.0   0.02337

  757.0   0.02339

  758.0   0.02339

  759.0   0.02333

  760.0   0.02329

  761.0   0.02325

  762.0   0.02316

  763.0   0.02313

  764.0   0.02309

  765.0   0.02309

  766.0   0.02305

  767.0   0.02306

  768.0   0.02303

  769.0   0.02301

  770.0   0.02301

  771.0   0.02296

  772.0   0.02283

  773.0   0.02283

  774.0   0.02278

  775.0   0.02276

  776.0   0.02280

  777.0   0.02275

  778.0   0.02274

  779.0   0.02269

  780.0   0.02265

  781.0   0.02260

  782.0   0.02256

  783.0   0.02254

  784.0   0.02253

  785.0   0.02248

  786.0   0.02247

  787.0   0.02246

  788.0   0.02245

  789.0   0.02241

  790.0   0.02240

  791.0   0.02242

  792.0   0.02232

  793.0   0.02227

  794.0   0.02226

  795.0   0.02222

  796.0   0.02214

  797.0   0.02203

  798.0   0.02206

  799.0   0.02197

  800.0   0.02192

 
