ser ID: DU600

Method ID: A:\DEFAULT

Date: 07/31/00

Time: 03:27

 200.0   3.01494

  201.0   3.08884

  202.0   3.12905

  203.0   3.17260

  204.0   2.75435

  205.0   2.38494

  206.0   2.34044

  207.0   2.19399

  208.0   2.15746

  209.0   2.19352

  210.0   2.03803

  211.0   2.02074

  212.0   1.93481

  213.0   1.90319

  214.0   1.82701

  215.0   1.78892

  216.0   1.75154

  217.0   1.70077

  218.0   1.68281

  219.0   1.66625

  220.0   1.64800

  221.0   1.62438

  222.0   1.59697

  223.0   1.57179

  224.0   1.54923

  225.0   1.52689

  226.0   1.51167

  227.0   1.48227

  228.0   1.46475

  229.0   1.44861

  230.0   1.43354

  231.0   1.42026

  232.0   1.41690

  233.0   1.40076

  234.0   1.38684

  235.0   1.37070

  236.0   1.34941

  237.0   1.31597

  238.0   1.28143

  239.0   1.23273

  240.0   1.18480

  241.0   1.12786

  242.0   1.07487

  243.0   1.01361

  244.0   0.96388

  245.0   0.91932

  246.0   0.87624

  247.0   0.83390

  248.0   0.79830

  249.0   0.76487

  250.0   0.73369

  251.0   0.70373

  252.0   0.67745

  253.0   0.65372

  254.0   0.63107

  255.0   0.60789

  256.0   0.58853

  257.0   0.56849

  258.0   0.55098

  259.0   0.52985

  260.0   0.51230

  261.0   0.49515

  262.0   0.47676

  263.0   0.46074

  264.0   0.44490

  265.0   0.43169

  266.0   0.41853

  267.0   0.40622

  268.0   0.39487

  269.0   0.38350

  270.0   0.37206

  271.0   0.36228

  272.0   0.35289

  273.0   0.34231

  274.0   0.33105

  275.0   0.31955

  276.0   0.30875

  277.0   0.29594

  278.0   0.28297

  279.0   0.27201

  280.0   0.26126

  281.0   0.24909

  282.0   0.23849

  283.0   0.22823

  284.0   0.21735

  285.0   0.20653

  286.0   0.19584

  287.0   0.18696

  288.0   0.17667

  289.0   0.16900

  290.0   0.16127

  291.0   0.15383

  292.0   0.14661

  293.0   0.14012

  294.0   0.13481

  295.0   0.12896

  296.0   0.12396

  297.0   0.11877

  298.0   0.11476

  299.0   0.10993

  300.0   0.10624

  301.0   0.10282

  302.0   0.09990

  303.0   0.09702

  304.0   0.09416

  305.0   0.09063

  306.0   0.08786

  307.0   0.08597

  308.0   0.08452

  309.0   0.08233

  310.0   0.08049

  311.0   0.07904

  312.0   0.07791

  313.0   0.07639

  314.0   0.07558

  315.0   0.07491

  316.0   0.07410

  317.0   0.07416

  318.0   0.07393

  319.0   0.07382

  320.0   0.07287

  321.0   0.07348

  322.0   0.07548

  323.0   0.07552

  324.0   0.07655

  325.0   0.07808

  326.0   0.07974

  327.0   0.08109

  328.0   0.08281

  329.0   0.08402

  330.0   0.08576

  331.0   0.08694

  332.0   0.08999

  333.0   0.09095

  334.0   0.09304

  335.0   0.09670

  336.0   0.09691

  337.0   0.09915

  338.0   0.10159

  339.0   0.10411

  340.0   0.10700

  341.0   0.10916

  342.0   0.11246

  343.0   0.11412

  344.0   0.11564

  345.0   0.11772

  346.0   0.11913

  347.0   0.12202

  348.0   0.12342

  349.0   0.12470

  350.0   0.12583

  351.0   0.12646

  352.0   0.12822

  353.0   0.12901

  354.0   0.12995

  355.0   0.13106

  356.0   0.13078

  357.0   0.13060

  358.0   0.12982

  359.0   0.12920

  360.0   0.12885

  361.0   0.12753

  362.0   0.12584

  363.0   0.12436

  364.0   0.12260

  365.0   0.12065

  366.0   0.11845

  367.0   0.11665

  368.0   0.11460

  369.0   0.11185

  370.0   0.10927

  371.0   0.10672

  372.0   0.10501

  373.0   0.10222

  374.0   0.10075

  375.0   0.09862

  376.0   0.09633

  377.0   0.09380

  378.0   0.09121

  379.0   0.08979

  380.0   0.08829

  381.0   0.08647

  382.0   0.08436

  383.0   0.08271

  384.0   0.08087

  385.0   0.07889

  386.0   0.07736

  387.0   0.07635

  388.0   0.07524

  389.0   0.07358

  390.0   0.07244

  391.0   0.07125

  392.0   0.06987

  393.0   0.06871

  394.0   0.06706

  395.0   0.06601

  396.0   0.06498

  397.0   0.06408

  398.0   0.06282

  399.0   0.06198

  400.0   0.06043

  401.0   0.05948

  402.0   0.05863

  403.0   0.05805

  404.0   0.05704

  405.0   0.05650

  406.0   0.05575

  407.0   0.05486

  408.0   0.05418

  409.0   0.05321

  410.0   0.05251

  411.0   0.05165

  412.0   0.05072

  413.0   0.04980

  414.0   0.04901

  415.0   0.04857

  416.0   0.04684

  417.0   0.04588

  418.0   0.04467

  419.0   0.04390

  420.0   0.04287

  421.0   0.04226

  422.0   0.04135

  423.0   0.04048

  424.0   0.03941

  425.0   0.03869

  426.0   0.03797

  427.0   0.03735

  428.0   0.03648

  429.0   0.03562

  430.0   0.03494

  431.0   0.03424

  432.0   0.03354

  433.0   0.03288

  434.0   0.03224

  435.0   0.03168

  436.0   0.03108

  437.0   0.03052

  438.0   0.03001

  439.0   0.02933

  440.0   0.02895

  441.0   0.02844

  442.0   0.02811

  443.0   0.02777

  444.0   0.02740

  445.0   0.02701

  446.0   0.02679

  447.0   0.02645

  448.0   0.02612

  449.0   0.02584

  450.0   0.02559

  451.0   0.02534

  452.0   0.02509

  453.0   0.02510

  454.0   0.02481

  455.0   0.02440

  456.0   0.02420

  457.0   0.02384

  458.0   0.02365

  459.0   0.02342

  460.0   0.02329

  461.0   0.02317

  462.0   0.02290

  463.0   0.02271

  464.0   0.02248

  465.0   0.02249

  466.0   0.02222

  467.0   0.02201

  468.0   0.02181

  469.0   0.02168

  470.0   0.02173

  471.0   0.02159

  472.0   0.02148

  473.0   0.02132

  474.0   0.02125

  475.0   0.02124

  476.0   0.02114

  477.0   0.02111

  478.0   0.02119

  479.0   0.02110

  480.0   0.02107

  481.0   0.02100

  482.0   0.02098

  483.0   0.02092

  484.0   0.02075

  485.0   0.02070

  486.0   0.02068

  487.0   0.02065

  488.0   0.02058

  489.0   0.02048

  490.0   0.02046

  491.0   0.02047

  492.0   0.02044

  493.0   0.02032

  494.0   0.02032

  495.0   0.02032

  496.0   0.02027

  497.0   0.02028

  498.0   0.02029

  499.0   0.02023

  500.0   0.02019

  501.0   0.02017

  502.0   0.02015

  503.0   0.02013

  504.0   0.02015

  505.0   0.02018

  506.0   0.02011

  507.0   0.02006

  508.0   0.02006

  509.0   0.02000

  510.0   0.02000

  511.0   0.01993

  512.0   0.02001

  513.0   0.02001

  514.0   0.02000

  515.0   0.02001

  516.0   0.01992

  517.0   0.01989

  518.0   0.01987

  519.0   0.01986

  520.0   0.01985

  521.0   0.01987

  522.0   0.01989

  523.0   0.01986

  524.0   0.01981

  525.0   0.01972

  526.0   0.01970

  527.0   0.01966

  528.0   0.01963

  529.0   0.01961

  530.0   0.01955

  531.0   0.01952

  532.0   0.01950

  533.0   0.01950

  534.0   0.01949

  535.0   0.01950

  536.0   0.01948

  537.0   0.01943

  538.0   0.01944

  539.0   0.01940

  540.0   0.01933

  541.0   0.01929

  542.0   0.01925

  543.0   0.01922

  544.0   0.01924

  545.0   0.01922

  546.0   0.01925

  547.0   0.01930

  548.0   0.01926

  549.0   0.01929

  550.0   0.01934

  551.0   0.01940

  552.0   0.01948

  553.0   0.01953

  554.0   0.01960

  555.0   0.01973

  556.0   0.01976

  557.0   0.02003

  558.0   0.02003

  559.0   0.02004

  560.0   0.02009

  561.0   0.02012

  562.0   0.02015

  563.0   0.02015

  564.0   0.02014

  565.0   0.02017

  566.0   0.02009

  567.0   0.02011

  568.0   0.02011

  569.0   0.02014

  570.0   0.02006

  571.0   0.02009

  572.0   0.02007

  573.0   0.02010

  574.0   0.02008

  575.0   0.02003

  576.0   0.01999

  577.0   0.01997

  578.0   0.01997

  579.0   0.01998

  580.0   0.01987

  581.0   0.01998

  582.0   0.01995

  583.0   0.01996

  584.0   0.02000

  585.0   0.01999

  586.0   0.02005

  587.0   0.02005

  588.0   0.02007

  589.0   0.02008

  590.0   0.02012

  591.0   0.02016

  592.0   0.02023

  593.0   0.02021

  594.0   0.02021

  595.0   0.02028

  596.0   0.02036

  597.0   0.02040

  598.0   0.02046

  599.0   0.02054

  600.0   0.02060

  601.0   0.02065

  602.0   0.02073

  603.0   0.02076

  604.0   0.02081

  605.0   0.02092

  606.0   0.02096

  607.0   0.02105

  608.0   0.02107

  609.0   0.02114

  610.0   0.02115

  611.0   0.02123

  612.0   0.02129

  613.0   0.02133

  614.0   0.02134

  615.0   0.02140

  616.0   0.02142

  617.0   0.02143

  618.0   0.02140

  619.0   0.02137

  620.0   0.02134

  621.0   0.02132

  622.0   0.02138

  623.0   0.02139

  624.0   0.02142

  625.0   0.02145

  626.0   0.02146

  627.0   0.02148

  628.0   0.02154

  629.0   0.02153

  630.0   0.02157

  631.0   0.02153

  632.0   0.02156

  633.0   0.02160

  634.0   0.02160

  635.0   0.02160

  636.0   0.02158

  637.0   0.02151

  638.0   0.02151

  639.0   0.02152

  640.0   0.02155

  641.0   0.02164

  642.0   0.02180

  643.0   0.02186

  644.0   0.02187

  645.0   0.02189

  646.0   0.02192

  647.0   0.02196

  648.0   0.02203

  649.0   0.02199

  650.0   0.02203

  651.0   0.02201

  652.0   0.02197

  653.0   0.02204

  654.0   0.02208

  655.0   0.02211

  656.0   0.02208

  657.0   0.02209

  658.0   0.02218

  659.0   0.02223

  660.0   0.02226

  661.0   0.02229

  662.0   0.02228

  663.0   0.02228

  664.0   0.02228

  665.0   0.02232

  666.0   0.02236

  667.0   0.02238

  668.0   0.02234

  669.0   0.02231

  670.0   0.02229

  671.0   0.02233

  672.0   0.02232

  673.0   0.02234

  674.0   0.02235

  675.0   0.02234

  676.0   0.02234

  677.0   0.02226

  678.0   0.02223

  679.0   0.02219

  680.0   0.02224

  681.0   0.02227

  682.0   0.02228

  683.0   0.02232

  684.0   0.02232

  685.0   0.02239

  686.0   0.02239

  687.0   0.02235

  688.0   0.02231

  689.0   0.02229

  690.0   0.02227

  691.0   0.02226

  692.0   0.02230

  693.0   0.02232

  694.0   0.02231

  695.0   0.02234

  696.0   0.02235

  697.0   0.02239

  698.0   0.02241

  699.0   0.02243

  700.0   0.02245

  701.0   0.02243

  702.0   0.02241

  703.0   0.02244

  704.0   0.02241

  705.0   0.02236

  706.0   0.02237

  707.0   0.02240

  708.0   0.02242

  709.0   0.02246

  710.0   0.02243

  711.0   0.02245

  712.0   0.02245

  713.0   0.02250

  714.0   0.02250

  715.0   0.02251

  716.0   0.02254

  717.0   0.02255

  718.0   0.02253

  719.0   0.02255

  720.0   0.02261

  721.0   0.02256

  722.0   0.02259

  723.0   0.02257

  724.0   0.02258

  725.0   0.02255

  726.0   0.02254

  727.0   0.02251

  728.0   0.02248

  729.0   0.02250

  730.0   0.02246

  731.0   0.02249

  732.0   0.02245

  733.0   0.02242

  734.0   0.02250

  735.0   0.02253

  736.0   0.02277

  737.0   0.02281

  738.0   0.02277

  739.0   0.02274

  740.0   0.02271

  741.0   0.02269

  742.0   0.02268

  743.0   0.02270

  744.0   0.02270

  745.0   0.02270

  746.0   0.02268

  747.0   0.02268

  748.0   0.02273

  749.0   0.02272

  750.0   0.02266

  751.0   0.02265

  752.0   0.02265

  753.0   0.02271

  754.0   0.02269

  755.0   0.02265

  756.0   0.02250

  757.0   0.02260

  758.0   0.02266

  759.0   0.02262

  760.0   0.02258

  761.0   0.02260

  762.0   0.02254

  763.0   0.02242

  764.0   0.02241

  765.0   0.02237

  766.0   0.02234

  767.0   0.02237

  768.0   0.02234

  769.0   0.02238

  770.0   0.02238

  771.0   0.02227

  772.0   0.02225

  773.0   0.02220

  774.0   0.02212

  775.0   0.02213

  776.0   0.02211

  777.0   0.02209

  778.0   0.02210

  779.0   0.02202

  780.0   0.02195

  781.0   0.02196

  782.0   0.02186

  783.0   0.02181

  784.0   0.02185

  785.0   0.02181

  786.0   0.02182

  787.0   0.02184

  788.0   0.02189

  789.0   0.02185

  790.0   0.02178

  791.0   0.02182

  792.0   0.02163

  793.0   0.02164

  794.0   0.02154

  795.0   0.02144

  796.0   0.02124

  797.0   0.02104

  798.0   0.02113

  799.0   0.02118

  800.0   0.02126

 
