ser ID: DU600

Method ID: A:\DEFAULT

Date: 07/31/00

Time: 07:50

 200.0   2.53782

  201.0   3.08884

  202.0   3.12905

  203.0   3.17260

  204.0   2.53250

  205.0   2.44293

  206.0   2.73838

  207.0   2.25199

  208.0   2.11606

  209.0   2.02438

  210.0   1.96548

  211.0   1.88137

  212.0   1.82366

  213.0   1.77432

  214.0   1.73644

  215.0   1.72751

  216.0   1.69718

  217.0   1.66538

  218.0   1.62624

  219.0   1.57498

  220.0   1.53705

  221.0   1.48770

  222.0   1.42905

  223.0   1.38114

  224.0   1.33196

  225.0   1.28057

  226.0   1.23075

  227.0   1.18124

  228.0   1.13465

  229.0   1.09382

  230.0   1.05210

  231.0   1.01594

  232.0   0.98604

  233.0   0.95701

  234.0   0.93017

  235.0   0.90818

  236.0   0.88720

  237.0   0.87026

  238.0   0.85269

  239.0   0.83232

  240.0   0.81661

  241.0   0.79874

  242.0   0.78290

  243.0   0.76307

  244.0   0.74466

  245.0   0.72486

  246.0   0.70455

  247.0   0.68003

  248.0   0.65589

  249.0   0.63194

  250.0   0.61002

  251.0   0.59023

  252.0   0.57415

  253.0   0.56018

  254.0   0.54817

  255.0   0.53763

  256.0   0.53005

  257.0   0.52311

  258.0   0.51835

  259.0   0.51017

  260.0   0.50073

  261.0   0.49142

  262.0   0.47931

  263.0   0.46629

  264.0   0.45299

  265.0   0.44000

  266.0   0.42500

  267.0   0.41058

  268.0   0.39470

  269.0   0.37866

  270.0   0.35988

  271.0   0.34245

  272.0   0.32490

  273.0   0.30708

  274.0   0.28714

  275.0   0.26914

  276.0   0.25168

  277.0   0.23644

  278.0   0.21977

  279.0   0.20711

  280.0   0.19635

  281.0   0.18416

  282.0   0.17588

  283.0   0.16736

  284.0   0.16005

  285.0   0.15378

  286.0   0.14772

  287.0   0.14376

  288.0   0.13818

  289.0   0.13493

  290.0   0.13152

  291.0   0.12943

  292.0   0.12616

  293.0   0.12432

  294.0   0.12309

  295.0   0.12199

  296.0   0.12102

  297.0   0.11999

  298.0   0.11929

  299.0   0.11839

  300.0   0.11770

  301.0   0.11757

  302.0   0.11729

  303.0   0.11766

  304.0   0.11818

  305.0   0.11778

  306.0   0.11768

  307.0   0.11854

  308.0   0.11895

  309.0   0.11861

  310.0   0.11874

  311.0   0.11775

  312.0   0.11718

  313.0   0.11699

  314.0   0.11665

  315.0   0.11633

  316.0   0.11559

  317.0   0.11494

  318.0   0.11348

  319.0   0.11184

  320.0   0.11112

  321.0   0.11054

  322.0   0.10886

  323.0   0.10759

  324.0   0.10622

  325.0   0.10585

  326.0   0.10487

  327.0   0.10412

  328.0   0.10312

  329.0   0.10071

  330.0   0.09944

  331.0   0.09759

  332.0   0.09679

  333.0   0.09368

  334.0   0.09245

  335.0   0.09152

  336.0   0.08907

  337.0   0.08738

  338.0   0.08547

  339.0   0.08423

  340.0   0.08354

  341.0   0.08193

  342.0   0.08142

  343.0   0.07964

  344.0   0.07847

  345.0   0.07785

  346.0   0.07730

  347.0   0.07689

  348.0   0.07621

  349.0   0.07598

  350.0   0.07478

  351.0   0.07332

  352.0   0.07288

  353.0   0.07273

  354.0   0.07196

  355.0   0.07169

  356.0   0.07187

  357.0   0.07143

  358.0   0.07104

  359.0   0.07148

  360.0   0.07140

  361.0   0.07049

  362.0   0.06927

  363.0   0.06878

  364.0   0.06754

  365.0   0.06728

  366.0   0.06684

  367.0   0.06621

  368.0   0.06636

  369.0   0.06602

  370.0   0.06502

  371.0   0.06384

  372.0   0.06387

  373.0   0.06287

  374.0   0.06304

  375.0   0.06199

  376.0   0.06132

  377.0   0.06084

  378.0   0.06008

  379.0   0.05957

  380.0   0.05946

  381.0   0.05890

  382.0   0.05841

  383.0   0.05819

  384.0   0.05771

  385.0   0.05705

  386.0   0.05684

  387.0   0.05687

  388.0   0.05668

  389.0   0.05630

  390.0   0.05632

  391.0   0.05626

  392.0   0.05574

  393.0   0.05586

  394.0   0.05559

  395.0   0.05531

  396.0   0.05563

  397.0   0.05532

  398.0   0.05523

  399.0   0.05487

  400.0   0.05445

  401.0   0.05374

  402.0   0.05345

  403.0   0.05305

  404.0   0.05271

  405.0   0.05220

  406.0   0.05183

  407.0   0.05093

  408.0   0.05036

  409.0   0.04939

  410.0   0.04876

  411.0   0.04797

  412.0   0.04695

  413.0   0.04647

  414.0   0.04548

  415.0   0.04498

  416.0   0.04251

  417.0   0.04140

  418.0   0.04032

  419.0   0.03932

  420.0   0.03807

  421.0   0.03734

  422.0   0.03600

  423.0   0.03519

  424.0   0.03403

  425.0   0.03315

  426.0   0.03250

  427.0   0.03166

  428.0   0.03072

  429.0   0.02995

  430.0   0.02926

  431.0   0.02853

  432.0   0.02783

  433.0   0.02731

  434.0   0.02687

  435.0   0.02649

  436.0   0.02590

  437.0   0.02568

  438.0   0.02528

  439.0   0.02491

  440.0   0.02461

  441.0   0.02438

  442.0   0.02424

  443.0   0.02410

  444.0   0.02388

  445.0   0.02370

  446.0   0.02357

  447.0   0.02355

  448.0   0.02331

  449.0   0.02320

  450.0   0.02316

  451.0   0.02316

  452.0   0.02307

  453.0   0.02318

  454.0   0.02308

  455.0   0.02286

  456.0   0.02279

  457.0   0.02261

  458.0   0.02255

  459.0   0.02246

  460.0   0.02250

  461.0   0.02234

  462.0   0.02225

  463.0   0.02210

  464.0   0.02188

  465.0   0.02194

  466.0   0.02172

  467.0   0.02167

  468.0   0.02159

  469.0   0.02146

  470.0   0.02162

  471.0   0.02156

  472.0   0.02145

  473.0   0.02132

  474.0   0.02131

  475.0   0.02145

  476.0   0.02138

  477.0   0.02140

  478.0   0.02147

  479.0   0.02146

  480.0   0.02145

  481.0   0.02142

  482.0   0.02145

  483.0   0.02143

  484.0   0.02135

  485.0   0.02117

  486.0   0.02117

  487.0   0.02136

  488.0   0.02136

  489.0   0.02129

  490.0   0.02131

  491.0   0.02129

  492.0   0.02132

  493.0   0.02127

  494.0   0.02129

  495.0   0.02129

  496.0   0.02126

  497.0   0.02126

  498.0   0.02128

  499.0   0.02125

  500.0   0.02125

  501.0   0.02128

  502.0   0.02125

  503.0   0.02122

  504.0   0.02118

  505.0   0.02118

  506.0   0.02115

  507.0   0.02113

  508.0   0.02120

  509.0   0.02113

  510.0   0.02110

  511.0   0.02109

  512.0   0.02106

  513.0   0.02104

  514.0   0.02103

  515.0   0.02099

  516.0   0.02092

  517.0   0.02091

  518.0   0.02087

  519.0   0.02093

  520.0   0.02095

  521.0   0.02095

  522.0   0.02097

  523.0   0.02096

  524.0   0.02088

  525.0   0.02082

  526.0   0.02077

  527.0   0.02077

  528.0   0.02072

  529.0   0.02074

  530.0   0.02076

  531.0   0.02069

  532.0   0.02067

  533.0   0.02064

  534.0   0.02065

  535.0   0.02065

  536.0   0.02067

  537.0   0.02066

  538.0   0.02066

  539.0   0.02066

  540.0   0.02063

  541.0   0.02062

  542.0   0.02059

  543.0   0.02053

  544.0   0.02058

  545.0   0.02060

  546.0   0.02061

  547.0   0.02068

  548.0   0.02068

  549.0   0.02077

  550.0   0.02082

  551.0   0.02093

  552.0   0.02104

  553.0   0.02119

  554.0   0.02131

  555.0   0.02140

  556.0   0.02145

  557.0   0.02229

  558.0   0.02226

  559.0   0.02227

  560.0   0.02228

  561.0   0.02231

  562.0   0.02232

  563.0   0.02233

  564.0   0.02233

  565.0   0.02232

  566.0   0.02225

  567.0   0.02226

  568.0   0.02226

  569.0   0.02229

  570.0   0.02227

  571.0   0.02226

  572.0   0.02224

  573.0   0.02228

  574.0   0.02223

  575.0   0.02221

  576.0   0.02217

  577.0   0.02215

  578.0   0.02214

  579.0   0.02216

  580.0   0.02214

  581.0   0.02219

  582.0   0.02215

  583.0   0.02219

  584.0   0.02226

  585.0   0.02224

  586.0   0.02233

  587.0   0.02237

  588.0   0.02238

  589.0   0.02241

  590.0   0.02249

  591.0   0.02257

  592.0   0.02265

  593.0   0.02269

  594.0   0.02276

  595.0   0.02282

  596.0   0.02292

  597.0   0.02294

  598.0   0.02298

  599.0   0.02307

  600.0   0.02312

  601.0   0.02320

  602.0   0.02333

  603.0   0.02336

  604.0   0.02348

  605.0   0.02357

  606.0   0.02361

  607.0   0.02370

  608.0   0.02375

  609.0   0.02380

  610.0   0.02386

  611.0   0.02389

  612.0   0.02392

  613.0   0.02391

  614.0   0.02394

  615.0   0.02400

  616.0   0.02409

  617.0   0.02411

  618.0   0.02414

  619.0   0.02416

  620.0   0.02420

  621.0   0.02418

  622.0   0.02421

  623.0   0.02416

  624.0   0.02417

  625.0   0.02418

  626.0   0.02411

  627.0   0.02409

  628.0   0.02411

  629.0   0.02405

  630.0   0.02410

  631.0   0.02406

  632.0   0.02410

  633.0   0.02409

  634.0   0.02407

  635.0   0.02412

  636.0   0.02412

  637.0   0.02413

  638.0   0.02406

  639.0   0.02407

  640.0   0.02406

  641.0   0.02407

  642.0   0.02407

  643.0   0.02414

  644.0   0.02411

  645.0   0.02411

  646.0   0.02413

  647.0   0.02414

  648.0   0.02418

  649.0   0.02420

  650.0   0.02426

  651.0   0.02427

  652.0   0.02431

  653.0   0.02433

  654.0   0.02430

  655.0   0.02428

  656.0   0.02431

  657.0   0.02434

  658.0   0.02438

  659.0   0.02439

  660.0   0.02439

  661.0   0.02439

  662.0   0.02440

  663.0   0.02439

  664.0   0.02438

  665.0   0.02435

  666.0   0.02430

  667.0   0.02429

  668.0   0.02428

  669.0   0.02428

  670.0   0.02425

  671.0   0.02427

  672.0   0.02423

  673.0   0.02424

  674.0   0.02423

  675.0   0.02419

  676.0   0.02418

  677.0   0.02409

  678.0   0.02402

  679.0   0.02399

  680.0   0.02398

  681.0   0.02397

  682.0   0.02394

  683.0   0.02397

  684.0   0.02392

  685.0   0.02395

  686.0   0.02394

  687.0   0.02391

  688.0   0.02387

  689.0   0.02383

  690.0   0.02381

  691.0   0.02383

  692.0   0.02382

  693.0   0.02380

  694.0   0.02374

  695.0   0.02372

  696.0   0.02368

  697.0   0.02367

  698.0   0.02366

  699.0   0.02364

  700.0   0.02361

  701.0   0.02361

  702.0   0.02359

  703.0   0.02362

  704.0   0.02357

  705.0   0.02355

  706.0   0.02350

  707.0   0.02351

  708.0   0.02351

  709.0   0.02356

  710.0   0.02354

  711.0   0.02354

  712.0   0.02353

  713.0   0.02352

  714.0   0.02351

  715.0   0.02350

  716.0   0.02353

  717.0   0.02362

  718.0   0.02361

  719.0   0.02359

  720.0   0.02359

  721.0   0.02355

  722.0   0.02356

  723.0   0.02351

  724.0   0.02352

  725.0   0.02345

  726.0   0.02347

  727.0   0.02343

  728.0   0.02341

  729.0   0.02341

  730.0   0.02340

  731.0   0.02343

  732.0   0.02343

  733.0   0.02343

  734.0   0.02347

  735.0   0.02351

  736.0   0.02425

  737.0   0.02425

  738.0   0.02418

  739.0   0.02411

  740.0   0.02408

  741.0   0.02400

  742.0   0.02401

  743.0   0.02392

  744.0   0.02394

  745.0   0.02388

  746.0   0.02378

  747.0   0.02384

  748.0   0.02383

  749.0   0.02373

  750.0   0.02367

  751.0   0.02369

  752.0   0.02369

  753.0   0.02367

  754.0   0.02362

  755.0   0.02361

  756.0   0.02343

  757.0   0.02351

  758.0   0.02354

  759.0   0.02347

  760.0   0.02343

  761.0   0.02345

  762.0   0.02333

  763.0   0.02330

  764.0   0.02329

  765.0   0.02326

  766.0   0.02325

  767.0   0.02317

  768.0   0.02317

  769.0   0.02318

  770.0   0.02315

  771.0   0.02307

  772.0   0.02294

  773.0   0.02298

  774.0   0.02302

  775.0   0.02299

  776.0   0.02297

  777.0   0.02287

  778.0   0.02285

  779.0   0.02284

  780.0   0.02276

  781.0   0.02269

  782.0   0.02264

  783.0   0.02260

  784.0   0.02255

  785.0   0.02254

  786.0   0.02250

  787.0   0.02252

  788.0   0.02245

  789.0   0.02244

  790.0   0.02240

  791.0   0.02239

  792.0   0.02232

  793.0   0.02233

  794.0   0.02232

  795.0   0.02231

  796.0   0.02226

  797.0   0.02218

  798.0   0.02218

  799.0   0.02212

  800.0   0.02207

 
