ser ID: DU600

Method ID: A:\DEFAULT

Date: 07/31/00

Time: 03:28

 200.0   2.11185

  201.0   3.08884

  202.0   3.12905

  203.0   3.17260

  204.0   3.23147

  205.0   3.28803

  206.0   3.34044

  207.0   2.79605

  208.0   2.28240

  209.0   2.15401

  210.0   2.02506

  211.0   1.99788

  212.0   1.98259

  213.0   1.93598

  214.0   1.83335

  215.0   1.77806

  216.0   1.73265

  217.0   1.69669

  218.0   1.67532

  219.0   1.64240

  220.0   1.62588

  221.0   1.63037

  222.0   1.59697

  223.0   1.57179

  224.0   1.54471

  225.0   1.52271

  226.0   1.49623

  227.0   1.47871

  228.0   1.45484

  229.0   1.44549

  230.0   1.43060

  231.0   1.41886

  232.0   1.41151

  233.0   1.39692

  234.0   1.38318

  235.0   1.36722

  236.0   1.34287

  237.0   1.31095

  238.0   1.27866

  239.0   1.22943

  240.0   1.18037

  241.0   1.12917

  242.0   1.07142

  243.0   1.01512

  244.0   0.96523

  245.0   0.91727

  246.0   0.87474

  247.0   0.83219

  248.0   0.79639

  249.0   0.76367

  250.0   0.73397

  251.0   0.70559

  252.0   0.67872

  253.0   0.65421

  254.0   0.63130

  255.0   0.60677

  256.0   0.58486

  257.0   0.56786

  258.0   0.55098

  259.0   0.53025

  260.0   0.51287

  261.0   0.49515

  262.0   0.47694

  263.0   0.46092

  264.0   0.44525

  265.0   0.43152

  266.0   0.41769

  267.0   0.40739

  268.0   0.39487

  269.0   0.38497

  270.0   0.37158

  271.0   0.36228

  272.0   0.35289

  273.0   0.34170

  274.0   0.33000

  275.0   0.31926

  276.0   0.30760

  277.0   0.29510

  278.0   0.28215

  279.0   0.27148

  280.0   0.26061

  281.0   0.24897

  282.0   0.23873

  283.0   0.22738

  284.0   0.21676

  285.0   0.20595

  286.0   0.19494

  287.0   0.18663

  288.0   0.17678

  289.0   0.16762

  290.0   0.16003

  291.0   0.15322

  292.0   0.14661

  293.0   0.13982

  294.0   0.13530

  295.0   0.12886

  296.0   0.12396

  297.0   0.11952

  298.0   0.11411

  299.0   0.10946

  300.0   0.10606

  301.0   0.10245

  302.0   0.09935

  303.0   0.09656

  304.0   0.09379

  305.0   0.09044

  306.0   0.08739

  307.0   0.08615

  308.0   0.08471

  309.0   0.08205

  310.0   0.08088

  311.0   0.07894

  312.0   0.07752

  313.0   0.07718

  314.0   0.07568

  315.0   0.07491

  316.0   0.07451

  317.0   0.07374

  318.0   0.07308

  319.0   0.07349

  320.0   0.07276

  321.0   0.07370

  322.0   0.07559

  323.0   0.07586

  324.0   0.07724

  325.0   0.07866

  326.0   0.07939

  327.0   0.08167

  328.0   0.08304

  329.0   0.08497

  330.0   0.08612

  331.0   0.08623

  332.0   0.09035

  333.0   0.09083

  334.0   0.09328

  335.0   0.09575

  336.0   0.09762

  337.0   0.09915

  338.0   0.10182

  339.0   0.10293

  340.0   0.10688

  341.0   0.10963

  342.0   0.11246

  343.0   0.11423

  344.0   0.11623

  345.0   0.11808

  346.0   0.11937

  347.0   0.12202

  348.0   0.12378

  349.0   0.12482

  350.0   0.12559

  351.0   0.12634

  352.0   0.12750

  353.0   0.12805

  354.0   0.12923

  355.0   0.13045

  356.0   0.13102

  357.0   0.13149

  358.0   0.12601

  359.0   0.11777

  360.0   0.12767

  361.0   0.12834

  362.0   0.12776

  363.0   0.12469

  364.0   0.12346

  365.0   0.11993

  366.0   0.11875

  367.0   0.11586

  368.0   0.11412

  369.0   0.11157

  370.0   0.10900

  371.0   0.10672

  372.0   0.10450

  373.0   0.09648

  374.0   0.10059

  375.0   0.10091

  376.0   0.09801

  377.0   0.09394

  378.0   0.09148

  379.0   0.08986

  380.0   0.08841

  381.0   0.08592

  382.0   0.08383

  383.0   0.08276

  384.0   0.08087

  385.0   0.07938

  386.0   0.07752

  387.0   0.07635

  388.0   0.07489

  389.0   0.07290

  390.0   0.07159

  391.0   0.07070

  392.0   0.06942

  393.0   0.06823

  394.0   0.06672

  395.0   0.06567

  396.0   0.06465

  397.0   0.06383

  398.0   0.06298

  399.0   0.06198

  400.0   0.06086

  401.0   0.05972

  402.0   0.05879

  403.0   0.05812

  404.0   0.05733

  405.0   0.05664

  406.0   0.05589

  407.0   0.05500

  408.0   0.05414

  409.0   0.05321

  410.0   0.05235

  411.0   0.05123

  412.0   0.05031

  413.0   0.04966

  414.0   0.04912

  415.0   0.04893

  416.0   0.04655

  417.0   0.04569

  418.0   0.04467

  419.0   0.04381

  420.0   0.04278

  421.0   0.04226

  422.0   0.04119

  423.0   0.04048

  424.0   0.03964

  425.0   0.03877

  426.0   0.03789

  427.0   0.03706

  428.0   0.03627

  429.0   0.03556

  430.0   0.03480

  431.0   0.03405

  432.0   0.03335

  433.0   0.03282

  434.0   0.03218

  435.0   0.03162

  436.0   0.03096

  437.0   0.03058

  438.0   0.03001

  439.0   0.02944

  440.0   0.02900

  441.0   0.02849

  442.0   0.02811

  443.0   0.02777

  444.0   0.02730

  445.0   0.02687

  446.0   0.02665

  447.0   0.02640

  448.0   0.02603

  449.0   0.02565

  450.0   0.02545

  451.0   0.02516

  452.0   0.02487

  453.0   0.02488

  454.0   0.02459

  455.0   0.02431

  456.0   0.02415

  457.0   0.02380

  458.0   0.02360

  459.0   0.02330

  460.0   0.02325

  461.0   0.02300

  462.0   0.02282

  463.0   0.02263

  464.0   0.02244

  465.0   0.02241

  466.0   0.02214

  467.0   0.02197

  468.0   0.02173

  469.0   0.02157

  470.0   0.02162

  471.0   0.02149

  472.0   0.02138

  473.0   0.02122

  474.0   0.02109

  475.0   0.02108

  476.0   0.02097

  477.0   0.02094

  478.0   0.02096

  479.0   0.02094

  480.0   0.02088

  481.0   0.02082

  482.0   0.02083

  483.0   0.02082

  484.0   0.02063

  485.0   0.02051

  486.0   0.02051

  487.0   0.02067

  488.0   0.02063

  489.0   0.02053

  490.0   0.02048

  491.0   0.02043

  492.0   0.02044

  493.0   0.02040

  494.0   0.02046

  495.0   0.02040

  496.0   0.02040

  497.0   0.02034

  498.0   0.02031

  499.0   0.02020

  500.0   0.02017

  501.0   0.02017

  502.0   0.02013

  503.0   0.02013

  504.0   0.02011

  505.0   0.02016

  506.0   0.02015

  507.0   0.02010

  508.0   0.02012

  509.0   0.02008

  510.0   0.02004

  511.0   0.02002

  512.0   0.02001

  513.0   0.01996

  514.0   0.01994

  515.0   0.01997

  516.0   0.01986

  517.0   0.01986

  518.0   0.01980

  519.0   0.01984

  520.0   0.01987

  521.0   0.01987

  522.0   0.01987

  523.0   0.01984

  524.0   0.01981

  525.0   0.01970

  526.0   0.01968

  527.0   0.01964

  528.0   0.01959

  529.0   0.01959

  530.0   0.01957

  531.0   0.01950

  532.0   0.01952

  533.0   0.01948

  534.0   0.01945

  535.0   0.01948

  536.0   0.01946

  537.0   0.01945

  538.0   0.01944

  539.0   0.01940

  540.0   0.01933

  541.0   0.01932

  542.0   0.01923

  543.0   0.01920

  544.0   0.01916

  545.0   0.01916

  546.0   0.01911

  547.0   0.01916

  548.0   0.01915

  549.0   0.01919

  550.0   0.01928

  551.0   0.01932

  552.0   0.01940

  553.0   0.01955

  554.0   0.01964

  555.0   0.01973

  556.0   0.01972

  557.0   0.02001

  558.0   0.02000

  559.0   0.02004

  560.0   0.02006

  561.0   0.02010

  562.0   0.02006

  563.0   0.02006

  564.0   0.02005

  565.0   0.02008

  566.0   0.02000

  567.0   0.02002

  568.0   0.02000

  569.0   0.02000

  570.0   0.02000

  571.0   0.02002

  572.0   0.02000

  573.0   0.02004

  574.0   0.02002

  575.0   0.01999

  576.0   0.01997

  577.0   0.01988

  578.0   0.01985

  579.0   0.01984

  580.0   0.01981

  581.0   0.01988

  582.0   0.01985

  583.0   0.01988

  584.0   0.01996

  585.0   0.01993

  586.0   0.01995

  587.0   0.01997

  588.0   0.01999

  589.0   0.01998

  590.0   0.02003

  591.0   0.02007

  592.0   0.02013

  593.0   0.02007

  594.0   0.02011

  595.0   0.02015

  596.0   0.02017

  597.0   0.02023

  598.0   0.02033

  599.0   0.02039

  600.0   0.02042

  601.0   0.02047

  602.0   0.02055

  603.0   0.02058

  604.0   0.02063

  605.0   0.02070

  606.0   0.02075

  607.0   0.02085

  608.0   0.02092

  609.0   0.02098

  610.0   0.02110

  611.0   0.02112

  612.0   0.02115

  613.0   0.02113

  614.0   0.02111

  615.0   0.02122

  616.0   0.02128

  617.0   0.02129

  618.0   0.02131

  619.0   0.02141

  620.0   0.02147

  621.0   0.02147

  622.0   0.02154

  623.0   0.02162

  624.0   0.02170

  625.0   0.02189

  626.0   0.02201

  627.0   0.02212

  628.0   0.02214

  629.0   0.02201

  630.0   0.02203

  631.0   0.02196

  632.0   0.02195

  633.0   0.02198

  634.0   0.02194

  635.0   0.02197

  636.0   0.02196

  637.0   0.02195

  638.0   0.02194

  639.0   0.02193

  640.0   0.02190

  641.0   0.02185

  642.0   0.02181

  643.0   0.02186

  644.0   0.02185

  645.0   0.02184

  646.0   0.02186

  647.0   0.02186

  648.0   0.02190

  649.0   0.02199

  650.0   0.02207

  651.0   0.02203

  652.0   0.02204

  653.0   0.02208

  654.0   0.02207

  655.0   0.02206

  656.0   0.02208

  657.0   0.02213

  658.0   0.02222

  659.0   0.02230

  660.0   0.02226

  661.0   0.02225

  662.0   0.02228

  663.0   0.02232

  664.0   0.02235

  665.0   0.02236

  666.0   0.02236

  667.0   0.02233

  668.0   0.02232

  669.0   0.02232

  670.0   0.02229

  671.0   0.02229

  672.0   0.02231

  673.0   0.02227

  674.0   0.02228

  675.0   0.02223

  676.0   0.02225

  677.0   0.02217

  678.0   0.02219

  679.0   0.02222

  680.0   0.02226

  681.0   0.02232

  682.0   0.02230

  683.0   0.02234

  684.0   0.02232

  685.0   0.02237

  686.0   0.02239

  687.0   0.02229

  688.0   0.02231

  689.0   0.02227

  690.0   0.02227

  691.0   0.02224

  692.0   0.02223

  693.0   0.02228

  694.0   0.02235

  695.0   0.02232

  696.0   0.02231

  697.0   0.02232

  698.0   0.02225

  699.0   0.02225

  700.0   0.02221

  701.0   0.02225

  702.0   0.02229

  703.0   0.02240

  704.0   0.02239

  705.0   0.02242

  706.0   0.02243

  707.0   0.02251

  708.0   0.02254

  709.0   0.02252

  710.0   0.02252

  711.0   0.02258

  712.0   0.02260

  713.0   0.02267

  714.0   0.02263

  715.0   0.02262

  716.0   0.02265

  717.0   0.02270

  718.0   0.02266

  719.0   0.02263

  720.0   0.02270

  721.0   0.02268

  722.0   0.02266

  723.0   0.02260

  724.0   0.02260

  725.0   0.02260

  726.0   0.02265

  727.0   0.02261

  728.0   0.02258

  729.0   0.02257

  730.0   0.02256

  731.0   0.02253

  732.0   0.02248

  733.0   0.02244

  734.0   0.02260

  735.0   0.02283

  736.0   0.02292

  737.0   0.02284

  738.0   0.02286

  739.0   0.02277

  740.0   0.02277

  741.0   0.02267

  742.0   0.02268

  743.0   0.02264

  744.0   0.02270

  745.0   0.02273

  746.0   0.02268

  747.0   0.02277

  748.0   0.02275

  749.0   0.02269

  750.0   0.02269

  751.0   0.02279

  752.0   0.02279

  753.0   0.02280

  754.0   0.02272

  755.0   0.02273

  756.0   0.02256

  757.0   0.02260

  758.0   0.02266

  759.0   0.02262

  760.0   0.02266

  761.0   0.02268

  762.0   0.02262

  763.0   0.02256

  764.0   0.02249

  765.0   0.02246

  766.0   0.02249

  767.0   0.02246

  768.0   0.02246

  769.0   0.02246

  770.0   0.02247

  771.0   0.02236

  772.0   0.02228

  773.0   0.02231

  774.0   0.02212

  775.0   0.02204

  776.0   0.02216

  777.0   0.02220

  778.0   0.02230

  779.0   0.02229

  780.0   0.02224

  781.0   0.02219

  782.0   0.02215

  783.0   0.02219

  784.0   0.02209

  785.0   0.02204

  786.0   0.02203

  787.0   0.02198

  788.0   0.02207

  789.0   0.02200

  790.0   0.02193

  791.0   0.02191

  792.0   0.02187

  793.0   0.02188

  794.0   0.02181

  795.0   0.02177

  796.0   0.02172

  797.0   0.02161

  798.0   0.02155

  799.0   0.02151

  800.0   0.02147

 
