ser ID: DU600

Method ID: A:\DEFAULT

Date: 07/31/00

Time: 03:29

 200.0   3.01494

  201.0   3.08884

  202.0   2.52699

  203.0   3.17260

  204.0   3.23147

  205.0   3.28803

  206.0   2.86332

  207.0   2.44387

  208.0   2.20321

  209.0   2.19352

  210.0   2.05139

  211.0   1.97616

  212.0   1.90849

  213.0   1.84421

  214.0   1.83979

  215.0   1.81149

  216.0   1.77636

  217.0   1.74835

  218.0   1.69429

  219.0   1.66976

  220.0   1.66116

  221.0   1.61264

  222.0   1.57849

  223.0   1.56203

  224.0   1.53360

  225.0   1.51042

  226.0   1.48685

  227.0   1.47518

  228.0   1.45812

  229.0   1.44705

  230.0   1.42769

  231.0   1.42166

  232.0   1.40883

  233.0   1.39186

  234.0   1.37596

  235.0   1.35921

  236.0   1.33323

  237.0   1.30402

  238.0   1.27407

  239.0   1.22779

  240.0   1.18184

  241.0   1.12656

  242.0   1.07199

  243.0   1.01260

  244.0   0.96342

  245.0   0.91686

  246.0   0.87624

  247.0   0.83116

  248.0   0.79448

  249.0   0.76308

  250.0   0.73173

  251.0   0.70240

  252.0   0.67745

  253.0   0.65372

  254.0   0.63107

  255.0   0.60789

  256.0   0.58875

  257.0   0.56975

  258.0   0.55119

  259.0   0.53064

  260.0   0.51210

  261.0   0.49496

  262.0   0.47603

  263.0   0.46003

  264.0   0.44647

  265.0   0.43290

  266.0   0.41887

  267.0   0.40789

  268.0   0.39718

  269.0   0.38497

  270.0   0.37318

  271.0   0.36307

  272.0   0.35196

  273.0   0.34124

  274.0   0.33000

  275.0   0.31794

  276.0   0.30688

  277.0   0.29566

  278.0   0.28242

  279.0   0.27175

  280.0   0.26165

  281.0   0.24871

  282.0   0.23799

  283.0   0.22774

  284.0   0.21664

  285.0   0.20618

  286.0   0.19539

  287.0   0.18530

  288.0   0.17526

  289.0   0.16730

  290.0   0.16055

  291.0   0.15373

  292.0   0.14692

  293.0   0.14061

  294.0   0.13559

  295.0   0.12944

  296.0   0.12453

  297.0   0.11962

  298.0   0.11505

  299.0   0.11012

  300.0   0.10606

  301.0   0.10282

  302.0   0.09981

  303.0   0.09665

  304.0   0.09490

  305.0   0.09127

  306.0   0.08887

  307.0   0.08718

  308.0   0.08602

  309.0   0.08365

  310.0   0.08259

  311.0   0.08019

  312.0   0.07869

  313.0   0.07768

  314.0   0.07628

  315.0   0.07562

  316.0   0.07471

  317.0   0.07521

  318.0   0.07488

  319.0   0.07414

  320.0   0.07440

  321.0   0.07535

  322.0   0.07593

  323.0   0.07609

  324.0   0.07701

  325.0   0.07878

  326.0   0.08021

  327.0   0.08144

  328.0   0.08328

  329.0   0.08402

  330.0   0.08565

  331.0   0.08753

  332.0   0.09011

  333.0   0.09154

  334.0   0.09375

  335.0   0.09670

  336.0   0.09786

  337.0   0.09891

  338.0   0.10159

  339.0   0.10340

  340.0   0.10676

  341.0   0.10916

  342.0   0.11210

  343.0   0.11341

  344.0   0.11600

  345.0   0.11772

  346.0   0.11925

  347.0   0.12190

  348.0   0.12307

  349.0   0.12518

  350.0   0.12559

  351.0   0.12598

  352.0   0.12786

  353.0   0.12793

  354.0   0.12862

  355.0   0.12912

  356.0   0.12920

  357.0   0.12935

  358.0   0.12908

  359.0   0.12884

  360.0   0.12755

  361.0   0.12672

  362.0   0.12483

  363.0   0.12359

  364.0   0.12110

  365.0   0.11930

  366.0   0.11723

  367.0   0.11537

  368.0   0.11355

  369.0   0.11101

  370.0   0.10846

  371.0   0.10576

  372.0   0.10433

  373.0   0.10189

  374.0   0.10043

  375.0   0.09840

  376.0   0.09589

  377.0   0.09359

  378.0   0.09148

  379.0   0.08992

  380.0   0.08797

  381.0   0.08586

  382.0   0.08377

  383.0   0.08253

  384.0   0.08065

  385.0   0.07884

  386.0   0.07720

  387.0   0.07594

  388.0   0.07459

  389.0   0.07300

  390.0   0.07197

  391.0   0.07079

  392.0   0.06955

  393.0   0.06836

  394.0   0.06711

  395.0   0.06579

  396.0   0.06485

  397.0   0.06387

  398.0   0.06282

  399.0   0.06194

  400.0   0.06054

  401.0   0.05968

  402.0   0.05898

  403.0   0.05831

  404.0   0.05719

  405.0   0.05650

  406.0   0.05575

  407.0   0.05490

  408.0   0.05414

  409.0   0.05334

  410.0   0.05260

  411.0   0.05147

  412.0   0.05072

  413.0   0.04992

  414.0   0.04907

  415.0   0.04857

  416.0   0.04655

  417.0   0.04560

  418.0   0.04449

  419.0   0.04390

  420.0   0.04270

  421.0   0.04209

  422.0   0.04119

  423.0   0.04040

  424.0   0.03941

  425.0   0.03847

  426.0   0.03775

  427.0   0.03699

  428.0   0.03620

  429.0   0.03535

  430.0   0.03460

  431.0   0.03399

  432.0   0.03322

  433.0   0.03251

  434.0   0.03200

  435.0   0.03144

  436.0   0.03085

  437.0   0.03041

  438.0   0.02985

  439.0   0.02923

  440.0   0.02884

  441.0   0.02833

  442.0   0.02801

  443.0   0.02772

  444.0   0.02720

  445.0   0.02682

  446.0   0.02656

  447.0   0.02626

  448.0   0.02608

  449.0   0.02565

  450.0   0.02541

  451.0   0.02511

  452.0   0.02492

  453.0   0.02483

  454.0   0.02464

  455.0   0.02431

  456.0   0.02403

  457.0   0.02376

  458.0   0.02356

  459.0   0.02326

  460.0   0.02317

  461.0   0.02296

  462.0   0.02278

  463.0   0.02259

  464.0   0.02236

  465.0   0.02233

  466.0   0.02207

  467.0   0.02190

  468.0   0.02166

  469.0   0.02161

  470.0   0.02155

  471.0   0.02152

  472.0   0.02141

  473.0   0.02125

  474.0   0.02116

  475.0   0.02111

  476.0   0.02102

  477.0   0.02097

  478.0   0.02104

  479.0   0.02096

  480.0   0.02096

  481.0   0.02090

  482.0   0.02086

  483.0   0.02085

  484.0   0.02068

  485.0   0.02048

  486.0   0.02049

  487.0   0.02060

  488.0   0.02063

  489.0   0.02055

  490.0   0.02051

  491.0   0.02038

  492.0   0.02038

  493.0   0.02029

  494.0   0.02026

  495.0   0.02029

  496.0   0.02025

  497.0   0.02022

  498.0   0.02021

  499.0   0.02018

  500.0   0.02017

  501.0   0.02019

  502.0   0.02017

  503.0   0.02015

  504.0   0.02011

  505.0   0.02010

  506.0   0.02005

  507.0   0.02002

  508.0   0.02000

  509.0   0.01998

  510.0   0.01992

  511.0   0.01995

  512.0   0.01995

  513.0   0.01988

  514.0   0.01985

  515.0   0.01983

  516.0   0.01982

  517.0   0.01978

  518.0   0.01976

  519.0   0.01978

  520.0   0.01981

  521.0   0.01979

  522.0   0.01978

  523.0   0.01977

  524.0   0.01977

  525.0   0.01967

  526.0   0.01962

  527.0   0.01962

  528.0   0.01959

  529.0   0.01955

  530.0   0.01953

  531.0   0.01948

  532.0   0.01946

  533.0   0.01942

  534.0   0.01947

  535.0   0.01946

  536.0   0.01948

  537.0   0.01942

  538.0   0.01939

  539.0   0.01937

  540.0   0.01933

  541.0   0.01931

  542.0   0.01927

  543.0   0.01918

  544.0   0.01920

  545.0   0.01910

  546.0   0.01911

  547.0   0.01912

  548.0   0.01907

  549.0   0.01912

  550.0   0.01920

  551.0   0.01927

  552.0   0.01936

  553.0   0.01945

  554.0   0.01954

  555.0   0.01958

  556.0   0.01962

  557.0   0.01999

  558.0   0.02000

  559.0   0.02004

  560.0   0.02006

  561.0   0.02008

  562.0   0.02008

  563.0   0.02004

  564.0   0.02003

  565.0   0.02006

  566.0   0.02003

  567.0   0.02002

  568.0   0.02005

  569.0   0.02003

  570.0   0.02004

  571.0   0.02004

  572.0   0.02002

  573.0   0.02004

  574.0   0.01998

  575.0   0.01997

  576.0   0.01995

  577.0   0.01992

  578.0   0.01993

  579.0   0.01992

  580.0   0.01989

  581.0   0.01992

  582.0   0.01985

  583.0   0.01986

  584.0   0.01992

  585.0   0.01989

  586.0   0.01991

  587.0   0.01990

  588.0   0.01993

  589.0   0.01994

  590.0   0.02001

  591.0   0.02007

  592.0   0.02013

  593.0   0.02013

  594.0   0.02017

  595.0   0.02019

  596.0   0.02024

  597.0   0.02027

  598.0   0.02029

  599.0   0.02035

  600.0   0.02040

  601.0   0.02047

  602.0   0.02057

  603.0   0.02063

  604.0   0.02070

  605.0   0.02082

  606.0   0.02086

  607.0   0.02094

  608.0   0.02099

  609.0   0.02103

  610.0   0.02106

  611.0   0.02112

  612.0   0.02119

  613.0   0.02120

  614.0   0.02120

  615.0   0.02126

  616.0   0.02129

  617.0   0.02131

  618.0   0.02130

  619.0   0.02134

  620.0   0.02133

  621.0   0.02137

  622.0   0.02140

  623.0   0.02139

  624.0   0.02142

  625.0   0.02147

  626.0   0.02146

  627.0   0.02146

  628.0   0.02148

  629.0   0.02146

  630.0   0.02152

  631.0   0.02148

  632.0   0.02149

  633.0   0.02146

  634.0   0.02142

  635.0   0.02142

  636.0   0.02146

  637.0   0.02144

  638.0   0.02144

  639.0   0.02152

  640.0   0.02156

  641.0   0.02178

  642.0   0.02216

  643.0   0.02244

  644.0   0.02255

  645.0   0.02249

  646.0   0.02254

  647.0   0.02251

  648.0   0.02255

  649.0   0.02256

  650.0   0.02260

  651.0   0.02263

  652.0   0.02266

  653.0   0.02269

  654.0   0.02267

  655.0   0.02268

  656.0   0.02270

  657.0   0.02271

  658.0   0.02272

  659.0   0.02278

  660.0   0.02278

  661.0   0.02276

  662.0   0.02275

  663.0   0.02277

  664.0   0.02281

  665.0   0.02286

  666.0   0.02282

  667.0   0.02286

  668.0   0.02283

  669.0   0.02282

  670.0   0.02280

  671.0   0.02284

  672.0   0.02284

  673.0   0.02284

  674.0   0.02281

  675.0   0.02280

  676.0   0.02286

  677.0   0.02283

  678.0   0.02280

  679.0   0.02281

  680.0   0.02286

  681.0   0.02292

  682.0   0.02292

  683.0   0.02298

  684.0   0.02295

  685.0   0.02296

  686.0   0.02294

  687.0   0.02288

  688.0   0.02283

  689.0   0.02276

  690.0   0.02274

  691.0   0.02279

  692.0   0.02276

  693.0   0.02278

  694.0   0.02277

  695.0   0.02282

  696.0   0.02284

  697.0   0.02286

  698.0   0.02284

  699.0   0.02288

  700.0   0.02286

  701.0   0.02284

  702.0   0.02277

  703.0   0.02280

  704.0   0.02287

  705.0   0.02284

  706.0   0.02285

  707.0   0.02287

  708.0   0.02287

  709.0   0.02285

  710.0   0.02289

  711.0   0.02291

  712.0   0.02290

  713.0   0.02290

  714.0   0.02293

  715.0   0.02292

  716.0   0.02299

  717.0   0.02300

  718.0   0.02306

  719.0   0.02310

  720.0   0.02312

  721.0   0.02312

  722.0   0.02318

  723.0   0.02314

  724.0   0.02316

  725.0   0.02308

  726.0   0.02305

  727.0   0.02298

  728.0   0.02296

  729.0   0.02303

  730.0   0.02304

  731.0   0.02307

  732.0   0.02307

  733.0   0.02299

  734.0   0.02303

  735.0   0.02306

  736.0   0.02335

  737.0   0.02336

  738.0   0.02334

  739.0   0.02331

  740.0   0.02331

  741.0   0.02321

  742.0   0.02322

  743.0   0.02318

  744.0   0.02321

  745.0   0.02321

  746.0   0.02316

  747.0   0.02322

  748.0   0.02323

  749.0   0.02317

  750.0   0.02314

  751.0   0.02322

  752.0   0.02316

  753.0   0.02319

  754.0   0.02309

  755.0   0.02299

  756.0   0.02289

  757.0   0.02297

  758.0   0.02300

  759.0   0.02296

  760.0   0.02292

  761.0   0.02294

  762.0   0.02288

  763.0   0.02278

  764.0   0.02278

  765.0   0.02277

  766.0   0.02277

  767.0   0.02280

  768.0   0.02269

  769.0   0.02266

  770.0   0.02264

  771.0   0.02259

  772.0   0.02248

  773.0   0.02246

  774.0   0.02247

  775.0   0.02250

  776.0   0.02248

  777.0   0.02244

  778.0   0.02242

  779.0   0.02234

  780.0   0.02227

  781.0   0.02222

  782.0   0.02221

  783.0   0.02225

  784.0   0.02223

  785.0   0.02222

  786.0   0.02220

  787.0   0.02228

  788.0   0.02221

  789.0   0.02220

  790.0   0.02216

  791.0   0.02215

  792.0   0.02205

  793.0   0.02203

  794.0   0.02202

  795.0   0.02198

  796.0   0.02190

  797.0   0.02179

  798.0   0.02173

  799.0   0.02170

  800.0   0.02162

 
