ser ID: DU600

Method ID: A:\DEFAULT

Date: 07/31/00

Time: 08:02

 200.0   3.01494

  201.0   2.78781

  202.0   3.12905

  203.0   3.17260

  204.0   2.38637

  205.0   2.38494

  206.0   2.34044

  207.0   2.19399

  208.0   2.09676

  209.0   2.02438

  210.0   1.96548

  211.0   1.89875

  212.0   1.85263

  213.0   1.79229

  214.0   1.74678

  215.0   1.72751

  216.0   1.68047

  217.0   1.65789

  218.0   1.61641

  219.0   1.59235

  220.0   1.54210

  221.0   1.48988

  222.0   1.43458

  223.0   1.38273

  224.0   1.32648

  225.0   1.27466

  226.0   1.22159

  227.0   1.17503

  228.0   1.13309

  229.0   1.09037

  230.0   1.04663

  231.0   1.01047

  232.0   0.98054

  233.0   0.95149

  234.0   0.92213

  235.0   0.90299

  236.0   0.88155

  237.0   0.86344

  238.0   0.84583

  239.0   0.82806

  240.0   0.81250

  241.0   0.79600

  242.0   0.77966

  243.0   0.75968

  244.0   0.74112

  245.0   0.72250

  246.0   0.70152

  247.0   0.67739

  248.0   0.65451

  249.0   0.63019

  250.0   0.60770

  251.0   0.58758

  252.0   0.57236

  253.0   0.55861

  254.0   0.54644

  255.0   0.53612

  256.0   0.52835

  257.0   0.52292

  258.0   0.51683

  259.0   0.50810

  260.0   0.50017

  261.0   0.49049

  262.0   0.47767

  263.0   0.46575

  264.0   0.45316

  265.0   0.43895

  266.0   0.42449

  267.0   0.41058

  268.0   0.39405

  269.0   0.37737

  270.0   0.35926

  271.0   0.34109

  272.0   0.32388

  273.0   0.30580

  274.0   0.28605

  275.0   0.26796

  276.0   0.25193

  277.0   0.23473

  278.0   0.21917

  279.0   0.20642

  280.0   0.19511

  281.0   0.18340

  282.0   0.17470

  283.0   0.16600

  284.0   0.15953

  285.0   0.15348

  286.0   0.14731

  287.0   0.14276

  288.0   0.13828

  289.0   0.13463

  290.0   0.13133

  291.0   0.12865

  292.0   0.12635

  293.0   0.12422

  294.0   0.12337

  295.0   0.12181

  296.0   0.12055

  297.0   0.11962

  298.0   0.11929

  299.0   0.11810

  300.0   0.11770

  301.0   0.11757

  302.0   0.11777

  303.0   0.11786

  304.0   0.11866

  305.0   0.11846

  306.0   0.11827

  307.0   0.11874

  308.0   0.11895

  309.0   0.11861

  310.0   0.11864

  311.0   0.11807

  312.0   0.11782

  313.0   0.11829

  314.0   0.11742

  315.0   0.11711

  316.0   0.11582

  317.0   0.11471

  318.0   0.11441

  319.0   0.11172

  320.0   0.11136

  321.0   0.11102

  322.0   0.10923

  323.0   0.10857

  324.0   0.10744

  325.0   0.10684

  326.0   0.10536

  327.0   0.10424

  328.0   0.10213

  329.0   0.10035

  330.0   0.09871

  331.0   0.09698

  332.0   0.09703

  333.0   0.09440

  334.0   0.09304

  335.0   0.09117

  336.0   0.08907

  337.0   0.08681

  338.0   0.08524

  339.0   0.08344

  340.0   0.08276

  341.0   0.08259

  342.0   0.08164

  343.0   0.07953

  344.0   0.07837

  345.0   0.07785

  346.0   0.07676

  347.0   0.07615

  348.0   0.07514

  349.0   0.07482

  350.0   0.07426

  351.0   0.07353

  352.0   0.07299

  353.0   0.07220

  354.0   0.07206

  355.0   0.07126

  356.0   0.06996

  357.0   0.07154

  358.0   0.07072

  359.0   0.07074

  360.0   0.06954

  361.0   0.06938

  362.0   0.06809

  363.0   0.06782

  364.0   0.06678

  365.0   0.06691

  366.0   0.06649

  367.0   0.06603

  368.0   0.06576

  369.0   0.06469

  370.0   0.06397

  371.0   0.06313

  372.0   0.06302

  373.0   0.06257

  374.0   0.06282

  375.0   0.06185

  376.0   0.06118

  377.0   0.06012

  378.0   0.05913

  379.0   0.05896

  380.0   0.05886

  381.0   0.05867

  382.0   0.05813

  383.0   0.05797

  384.0   0.05740

  385.0   0.05700

  386.0   0.05654

  387.0   0.05638

  388.0   0.05592

  389.0   0.05588

  390.0   0.05587

  391.0   0.05608

  392.0   0.05601

  393.0   0.05591

  394.0   0.05551

  395.0   0.05519

  396.0   0.05522

  397.0   0.05500

  398.0   0.05476

  399.0   0.05479

  400.0   0.05437

  401.0   0.05401

  402.0   0.05326

  403.0   0.05301

  404.0   0.05246

  405.0   0.05184

  406.0   0.05128

  407.0   0.05073

  408.0   0.05013

  409.0   0.04961

  410.0   0.04873

  411.0   0.04806

  412.0   0.04695

  413.0   0.04624

  414.0   0.04528

  415.0   0.04464

  416.0   0.04270

  417.0   0.04140

  418.0   0.04014

  419.0   0.03914

  420.0   0.03807

  421.0   0.03717

  422.0   0.03616

  423.0   0.03535

  424.0   0.03403

  425.0   0.03308

  426.0   0.03228

  427.0   0.03152

  428.0   0.03072

  429.0   0.02982

  430.0   0.02926

  431.0   0.02853

  432.0   0.02783

  433.0   0.02725

  434.0   0.02675

  435.0   0.02631

  436.0   0.02590

  437.0   0.02574

  438.0   0.02539

  439.0   0.02501

  440.0   0.02471

  441.0   0.02454

  442.0   0.02434

  443.0   0.02415

  444.0   0.02379

  445.0   0.02370

  446.0   0.02362

  447.0   0.02355

  448.0   0.02336

  449.0   0.02320

  450.0   0.02320

  451.0   0.02311

  452.0   0.02298

  453.0   0.02322

  454.0   0.02308

  455.0   0.02290

  456.0   0.02283

  457.0   0.02261

  458.0   0.02259

  459.0   0.02246

  460.0   0.02246

  461.0   0.02234

  462.0   0.02229

  463.0   0.02222

  464.0   0.02208

  465.0   0.02210

  466.0   0.02191

  467.0   0.02178

  468.0   0.02159

  469.0   0.02154

  470.0   0.02169

  471.0   0.02166

  472.0   0.02158

  473.0   0.02148

  474.0   0.02141

  475.0   0.02142

  476.0   0.02135

  477.0   0.02143

  478.0   0.02152

  479.0   0.02149

  480.0   0.02145

  481.0   0.02145

  482.0   0.02150

  483.0   0.02151

  484.0   0.02135

  485.0   0.02129

  486.0   0.02129

  487.0   0.02148

  488.0   0.02152

  489.0   0.02141

  490.0   0.02140

  491.0   0.02129

  492.0   0.02132

  493.0   0.02127

  494.0   0.02131

  495.0   0.02134

  496.0   0.02131

  497.0   0.02132

  498.0   0.02130

  499.0   0.02127

  500.0   0.02123

  501.0   0.02124

  502.0   0.02121

  503.0   0.02122

  504.0   0.02122

  505.0   0.02122

  506.0   0.02121

  507.0   0.02116

  508.0   0.02116

  509.0   0.02111

  510.0   0.02110

  511.0   0.02109

  512.0   0.02108

  513.0   0.02108

  514.0   0.02103

  515.0   0.02101

  516.0   0.02097

  517.0   0.02093

  518.0   0.02094

  519.0   0.02104

  520.0   0.02101

  521.0   0.02104

  522.0   0.02100

  523.0   0.02100

  524.0   0.02096

  525.0   0.02093

  526.0   0.02088

  527.0   0.02088

  528.0   0.02082

  529.0   0.02079

  530.0   0.02076

  531.0   0.02071

  532.0   0.02073

  533.0   0.02069

  534.0   0.02069

  535.0   0.02072

  536.0   0.02072

  537.0   0.02070

  538.0   0.02069

  539.0   0.02070

  540.0   0.02067

  541.0   0.02066

  542.0   0.02063

  543.0   0.02056

  544.0   0.02058

  545.0   0.02062

  546.0   0.02063

  547.0   0.02072

  548.0   0.02074

  549.0   0.02081

  550.0   0.02088

  551.0   0.02097

  552.0   0.02108

  553.0   0.02121

  554.0   0.02129

  555.0   0.02142

  556.0   0.02141

  557.0   0.02236

  558.0   0.02235

  559.0   0.02236

  560.0   0.02235

  561.0   0.02233

  562.0   0.02230

  563.0   0.02229

  564.0   0.02229

  565.0   0.02225

  566.0   0.02221

  567.0   0.02223

  568.0   0.02224

  569.0   0.02225

  570.0   0.02227

  571.0   0.02223

  572.0   0.02224

  573.0   0.02228

  574.0   0.02223

  575.0   0.02223

  576.0   0.02219

  577.0   0.02215

  578.0   0.02212

  579.0   0.02212

  580.0   0.02210

  581.0   0.02217

  582.0   0.02213

  583.0   0.02215

  584.0   0.02224

  585.0   0.02226

  586.0   0.02235

  587.0   0.02239

  588.0   0.02248

  589.0   0.02255

  590.0   0.02260

  591.0   0.02271

  592.0   0.02278

  593.0   0.02278

  594.0   0.02285

  595.0   0.02288

  596.0   0.02294

  597.0   0.02296

  598.0   0.02300

  599.0   0.02309

  600.0   0.02316

  601.0   0.02324

  602.0   0.02335

  603.0   0.02344

  604.0   0.02354

  605.0   0.02365

  606.0   0.02372

  607.0   0.02381

  608.0   0.02384

  609.0   0.02391

  610.0   0.02391

  611.0   0.02398

  612.0   0.02402

  613.0   0.02403

  614.0   0.02402

  615.0   0.02406

  616.0   0.02410

  617.0   0.02413

  618.0   0.02411

  619.0   0.02416

  620.0   0.02418

  621.0   0.02418

  622.0   0.02421

  623.0   0.02423

  624.0   0.02426

  625.0   0.02428

  626.0   0.02423

  627.0   0.02420

  628.0   0.02423

  629.0   0.02415

  630.0   0.02421

  631.0   0.02418

  632.0   0.02421

  633.0   0.02418

  634.0   0.02417

  635.0   0.02424

  636.0   0.02426

  637.0   0.02421

  638.0   0.02419

  639.0   0.02416

  640.0   0.02413

  641.0   0.02412

  642.0   0.02412

  643.0   0.02416

  644.0   0.02420

  645.0   0.02417

  646.0   0.02422

  647.0   0.02419

  648.0   0.02426

  649.0   0.02432

  650.0   0.02440

  651.0   0.02439

  652.0   0.02441

  653.0   0.02443

  654.0   0.02441

  655.0   0.02442

  656.0   0.02441

  657.0   0.02442

  658.0   0.02447

  659.0   0.02448

  660.0   0.02444

  661.0   0.02446

  662.0   0.02449

  663.0   0.02446

  664.0   0.02445

  665.0   0.02443

  666.0   0.02443

  667.0   0.02443

  668.0   0.02437

  669.0   0.02436

  670.0   0.02432

  671.0   0.02432

  672.0   0.02434

  673.0   0.02433

  674.0   0.02431

  675.0   0.02425

  676.0   0.02425

  677.0   0.02418

  678.0   0.02411

  679.0   0.02411

  680.0   0.02411

  681.0   0.02412

  682.0   0.02408

  683.0   0.02406

  684.0   0.02409

  685.0   0.02410

  686.0   0.02403

  687.0   0.02394

  688.0   0.02395

  689.0   0.02390

  690.0   0.02383

  691.0   0.02383

  692.0   0.02380

  693.0   0.02378

  694.0   0.02374

  695.0   0.02380

  696.0   0.02378

  697.0   0.02375

  698.0   0.02375

  699.0   0.02370

  700.0   0.02365

  701.0   0.02363

  702.0   0.02361

  703.0   0.02362

  704.0   0.02353

  705.0   0.02353

  706.0   0.02348

  707.0   0.02351

  708.0   0.02351

  709.0   0.02354

  710.0   0.02352

  711.0   0.02354

  712.0   0.02355

  713.0   0.02354

  714.0   0.02355

  715.0   0.02354

  716.0   0.02351

  717.0   0.02353

  718.0   0.02357

  719.0   0.02352

  720.0   0.02348

  721.0   0.02344

  722.0   0.02345

  723.0   0.02340

  724.0   0.02339

  725.0   0.02334

  726.0   0.02336

  727.0   0.02331

  728.0   0.02334

  729.0   0.02336

  730.0   0.02336

  731.0   0.02343

  732.0   0.02339

  733.0   0.02338

  734.0   0.02337

  735.0   0.02343

  736.0   0.02425

  737.0   0.02422

  738.0   0.02420

  739.0   0.02408

  740.0   0.02408

  741.0   0.02397

  742.0   0.02396

  743.0   0.02389

  744.0   0.02389

  745.0   0.02383

  746.0   0.02378

  747.0   0.02387

  748.0   0.02385

  749.0   0.02376

  750.0   0.02370

  751.0   0.02369

  752.0   0.02372

  753.0   0.02373

  754.0   0.02362

  755.0   0.02358

  756.0   0.02343

  757.0   0.02348

  758.0   0.02348

  759.0   0.02347

  760.0   0.02340

  761.0   0.02336

  762.0   0.02333

  763.0   0.02327

  764.0   0.02323

  765.0   0.02317

  766.0   0.02320

  767.0   0.02320

  768.0   0.02323

  769.0   0.02318

  770.0   0.02321

  771.0   0.02310

  772.0   0.02306

  773.0   0.02306

  774.0   0.02296

  775.0   0.02296

  776.0   0.02291

  777.0   0.02287

  778.0   0.02288

  779.0   0.02281

  780.0   0.02276

  781.0   0.02266

  782.0   0.02261

  783.0   0.02260

  784.0   0.02258

  785.0   0.02260

  786.0   0.02256

  787.0   0.02257

  788.0   0.02260

  789.0   0.02259

  790.0   0.02249

  791.0   0.02245

  792.0   0.02237

  793.0   0.02239

  794.0   0.02232

  795.0   0.02228

  796.0   0.02220

  797.0   0.02212

  798.0   0.02212

  799.0   0.02203

  800.0   0.02204

 
