ser ID: DU600

Method ID: A:\DEFAULT

Date: 07/31/00

Time: 03:30

 200.0   3.01494

  201.0   3.08884

  202.0   3.12905

  203.0   2.87157

  204.0   3.23147

  205.0   3.28803

  206.0   2.73838

  207.0   2.28417

  208.0   2.20321

  209.0   2.11780

  210.0   2.03803

  211.0   2.00916

  212.0   1.97260

  213.0   1.89536

  214.0   1.83979

  215.0   1.81732

  216.0   1.78670

  217.0   1.73485

  218.0   1.70608

  219.0   1.66976

  220.0   1.62588

  221.0   1.60689

  222.0   1.58108

  223.0   1.55962

  224.0   1.53580

  225.0   1.51448

  226.0   1.49434

  227.0   1.47518

  228.0   1.45977

  229.0   1.44549

  230.0   1.42769

  231.0   1.42026

  232.0   1.41419

  233.0   1.38685

  234.0   1.37596

  235.0   1.35694

  236.0   1.33217

  237.0   1.30304

  238.0   1.26953

  239.0   1.22291

  240.0   1.17891

  241.0   1.12397

  242.0   1.07027

  243.0   1.01159

  244.0   0.96028

  245.0   0.91645

  246.0   0.87362

  247.0   0.83219

  248.0   0.79575

  249.0   0.76308

  250.0   0.73145

  251.0   0.70161

  252.0   0.67644

  253.0   0.65275

  254.0   0.63037

  255.0   0.60767

  256.0   0.58766

  257.0   0.56933

  258.0   0.55098

  259.0   0.53123

  260.0   0.51326

  261.0   0.49571

  262.0   0.47694

  263.0   0.46252

  264.0   0.44682

  265.0   0.43324

  266.0   0.41921

  267.0   0.40823

  268.0   0.39586

  269.0   0.38578

  270.0   0.37335

  271.0   0.36196

  272.0   0.35274

  273.0   0.34262

  274.0   0.33015

  275.0   0.31867

  276.0   0.30731

  277.0   0.29468

  278.0   0.28256

  279.0   0.27095

  280.0   0.25970

  281.0   0.24833

  282.0   0.23774

  283.0   0.22702

  284.0   0.21652

  285.0   0.20572

  286.0   0.19528

  287.0   0.18607

  288.0   0.17613

  289.0   0.16815

  290.0   0.16075

  291.0   0.15352

  292.0   0.14661

  293.0   0.14032

  294.0   0.13500

  295.0   0.12934

  296.0   0.12377

  297.0   0.11999

  298.0   0.11486

  299.0   0.11012

  300.0   0.10671

  301.0   0.10337

  302.0   0.10055

  303.0   0.09767

  304.0   0.09527

  305.0   0.09238

  306.0   0.08971

  307.0   0.08755

  308.0   0.08584

  309.0   0.08356

  310.0   0.08211

  311.0   0.08019

  312.0   0.07830

  313.0   0.07788

  314.0   0.07709

  315.0   0.07602

  316.0   0.07606

  317.0   0.07573

  318.0   0.07573

  319.0   0.07511

  320.0   0.07516

  321.0   0.07546

  322.0   0.07707

  323.0   0.07712

  324.0   0.07851

  325.0   0.08040

  326.0   0.08044

  327.0   0.08190

  328.0   0.08316

  329.0   0.08414

  330.0   0.08624

  331.0   0.08729

  332.0   0.08999

  333.0   0.09166

  334.0   0.09422

  335.0   0.09658

  336.0   0.09833

  337.0   0.09998

  338.0   0.10194

  339.0   0.10376

  340.0   0.10712

  341.0   0.10928

  342.0   0.11163

  343.0   0.11329

  344.0   0.11552

  345.0   0.11701

  346.0   0.11866

  347.0   0.12119

  348.0   0.12235

  349.0   0.12506

  350.0   0.12547

  351.0   0.12646

  352.0   0.12786

  353.0   0.12828

  354.0   0.12911

  355.0   0.12972

  356.0   0.12932

  357.0   0.12972

  358.0   0.12846

  359.0   0.12799

  360.0   0.12767

  361.0   0.12661

  362.0   0.12449

  363.0   0.12282

  364.0   0.12024

  365.0   0.11837

  366.0   0.11703

  367.0   0.11459

  368.0   0.11278

  369.0   0.11055

  370.0   0.10801

  371.0   0.10594

  372.0   0.10382

  373.0   0.10205

  374.0   0.10051

  375.0   0.09817

  376.0   0.09567

  377.0   0.09338

  378.0   0.09107

  379.0   0.08966

  380.0   0.08778

  381.0   0.08573

  382.0   0.08412

  383.0   0.08218

  384.0   0.08054

  385.0   0.07862

  386.0   0.07694

  387.0   0.07554

  388.0   0.07410

  389.0   0.07281

  390.0   0.07159

  391.0   0.07038

  392.0   0.06933

  393.0   0.06810

  394.0   0.06676

  395.0   0.06562

  396.0   0.06490

  397.0   0.06399

  398.0   0.06278

  399.0   0.06190

  400.0   0.06074

  401.0   0.05987

  402.0   0.05879

  403.0   0.05801

  404.0   0.05708

  405.0   0.05636

  406.0   0.05578

  407.0   0.05480

  408.0   0.05408

  409.0   0.05325

  410.0   0.05232

  411.0   0.05168

  412.0   0.05069

  413.0   0.05006

  414.0   0.04910

  415.0   0.04857

  416.0   0.04655

  417.0   0.04550

  418.0   0.04449

  419.0   0.04363

  420.0   0.04270

  421.0   0.04209

  422.0   0.04119

  423.0   0.04032

  424.0   0.03925

  425.0   0.03854

  426.0   0.03775

  427.0   0.03699

  428.0   0.03613

  429.0   0.03528

  430.0   0.03454

  431.0   0.03386

  432.0   0.03309

  433.0   0.03233

  434.0   0.03176

  435.0   0.03127

  436.0   0.03062

  437.0   0.03030

  438.0   0.02985

  439.0   0.02923

  440.0   0.02879

  441.0   0.02844

  442.0   0.02801

  443.0   0.02762

  444.0   0.02720

  445.0   0.02682

  446.0   0.02651

  447.0   0.02622

  448.0   0.02589

  449.0   0.02552

  450.0   0.02527

  451.0   0.02511

  452.0   0.02487

  453.0   0.02488

  454.0   0.02455

  455.0   0.02427

  456.0   0.02415

  457.0   0.02384

  458.0   0.02360

  459.0   0.02334

  460.0   0.02329

  461.0   0.02300

  462.0   0.02278

  463.0   0.02259

  464.0   0.02240

  465.0   0.02225

  466.0   0.02195

  467.0   0.02190

  468.0   0.02166

  469.0   0.02157

  470.0   0.02159

  471.0   0.02156

  472.0   0.02138

  473.0   0.02122

  474.0   0.02116

  475.0   0.02114

  476.0   0.02102

  477.0   0.02097

  478.0   0.02099

  479.0   0.02088

  480.0   0.02075

  481.0   0.02076

  482.0   0.02080

  483.0   0.02074

  484.0   0.02060

  485.0   0.02046

  486.0   0.02044

  487.0   0.02062

  488.0   0.02055

  489.0   0.02053

  490.0   0.02048

  491.0   0.02038

  492.0   0.02038

  493.0   0.02034

  494.0   0.02032

  495.0   0.02032

  496.0   0.02034

  497.0   0.02030

  498.0   0.02029

  499.0   0.02020

  500.0   0.02019

  501.0   0.02024

  502.0   0.02019

  503.0   0.02013

  504.0   0.02011

  505.0   0.02008

  506.0   0.02005

  507.0   0.02004

  508.0   0.02002

  509.0   0.01998

  510.0   0.01994

  511.0   0.01995

  512.0   0.01995

  513.0   0.01992

  514.0   0.01989

  515.0   0.01989

  516.0   0.01986

  517.0   0.01986

  518.0   0.01981

  519.0   0.01988

  520.0   0.01990

  521.0   0.01988

  522.0   0.01989

  523.0   0.01980

  524.0   0.01981

  525.0   0.01968

  526.0   0.01966

  527.0   0.01962

  528.0   0.01963

  529.0   0.01959

  530.0   0.01953

  531.0   0.01952

  532.0   0.01950

  533.0   0.01950

  534.0   0.01951

  535.0   0.01950

  536.0   0.01952

  537.0   0.01945

  538.0   0.01944

  539.0   0.01942

  540.0   0.01935

  541.0   0.01931

  542.0   0.01925

  543.0   0.01918

  544.0   0.01916

  545.0   0.01918

  546.0   0.01915

  547.0   0.01918

  548.0   0.01911

  549.0   0.01914

  550.0   0.01922

  551.0   0.01927

  552.0   0.01938

  553.0   0.01949

  554.0   0.01958

  555.0   0.01973

  556.0   0.01972

  557.0   0.02008

  558.0   0.02007

  559.0   0.02011

  560.0   0.02009

  561.0   0.02008

  562.0   0.02008

  563.0   0.02008

  564.0   0.02010

  565.0   0.02010

  566.0   0.02003

  567.0   0.02004

  568.0   0.02005

  569.0   0.02007

  570.0   0.02002

  571.0   0.02004

  572.0   0.02002

  573.0   0.02008

  574.0   0.02000

  575.0   0.02001

  576.0   0.01997

  577.0   0.01994

  578.0   0.01993

  579.0   0.01992

  580.0   0.01985

  581.0   0.01990

  582.0   0.01985

  583.0   0.01988

  584.0   0.01992

  585.0   0.01989

  586.0   0.01995

  587.0   0.01997

  588.0   0.01999

  589.0   0.02004

  590.0   0.02010

  591.0   0.02014

  592.0   0.02019

  593.0   0.02019

  594.0   0.02019

  595.0   0.02021

  596.0   0.02030

  597.0   0.02033

  598.0   0.02039

  599.0   0.02043

  600.0   0.02049

  601.0   0.02054

  602.0   0.02059

  603.0   0.02063

  604.0   0.02070

  605.0   0.02081

  606.0   0.02084

  607.0   0.02096

  608.0   0.02101

  609.0   0.02110

  610.0   0.02114

  611.0   0.02112

  612.0   0.02121

  613.0   0.02122

  614.0   0.02127

  615.0   0.02135

  616.0   0.02138

  617.0   0.02143

  618.0   0.02140

  619.0   0.02141

  620.0   0.02141

  621.0   0.02142

  622.0   0.02143

  623.0   0.02143

  624.0   0.02144

  625.0   0.02152

  626.0   0.02151

  627.0   0.02162

  628.0   0.02171

  629.0   0.02180

  630.0   0.02195

  631.0   0.02199

  632.0   0.02202

  633.0   0.02200

  634.0   0.02196

  635.0   0.02192

  636.0   0.02194

  637.0   0.02193

  638.0   0.02191

  639.0   0.02189

  640.0   0.02189

  641.0   0.02188

  642.0   0.02185

  643.0   0.02188

  644.0   0.02187

  645.0   0.02189

  646.0   0.02191

  647.0   0.02195

  648.0   0.02198

  649.0   0.02197

  650.0   0.02198

  651.0   0.02201

  652.0   0.02204

  653.0   0.02208

  654.0   0.02207

  655.0   0.02208

  656.0   0.02212

  657.0   0.02213

  658.0   0.02220

  659.0   0.02223

  660.0   0.02222

  661.0   0.02222

  662.0   0.02225

  663.0   0.02227

  664.0   0.02232

  665.0   0.02232

  666.0   0.02231

  667.0   0.02230

  668.0   0.02228

  669.0   0.02229

  670.0   0.02229

  671.0   0.02226

  672.0   0.02229

  673.0   0.02231

  674.0   0.02233

  675.0   0.02229

  676.0   0.02232

  677.0   0.02223

  678.0   0.02223

  679.0   0.02226

  680.0   0.02226

  681.0   0.02227

  682.0   0.02228

  683.0   0.02232

  684.0   0.02240

  685.0   0.02246

  686.0   0.02239

  687.0   0.02237

  688.0   0.02240

  689.0   0.02238

  690.0   0.02235

  691.0   0.02232

  692.0   0.02234

  693.0   0.02234

  694.0   0.02231

  695.0   0.02236

  696.0   0.02235

  697.0   0.02235

  698.0   0.02235

  699.0   0.02233

  700.0   0.02231

  701.0   0.02231

  702.0   0.02231

  703.0   0.02234

  704.0   0.02231

  705.0   0.02232

  706.0   0.02230

  707.0   0.02232

  708.0   0.02234

  709.0   0.02238

  710.0   0.02239

  711.0   0.02243

  712.0   0.02243

  713.0   0.02246

  714.0   0.02244

  715.0   0.02242

  716.0   0.02247

  717.0   0.02252

  718.0   0.02255

  719.0   0.02255

  720.0   0.02256

  721.0   0.02252

  722.0   0.02252

  723.0   0.02251

  724.0   0.02256

  725.0   0.02255

  726.0   0.02256

  727.0   0.02256

  728.0   0.02255

  729.0   0.02255

  730.0   0.02253

  731.0   0.02251

  732.0   0.02245

  733.0   0.02249

  734.0   0.02255

  735.0   0.02261

  736.0   0.02295

  737.0   0.02290

  738.0   0.02297

  739.0   0.02294

  740.0   0.02291

  741.0   0.02284

  742.0   0.02285

  743.0   0.02278

  744.0   0.02281

  745.0   0.02284

  746.0   0.02279

  747.0   0.02282

  748.0   0.02284

  749.0   0.02275

  750.0   0.02266

  751.0   0.02276

  752.0   0.02279

  753.0   0.02277

  754.0   0.02269

  755.0   0.02265

  756.0   0.02247

  757.0   0.02241

  758.0   0.02240

  759.0   0.02237

  760.0   0.02238

  761.0   0.02237

  762.0   0.02234

  763.0   0.02233

  764.0   0.02229

  765.0   0.02223

  766.0   0.02214

  767.0   0.02212

  768.0   0.02209

  769.0   0.02215

  770.0   0.02212

  771.0   0.02219

  772.0   0.02211

  773.0   0.02214

  774.0   0.02215

  775.0   0.02221

  776.0   0.02225

  777.0   0.02223

  778.0   0.02227

  779.0   0.02217

  780.0   0.02215

  781.0   0.02219

  782.0   0.02212

  783.0   0.02213

  784.0   0.02206

  785.0   0.02204

  786.0   0.02206

  787.0   0.02204

  788.0   0.02215

  789.0   0.02223

  790.0   0.02219

  791.0   0.02221

  792.0   0.02211

  793.0   0.02206

  794.0   0.02208

  795.0   0.02201

  796.0   0.02187

  797.0   0.02176

  798.0   0.02185

  799.0   0.02185

  800.0   0.02177

 
