ser ID: DU600

Method ID: A:\DEFAULT

Date: 07/31/00

Time: 03:32

 200.0   2.71391

  201.0   2.78781

  202.0   3.12905

  203.0   2.69548

  204.0   3.23147

  205.0   2.68597

  206.0   2.43735

  207.0   2.31893

  208.0   2.15746

  209.0   2.05334

  210.0   2.05139

  211.0   1.98688

  212.0   1.97260

  213.0   1.90319

  214.0   1.85295

  215.0   1.81149

  216.0   1.78670

  217.0   1.73485

  218.0   1.68660

  219.0   1.64908

  220.0   1.61976

  221.0   1.60121

  222.0   1.58631

  223.0   1.54779

  224.0   1.53580

  225.0   1.51652

  226.0   1.48871

  227.0   1.47518

  228.0   1.45648

  229.0   1.43625

  230.0   1.42479

  231.0   1.41059

  232.0   1.39442

  233.0   1.37822

  234.0   1.36188

  235.0   1.34143

  236.0   1.32587

  237.0   1.30010

  238.0   1.26683

  239.0   1.21889

  240.0   1.16879

  241.0   1.12011

  242.0   1.06572

  243.0   1.00462

  244.0   0.95537

  245.0   0.91037

  246.0   0.86990

  247.0   0.82810

  248.0   0.79353

  249.0   0.75982

  250.0   0.73033

  251.0   0.70134

  252.0   0.67568

  253.0   0.65300

  254.0   0.63037

  255.0   0.60767

  256.0   0.58766

  257.0   0.56849

  258.0   0.54996

  259.0   0.53064

  260.0   0.51210

  261.0   0.49609

  262.0   0.47767

  263.0   0.46270

  264.0   0.44822

  265.0   0.43444

  266.0   0.42091

  267.0   0.40923

  268.0   0.39801

  269.0   0.38546

  270.0   0.37270

  271.0   0.36260

  272.0   0.35118

  273.0   0.34108

  274.0   0.32880

  275.0   0.31764

  276.0   0.30602

  277.0   0.29482

  278.0   0.28188

  279.0   0.27028

  280.0   0.25957

  281.0   0.24783

  282.0   0.23725

  283.0   0.22545

  284.0   0.21498

  285.0   0.20411

  286.0   0.19404

  287.0   0.18464

  288.0   0.17462

  289.0   0.16730

  290.0   0.15992

  291.0   0.15352

  292.0   0.14661

  293.0   0.14032

  294.0   0.13500

  295.0   0.12973

  296.0   0.12482

  297.0   0.11981

  298.0   0.11476

  299.0   0.11040

  300.0   0.10671

  301.0   0.10365

  302.0   0.10036

  303.0   0.09776

  304.0   0.09573

  305.0   0.09265

  306.0   0.08989

  307.0   0.08839

  308.0   0.08659

  309.0   0.08488

  310.0   0.08336

  311.0   0.08116

  312.0   0.07957

  313.0   0.07847

  314.0   0.07779

  315.0   0.07683

  316.0   0.07637

  317.0   0.07636

  318.0   0.07541

  319.0   0.07544

  320.0   0.07538

  321.0   0.07569

  322.0   0.07684

  323.0   0.07677

  324.0   0.07874

  325.0   0.08028

  326.0   0.08114

  327.0   0.08319

  328.0   0.08386

  329.0   0.08532

  330.0   0.08624

  331.0   0.08776

  332.0   0.09082

  333.0   0.09095

  334.0   0.09339

  335.0   0.09587

  336.0   0.09738

  337.0   0.09950

  338.0   0.10170

  339.0   0.10293

  340.0   0.10653

  341.0   0.10904

  342.0   0.11175

  343.0   0.11329

  344.0   0.11446

  345.0   0.11666

  346.0   0.11807

  347.0   0.12048

  348.0   0.12141

  349.0   0.12351

  350.0   0.12452

  351.0   0.12562

  352.0   0.12631

  353.0   0.12709

  354.0   0.12742

  355.0   0.12815

  356.0   0.12798

  357.0   0.12696

  358.0   0.12736

  359.0   0.12715

  360.0   0.12626

  361.0   0.12523

  362.0   0.12337

  363.0   0.12206

  364.0   0.11939

  365.0   0.11775

  366.0   0.11603

  367.0   0.11400

  368.0   0.11259

  369.0   0.10980

  370.0   0.10748

  371.0   0.10480

  372.0   0.10349

  373.0   0.10100

  374.0   0.09949

  375.0   0.09718

  376.0   0.09538

  377.0   0.09274

  378.0   0.09046

  379.0   0.08893

  380.0   0.08695

  381.0   0.08524

  382.0   0.08335

  383.0   0.08190

  384.0   0.08020

  385.0   0.07825

  386.0   0.07658

  387.0   0.07539

  388.0   0.07400

  389.0   0.07252

  390.0   0.07135

  391.0   0.07029

  392.0   0.06906

  393.0   0.06805

  394.0   0.06676

  395.0   0.06545

  396.0   0.06469

  397.0   0.06363

  398.0   0.06258

  399.0   0.06174

  400.0   0.06058

  401.0   0.05984

  402.0   0.05890

  403.0   0.05812

  404.0   0.05726

  405.0   0.05639

  406.0   0.05571

  407.0   0.05483

  408.0   0.05411

  409.0   0.05318

  410.0   0.05223

  411.0   0.05150

  412.0   0.05055

  413.0   0.04980

  414.0   0.04887

  415.0   0.04840

  416.0   0.04645

  417.0   0.04560

  418.0   0.04449

  419.0   0.04381

  420.0   0.04270

  421.0   0.04201

  422.0   0.04119

  423.0   0.04024

  424.0   0.03933

  425.0   0.03847

  426.0   0.03760

  427.0   0.03685

  428.0   0.03613

  429.0   0.03528

  430.0   0.03440

  431.0   0.03379

  432.0   0.03309

  433.0   0.03233

  434.0   0.03182

  435.0   0.03121

  436.0   0.03068

  437.0   0.03024

  438.0   0.02974

  439.0   0.02912

  440.0   0.02874

  441.0   0.02828

  442.0   0.02791

  443.0   0.02757

  444.0   0.02715

  445.0   0.02677

  446.0   0.02646

  447.0   0.02622

  448.0   0.02584

  449.0   0.02552

  450.0   0.02532

  451.0   0.02511

  452.0   0.02483

  453.0   0.02483

  454.0   0.02455

  455.0   0.02423

  456.0   0.02407

  457.0   0.02376

  458.0   0.02352

  459.0   0.02321

  460.0   0.02317

  461.0   0.02296

  462.0   0.02278

  463.0   0.02255

  464.0   0.02236

  465.0   0.02233

  466.0   0.02203

  467.0   0.02186

  468.0   0.02162

  469.0   0.02146

  470.0   0.02155

  471.0   0.02146

  472.0   0.02138

  473.0   0.02116

  474.0   0.02106

  475.0   0.02102

  476.0   0.02097

  477.0   0.02094

  478.0   0.02099

  479.0   0.02094

  480.0   0.02091

  481.0   0.02090

  482.0   0.02086

  483.0   0.02082

  484.0   0.02068

  485.0   0.02048

  486.0   0.02049

  487.0   0.02065

  488.0   0.02063

  489.0   0.02055

  490.0   0.02053

  491.0   0.02041

  492.0   0.02040

  493.0   0.02038

  494.0   0.02041

  495.0   0.02038

  496.0   0.02036

  497.0   0.02034

  498.0   0.02031

  499.0   0.02027

  500.0   0.02023

  501.0   0.02019

  502.0   0.02017

  503.0   0.02015

  504.0   0.02015

  505.0   0.02014

  506.0   0.02009

  507.0   0.02006

  508.0   0.02002

  509.0   0.01996

  510.0   0.01994

  511.0   0.01997

  512.0   0.01993

  513.0   0.01990

  514.0   0.01991

  515.0   0.01987

  516.0   0.01982

  517.0   0.01980

  518.0   0.01981

  519.0   0.01984

  520.0   0.01987

  521.0   0.01987

  522.0   0.01983

  523.0   0.01982

  524.0   0.01977

  525.0   0.01965

  526.0   0.01957

  527.0   0.01955

  528.0   0.01954

  529.0   0.01955

  530.0   0.01951

  531.0   0.01950

  532.0   0.01948

  533.0   0.01950

  534.0   0.01949

  535.0   0.01952

  536.0   0.01952

  537.0   0.01953

  538.0   0.01950

  539.0   0.01948

  540.0   0.01945

  541.0   0.01940

  542.0   0.01935

  543.0   0.01928

  544.0   0.01924

  545.0   0.01922

  546.0   0.01921

  547.0   0.01924

  548.0   0.01921

  549.0   0.01923

  550.0   0.01930

  551.0   0.01934

  552.0   0.01940

  553.0   0.01951

  554.0   0.01956

  555.0   0.01965

  556.0   0.01964

  557.0   0.02003

  558.0   0.02003

  559.0   0.02004

  560.0   0.02006

  561.0   0.02010

  562.0   0.02010

  563.0   0.02008

  564.0   0.02010

  565.0   0.02008

  566.0   0.02003

  567.0   0.02002

  568.0   0.02000

  569.0   0.02003

  570.0   0.02004

  571.0   0.02004

  572.0   0.02009

  573.0   0.02012

  574.0   0.02004

  575.0   0.02001

  576.0   0.01993

  577.0   0.01990

  578.0   0.01991

  579.0   0.01990

  580.0   0.01985

  581.0   0.01990

  582.0   0.01987

  583.0   0.01988

  584.0   0.01992

  585.0   0.01989

  586.0   0.01993

  587.0   0.01995

  588.0   0.02001

  589.0   0.02002

  590.0   0.02005

  591.0   0.02012

  592.0   0.02017

  593.0   0.02013

  594.0   0.02017

  595.0   0.02015

  596.0   0.02022

  597.0   0.02029

  598.0   0.02037

  599.0   0.02041

  600.0   0.02049

  601.0   0.02051

  602.0   0.02066

  603.0   0.02069

  604.0   0.02076

  605.0   0.02084

  606.0   0.02093

  607.0   0.02099

  608.0   0.02101

  609.0   0.02109

  610.0   0.02115

  611.0   0.02117

  612.0   0.02119

  613.0   0.02117

  614.0   0.02124

  615.0   0.02129

  616.0   0.02133

  617.0   0.02135

  618.0   0.02133

  619.0   0.02136

  620.0   0.02138

  621.0   0.02139

  622.0   0.02143

  623.0   0.02146

  624.0   0.02151

  625.0   0.02156

  626.0   0.02152

  627.0   0.02153

  628.0   0.02155

  629.0   0.02146

  630.0   0.02150

  631.0   0.02146

  632.0   0.02144

  633.0   0.02145

  634.0   0.02146

  635.0   0.02148

  636.0   0.02150

  637.0   0.02149

  638.0   0.02146

  639.0   0.02145

  640.0   0.02143

  641.0   0.02144

  642.0   0.02142

  643.0   0.02149

  644.0   0.02144

  645.0   0.02139

  646.0   0.02141

  647.0   0.02142

  648.0   0.02144

  649.0   0.02150

  650.0   0.02154

  651.0   0.02155

  652.0   0.02158

  653.0   0.02161

  654.0   0.02162

  655.0   0.02165

  656.0   0.02165

  657.0   0.02163

  658.0   0.02168

  659.0   0.02174

  660.0   0.02170

  661.0   0.02174

  662.0   0.02176

  663.0   0.02176

  664.0   0.02176

  665.0   0.02178

  666.0   0.02175

  667.0   0.02179

  668.0   0.02181

  669.0   0.02178

  670.0   0.02180

  671.0   0.02182

  672.0   0.02181

  673.0   0.02185

  674.0   0.02185

  675.0   0.02177

  676.0   0.02181

  677.0   0.02176

  678.0   0.02175

  679.0   0.02177

  680.0   0.02179

  681.0   0.02179

  682.0   0.02177

  683.0   0.02179

  684.0   0.02178

  685.0   0.02178

  686.0   0.02176

  687.0   0.02174

  688.0   0.02175

  689.0   0.02175

  690.0   0.02173

  691.0   0.02173

  692.0   0.02172

  693.0   0.02173

  694.0   0.02168

  695.0   0.02173

  696.0   0.02170

  697.0   0.02173

  698.0   0.02173

  699.0   0.02172

  700.0   0.02172

  701.0   0.02170

  702.0   0.02172

  703.0   0.02174

  704.0   0.02170

  705.0   0.02167

  706.0   0.02166

  707.0   0.02169

  708.0   0.02174

  709.0   0.02176

  710.0   0.02179

  711.0   0.02185

  712.0   0.02184

  713.0   0.02186

  714.0   0.02184

  715.0   0.02187

  716.0   0.02189

  717.0   0.02194

  718.0   0.02194

  719.0   0.02193

  720.0   0.02190

  721.0   0.02191

  722.0   0.02189

  723.0   0.02187

  724.0   0.02187

  725.0   0.02181

  726.0   0.02181

  727.0   0.02180

  728.0   0.02184

  729.0   0.02188

  730.0   0.02186

  731.0   0.02188

  732.0   0.02184

  733.0   0.02185

  734.0   0.02191

  735.0   0.02196

  736.0   0.02231

  737.0   0.02230

  738.0   0.02228

  739.0   0.02228

  740.0   0.02223

  741.0   0.02215

  742.0   0.02214

  743.0   0.02219

  744.0   0.02216

  745.0   0.02216

  746.0   0.02214

  747.0   0.02220

  748.0   0.02216

  749.0   0.02210

  750.0   0.02207

  751.0   0.02217

  752.0   0.02217

  753.0   0.02212

  754.0   0.02210

  755.0   0.02206

  756.0   0.02191

  757.0   0.02201

  758.0   0.02201

  759.0   0.02194

  760.0   0.02196

  761.0   0.02197

  762.0   0.02188

  763.0   0.02179

  764.0   0.02176

  765.0   0.02172

  766.0   0.02175

  767.0   0.02172

  768.0   0.02172

  769.0   0.02172

  770.0   0.02169

  771.0   0.02164

  772.0   0.02156

  773.0   0.02154

  774.0   0.02155

  775.0   0.02152

  776.0   0.02150

  777.0   0.02145

  778.0   0.02158

  779.0   0.02194

  780.0   0.02235

  781.0   0.02263

  782.0   0.02264

  783.0   0.02272

  784.0   0.02270

  785.0   0.02263

  786.0   0.02265

  787.0   0.02263

  788.0   0.02266

  789.0   0.02259

  790.0   0.02255

  791.0   0.02248

  792.0   0.02240

  793.0   0.02242

  794.0   0.02232

  795.0   0.02234

  796.0   0.02235

  797.0   0.02236

  798.0   0.02245

  799.0   0.02242

  800.0   0.02240

 
