ser ID: DU600

Method ID: A:\DEFAULT

Date: 07/31/00

Time: 03:33

 200.0   3.01494

  201.0   3.08884

  202.0   3.12905

  203.0   3.17260

  204.0   3.23147

  205.0   3.28803

  206.0   3.34044

  207.0   2.69914

  208.0   2.25437

  209.0   2.11780

  210.0   1.98834

  211.0   1.95548

  212.0   1.86787

  213.0   1.84421

  214.0   1.81460

  215.0   1.82322

  216.0   1.76626

  217.0   1.75295

  218.0   1.70212

  219.0   1.67688

  220.0   1.65453

  221.0   1.60121

  222.0   1.57849

  223.0   1.55013

  224.0   1.52707

  225.0   1.49847

  226.0   1.47949

  227.0   1.46134

  228.0   1.45322

  229.0   1.43321

  230.0   1.41906

  231.0   1.40516

  232.0   1.39313

  233.0   1.38313

  234.0   1.36536

  235.0   1.34691

  236.0   1.31967

  237.0   1.29143

  238.0   1.25795

  239.0   1.21174

  240.0   1.16524

  241.0   1.11501

  242.0   1.06233

  243.0   1.00413

  244.0   0.95537

  245.0   0.90997

  246.0   0.87027

  247.0   0.82980

  248.0   0.79448

  249.0   0.76071

  250.0   0.72922

  251.0   0.70002

  252.0   0.67467

  253.0   0.65082

  254.0   0.62898

  255.0   0.60566

  256.0   0.58723

  257.0   0.56912

  258.0   0.55139

  259.0   0.53123

  260.0   0.51403

  261.0   0.49721

  262.0   0.47931

  263.0   0.46324

  264.0   0.44735

  265.0   0.43393

  266.0   0.42040

  267.0   0.40890

  268.0   0.39635

  269.0   0.38578

  270.0   0.37367

  271.0   0.36228

  272.0   0.35196

  273.0   0.34124

  274.0   0.32940

  275.0   0.31764

  276.0   0.30587

  277.0   0.29426

  278.0   0.28160

  279.0   0.26962

  280.0   0.25815

  281.0   0.24669

  282.0   0.23589

  283.0   0.22521

  284.0   0.21498

  285.0   0.20422

  286.0   0.19426

  287.0   0.18453

  288.0   0.17472

  289.0   0.16698

  290.0   0.16003

  291.0   0.15342

  292.0   0.14621

  293.0   0.13982

  294.0   0.13481

  295.0   0.12906

  296.0   0.12396

  297.0   0.11933

  298.0   0.11514

  299.0   0.11067

  300.0   0.10726

  301.0   0.10393

  302.0   0.10083

  303.0   0.09794

  304.0   0.09582

  305.0   0.09293

  306.0   0.08999

  307.0   0.08848

  308.0   0.08706

  309.0   0.08441

  310.0   0.08326

  311.0   0.08174

  312.0   0.07967

  313.0   0.07877

  314.0   0.07849

  315.0   0.07724

  316.0   0.07699

  317.0   0.07678

  318.0   0.07637

  319.0   0.07565

  320.0   0.07604

  321.0   0.07635

  322.0   0.07695

  323.0   0.07780

  324.0   0.07885

  325.0   0.07982

  326.0   0.08079

  327.0   0.08249

  328.0   0.08328

  329.0   0.08473

  330.0   0.08612

  331.0   0.08729

  332.0   0.09082

  333.0   0.09119

  334.0   0.09411

  335.0   0.09693

  336.0   0.09762

  337.0   0.09938

  338.0   0.10147

  339.0   0.10317

  340.0   0.10617

  341.0   0.10786

  342.0   0.11057

  343.0   0.11199

  344.0   0.11422

  345.0   0.11666

  346.0   0.11783

  347.0   0.12037

  348.0   0.12153

  349.0   0.12351

  350.0   0.12429

  351.0   0.12515

  352.0   0.12607

  353.0   0.12685

  354.0   0.12742

  355.0   0.12683

  356.0   0.12678

  357.0   0.12759

  358.0   0.12760

  359.0   0.12667

  360.0   0.12591

  361.0   0.12465

  362.0   0.12258

  363.0   0.12118

  364.0   0.11875

  365.0   0.11734

  366.0   0.11532

  367.0   0.11361

  368.0   0.11221

  369.0   0.11008

  370.0   0.10739

  371.0   0.10472

  372.0   0.10298

  373.0   0.10100

  374.0   0.09902

  375.0   0.09733

  376.0   0.09508

  377.0   0.09239

  378.0   0.09026

  379.0   0.08834

  380.0   0.08669

  381.0   0.08475

  382.0   0.08305

  383.0   0.08155

  384.0   0.07976

  385.0   0.07835

  386.0   0.07658

  387.0   0.07534

  388.0   0.07385

  389.0   0.07242

  390.0   0.07135

  391.0   0.07029

  392.0   0.06892

  393.0   0.06788

  394.0   0.06650

  395.0   0.06528

  396.0   0.06452

  397.0   0.06367

  398.0   0.06258

  399.0   0.06174

  400.0   0.06054

  401.0   0.05964

  402.0   0.05867

  403.0   0.05794

  404.0   0.05697

  405.0   0.05643

  406.0   0.05575

  407.0   0.05486

  408.0   0.05405

  409.0   0.05306

  410.0   0.05232

  411.0   0.05150

  412.0   0.05046

  413.0   0.04974

  414.0   0.04884

  415.0   0.04826

  416.0   0.04645

  417.0   0.04560

  418.0   0.04449

  419.0   0.04372

  420.0   0.04244

  421.0   0.04176

  422.0   0.04086

  423.0   0.04001

  424.0   0.03910

  425.0   0.03824

  426.0   0.03745

  427.0   0.03670

  428.0   0.03599

  429.0   0.03522

  430.0   0.03447

  431.0   0.03379

  432.0   0.03297

  433.0   0.03233

  434.0   0.03176

  435.0   0.03115

  436.0   0.03062

  437.0   0.03030

  438.0   0.02974

  439.0   0.02912

  440.0   0.02874

  441.0   0.02823

  442.0   0.02791

  443.0   0.02757

  444.0   0.02710

  445.0   0.02663

  446.0   0.02637

  447.0   0.02612

  448.0   0.02584

  449.0   0.02547

  450.0   0.02527

  451.0   0.02498

  452.0   0.02487

  453.0   0.02492

  454.0   0.02455

  455.0   0.02419

  456.0   0.02394

  457.0   0.02363

  458.0   0.02335

  459.0   0.02313

  460.0   0.02304

  461.0   0.02284

  462.0   0.02270

  463.0   0.02251

  464.0   0.02228

  465.0   0.02225

  466.0   0.02195

  467.0   0.02182

  468.0   0.02159

  469.0   0.02150

  470.0   0.02148

  471.0   0.02139

  472.0   0.02128

  473.0   0.02119

  474.0   0.02112

  475.0   0.02108

  476.0   0.02102

  477.0   0.02100

  478.0   0.02104

  479.0   0.02088

  480.0   0.02080

  481.0   0.02074

  482.0   0.02075

  483.0   0.02069

  484.0   0.02055

  485.0   0.02038

  486.0   0.02039

  487.0   0.02057

  488.0   0.02058

  489.0   0.02057

  490.0   0.02055

  491.0   0.02050

  492.0   0.02047

  493.0   0.02040

  494.0   0.02043

  495.0   0.02038

  496.0   0.02036

  497.0   0.02030

  498.0   0.02027

  499.0   0.02023

  500.0   0.02017

  501.0   0.02017

  502.0   0.02013

  503.0   0.02015

  504.0   0.02015

  505.0   0.02014

  506.0   0.02009

  507.0   0.02008

  508.0   0.02006

  509.0   0.02000

  510.0   0.01998

  511.0   0.01991

  512.0   0.01993

  513.0   0.01990

  514.0   0.01993

  515.0   0.01989

  516.0   0.01984

  517.0   0.01984

  518.0   0.01981

  519.0   0.01988

  520.0   0.01988

  521.0   0.01987

  522.0   0.01989

  523.0   0.01984

  524.0   0.01977

  525.0   0.01968

  526.0   0.01962

  527.0   0.01962

  528.0   0.01959

  529.0   0.01959

  530.0   0.01951

  531.0   0.01950

  532.0   0.01946

  533.0   0.01946

  534.0   0.01943

  535.0   0.01945

  536.0   0.01942

  537.0   0.01938

  538.0   0.01937

  539.0   0.01937

  540.0   0.01932

  541.0   0.01923

  542.0   0.01919

  543.0   0.01918

  544.0   0.01920

  545.0   0.01916

  546.0   0.01917

  547.0   0.01926

  548.0   0.01924

  549.0   0.01927

  550.0   0.01934

  551.0   0.01942

  552.0   0.01950

  553.0   0.01955

  554.0   0.01962

  555.0   0.01971

  556.0   0.01970

  557.0   0.02008

  558.0   0.02012

  559.0   0.02016

  560.0   0.02016

  561.0   0.02019

  562.0   0.02020

  563.0   0.02017

  564.0   0.02019

  565.0   0.02017

  566.0   0.02009

  567.0   0.02013

  568.0   0.02013

  569.0   0.02018

  570.0   0.02015

  571.0   0.02015

  572.0   0.02017

  573.0   0.02018

  574.0   0.02013

  575.0   0.02010

  576.0   0.02004

  577.0   0.01999

  578.0   0.02001

  579.0   0.01998

  580.0   0.01991

  581.0   0.01996

  582.0   0.01991

  583.0   0.01994

  584.0   0.02000

  585.0   0.02003

  586.0   0.02005

  587.0   0.02005

  588.0   0.02007

  589.0   0.02009

  590.0   0.02012

  591.0   0.02016

  592.0   0.02021

  593.0   0.02019

  594.0   0.02025

  595.0   0.02026

  596.0   0.02030

  597.0   0.02038

  598.0   0.02044

  599.0   0.02054

  600.0   0.02058

  601.0   0.02063

  602.0   0.02071

  603.0   0.02076

  604.0   0.02083

  605.0   0.02090

  606.0   0.02095

  607.0   0.02103

  608.0   0.02107

  609.0   0.02112

  610.0   0.02121

  611.0   0.02123

  612.0   0.02129

  613.0   0.02131

  614.0   0.02134

  615.0   0.02140

  616.0   0.02145

  617.0   0.02150

  618.0   0.02149

  619.0   0.02153

  620.0   0.02155

  621.0   0.02158

  622.0   0.02159

  623.0   0.02158

  624.0   0.02162

  625.0   0.02168

  626.0   0.02163

  627.0   0.02162

  628.0   0.02164

  629.0   0.02158

  630.0   0.02162

  631.0   0.02158

  632.0   0.02159

  633.0   0.02158

  634.0   0.02156

  635.0   0.02158

  636.0   0.02158

  637.0   0.02154

  638.0   0.02153

  639.0   0.02154

  640.0   0.02153

  641.0   0.02154

  642.0   0.02152

  643.0   0.02157

  644.0   0.02154

  645.0   0.02153

  646.0   0.02156

  647.0   0.02157

  648.0   0.02161

  649.0   0.02162

  650.0   0.02166

  651.0   0.02165

  652.0   0.02170

  653.0   0.02172

  654.0   0.02171

  655.0   0.02170

  656.0   0.02172

  657.0   0.02171

  658.0   0.02177

  659.0   0.02181

  660.0   0.02181

  661.0   0.02180

  662.0   0.02185

  663.0   0.02187

  664.0   0.02183

  665.0   0.02185

  666.0   0.02186

  667.0   0.02186

  668.0   0.02185

  669.0   0.02185

  670.0   0.02186

  671.0   0.02187

  672.0   0.02186

  673.0   0.02188

  674.0   0.02192

  675.0   0.02184

  676.0   0.02186

  677.0   0.02176

  678.0   0.02175

  679.0   0.02172

  680.0   0.02172

  681.0   0.02176

  682.0   0.02177

  683.0   0.02183

  684.0   0.02185

  685.0   0.02189

  686.0   0.02189

  687.0   0.02185

  688.0   0.02182

  689.0   0.02179

  690.0   0.02171

  691.0   0.02173

  692.0   0.02176

  693.0   0.02181

  694.0   0.02181

  695.0   0.02184

  696.0   0.02185

  697.0   0.02181

  698.0   0.02183

  699.0   0.02180

  700.0   0.02180

  701.0   0.02176

  702.0   0.02178

  703.0   0.02182

  704.0   0.02178

  705.0   0.02177

  706.0   0.02178

  707.0   0.02179

  708.0   0.02181

  709.0   0.02182

  710.0   0.02185

  711.0   0.02187

  712.0   0.02188

  713.0   0.02191

  714.0   0.02193

  715.0   0.02193

  716.0   0.02200

  717.0   0.02202

  718.0   0.02205

  719.0   0.02202

  720.0   0.02205

  721.0   0.02203

  722.0   0.02207

  723.0   0.02203

  724.0   0.02203

  725.0   0.02199

  726.0   0.02202

  727.0   0.02197

  728.0   0.02196

  729.0   0.02200

  730.0   0.02195

  731.0   0.02198

  732.0   0.02196

  733.0   0.02193

  734.0   0.02203

  735.0   0.02201

  736.0   0.02246

  737.0   0.02244

  738.0   0.02243

  739.0   0.02234

  740.0   0.02240

  741.0   0.02232

  742.0   0.02231

  743.0   0.02230

  744.0   0.02230

  745.0   0.02233

  746.0   0.02228

  747.0   0.02226

  748.0   0.02225

  749.0   0.02221

  750.0   0.02212

  751.0   0.02217

  752.0   0.02217

  753.0   0.02218

  754.0   0.02216

  755.0   0.02217

  756.0   0.02202

  757.0   0.02204

  758.0   0.02204

  759.0   0.02197

  760.0   0.02201

  761.0   0.02197

  762.0   0.02191

  763.0   0.02182

  764.0   0.02181

  765.0   0.02181

  766.0   0.02177

  767.0   0.02177

  768.0   0.02177

  769.0   0.02175

  770.0   0.02172

  771.0   0.02167

  772.0   0.02159

  773.0   0.02162

  774.0   0.02161

  775.0   0.02155

  776.0   0.02159

  777.0   0.02157

  778.0   0.02152

  779.0   0.02144

  780.0   0.02143

  781.0   0.02144

  782.0   0.02145

  783.0   0.02143

  784.0   0.02138

  785.0   0.02140

  786.0   0.02138

  787.0   0.02137

  788.0   0.02133

  789.0   0.02132

  790.0   0.02127

  791.0   0.02126

  792.0   0.02121

  793.0   0.02114

  794.0   0.02113

  795.0   0.02111

  796.0   0.02100

  797.0   0.02098

  798.0   0.02098

  799.0   0.02094

  800.0   0.02090

 
