ser ID: DU600

Method ID: A:\DEFAULT

Date: 07/31/00

Time: 03:34

 200.0   3.01494

  201.0   3.08884

  202.0   3.12905

  203.0   3.17260

  204.0   3.23147

  205.0   2.98700

  206.0   2.86332

  207.0   2.92099

  208.0   2.20321

  209.0   2.11780

  210.0   2.01248

  211.0   1.94549

  212.0   1.86787

  213.0   1.81748

  214.0   1.80853

  215.0   1.80573

  216.0   1.77128

  217.0   1.73485

  218.0   1.69043

  219.0   1.66976

  220.0   1.64800

  221.0   1.63340

  222.0   1.58895

  223.0   1.54546

  224.0   1.52492

  225.0   1.49651

  226.0   1.48315

  227.0   1.45795

  228.0   1.44836

  229.0   1.43777

  230.0   1.41481

  231.0   1.39980

  232.0   1.39185

  233.0   1.37458

  234.0   1.35614

  235.0   1.34471

  236.0   1.32070

  237.0   1.28668

  238.0   1.25358

  239.0   1.21016

  240.0   1.16171

  241.0   1.11375

  242.0   1.06233

  243.0   1.00167

  244.0   0.95316

  245.0   0.90837

  246.0   0.86990

  247.0   0.82877

  248.0   0.79227

  249.0   0.76012

  250.0   0.72894

  251.0   0.69950

  252.0   0.67417

  253.0   0.65034

  254.0   0.62782

  255.0   0.60633

  256.0   0.58659

  257.0   0.56786

  258.0   0.55139

  259.0   0.53104

  260.0   0.51442

  261.0   0.49703

  262.0   0.47877

  263.0   0.46377

  264.0   0.44822

  265.0   0.43462

  266.0   0.42091

  267.0   0.40823

  268.0   0.39635

  269.0   0.38448

  270.0   0.37238

  271.0   0.36244

  272.0   0.35165

  273.0   0.34124

  274.0   0.32880

  275.0   0.31720

  276.0   0.30630

  277.0   0.29328

  278.0   0.28079

  279.0   0.26909

  280.0   0.25841

  281.0   0.24632

  282.0   0.23553

  283.0   0.22485

  284.0   0.21404

  285.0   0.20365

  286.0   0.19336

  287.0   0.18431

  288.0   0.17472

  289.0   0.16730

  290.0   0.15941

  291.0   0.15332

  292.0   0.14621

  293.0   0.14012

  294.0   0.13500

  295.0   0.12867

  296.0   0.12377

  297.0   0.11933

  298.0   0.11523

  299.0   0.11095

  300.0   0.10698

  301.0   0.10393

  302.0   0.10120

  303.0   0.09785

  304.0   0.09628

  305.0   0.09339

  306.0   0.09054

  307.0   0.08885

  308.0   0.08715

  309.0   0.08488

  310.0   0.08355

  311.0   0.08184

  312.0   0.08045

  313.0   0.07916

  314.0   0.07849

  315.0   0.07775

  316.0   0.07678

  317.0   0.07720

  318.0   0.07647

  319.0   0.07554

  320.0   0.07637

  321.0   0.07735

  322.0   0.07798

  323.0   0.07803

  324.0   0.07932

  325.0   0.08040

  326.0   0.08172

  327.0   0.08308

  328.0   0.08351

  329.0   0.08461

  330.0   0.08588

  331.0   0.08776

  332.0   0.09035

  333.0   0.09166

  334.0   0.09375

  335.0   0.09634

  336.0   0.09738

  337.0   0.09927

  338.0   0.10147

  339.0   0.10328

  340.0   0.10606

  341.0   0.10833

  342.0   0.11069

  343.0   0.11199

  344.0   0.11399

  345.0   0.11560

  346.0   0.11665

  347.0   0.11919

  348.0   0.12141

  349.0   0.12292

  350.0   0.12393

  351.0   0.12479

  352.0   0.12583

  353.0   0.12661

  354.0   0.12682

  355.0   0.12731

  356.0   0.12665

  357.0   0.12759

  358.0   0.12613

  359.0   0.12584

  360.0   0.12462

  361.0   0.12408

  362.0   0.12180

  363.0   0.12075

  364.0   0.11833

  365.0   0.11651

  366.0   0.11562

  367.0   0.11361

  368.0   0.11164

  369.0   0.10971

  370.0   0.10712

  371.0   0.10437

  372.0   0.10256

  373.0   0.10027

  374.0   0.09871

  375.0   0.09673

  376.0   0.09421

  377.0   0.09190

  378.0   0.08992

  379.0   0.08828

  380.0   0.08669

  381.0   0.08475

  382.0   0.08317

  383.0   0.08149

  384.0   0.07992

  385.0   0.07841

  386.0   0.07663

  387.0   0.07513

  388.0   0.07345

  389.0   0.07218

  390.0   0.07093

  391.0   0.06983

  392.0   0.06857

  393.0   0.06757

  394.0   0.06620

  395.0   0.06541

  396.0   0.06435

  397.0   0.06359

  398.0   0.06258

  399.0   0.06190

  400.0   0.06078

  401.0   0.05984

  402.0   0.05890

  403.0   0.05805

  404.0   0.05715

  405.0   0.05643

  406.0   0.05554

  407.0   0.05469

  408.0   0.05388

  409.0   0.05267

  410.0   0.05198

  411.0   0.05138

  412.0   0.05046

  413.0   0.04980

  414.0   0.04901

  415.0   0.04845

  416.0   0.04645

  417.0   0.04541

  418.0   0.04440

  419.0   0.04354

  420.0   0.04253

  421.0   0.04193

  422.0   0.04102

  423.0   0.04032

  424.0   0.03918

  425.0   0.03816

  426.0   0.03745

  427.0   0.03663

  428.0   0.03585

  429.0   0.03488

  430.0   0.03434

  431.0   0.03360

  432.0   0.03290

  433.0   0.03233

  434.0   0.03176

  435.0   0.03115

  436.0   0.03056

  437.0   0.03024

  438.0   0.02958

  439.0   0.02912

  440.0   0.02863

  441.0   0.02828

  442.0   0.02786

  443.0   0.02742

  444.0   0.02696

  445.0   0.02658

  446.0   0.02637

  447.0   0.02608

  448.0   0.02580

  449.0   0.02538

  450.0   0.02532

  451.0   0.02498

  452.0   0.02478

  453.0   0.02475

  454.0   0.02446

  455.0   0.02419

  456.0   0.02394

  457.0   0.02363

  458.0   0.02343

  459.0   0.02313

  460.0   0.02309

  461.0   0.02288

  462.0   0.02274

  463.0   0.02247

  464.0   0.02232

  465.0   0.02222

  466.0   0.02191

  467.0   0.02182

  468.0   0.02159

  469.0   0.02146

  470.0   0.02148

  471.0   0.02146

  472.0   0.02138

  473.0   0.02119

  474.0   0.02109

  475.0   0.02105

  476.0   0.02097

  477.0   0.02091

  478.0   0.02099

  479.0   0.02085

  480.0   0.02080

  481.0   0.02071

  482.0   0.02075

  483.0   0.02074

  484.0   0.02058

  485.0   0.02043

  486.0   0.02044

  487.0   0.02060

  488.0   0.02058

  489.0   0.02055

  490.0   0.02053

  491.0   0.02047

  492.0   0.02044

  493.0   0.02040

  494.0   0.02041

  495.0   0.02040

  496.0   0.02036

  497.0   0.02034

  498.0   0.02031

  499.0   0.02029

  500.0   0.02025

  501.0   0.02021

  502.0   0.02015

  503.0   0.02013

  504.0   0.02011

  505.0   0.02012

  506.0   0.02009

  507.0   0.02004

  508.0   0.02010

  509.0   0.02004

  510.0   0.02000

  511.0   0.02001

  512.0   0.01999

  513.0   0.01997

  514.0   0.01993

  515.0   0.01985

  516.0   0.01984

  517.0   0.01982

  518.0   0.01974

  519.0   0.01982

  520.0   0.01983

  521.0   0.01973

  522.0   0.01978

  523.0   0.01973

  524.0   0.01969

  525.0   0.01959

  526.0   0.01959

  527.0   0.01957

  528.0   0.01957

  529.0   0.01957

  530.0   0.01951

  531.0   0.01954

  532.0   0.01950

  533.0   0.01946

  534.0   0.01945

  535.0   0.01945

  536.0   0.01946

  537.0   0.01945

  538.0   0.01948

  539.0   0.01940

  540.0   0.01933

  541.0   0.01932

  542.0   0.01925

  543.0   0.01920

  544.0   0.01920

  545.0   0.01920

  546.0   0.01917

  547.0   0.01922

  548.0   0.01913

  549.0   0.01921

  550.0   0.01924

  551.0   0.01932

  552.0   0.01942

  553.0   0.01949

  554.0   0.01962

  555.0   0.01971

  556.0   0.01970

  557.0   0.02008

  558.0   0.02010

  559.0   0.02011

  560.0   0.02011

  561.0   0.02015

  562.0   0.02013

  563.0   0.02013

  564.0   0.02014

  565.0   0.02012

  566.0   0.02012

  567.0   0.02011

  568.0   0.02009

  569.0   0.02014

  570.0   0.02011

  571.0   0.02009

  572.0   0.02013

  573.0   0.02014

  574.0   0.02010

  575.0   0.02012

  576.0   0.02010

  577.0   0.02005

  578.0   0.02001

  579.0   0.02002

  580.0   0.01993

  581.0   0.01998

  582.0   0.01991

  583.0   0.01992

  584.0   0.01998

  585.0   0.01997

  586.0   0.02003

  587.0   0.02005

  588.0   0.02007

  589.0   0.02013

  590.0   0.02014

  591.0   0.02016

  592.0   0.02021

  593.0   0.02021

  594.0   0.02025

  595.0   0.02026

  596.0   0.02034

  597.0   0.02037

  598.0   0.02042

  599.0   0.02048

  600.0   0.02055

  601.0   0.02062

  602.0   0.02071

  603.0   0.02078

  604.0   0.02083

  605.0   0.02095

  606.0   0.02095

  607.0   0.02101

  608.0   0.02107

  609.0   0.02116

  610.0   0.02123

  611.0   0.02128

  612.0   0.02133

  613.0   0.02134

  614.0   0.02140

  615.0   0.02147

  616.0   0.02152

  617.0   0.02154

  618.0   0.02154

  619.0   0.02157

  620.0   0.02159

  621.0   0.02158

  622.0   0.02159

  623.0   0.02157

  624.0   0.02156

  625.0   0.02159

  626.0   0.02152

  627.0   0.02151

  628.0   0.02155

  629.0   0.02151

  630.0   0.02155

  631.0   0.02151

  632.0   0.02150

  633.0   0.02152

  634.0   0.02151

  635.0   0.02154

  636.0   0.02157

  637.0   0.02154

  638.0   0.02151

  639.0   0.02150

  640.0   0.02151

  641.0   0.02149

  642.0   0.02149

  643.0   0.02150

  644.0   0.02144

  645.0   0.02144

  646.0   0.02145

  647.0   0.02143

  648.0   0.02150

  649.0   0.02156

  650.0   0.02162

  651.0   0.02160

  652.0   0.02161

  653.0   0.02165

  654.0   0.02162

  655.0   0.02166

  656.0   0.02165

  657.0   0.02168

  658.0   0.02175

  659.0   0.02180

  660.0   0.02183

  661.0   0.02186

  662.0   0.02188

  663.0   0.02190

  664.0   0.02194

  665.0   0.02194

  666.0   0.02194

  667.0   0.02195

  668.0   0.02193

  669.0   0.02194

  670.0   0.02194

  671.0   0.02190

  672.0   0.02190

  673.0   0.02194

  674.0   0.02194

  675.0   0.02188

  676.0   0.02188

  677.0   0.02182

  678.0   0.02178

  679.0   0.02177

  680.0   0.02179

  681.0   0.02179

  682.0   0.02179

  683.0   0.02181

  684.0   0.02185

  685.0   0.02186

  686.0   0.02181

  687.0   0.02177

  688.0   0.02175

  689.0   0.02173

  690.0   0.02166

  691.0   0.02166

  692.0   0.02168

  693.0   0.02167

  694.0   0.02168

  695.0   0.02171

  696.0   0.02174

  697.0   0.02175

  698.0   0.02173

  699.0   0.02174

  700.0   0.02170

  701.0   0.02172

  702.0   0.02170

  703.0   0.02174

  704.0   0.02166

  705.0   0.02169

  706.0   0.02168

  707.0   0.02173

  708.0   0.02174

  709.0   0.02182

  710.0   0.02179

  711.0   0.02180

  712.0   0.02182

  713.0   0.02184

  714.0   0.02184

  715.0   0.02184

  716.0   0.02187

  717.0   0.02189

  718.0   0.02190

  719.0   0.02191

  720.0   0.02192

  721.0   0.02194

  722.0   0.02193

  723.0   0.02194

  724.0   0.02194

  725.0   0.02190

  726.0   0.02190

  727.0   0.02190

  728.0   0.02186

  729.0   0.02190

  730.0   0.02188

  731.0   0.02188

  732.0   0.02187

  733.0   0.02185

  734.0   0.02186

  735.0   0.02193

  736.0   0.02246

  737.0   0.02238

  738.0   0.02243

  739.0   0.02237

  740.0   0.02234

  741.0   0.02224

  742.0   0.02223

  743.0   0.02216

  744.0   0.02219

  745.0   0.02219

  746.0   0.02217

  747.0   0.02226

  748.0   0.02227

  749.0   0.02218

  750.0   0.02218

  751.0   0.02223

  752.0   0.02229

  753.0   0.02226

  754.0   0.02219

  755.0   0.02211

  756.0   0.02196

  757.0   0.02201

  758.0   0.02201

  759.0   0.02197

  760.0   0.02198

  761.0   0.02195

  762.0   0.02188

  763.0   0.02182

  764.0   0.02178

  765.0   0.02181

  766.0   0.02189

  767.0   0.02186

  768.0   0.02183

  769.0   0.02178

  770.0   0.02178

  771.0   0.02170

  772.0   0.02162

  773.0   0.02165

  774.0   0.02163

  775.0   0.02164

  776.0   0.02162

  777.0   0.02157

  778.0   0.02158

  779.0   0.02150

  780.0   0.02140

  781.0   0.02141

  782.0   0.02136

  783.0   0.02137

  784.0   0.02133

  785.0   0.02131

  786.0   0.02124

  787.0   0.02122

  788.0   0.02124

  789.0   0.02126

  790.0   0.02142

  791.0   0.02185

  792.0   0.02211

  793.0   0.02227

  794.0   0.02232

  795.0   0.02231

  796.0   0.02232

  797.0   0.02221

  798.0   0.02227

  799.0   0.02212

  800.0   0.02210

 
