ser ID: DU600

Method ID: A:\DEFAULT

Date: 07/31/00

Time: 03:35

 200.0   3.01494

  201.0   3.08884

  202.0   3.12905

  203.0   3.17260

  204.0   2.75435

  205.0   2.50987

  206.0   2.34044

  207.0   2.31893

  208.0   2.28240

  209.0   2.13553

  210.0   2.06518

  211.0   2.04488

  212.0   1.92586

  213.0   1.87270

  214.0   1.81460

  215.0   1.77273

  216.0   1.74674

  217.0   1.70904

  218.0   1.68281

  219.0   1.65930

  220.0   1.63838

  221.0   1.61555

  222.0   1.58108

  223.0   1.55485

  224.0   1.53141

  225.0   1.51244

  226.0   1.48685

  227.0   1.46305

  228.0   1.44356

  229.0   1.42571

  230.0   1.40782

  231.0   1.39582

  232.0   1.38297

  233.0   1.37217

  234.0   1.35274

  235.0   1.33388

  236.0   1.31355

  237.0   1.28857

  238.0   1.25707

  239.0   1.21174

  240.0   1.16594

  241.0   1.10935

  242.0   1.05398

  243.0   0.99776

  244.0   0.94703

  245.0   0.90438

  246.0   0.86585

  247.0   0.82371

  248.0   0.79007

  249.0   0.75747

  250.0   0.72978

  251.0   0.70293

  252.0   0.67619

  253.0   0.65251

  254.0   0.62967

  255.0   0.60722

  256.0   0.58702

  257.0   0.56618

  258.0   0.55139

  259.0   0.53104

  260.0   0.51364

  261.0   0.49590

  262.0   0.47749

  263.0   0.46342

  264.0   0.44857

  265.0   0.43531

  266.0   0.42125

  267.0   0.41007

  268.0   0.39867

  269.0   0.38758

  270.0   0.37447

  271.0   0.36212

  272.0   0.35133

  273.0   0.34124

  274.0   0.33000

  275.0   0.31794

  276.0   0.30344

  277.0   0.29147

  278.0   0.27943

  279.0   0.26830

  280.0   0.25686

  281.0   0.24506

  282.0   0.23405

  283.0   0.22293

  284.0   0.21369

  285.0   0.20307

  286.0   0.19347

  287.0   0.18409

  288.0   0.17386

  289.0   0.16646

  290.0   0.15920

  291.0   0.15189

  292.0   0.14511

  293.0   0.13982

  294.0   0.13481

  295.0   0.12934

  296.0   0.12415

  297.0   0.11990

  298.0   0.11514

  299.0   0.11114

  300.0   0.10791

  301.0   0.10384

  302.0   0.10147

  303.0   0.09850

  304.0   0.09591

  305.0   0.09339

  306.0   0.09045

  307.0   0.08876

  308.0   0.08771

  309.0   0.08555

  310.0   0.08412

  311.0   0.08261

  312.0   0.08065

  313.0   0.07996

  314.0   0.07859

  315.0   0.07836

  316.0   0.07844

  317.0   0.07741

  318.0   0.07658

  319.0   0.07608

  320.0   0.07604

  321.0   0.07635

  322.0   0.07832

  323.0   0.07826

  324.0   0.07932

  325.0   0.08051

  326.0   0.08149

  327.0   0.08284

  328.0   0.08363

  329.0   0.08485

  330.0   0.08683

  331.0   0.08741

  332.0   0.08999

  333.0   0.09166

  334.0   0.09375

  335.0   0.09670

  336.0   0.09762

  337.0   0.09915

  338.0   0.10088

  339.0   0.10293

  340.0   0.10617

  341.0   0.10845

  342.0   0.10998

  343.0   0.11152

  344.0   0.11269

  345.0   0.11560

  346.0   0.11653

  347.0   0.11883

  348.0   0.12035

  349.0   0.12233

  350.0   0.12381

  351.0   0.12396

  352.0   0.12500

  353.0   0.12553

  354.0   0.12646

  355.0   0.12659

  356.0   0.12665

  357.0   0.12659

  358.0   0.12625

  359.0   0.12584

  360.0   0.12462

  361.0   0.12385

  362.0   0.12191

  363.0   0.12053

  364.0   0.11780

  365.0   0.11651

  366.0   0.11452

  367.0   0.11264

  368.0   0.11117

  369.0   0.10805

  370.0   0.10631

  371.0   0.10376

  372.0   0.10239

  373.0   0.10002

  374.0   0.09816

  375.0   0.09643

  376.0   0.09392

  377.0   0.09197

  378.0   0.08985

  379.0   0.08801

  380.0   0.08638

  381.0   0.08457

  382.0   0.08287

  383.0   0.08138

  384.0   0.07970

  385.0   0.07798

  386.0   0.07616

  387.0   0.07478

  388.0   0.07330

  389.0   0.07179

  390.0   0.07107

  391.0   0.06969

  392.0   0.06843

  393.0   0.06757

  394.0   0.06629

  395.0   0.06520

  396.0   0.06435

  397.0   0.06354

  398.0   0.06246

  399.0   0.06158

  400.0   0.06066

  401.0   0.05968

  402.0   0.05875

  403.0   0.05786

  404.0   0.05704

  405.0   0.05625

  406.0   0.05547

  407.0   0.05476

  408.0   0.05391

  409.0   0.05296

  410.0   0.05205

  411.0   0.05132

  412.0   0.05037

  413.0   0.04974

  414.0   0.04884

  415.0   0.04837

  416.0   0.04636

  417.0   0.04532

  418.0   0.04431

  419.0   0.04345

  420.0   0.04244

  421.0   0.04184

  422.0   0.04094

  423.0   0.04008

  424.0   0.03894

  425.0   0.03809

  426.0   0.03738

  427.0   0.03663

  428.0   0.03578

  429.0   0.03501

  430.0   0.03427

  431.0   0.03360

  432.0   0.03284

  433.0   0.03208

  434.0   0.03158

  435.0   0.03109

  436.0   0.03045

  437.0   0.03008

  438.0   0.02958

  439.0   0.02901

  440.0   0.02863

  441.0   0.02823

  442.0   0.02781

  443.0   0.02752

  444.0   0.02701

  445.0   0.02658

  446.0   0.02632

  447.0   0.02603

  448.0   0.02571

  449.0   0.02534

  450.0   0.02514

  451.0   0.02489

  452.0   0.02465

  453.0   0.02466

  454.0   0.02438

  455.0   0.02410

  456.0   0.02386

  457.0   0.02355

  458.0   0.02343

  459.0   0.02321

  460.0   0.02313

  461.0   0.02292

  462.0   0.02278

  463.0   0.02255

  464.0   0.02236

  465.0   0.02229

  466.0   0.02203

  467.0   0.02182

  468.0   0.02166

  469.0   0.02154

  470.0   0.02155

  471.0   0.02146

  472.0   0.02128

  473.0   0.02112

  474.0   0.02109

  475.0   0.02105

  476.0   0.02097

  477.0   0.02097

  478.0   0.02102

  479.0   0.02094

  480.0   0.02091

  481.0   0.02090

  482.0   0.02086

  483.0   0.02079

  484.0   0.02073

  485.0   0.02053

  486.0   0.02051

  487.0   0.02062

  488.0   0.02060

  489.0   0.02053

  490.0   0.02048

  491.0   0.02038

  492.0   0.02038

  493.0   0.02027

  494.0   0.02030

  495.0   0.02029

  496.0   0.02032

  497.0   0.02024

  498.0   0.02023

  499.0   0.02023

  500.0   0.02017

  501.0   0.02021

  502.0   0.02019

  503.0   0.02017

  504.0   0.02017

  505.0   0.02012

  506.0   0.02007

  507.0   0.02004

  508.0   0.02002

  509.0   0.02002

  510.0   0.02000

  511.0   0.01997

  512.0   0.01999

  513.0   0.01994

  514.0   0.01993

  515.0   0.01989

  516.0   0.01984

  517.0   0.01982

  518.0   0.01980

  519.0   0.01982

  520.0   0.01981

  521.0   0.01979

  522.0   0.01981

  523.0   0.01979

  524.0   0.01971

  525.0   0.01967

  526.0   0.01960

  527.0   0.01964

  528.0   0.01961

  529.0   0.01959

  530.0   0.01951

  531.0   0.01952

  532.0   0.01946

  533.0   0.01946

  534.0   0.01945

  535.0   0.01946

  536.0   0.01950

  537.0   0.01943

  538.0   0.01950

  539.0   0.01944

  540.0   0.01937

  541.0   0.01931

  542.0   0.01927

  543.0   0.01920

  544.0   0.01920

  545.0   0.01918

  546.0   0.01917

  547.0   0.01922

  548.0   0.01921

  549.0   0.01925

  550.0   0.01930

  551.0   0.01936

  552.0   0.01944

  553.0   0.01951

  554.0   0.01960

  555.0   0.01967

  556.0   0.01966

  557.0   0.02020

  558.0   0.02022

  559.0   0.02023

  560.0   0.02020

  561.0   0.02021

  562.0   0.02022

  563.0   0.02020

  564.0   0.02019

  565.0   0.02019

  566.0   0.02014

  567.0   0.02016

  568.0   0.02016

  569.0   0.02018

  570.0   0.02019

  571.0   0.02017

  572.0   0.02019

  573.0   0.02021

  574.0   0.02015

  575.0   0.02010

  576.0   0.02004

  577.0   0.01997

  578.0   0.01999

  579.0   0.01998

  580.0   0.01993

  581.0   0.01998

  582.0   0.01997

  583.0   0.01998

  584.0   0.02008

  585.0   0.02005

  586.0   0.02009

  587.0   0.02013

  588.0   0.02011

  589.0   0.02013

  590.0   0.02018

  591.0   0.02020

  592.0   0.02025

  593.0   0.02026

  594.0   0.02029

  595.0   0.02028

  596.0   0.02036

  597.0   0.02040

  598.0   0.02050

  599.0   0.02054

  600.0   0.02064

  601.0   0.02071

  602.0   0.02077

  603.0   0.02080

  604.0   0.02087

  605.0   0.02099

  606.0   0.02100

  607.0   0.02108

  608.0   0.02110

  609.0   0.02116

  610.0   0.02121

  611.0   0.02123

  612.0   0.02128

  613.0   0.02127

  614.0   0.02133

  615.0   0.02140

  616.0   0.02144

  617.0   0.02147

  618.0   0.02149

  619.0   0.02151

  620.0   0.02155

  621.0   0.02154

  622.0   0.02155

  623.0   0.02157

  624.0   0.02158

  625.0   0.02161

  626.0   0.02159

  627.0   0.02162

  628.0   0.02164

  629.0   0.02158

  630.0   0.02164

  631.0   0.02158

  632.0   0.02161

  633.0   0.02160

  634.0   0.02160

  635.0   0.02161

  636.0   0.02160

  637.0   0.02159

  638.0   0.02156

  639.0   0.02157

  640.0   0.02155

  641.0   0.02154

  642.0   0.02152

  643.0   0.02159

  644.0   0.02159

  645.0   0.02155

  646.0   0.02156

  647.0   0.02157

  648.0   0.02162

  649.0   0.02165

  650.0   0.02171

  651.0   0.02170

  652.0   0.02172

  653.0   0.02173

  654.0   0.02174

  655.0   0.02173

  656.0   0.02174

  657.0   0.02173

  658.0   0.02180

  659.0   0.02183

  660.0   0.02177

  661.0   0.02179

  662.0   0.02181

  663.0   0.02185

  664.0   0.02185

  665.0   0.02187

  666.0   0.02191

  667.0   0.02193

  668.0   0.02190

  669.0   0.02190

  670.0   0.02194

  671.0   0.02196

  672.0   0.02197

  673.0   0.02197

  674.0   0.02196

  675.0   0.02193

  676.0   0.02190

  677.0   0.02182

  678.0   0.02178

  679.0   0.02177

  680.0   0.02179

  681.0   0.02183

  682.0   0.02182

  683.0   0.02185

  684.0   0.02187

  685.0   0.02189

  686.0   0.02187

  687.0   0.02185

  688.0   0.02181

  689.0   0.02175

  690.0   0.02175

  691.0   0.02171

  692.0   0.02172

  693.0   0.02173

  694.0   0.02172

  695.0   0.02177

  696.0   0.02178

  697.0   0.02177

  698.0   0.02183

  699.0   0.02180

  700.0   0.02178

  701.0   0.02178

  702.0   0.02178

  703.0   0.02176

  704.0   0.02172

  705.0   0.02173

  706.0   0.02172

  707.0   0.02175

  708.0   0.02181

  709.0   0.02184

  710.0   0.02185

  711.0   0.02189

  712.0   0.02193

  713.0   0.02193

  714.0   0.02193

  715.0   0.02189

  716.0   0.02197

  717.0   0.02198

  718.0   0.02198

  719.0   0.02197

  720.0   0.02199

  721.0   0.02196

  722.0   0.02198

  723.0   0.02198

  724.0   0.02203

  725.0   0.02204

  726.0   0.02205

  727.0   0.02204

  728.0   0.02201

  729.0   0.02202

  730.0   0.02200

  731.0   0.02200

  732.0   0.02196

  733.0   0.02195

  734.0   0.02203

  735.0   0.02203

  736.0   0.02243

  737.0   0.02244

  738.0   0.02240

  739.0   0.02240

  740.0   0.02237

  741.0   0.02235

  742.0   0.02234

  743.0   0.02227

  744.0   0.02230

  745.0   0.02227

  746.0   0.02228

  747.0   0.02229

  748.0   0.02230

  749.0   0.02227

  750.0   0.02224

  751.0   0.02234

  752.0   0.02237

  753.0   0.02237

  754.0   0.02233

  755.0   0.02225

  756.0   0.02213

  757.0   0.02218

  758.0   0.02215

  759.0   0.02208

  760.0   0.02207

  761.0   0.02206

  762.0   0.02203

  763.0   0.02196

  764.0   0.02193

  765.0   0.02198

  766.0   0.02195

  767.0   0.02194

  768.0   0.02189

  769.0   0.02183

  770.0   0.02186

  771.0   0.02179

  772.0   0.02171

  773.0   0.02171

  774.0   0.02169

  775.0   0.02164

  776.0   0.02164

  777.0   0.02160

  778.0   0.02158

  779.0   0.02153

  780.0   0.02154

  781.0   0.02150

  782.0   0.02145

  783.0   0.02143

  784.0   0.02150

  785.0   0.02143

  786.0   0.02162

  787.0   0.02190

  788.0   0.02236

  789.0   0.02247

  790.0   0.02243

  791.0   0.02242

  792.0   0.02237

  793.0   0.02233

  794.0   0.02238

  795.0   0.02234

  796.0   0.02232

  797.0   0.02227

  798.0   0.02230

  799.0   0.02218

  800.0   0.02216

 
