ser ID: DU600

Method ID: A:\DEFAULT

Date: 07/31/00

Time: 03:48

 200.0   1.93576

  201.0   2.48678

  202.0   2.17480

  203.0   2.32750

  204.0   2.45332

  205.0   2.20884

  206.0   2.19432

  207.0   2.35672

  208.0   2.17973

  209.0   2.05334

  210.0   2.05139

  211.0   1.98688

  212.0   1.90849

  213.0   1.86540

  214.0   1.85295

  215.0   1.80006

  216.0   1.78150

  217.0   1.73044

  218.0   1.72232

  219.0   1.63582

  220.0   1.62897

  221.0   1.59561

  222.0   1.55583

  223.0   1.52504

  224.0   1.50805

  225.0   1.47550

  226.0   1.44782

  227.0   1.42540

  228.0   1.40697

  229.0   1.39278

  230.0   1.36680

  231.0   1.35431

  232.0   1.33659

  233.0   1.32115

  234.0   1.30360

  235.0   1.28727

  236.0   1.25937

  237.0   1.24102

  238.0   1.20738

  239.0   1.16472

  240.0   1.12404

  241.0   1.07397

  242.0   1.02830

  243.0   0.97687

  244.0   0.92873

  245.0   0.88955

  246.0   0.85285

  247.0   0.81276

  248.0   0.77983

  249.0   0.74875

  250.0   0.71823

  251.0   0.69115

  252.0   0.66669

  253.0   0.64412

  254.0   0.62207

  255.0   0.60079

  256.0   0.58272

  257.0   0.56535

  258.0   0.54976

  259.0   0.53163

  260.0   0.51480

  261.0   0.49815

  262.0   0.48097

  263.0   0.46683

  264.0   0.45245

  265.0   0.43808

  266.0   0.42397

  267.0   0.41277

  268.0   0.39950

  269.0   0.38775

  270.0   0.37431

  271.0   0.36228

  272.0   0.35087

  273.0   0.33940

  274.0   0.32567

  275.0   0.31269

  276.0   0.30004

  277.0   0.28691

  278.0   0.27338

  279.0   0.26226

  280.0   0.25072

  281.0   0.23858

  282.0   0.22918

  283.0   0.21769

  284.0   0.20832

  285.0   0.19817

  286.0   0.18811

  287.0   0.18025

  288.0   0.17044

  289.0   0.16320

  290.0   0.15672

  291.0   0.15058

  292.0   0.14442

  293.0   0.13864

  294.0   0.13393

  295.0   0.12877

  296.0   0.12425

  297.0   0.12028

  298.0   0.11552

  299.0   0.11123

  300.0   0.10875

  301.0   0.10560

  302.0   0.10286

  303.0   0.10100

  304.0   0.09916

  305.0   0.09646

  306.0   0.09428

  307.0   0.09261

  308.0   0.09169

  309.0   0.08946

  310.0   0.08856

  311.0   0.08690

  312.0   0.08519

  313.0   0.08476

  314.0   0.08366

  315.0   0.08247

  316.0   0.08209

  317.0   0.08142

  318.0   0.08086

  319.0   0.08044

  320.0   0.08012

  321.0   0.08058

  322.0   0.08165

  323.0   0.08114

  324.0   0.08291

  325.0   0.08366

  326.0   0.08395

  327.0   0.08531

  328.0   0.08634

  329.0   0.08686

  330.0   0.08825

  331.0   0.08919

  332.0   0.09165

  333.0   0.09226

  334.0   0.09399

  335.0   0.09611

  336.0   0.09667

  337.0   0.09785

  338.0   0.09935

  339.0   0.10093

  340.0   0.10300

  341.0   0.10446

  342.0   0.10670

  343.0   0.10765

  344.0   0.10953

  345.0   0.11126

  346.0   0.11232

  347.0   0.11450

  348.0   0.11530

  349.0   0.11728

  350.0   0.11804

  351.0   0.11831

  352.0   0.11851

  353.0   0.11950

  354.0   0.12004

  355.0   0.12050

  356.0   0.11983

  357.0   0.12039

  358.0   0.11957

  359.0   0.11907

  360.0   0.11800

  361.0   0.11726

  362.0   0.11515

  363.0   0.11414

  364.0   0.11189

  365.0   0.11027

  366.0   0.10974

  367.0   0.10741

  368.0   0.10616

  369.0   0.10391

  370.0   0.10186

  371.0   0.09953

  372.0   0.09812

  373.0   0.09591

  374.0   0.09497

  375.0   0.09266

  376.0   0.09074

  377.0   0.08841

  378.0   0.08634

  379.0   0.08527

  380.0   0.08334

  381.0   0.08133

  382.0   0.07991

  383.0   0.07850

  384.0   0.07698

  385.0   0.07545

  386.0   0.07383

  387.0   0.07260

  388.0   0.07138

  389.0   0.07016

  390.0   0.06948

  391.0   0.06823

  392.0   0.06718

  393.0   0.06612

  394.0   0.06521

  395.0   0.06414

  396.0   0.06340

  397.0   0.06260

  398.0   0.06169

  399.0   0.06106

  400.0   0.05995

  401.0   0.05909

  402.0   0.05825

  403.0   0.05749

  404.0   0.05671

  405.0   0.05582

  406.0   0.05509

  407.0   0.05422

  408.0   0.05336

  409.0   0.05252

  410.0   0.05161

  411.0   0.05087

  412.0   0.04993

  413.0   0.04931

  414.0   0.04839

  415.0   0.04797

  416.0   0.04597

  417.0   0.04494

  418.0   0.04394

  419.0   0.04310

  420.0   0.04192

  421.0   0.04126

  422.0   0.04037

  423.0   0.03953

  424.0   0.03848

  425.0   0.03764

  426.0   0.03679

  427.0   0.03613

  428.0   0.03529

  429.0   0.03433

  430.0   0.03361

  431.0   0.03289

  432.0   0.03209

  433.0   0.03147

  434.0   0.03086

  435.0   0.03039

  436.0   0.02982

  437.0   0.02940

  438.0   0.02892

  439.0   0.02842

  440.0   0.02795

  441.0   0.02761

  442.0   0.02720

  443.0   0.02682

  444.0   0.02652

  445.0   0.02615

  446.0   0.02584

  447.0   0.02565

  448.0   0.02538

  449.0   0.02502

  450.0   0.02491

  451.0   0.02476

  452.0   0.02448

  453.0   0.02448

  454.0   0.02420

  455.0   0.02393

  456.0   0.02364

  457.0   0.02333

  458.0   0.02322

  459.0   0.02301

  460.0   0.02292

  461.0   0.02275

  462.0   0.02258

  463.0   0.02230

  464.0   0.02216

  465.0   0.02210

  466.0   0.02184

  467.0   0.02167

  468.0   0.02151

  469.0   0.02136

  470.0   0.02145

  471.0   0.02135

  472.0   0.02125

  473.0   0.02112

  474.0   0.02103

  475.0   0.02105

  476.0   0.02094

  477.0   0.02094

  478.0   0.02099

  479.0   0.02094

  480.0   0.02088

  481.0   0.02090

  482.0   0.02083

  483.0   0.02082

  484.0   0.02070

  485.0   0.02056

  486.0   0.02056

  487.0   0.02065

  488.0   0.02063

  489.0   0.02055

  490.0   0.02053

  491.0   0.02043

  492.0   0.02042

  493.0   0.02036

  494.0   0.02035

  495.0   0.02036

  496.0   0.02036

  497.0   0.02028

  498.0   0.02033

  499.0   0.02031

  500.0   0.02031

  501.0   0.02028

  502.0   0.02025

  503.0   0.02023

  504.0   0.02023

  505.0   0.02020

  506.0   0.02015

  507.0   0.02008

  508.0   0.02008

  509.0   0.02006

  510.0   0.02000

  511.0   0.01999

  512.0   0.02001

  513.0   0.01999

  514.0   0.01994

  515.0   0.01995

  516.0   0.01990

  517.0   0.01987

  518.0   0.01985

  519.0   0.01990

  520.0   0.01987

  521.0   0.01987

  522.0   0.01989

  523.0   0.01986

  524.0   0.01981

  525.0   0.01976

  526.0   0.01973

  527.0   0.01973

  528.0   0.01972

  529.0   0.01968

  530.0   0.01970

  531.0   0.01963

  532.0   0.01963

  533.0   0.01959

  534.0   0.01962

  535.0   0.01963

  536.0   0.01963

  537.0   0.01958

  538.0   0.01958

  539.0   0.01952

  540.0   0.01943

  541.0   0.01944

  542.0   0.01939

  543.0   0.01932

  544.0   0.01929

  545.0   0.01929

  546.0   0.01929

  547.0   0.01933

  548.0   0.01930

  549.0   0.01939

  550.0   0.01943

  551.0   0.01952

  552.0   0.01957

  553.0   0.01973

  554.0   0.01980

  555.0   0.01991

  556.0   0.01991

  557.0   0.02043

  558.0   0.02040

  559.0   0.02046

  560.0   0.02051

  561.0   0.02045

  562.0   0.02047

  563.0   0.02043

  564.0   0.02044

  565.0   0.02046

  566.0   0.02041

  567.0   0.02042

  568.0   0.02044

  569.0   0.02049

  570.0   0.02048

  571.0   0.02048

  572.0   0.02047

  573.0   0.02051

  574.0   0.02042

  575.0   0.02037

  576.0   0.02031

  577.0   0.02028

  578.0   0.02024

  579.0   0.02023

  580.0   0.02022

  581.0   0.02028

  582.0   0.02024

  583.0   0.02024

  584.0   0.02030

  585.0   0.02029

  586.0   0.02029

  587.0   0.02035

  588.0   0.02038

  589.0   0.02043

  590.0   0.02047

  591.0   0.02053

  592.0   0.02059

  593.0   0.02062

  594.0   0.02068

  595.0   0.02074

  596.0   0.02081

  597.0   0.02087

  598.0   0.02096

  599.0   0.02100

  600.0   0.02103

  601.0   0.02104

  602.0   0.02112

  603.0   0.02116

  604.0   0.02123

  605.0   0.02130

  606.0   0.02134

  607.0   0.02144

  608.0   0.02150

  609.0   0.02155

  610.0   0.02162

  611.0   0.02166

  612.0   0.02172

  613.0   0.02174

  614.0   0.02179

  615.0   0.02186

  616.0   0.02189

  617.0   0.02193

  618.0   0.02193

  619.0   0.02193

  620.0   0.02197

  621.0   0.02195

  622.0   0.02197

  623.0   0.02198

  624.0   0.02200

  625.0   0.02203

  626.0   0.02201

  627.0   0.02196

  628.0   0.02200

  629.0   0.02196

  630.0   0.02200

  631.0   0.02198

  632.0   0.02200

  633.0   0.02203

  634.0   0.02202

  635.0   0.02204

  636.0   0.02206

  637.0   0.02204

  638.0   0.02201

  639.0   0.02196

  640.0   0.02196

  641.0   0.02195

  642.0   0.02193

  643.0   0.02198

  644.0   0.02194

  645.0   0.02190

  646.0   0.02192

  647.0   0.02191

  648.0   0.02195

  649.0   0.02199

  650.0   0.02203

  651.0   0.02204

  652.0   0.02209

  653.0   0.02209

  654.0   0.02212

  655.0   0.02214

  656.0   0.02213

  657.0   0.02218

  658.0   0.02224

  659.0   0.02228

  660.0   0.02227

  661.0   0.02227

  662.0   0.02232

  663.0   0.02233

  664.0   0.02234

  665.0   0.02230

  666.0   0.02229

  667.0   0.02230

  668.0   0.02228

  669.0   0.02225

  670.0   0.02228

  671.0   0.02233

  672.0   0.02234

  673.0   0.02240

  674.0   0.02239

  675.0   0.02234

  676.0   0.02238

  677.0   0.02232

  678.0   0.02232

  679.0   0.02231

  680.0   0.02232

  681.0   0.02230

  682.0   0.02228

  683.0   0.02230

  684.0   0.02231

  685.0   0.02235

  686.0   0.02233

  687.0   0.02227

  688.0   0.02225

  689.0   0.02222

  690.0   0.02224

  691.0   0.02222

  692.0   0.02227

  693.0   0.02228

  694.0   0.02229

  695.0   0.02232

  696.0   0.02230

  697.0   0.02232

  698.0   0.02227

  699.0   0.02223

  700.0   0.02219

  701.0   0.02219

  702.0   0.02221

  703.0   0.02224

  704.0   0.02219

  705.0   0.02217

  706.0   0.02216

  707.0   0.02220

  708.0   0.02217

  709.0   0.02221

  710.0   0.02220

  711.0   0.02222

  712.0   0.02224

  713.0   0.02224

  714.0   0.02223

  715.0   0.02227

  716.0   0.02226

  717.0   0.02229

  718.0   0.02231

  719.0   0.02232

  720.0   0.02234

  721.0   0.02229

  722.0   0.02232

  723.0   0.02225

  724.0   0.02231

  725.0   0.02225

  726.0   0.02230

  727.0   0.02225

  728.0   0.02220

  729.0   0.02226

  730.0   0.02224

  731.0   0.02222

  732.0   0.02221

  733.0   0.02217

  734.0   0.02221

  735.0   0.02223

  736.0   0.02280

  737.0   0.02278

  738.0   0.02277

  739.0   0.02271

  740.0   0.02271

  741.0   0.02258

  742.0   0.02251

  743.0   0.02250

  744.0   0.02255

  745.0   0.02253

  746.0   0.02248

  747.0   0.02257

  748.0   0.02258

  749.0   0.02249

  750.0   0.02246

  751.0   0.02254

  752.0   0.02254

  753.0   0.02254

  754.0   0.02252

  755.0   0.02245

  756.0   0.02230

  757.0   0.02235

  758.0   0.02232

  759.0   0.02234

  760.0   0.02232

  761.0   0.02231

  762.0   0.02222

  763.0   0.02213

  764.0   0.02212

  765.0   0.02212

  766.0   0.02209

  767.0   0.02206

  768.0   0.02209

  769.0   0.02206

  770.0   0.02204

  771.0   0.02201

  772.0   0.02194

  773.0   0.02191

  774.0   0.02189

  775.0   0.02190

  776.0   0.02190

  777.0   0.02189

  778.0   0.02184

  779.0   0.02182

  780.0   0.02177

  781.0   0.02176

  782.0   0.02171

  783.0   0.02172

  784.0   0.02168

  785.0   0.02163

  786.0   0.02165

  787.0   0.02169

  788.0   0.02162

  789.0   0.02161

  790.0   0.02154

  791.0   0.02158

  792.0   0.02148

  793.0   0.02156

  794.0   0.02154

  795.0   0.02150

  796.0   0.02145

  797.0   0.02140

  798.0   0.02137

  799.0   0.02133

  800.0   0.02132

 
