ser ID: DU600

Method ID: A:\DEFAULT

Date: 07/31/00

Time: 03:03

 200.0   2.53782

  201.0   2.48678

  202.0   2.82802

  203.0   2.57054

  204.0   3.23147

  205.0   2.58906

  206.0   2.56229

  207.0   2.49502

  208.0   2.34454

  209.0   2.10077

  210.0   2.01248

  211.0   1.94549

  212.0   1.91709

  213.0   1.87270

  214.0   1.86652

  215.0   1.77806

  216.0   1.73265

  217.0   1.71324

  218.0   1.69043

  219.0   1.66976

  220.0   1.65125

  221.0   1.63645

  222.0   1.59428

  223.0   1.58177

  224.0   1.56545

  225.0   1.56411

  226.0   1.56160

  227.0   1.54566

  228.0   1.54931

  229.0   1.53507

  230.0   1.51955

  231.0   1.52032

  232.0   1.51381

  233.0   1.50154

  234.0   1.48836

  235.0   1.46819

  236.0   1.44222

  237.0   1.40911

  238.0   1.37075

  239.0   1.31540

  240.0   1.25721

  241.0   1.19546

  242.0   1.12573

  243.0   1.05374

  244.0   0.99575

  245.0   0.94514

  246.0   0.89897

  247.0   0.85360

  248.0   0.81526

  249.0   0.77851

  250.0   0.74595

  251.0   0.71613

  252.0   0.68901

  253.0   0.66404

  254.0   0.63930

  255.0   0.61352

  256.0   0.59157

  257.0   0.57038

  258.0   0.55078

  259.0   0.52768

  260.0   0.50752

  261.0   0.48846

  262.0   0.46828

  263.0   0.45175

  264.0   0.43851

  265.0   0.42455

  266.0   0.41249

  267.0   0.40224

  268.0   0.39224

  269.0   0.38156

  270.0   0.37110

  271.0   0.36307

  272.0   0.35556

  273.0   0.34772

  274.0   0.33788

  275.0   0.32773

  276.0   0.31837

  277.0   0.30762

  278.0   0.29600

  279.0   0.28556

  280.0   0.27461

  281.0   0.26312

  282.0   0.25117

  283.0   0.23927

  284.0   0.22851

  285.0   0.21659

  286.0   0.20499

  287.0   0.19512

  288.0   0.18354

  289.0   0.17423

  290.0   0.16514

  291.0   0.15803

  292.0   0.14973

  293.0   0.14240

  294.0   0.13637

  295.0   0.12934

  296.0   0.12291

  297.0   0.11839

  298.0   0.11261

  299.0   0.10715

  300.0   0.10310

  301.0   0.09850

  302.0   0.09468

  303.0   0.09053

  304.0   0.08813

  305.0   0.08432

  306.0   0.08098

  307.0   0.07924

  308.0   0.07683

  309.0   0.07420

  310.0   0.07221

  311.0   0.07056

  312.0   0.06922

  313.0   0.06848

  314.0   0.06727

  315.0   0.06608

  316.0   0.06555

  317.0   0.06620

  318.0   0.06595

  319.0   0.06571

  320.0   0.06659

  321.0   0.06650

  322.0   0.06838

  323.0   0.06940

  324.0   0.07063

  325.0   0.07292

  326.0   0.07466

  327.0   0.07690

  328.0   0.07918

  329.0   0.08121

  330.0   0.08364

  331.0   0.08528

  332.0   0.08905

  333.0   0.09060

  334.0   0.09434

  335.0   0.09848

  336.0   0.10094

  337.0   0.10330

  338.0   0.10646

  339.0   0.10887

  340.0   0.11271

  341.0   0.11642

  342.0   0.11925

  343.0   0.12249

  344.0   0.12557

  345.0   0.12741

  346.0   0.12943

  347.0   0.13186

  348.0   0.13400

  349.0   0.13723

  350.0   0.13974

  351.0   0.13965

  352.0   0.14073

  353.0   0.14144

  354.0   0.14281

  355.0   0.14325

  356.0   0.14313

  357.0   0.14391

  358.0   0.14348

  359.0   0.14217

  360.0   0.14155

  361.0   0.13982

  362.0   0.13807

  363.0   0.13675

  364.0   0.13401

  365.0   0.13182

  366.0   0.12919

  367.0   0.12720

  368.0   0.12506

  369.0   0.12250

  370.0   0.11958

  371.0   0.11688

  372.0   0.11476

  373.0   0.11143

  374.0   0.10940

  375.0   0.10668

  376.0   0.10436

  377.0   0.10148

  378.0   0.09909

  379.0   0.09710

  380.0   0.09472

  381.0   0.09274

  382.0   0.09019

  383.0   0.08882

  384.0   0.08666

  385.0   0.08476

  386.0   0.08255

  387.0   0.08074

  388.0   0.07884

  389.0   0.07704

  390.0   0.07556

  391.0   0.07429

  392.0   0.07275

  393.0   0.07136

  394.0   0.06962

  395.0   0.06818

  396.0   0.06732

  397.0   0.06596

  398.0   0.06481

  399.0   0.06375

  400.0   0.06261

  401.0   0.06132

  402.0   0.06021

  403.0   0.05936

  404.0   0.05847

  405.0   0.05765

  406.0   0.05697

  407.0   0.05611

  408.0   0.05506

  409.0   0.05401

  410.0   0.05340

  411.0   0.05264

  412.0   0.05149

  413.0   0.05104

  414.0   0.05012

  415.0   0.04955

  416.0   0.04771

  417.0   0.04682

  418.0   0.04595

  419.0   0.04522

  420.0   0.04416

  421.0   0.04361

  422.0   0.04274

  423.0   0.04191

  424.0   0.04096

  425.0   0.04028

  426.0   0.03936

  427.0   0.03878

  428.0   0.03788

  429.0   0.03705

  430.0   0.03627

  431.0   0.03567

  432.0   0.03486

  433.0   0.03417

  434.0   0.03362

  435.0   0.03303

  436.0   0.03222

  437.0   0.03187

  438.0   0.03127

  439.0   0.03057

  440.0   0.03010

  441.0   0.02968

  442.0   0.02913

  443.0   0.02876

  444.0   0.02823

  445.0   0.02779

  446.0   0.02746

  447.0   0.02720

  448.0   0.02682

  449.0   0.02634

  450.0   0.02613

  451.0   0.02587

  452.0   0.02549

  453.0   0.02549

  454.0   0.02507

  455.0   0.02483

  456.0   0.02462

  457.0   0.02427

  458.0   0.02407

  459.0   0.02380

  460.0   0.02363

  461.0   0.02341

  462.0   0.02323

  463.0   0.02303

  464.0   0.02280

  465.0   0.02277

  466.0   0.02245

  467.0   0.02227

  468.0   0.02207

  469.0   0.02197

  470.0   0.02190

  471.0   0.02187

  472.0   0.02178

  473.0   0.02154

  474.0   0.02144

  475.0   0.02139

  476.0   0.02132

  477.0   0.02131

  478.0   0.02135

  479.0   0.02127

  480.0   0.02118

  481.0   0.02108

  482.0   0.02106

  483.0   0.02105

  484.0   0.02085

  485.0   0.02070

  486.0   0.02068

  487.0   0.02084

  488.0   0.02077

  489.0   0.02071

  490.0   0.02067

  491.0   0.02061

  492.0   0.02060

  493.0   0.02051

  494.0   0.02056

  495.0   0.02049

  496.0   0.02045

  497.0   0.02041

  498.0   0.02038

  499.0   0.02035

  500.0   0.02031

  501.0   0.02038

  502.0   0.02031

  503.0   0.02029

  504.0   0.02031

  505.0   0.02028

  506.0   0.02025

  507.0   0.02020

  508.0   0.02018

  509.0   0.02018

  510.0   0.02013

  511.0   0.02012

  512.0   0.02007

  513.0   0.02003

  514.0   0.02006

  515.0   0.01997

  516.0   0.01995

  517.0   0.01997

  518.0   0.01991

  519.0   0.01993

  520.0   0.01990

  521.0   0.01996

  522.0   0.01991

  523.0   0.01990

  524.0   0.01981

  525.0   0.01978

  526.0   0.01981

  527.0   0.01977

  528.0   0.01972

  529.0   0.01970

  530.0   0.01968

  531.0   0.01967

  532.0   0.01969

  533.0   0.01961

  534.0   0.01960

  535.0   0.01956

  536.0   0.01959

  537.0   0.01955

  538.0   0.01952

  539.0   0.01948

  540.0   0.01945

  541.0   0.01938

  542.0   0.01937

  543.0   0.01932

  544.0   0.01929

  545.0   0.01933

  546.0   0.01934

  547.0   0.01937

  548.0   0.01934

  549.0   0.01939

  550.0   0.01941

  551.0   0.01940

  552.0   0.01946

  553.0   0.01957

  554.0   0.01962

  555.0   0.01967

  556.0   0.01970

  557.0   0.01975

  558.0   0.01972

  559.0   0.01979

  560.0   0.01979

  561.0   0.01980

  562.0   0.01987

  563.0   0.01997

  564.0   0.02010

  565.0   0.02028

  566.0   0.02021

  567.0   0.02022

  568.0   0.02020

  569.0   0.02025

  570.0   0.02019

  571.0   0.02019

  572.0   0.02022

  573.0   0.02027

  574.0   0.02023

  575.0   0.02018

  576.0   0.02012

  577.0   0.02007

  578.0   0.02003

  579.0   0.02004

  580.0   0.02004

  581.0   0.02010

  582.0   0.02003

  583.0   0.02002

  584.0   0.02002

  585.0   0.02001

  586.0   0.02007

  587.0   0.02009

  588.0   0.02011

  589.0   0.02013

  590.0   0.02020

  591.0   0.02026

  592.0   0.02031

  593.0   0.02028

  594.0   0.02036

  595.0   0.02036

  596.0   0.02043

  597.0   0.02046

  598.0   0.02055

  599.0   0.02061

  600.0   0.02066

  601.0   0.02073

  602.0   0.02077

  603.0   0.02076

  604.0   0.02083

  605.0   0.02092

  606.0   0.02095

  607.0   0.02103

  608.0   0.02103

  609.0   0.02107

  610.0   0.02112

  611.0   0.02116

  612.0   0.02121

  613.0   0.02126

  614.0   0.02127

  615.0   0.02135

  616.0   0.02140

  617.0   0.02145

  618.0   0.02144

  619.0   0.02150

  620.0   0.02152

  621.0   0.02151

  622.0   0.02155

  623.0   0.02157

  624.0   0.02162

  625.0   0.02166

  626.0   0.02161

  627.0   0.02158

  628.0   0.02159

  629.0   0.02158

  630.0   0.02162

  631.0   0.02163

  632.0   0.02164

  633.0   0.02167

  634.0   0.02168

  635.0   0.02170

  636.0   0.02172

  637.0   0.02168

  638.0   0.02167

  639.0   0.02164

  640.0   0.02158

  641.0   0.02157

  642.0   0.02159

  643.0   0.02164

  644.0   0.02161

  645.0   0.02161

  646.0   0.02162

  647.0   0.02164

  648.0   0.02169

  649.0   0.02167

  650.0   0.02171

  651.0   0.02172

  652.0   0.02175

  653.0   0.02182

  654.0   0.02179

  655.0   0.02178

  656.0   0.02181

  657.0   0.02182

  658.0   0.02189

  659.0   0.02195

  660.0   0.02198

  661.0   0.02200

  662.0   0.02201

  663.0   0.02199

  664.0   0.02201

  665.0   0.02204

  666.0   0.02208

  667.0   0.02212

  668.0   0.02214

  669.0   0.02215

  670.0   0.02217

  671.0   0.02217

  672.0   0.02218

  673.0   0.02215

  674.0   0.02214

  675.0   0.02206

  676.0   0.02209

  677.0   0.02209

  678.0   0.02207

  679.0   0.02208

  680.0   0.02212

  681.0   0.02212

  682.0   0.02213

  683.0   0.02216

  684.0   0.02214

  685.0   0.02221

  686.0   0.02220

  687.0   0.02220

  688.0   0.02220

  689.0   0.02216

  690.0   0.02212

  691.0   0.02209

  692.0   0.02211

  693.0   0.02211

  694.0   0.02212

  695.0   0.02211

  696.0   0.02210

  697.0   0.02214

  698.0   0.02214

  699.0   0.02211

  700.0   0.02209

  701.0   0.02209

  702.0   0.02207

  703.0   0.02208

  704.0   0.02205

  705.0   0.02201

  706.0   0.02206

  707.0   0.02210

  708.0   0.02215

  709.0   0.02217

  710.0   0.02220

  711.0   0.02220

  712.0   0.02220

  713.0   0.02218

  714.0   0.02221

  715.0   0.02221

  716.0   0.02228

  717.0   0.02231

  718.0   0.02229

  719.0   0.02232

  720.0   0.02228

  721.0   0.02223

  722.0   0.02227

  723.0   0.02225

  724.0   0.02226

  725.0   0.02225

  726.0   0.02230

  727.0   0.02232

  728.0   0.02234

  729.0   0.02235

  730.0   0.02232

  731.0   0.02234

  732.0   0.02231

  733.0   0.02225

  734.0   0.02230

  735.0   0.02233

  736.0   0.02252

  737.0   0.02255

  738.0   0.02251

  739.0   0.02248

  740.0   0.02251

  741.0   0.02247

  742.0   0.02245

  743.0   0.02242

  744.0   0.02247

  745.0   0.02250

  746.0   0.02248

  747.0   0.02249

  748.0   0.02247

  749.0   0.02244

  750.0   0.02240

  751.0   0.02248

  752.0   0.02251

  753.0   0.02249

  754.0   0.02244

  755.0   0.02245

  756.0   0.02233

  757.0   0.02235

  758.0   0.02240

  759.0   0.02242

  760.0   0.02241

  761.0   0.02248

  762.0   0.02239

  763.0   0.02230

  764.0   0.02229

  765.0   0.02223

  766.0   0.02226

  767.0   0.02223

  768.0   0.02226

  769.0   0.02226

  770.0   0.02226

  771.0   0.02221

  772.0   0.02219

  773.0   0.02220

  774.0   0.02215

  775.0   0.02216

  776.0   0.02216

  777.0   0.02206

  778.0   0.02210

  779.0   0.02202

  780.0   0.02198

  781.0   0.02199

  782.0   0.02197

  783.0   0.02193

  784.0   0.02188

  785.0   0.02184

  786.0   0.02179

  787.0   0.02175

  788.0   0.02177

  789.0   0.02173

  790.0   0.02178

  791.0   0.02176

  792.0   0.02178

  793.0   0.02179

  794.0   0.02172

  795.0   0.02162

  796.0   0.02154

  797.0   0.02146

  798.0   0.02143

  799.0   0.02133

  800.0   0.02132

 
