ser ID: DU600

Method ID: A:\DEFAULT

Date: 07/31/00

Time: 04:00

 200.0   3.01494

  201.0   3.08884

  202.0   3.12905

  203.0   3.17260

  204.0   3.23147

  205.0   2.58906

  206.0   2.64147

  207.0   2.49502

  208.0   2.17973

  209.0   2.08438

  210.0   2.06518

  211.0   1.93573

  212.0   1.90005

  213.0   1.83737

  214.0   1.82076

  215.0   1.77806

  216.0   1.74674

  217.0   1.71747

  218.0   1.67532

  219.0   1.63582

  220.0   1.60484

  221.0   1.57655

  222.0   1.55095

  223.0   1.51195

  224.0   1.48196

  225.0   1.45547

  226.0   1.42631

  227.0   1.39806

  228.0   1.37867

  229.0   1.36089

  230.0   1.33282

  231.0   1.31532

  232.0   1.29984

  233.0   1.28131

  234.0   1.26129

  235.0   1.24430

  236.0   1.22338

  237.0   1.19662

  238.0   1.16992

  239.0   1.13072

  240.0   1.09296

  241.0   1.05152

  242.0   1.00603

  243.0   0.95783

  244.0   0.91600

  245.0   0.87632

  246.0   0.83714

  247.0   0.80177

  248.0   0.76804

  249.0   0.73740

  250.0   0.70990

  251.0   0.68120

  252.0   0.65763

  253.0   0.63636

  254.0   0.61686

  255.0   0.59642

  256.0   0.57931

  257.0   0.56306

  258.0   0.54834

  259.0   0.53084

  260.0   0.51616

  261.0   0.50099

  262.0   0.48336

  263.0   0.46864

  264.0   0.45459

  265.0   0.44122

  266.0   0.42655

  267.0   0.41395

  268.0   0.40167

  269.0   0.38840

  270.0   0.37431

  271.0   0.36133

  272.0   0.34947

  273.0   0.33667

  274.0   0.32270

  275.0   0.30922

  276.0   0.29596

  277.0   0.28294

  278.0   0.26899

  279.0   0.25707

  280.0   0.24592

  281.0   0.23428

  282.0   0.22352

  283.0   0.21392

  284.0   0.20347

  285.0   0.19343

  286.0   0.18446

  287.0   0.17613

  288.0   0.16757

  289.0   0.16038

  290.0   0.15436

  291.0   0.14845

  292.0   0.14223

  293.0   0.13746

  294.0   0.13316

  295.0   0.12819

  296.0   0.12377

  297.0   0.12009

  298.0   0.11627

  299.0   0.11320

  300.0   0.10978

  301.0   0.10727

  302.0   0.10491

  303.0   0.10286

  304.0   0.10102

  305.0   0.09936

  306.0   0.09672

  307.0   0.09516

  308.0   0.09445

  309.0   0.09293

  310.0   0.09186

  311.0   0.09054

  312.0   0.08927

  313.0   0.08799

  314.0   0.08775

  315.0   0.08651

  316.0   0.08587

  317.0   0.08590

  318.0   0.08508

  319.0   0.08439

  320.0   0.08458

  321.0   0.08462

  322.0   0.08535

  323.0   0.08439

  324.0   0.08571

  325.0   0.08706

  326.0   0.08689

  327.0   0.08744

  328.0   0.08860

  329.0   0.08864

  330.0   0.08944

  331.0   0.09038

  332.0   0.09213

  333.0   0.09202

  334.0   0.09351

  335.0   0.09551

  336.0   0.09561

  337.0   0.09621

  338.0   0.09759

  339.0   0.09859

  340.0   0.10043

  341.0   0.10225

  342.0   0.10449

  343.0   0.10463

  344.0   0.10605

  345.0   0.10790

  346.0   0.10860

  347.0   0.11055

  348.0   0.11090

  349.0   0.11310

  350.0   0.11339

  351.0   0.11330

  352.0   0.11455

  353.0   0.11494

  354.0   0.11523

  355.0   0.11532

  356.0   0.11511

  357.0   0.11586

  358.0   0.11502

  359.0   0.11450

  360.0   0.11410

  361.0   0.11311

  362.0   0.11132

  363.0   0.10997

  364.0   0.10783

  365.0   0.10663

  366.0   0.10589

  367.0   0.10367

  368.0   0.10233

  369.0   0.10027

  370.0   0.09851

  371.0   0.09602

  372.0   0.09489

  373.0   0.09296

  374.0   0.09157

  375.0   0.08923

  376.0   0.08729

  377.0   0.08515

  378.0   0.08326

  379.0   0.08221

  380.0   0.08076

  381.0   0.07902

  382.0   0.07755

  383.0   0.07639

  384.0   0.07494

  385.0   0.07348

  386.0   0.07218

  387.0   0.07094

  388.0   0.06965

  389.0   0.06857

  390.0   0.06765

  391.0   0.06709

  392.0   0.06585

  393.0   0.06494

  394.0   0.06383

  395.0   0.06309

  396.0   0.06249

  397.0   0.06175

  398.0   0.06088

  399.0   0.06014

  400.0   0.05944

  401.0   0.05866

  402.0   0.05760

  403.0   0.05711

  404.0   0.05624

  405.0   0.05557

  406.0   0.05498

  407.0   0.05412

  408.0   0.05329

  409.0   0.05242

  410.0   0.05171

  411.0   0.05087

  412.0   0.04972

  413.0   0.04905

  414.0   0.04822

  415.0   0.04772

  416.0   0.04568

  417.0   0.04476

  418.0   0.04358

  419.0   0.04275

  420.0   0.04149

  421.0   0.04084

  422.0   0.03996

  423.0   0.03905

  424.0   0.03787

  425.0   0.03689

  426.0   0.03621

  427.0   0.03556

  428.0   0.03474

  429.0   0.03386

  430.0   0.03315

  431.0   0.03250

  432.0   0.03177

  433.0   0.03116

  434.0   0.03056

  435.0   0.03010

  436.0   0.02942

  437.0   0.02901

  438.0   0.02859

  439.0   0.02800

  440.0   0.02758

  441.0   0.02710

  442.0   0.02680

  443.0   0.02652

  444.0   0.02617

  445.0   0.02581

  446.0   0.02561

  447.0   0.02537

  448.0   0.02511

  449.0   0.02474

  450.0   0.02460

  451.0   0.02436

  452.0   0.02417

  453.0   0.02422

  454.0   0.02394

  455.0   0.02363

  456.0   0.02351

  457.0   0.02312

  458.0   0.02301

  459.0   0.02275

  460.0   0.02275

  461.0   0.02255

  462.0   0.02246

  463.0   0.02226

  464.0   0.02208

  465.0   0.02206

  466.0   0.02184

  467.0   0.02163

  468.0   0.02151

  469.0   0.02139

  470.0   0.02148

  471.0   0.02142

  472.0   0.02135

  473.0   0.02119

  474.0   0.02116

  475.0   0.02105

  476.0   0.02099

  477.0   0.02097

  478.0   0.02102

  479.0   0.02091

  480.0   0.02086

  481.0   0.02084

  482.0   0.02088

  483.0   0.02085

  484.0   0.02073

  485.0   0.02056

  486.0   0.02054

  487.0   0.02072

  488.0   0.02063

  489.0   0.02057

  490.0   0.02053

  491.0   0.02047

  492.0   0.02049

  493.0   0.02045

  494.0   0.02050

  495.0   0.02049

  496.0   0.02051

  497.0   0.02045

  498.0   0.02044

  499.0   0.02039

  500.0   0.02033

  501.0   0.02028

  502.0   0.02025

  503.0   0.02025

  504.0   0.02027

  505.0   0.02028

  506.0   0.02027

  507.0   0.02024

  508.0   0.02022

  509.0   0.02018

  510.0   0.02015

  511.0   0.02016

  512.0   0.02020

  513.0   0.02015

  514.0   0.02013

  515.0   0.02010

  516.0   0.02007

  517.0   0.02006

  518.0   0.02002

  519.0   0.01999

  520.0   0.02000

  521.0   0.02000

  522.0   0.01998

  523.0   0.02001

  524.0   0.01997

  525.0   0.01991

  526.0   0.01986

  527.0   0.01984

  528.0   0.01983

  529.0   0.01985

  530.0   0.01978

  531.0   0.01974

  532.0   0.01972

  533.0   0.01967

  534.0   0.01971

  535.0   0.01971

  536.0   0.01974

  537.0   0.01975

  538.0   0.01973

  539.0   0.01969

  540.0   0.01964

  541.0   0.01957

  542.0   0.01952

  543.0   0.01943

  544.0   0.01945

  545.0   0.01943

  546.0   0.01944

  547.0   0.01951

  548.0   0.01947

  549.0   0.01952

  550.0   0.01955

  551.0   0.01963

  552.0   0.01971

  553.0   0.01981

  554.0   0.01986

  555.0   0.01997

  556.0   0.02003

  557.0   0.02062

  558.0   0.02061

  559.0   0.02063

  560.0   0.02062

  561.0   0.02063

  562.0   0.02066

  563.0   0.02066

  564.0   0.02069

  565.0   0.02069

  566.0   0.02063

  567.0   0.02062

  568.0   0.02062

  569.0   0.02064

  570.0   0.02059

  571.0   0.02061

  572.0   0.02060

  573.0   0.02065

  574.0   0.02063

  575.0   0.02060

  576.0   0.02058

  577.0   0.02055

  578.0   0.02055

  579.0   0.02054

  580.0   0.02051

  581.0   0.02056

  582.0   0.02052

  583.0   0.02056

  584.0   0.02062

  585.0   0.02062

  586.0   0.02066

  587.0   0.02066

  588.0   0.02065

  589.0   0.02070

  590.0   0.02070

  591.0   0.02076

  592.0   0.02084

  593.0   0.02083

  594.0   0.02089

  595.0   0.02093

  596.0   0.02096

  597.0   0.02100

  598.0   0.02108

  599.0   0.02117

  600.0   0.02123

  601.0   0.02130

  602.0   0.02136

  603.0   0.02144

  604.0   0.02151

  605.0   0.02159

  606.0   0.02165

  607.0   0.02175

  608.0   0.02184

  609.0   0.02191

  610.0   0.02196

  611.0   0.02199

  612.0   0.02202

  613.0   0.02204

  614.0   0.02205

  615.0   0.02211

  616.0   0.02212

  617.0   0.02217

  618.0   0.02217

  619.0   0.02220

  620.0   0.02220

  621.0   0.02217

  622.0   0.02220

  623.0   0.02216

  624.0   0.02217

  625.0   0.02223

  626.0   0.02225

  627.0   0.02222

  628.0   0.02228

  629.0   0.02224

  630.0   0.02224

  631.0   0.02220

  632.0   0.02222

  633.0   0.02220

  634.0   0.02221

  635.0   0.02223

  636.0   0.02227

  637.0   0.02224

  638.0   0.02221

  639.0   0.02218

  640.0   0.02216

  641.0   0.02216

  642.0   0.02214

  643.0   0.02219

  644.0   0.02216

  645.0   0.02216

  646.0   0.02218

  647.0   0.02222

  648.0   0.02227

  649.0   0.02230

  650.0   0.02236

  651.0   0.02235

  652.0   0.02240

  653.0   0.02244

  654.0   0.02244

  655.0   0.02245

  656.0   0.02244

  657.0   0.02244

  658.0   0.02249

  659.0   0.02252

  660.0   0.02250

  661.0   0.02250

  662.0   0.02253

  663.0   0.02253

  664.0   0.02253

  665.0   0.02253

  666.0   0.02257

  667.0   0.02258

  668.0   0.02258

  669.0   0.02259

  670.0   0.02258

  671.0   0.02259

  672.0   0.02257

  673.0   0.02257

  674.0   0.02260

  675.0   0.02257

  676.0   0.02259

  677.0   0.02255

  678.0   0.02254

  679.0   0.02255

  680.0   0.02259

  681.0   0.02254

  682.0   0.02252

  683.0   0.02252

  684.0   0.02251

  685.0   0.02252

  686.0   0.02250

  687.0   0.02248

  688.0   0.02249

  689.0   0.02246

  690.0   0.02244

  691.0   0.02243

  692.0   0.02240

  693.0   0.02240

  694.0   0.02235

  695.0   0.02244

  696.0   0.02243

  697.0   0.02243

  698.0   0.02245

  699.0   0.02243

  700.0   0.02239

  701.0   0.02237

  702.0   0.02235

  703.0   0.02236

  704.0   0.02233

  705.0   0.02232

  706.0   0.02230

  707.0   0.02234

  708.0   0.02238

  709.0   0.02240

  710.0   0.02243

  711.0   0.02243

  712.0   0.02247

  713.0   0.02248

  714.0   0.02246

  715.0   0.02245

  716.0   0.02252

  717.0   0.02250

  718.0   0.02249

  719.0   0.02248

  720.0   0.02250

  721.0   0.02250

  722.0   0.02254

  723.0   0.02253

  724.0   0.02256

  725.0   0.02250

  726.0   0.02249

  727.0   0.02249

  728.0   0.02246

  729.0   0.02247

  730.0   0.02244

  731.0   0.02241

  732.0   0.02243

  733.0   0.02239

  734.0   0.02243

  735.0   0.02246

  736.0   0.02300

  737.0   0.02298

  738.0   0.02297

  739.0   0.02294

  740.0   0.02291

  741.0   0.02284

  742.0   0.02285

  743.0   0.02281

  744.0   0.02284

  745.0   0.02284

  746.0   0.02279

  747.0   0.02285

  748.0   0.02281

  749.0   0.02277

  750.0   0.02274

  751.0   0.02279

  752.0   0.02276

  753.0   0.02274

  754.0   0.02272

  755.0   0.02265

  756.0   0.02250

  757.0   0.02258

  758.0   0.02255

  759.0   0.02251

  760.0   0.02246

  761.0   0.02245

  762.0   0.02239

  763.0   0.02233

  764.0   0.02229

  765.0   0.02226

  766.0   0.02226

  767.0   0.02220

  768.0   0.02223

  769.0   0.02218

  770.0   0.02218

  771.0   0.02216

  772.0   0.02205

  773.0   0.02208

  774.0   0.02209

  775.0   0.02210

  776.0   0.02208

  777.0   0.02197

  778.0   0.02195

  779.0   0.02188

  780.0   0.02183

  781.0   0.02182

  782.0   0.02177

  783.0   0.02175

  784.0   0.02171

  785.0   0.02169

  786.0   0.02168

  787.0   0.02166

  788.0   0.02165

  789.0   0.02161

  790.0   0.02157

  791.0   0.02155

  792.0   0.02145

  793.0   0.02141

  794.0   0.02137

  795.0   0.02132

  796.0   0.02124

  797.0   0.02119

  798.0   0.02122

  799.0   0.02121

  800.0   0.02114

 
