ser ID: DU600

Method ID: A:\DEFAULT

Date: 07/31/00

Time: 03:05

 200.0   3.01494

  201.0   3.08884

  202.0   3.12905

  203.0   3.17260

  204.0   3.23147

  205.0   2.98700

  206.0   2.34044

  207.0   1.98314

  208.0   2.06055

  209.0   2.23699

  210.0   2.55654

  211.0   2.14179

  212.0   1.92586

  213.0   1.81104

  214.0   1.72138

  215.0   1.74206

  216.0   1.75639

  217.0   1.80180

  218.0   1.73491

  219.0   1.66976

  220.0   1.65453

  221.0   1.63037

  222.0   1.61628

  223.0   1.59719

  224.0   1.57500

  225.0   1.55956

  226.0   1.55071

  227.0   1.53747

  228.0   1.53142

  229.0   1.51451

  230.0   1.50716

  231.0   1.52208

  232.0   1.51381

  233.0   1.49192

  234.0   1.47767

  235.0   1.46673

  236.0   1.44086

  237.0   1.40661

  238.0   1.36397

  239.0   1.30649

  240.0   1.24769

  241.0   1.18866

  242.0   1.12638

  243.0   1.05651

  244.0   0.99575

  245.0   0.94209

  246.0   0.89346

  247.0   0.84823

  248.0   0.81460

  249.0   0.77913

  250.0   0.74769

  251.0   0.71558

  252.0   0.68849

  253.0   0.66206

  254.0   0.63835

  255.0   0.61329

  256.0   0.59223

  257.0   0.57101

  258.0   0.54996

  259.0   0.52651

  260.0   0.50771

  261.0   0.48865

  262.0   0.46881

  263.0   0.45403

  264.0   0.43799

  265.0   0.42540

  266.0   0.41216

  267.0   0.40125

  268.0   0.39192

  269.0   0.38220

  270.0   0.37206

  271.0   0.36339

  272.0   0.35446

  273.0   0.34601

  274.0   0.33605

  275.0   0.32758

  276.0   0.31778

  277.0   0.30747

  278.0   0.29558

  279.0   0.28432

  280.0   0.27380

  281.0   0.26234

  282.0   0.25066

  283.0   0.23903

  284.0   0.22802

  285.0   0.21576

  286.0   0.20441

  287.0   0.19377

  288.0   0.18266

  289.0   0.17423

  290.0   0.16609

  291.0   0.15783

  292.0   0.14993

  293.0   0.14240

  294.0   0.13617

  295.0   0.12963

  296.0   0.12396

  297.0   0.11820

  298.0   0.11299

  299.0   0.10742

  300.0   0.10255

  301.0   0.09841

  302.0   0.09505

  303.0   0.09171

  304.0   0.08868

  305.0   0.08541

  306.0   0.08198

  307.0   0.07897

  308.0   0.07748

  309.0   0.07522

  310.0   0.07370

  311.0   0.07169

  312.0   0.07018

  313.0   0.06829

  314.0   0.06707

  315.0   0.06727

  316.0   0.06686

  317.0   0.06661

  318.0   0.06710

  319.0   0.06677

  320.0   0.06638

  321.0   0.06704

  322.0   0.06950

  323.0   0.06996

  324.0   0.07097

  325.0   0.07315

  326.0   0.07558

  327.0   0.07748

  328.0   0.08023

  329.0   0.08156

  330.0   0.08411

  331.0   0.08599

  332.0   0.08893

  333.0   0.09166

  334.0   0.09529

  335.0   0.09931

  336.0   0.10094

  337.0   0.10271

  338.0   0.10598

  339.0   0.10922

  340.0   0.11307

  341.0   0.11606

  342.0   0.11961

  343.0   0.12092

  344.0   0.12412

  345.0   0.12644

  346.0   0.12919

  347.0   0.13222

  348.0   0.13424

  349.0   0.13675

  350.0   0.13680

  351.0   0.13794

  352.0   0.13986

  353.0   0.14070

  354.0   0.14207

  355.0   0.14212

  356.0   0.14250

  357.0   0.14300

  358.0   0.14145

  359.0   0.14130

  360.0   0.14034

  361.0   0.13970

  362.0   0.13703

  363.0   0.13562

  364.0   0.13302

  365.0   0.13086

  366.0   0.12847

  367.0   0.12629

  368.0   0.12457

  369.0   0.12155

  370.0   0.11875

  371.0   0.11608

  372.0   0.11355

  373.0   0.11052

  374.0   0.10876

  375.0   0.10614

  376.0   0.10347

  377.0   0.10126

  378.0   0.09840

  379.0   0.09629

  380.0   0.09433

  381.0   0.09174

  382.0   0.09001

  383.0   0.08824

  384.0   0.08615

  385.0   0.08405

  386.0   0.08229

  387.0   0.08039

  388.0   0.07849

  389.0   0.07679

  390.0   0.07533

  391.0   0.07402

  392.0   0.07238

  393.0   0.07096

  394.0   0.06932

  395.0   0.06775

  396.0   0.06677

  397.0   0.06588

  398.0   0.06452

  399.0   0.06363

  400.0   0.06221

  401.0   0.06121

  402.0   0.06028

  403.0   0.05918

  404.0   0.05843

  405.0   0.05758

  406.0   0.05690

  407.0   0.05605

  408.0   0.05496

  409.0   0.05407

  410.0   0.05316

  411.0   0.05240

  412.0   0.05152

  413.0   0.05084

  414.0   0.05006

  415.0   0.04944

  416.0   0.04771

  417.0   0.04682

  418.0   0.04568

  419.0   0.04505

  420.0   0.04391

  421.0   0.04335

  422.0   0.04241

  423.0   0.04168

  424.0   0.04103

  425.0   0.04020

  426.0   0.03936

  427.0   0.03857

  428.0   0.03767

  429.0   0.03692

  430.0   0.03613

  431.0   0.03560

  432.0   0.03493

  433.0   0.03411

  434.0   0.03344

  435.0   0.03285

  436.0   0.03205

  437.0   0.03170

  438.0   0.03116

  439.0   0.03062

  440.0   0.03010

  441.0   0.02957

  442.0   0.02918

  443.0   0.02866

  444.0   0.02828

  445.0   0.02779

  446.0   0.02746

  447.0   0.02715

  448.0   0.02677

  449.0   0.02629

  450.0   0.02599

  451.0   0.02578

  452.0   0.02545

  453.0   0.02549

  454.0   0.02516

  455.0   0.02483

  456.0   0.02454

  457.0   0.02414

  458.0   0.02394

  459.0   0.02376

  460.0   0.02363

  461.0   0.02341

  462.0   0.02323

  463.0   0.02303

  464.0   0.02280

  465.0   0.02273

  466.0   0.02249

  467.0   0.02227

  468.0   0.02207

  469.0   0.02190

  470.0   0.02197

  471.0   0.02180

  472.0   0.02171

  473.0   0.02148

  474.0   0.02144

  475.0   0.02142

  476.0   0.02129

  477.0   0.02131

  478.0   0.02133

  479.0   0.02118

  480.0   0.02110

  481.0   0.02108

  482.0   0.02111

  483.0   0.02105

  484.0   0.02090

  485.0   0.02068

  486.0   0.02066

  487.0   0.02079

  488.0   0.02070

  489.0   0.02064

  490.0   0.02057

  491.0   0.02050

  492.0   0.02049

  493.0   0.02049

  494.0   0.02056

  495.0   0.02058

  496.0   0.02055

  497.0   0.02051

  498.0   0.02046

  499.0   0.02041

  500.0   0.02044

  501.0   0.02044

  502.0   0.02041

  503.0   0.02037

  504.0   0.02033

  505.0   0.02030

  506.0   0.02029

  507.0   0.02028

  508.0   0.02020

  509.0   0.02018

  510.0   0.02013

  511.0   0.02010

  512.0   0.02012

  513.0   0.02011

  514.0   0.02004

  515.0   0.02001

  516.0   0.01995

  517.0   0.01997

  518.0   0.01995

  519.0   0.01999

  520.0   0.01994

  521.0   0.01988

  522.0   0.01987

  523.0   0.01986

  524.0   0.01986

  525.0   0.01978

  526.0   0.01979

  527.0   0.01979

  528.0   0.01980

  529.0   0.01975

  530.0   0.01974

  531.0   0.01973

  532.0   0.01974

  533.0   0.01965

  534.0   0.01962

  535.0   0.01965

  536.0   0.01965

  537.0   0.01958

  538.0   0.01958

  539.0   0.01954

  540.0   0.01949

  541.0   0.01946

  542.0   0.01939

  543.0   0.01936

  544.0   0.01937

  545.0   0.01933

  546.0   0.01933

  547.0   0.01937

  548.0   0.01936

  549.0   0.01940

  550.0   0.01939

  551.0   0.01944

  552.0   0.01954

  553.0   0.01959

  554.0   0.01970

  555.0   0.01977

  556.0   0.01976

  557.0   0.02001

  558.0   0.02003

  559.0   0.02007

  560.0   0.02011

  561.0   0.02010

  562.0   0.02013

  563.0   0.02011

  564.0   0.02010

  565.0   0.02003

  566.0   0.02000

  567.0   0.02007

  568.0   0.02011

  569.0   0.02014

  570.0   0.02013

  571.0   0.02013

  572.0   0.02013

  573.0   0.02014

  574.0   0.02013

  575.0   0.02006

  576.0   0.02001

  577.0   0.02001

  578.0   0.02001

  579.0   0.02000

  580.0   0.01998

  581.0   0.02002

  582.0   0.01997

  583.0   0.02000

  584.0   0.02006

  585.0   0.02003

  586.0   0.02007

  587.0   0.02007

  588.0   0.02007

  589.0   0.02008

  590.0   0.02010

  591.0   0.02016

  592.0   0.02015

  593.0   0.02013

  594.0   0.02023

  595.0   0.02019

  596.0   0.02026

  597.0   0.02029

  598.0   0.02039

  599.0   0.02045

  600.0   0.02051

  601.0   0.02052

  602.0   0.02062

  603.0   0.02067

  604.0   0.02074

  605.0   0.02082

  606.0   0.02091

  607.0   0.02101

  608.0   0.02107

  609.0   0.02112

  610.0   0.02117

  611.0   0.02117

  612.0   0.02124

  613.0   0.02126

  614.0   0.02127

  615.0   0.02135

  616.0   0.02140

  617.0   0.02145

  618.0   0.02145

  619.0   0.02148

  620.0   0.02152

  621.0   0.02153

  622.0   0.02157

  623.0   0.02158

  624.0   0.02162

  625.0   0.02164

  626.0   0.02161

  627.0   0.02158

  628.0   0.02159

  629.0   0.02153

  630.0   0.02159

  631.0   0.02156

  632.0   0.02159

  633.0   0.02162

  634.0   0.02163

  635.0   0.02165

  636.0   0.02169

  637.0   0.02163

  638.0   0.02161

  639.0   0.02159

  640.0   0.02161

  641.0   0.02161

  642.0   0.02159

  643.0   0.02161

  644.0   0.02159

  645.0   0.02156

  646.0   0.02158

  647.0   0.02159

  648.0   0.02164

  649.0   0.02165

  650.0   0.02167

  651.0   0.02173

  652.0   0.02175

  653.0   0.02182

  654.0   0.02179

  655.0   0.02180

  656.0   0.02182

  657.0   0.02182

  658.0   0.02187

  659.0   0.02193

  660.0   0.02191

  661.0   0.02198

  662.0   0.02199

  663.0   0.02199

  664.0   0.02202

  665.0   0.02208

  666.0   0.02208

  667.0   0.02210

  668.0   0.02211

  669.0   0.02213

  670.0   0.02214

  671.0   0.02218

  672.0   0.02216

  673.0   0.02217

  674.0   0.02215

  675.0   0.02214

  676.0   0.02220

  677.0   0.02212

  678.0   0.02209

  679.0   0.02208

  680.0   0.02214

  681.0   0.02210

  682.0   0.02208

  683.0   0.02210

  684.0   0.02212

  685.0   0.02215

  686.0   0.02215

  687.0   0.02216

  688.0   0.02214

  689.0   0.02210

  690.0   0.02205

  691.0   0.02205

  692.0   0.02206

  693.0   0.02209

  694.0   0.02210

  695.0   0.02215

  696.0   0.02218

  697.0   0.02218

  698.0   0.02214

  699.0   0.02213

  700.0   0.02209

  701.0   0.02211

  702.0   0.02207

  703.0   0.02210

  704.0   0.02209

  705.0   0.02209

  706.0   0.02212

  707.0   0.02216

  708.0   0.02213

  709.0   0.02217

  710.0   0.02216

  711.0   0.02220

  712.0   0.02226

  713.0   0.02229

  714.0   0.02231

  715.0   0.02232

  716.0   0.02236

  717.0   0.02239

  718.0   0.02245

  719.0   0.02244

  720.0   0.02241

  721.0   0.02234

  722.0   0.02238

  723.0   0.02241

  724.0   0.02242

  725.0   0.02239

  726.0   0.02237

  727.0   0.02232

  728.0   0.02234

  729.0   0.02235

  730.0   0.02229

  731.0   0.02229

  732.0   0.02231

  733.0   0.02227

  734.0   0.02230

  735.0   0.02233

  736.0   0.02257

  737.0   0.02261

  738.0   0.02257

  739.0   0.02251

  740.0   0.02254

  741.0   0.02247

  742.0   0.02248

  743.0   0.02250

  744.0   0.02250

  745.0   0.02253

  746.0   0.02245

  747.0   0.02254

  748.0   0.02253

  749.0   0.02249

  750.0   0.02243

  751.0   0.02251

  752.0   0.02254

  753.0   0.02252

  754.0   0.02250

  755.0   0.02248

  756.0   0.02236

  757.0   0.02246

  758.0   0.02249

  759.0   0.02242

  760.0   0.02238

  761.0   0.02237

  762.0   0.02234

  763.0   0.02225

  764.0   0.02221

  765.0   0.02223

  766.0   0.02220

  767.0   0.02223

  768.0   0.02226

  769.0   0.02218

  770.0   0.02224

  771.0   0.02216

  772.0   0.02208

  773.0   0.02206

  774.0   0.02201

  775.0   0.02204

  776.0   0.02205

  777.0   0.02197

  778.0   0.02201

  779.0   0.02194

  780.0   0.02186

  781.0   0.02179

  782.0   0.02171

  783.0   0.02166

  784.0   0.02165

  785.0   0.02166

  786.0   0.02176

  787.0   0.02181

  788.0   0.02177

  789.0   0.02167

  790.0   0.02157

  791.0   0.02153

  792.0   0.02133

  793.0   0.02132

  794.0   0.02122

  795.0   0.02114

  796.0   0.02112

  797.0   0.02113

  798.0   0.02116

  799.0   0.02112

  800.0   0.02120

 
