ser ID: DU600

Method ID: A:\DEFAULT

Date: 07/31/00

Time: 04:24

 200.0   3.01494

  201.0   2.48678

  202.0   2.52699

  203.0   2.69548

  204.0   2.45332

  205.0   2.24663

  206.0   2.26126

  207.0   2.44387

  208.0   2.15746

  209.0   2.08438

  210.0   2.05139

  211.0   1.96569

  212.0   1.90005

  213.0   1.85822

  214.0   1.82076

  215.0   1.79445

  216.0   1.77128

  217.0   1.72607

  218.0   1.68281

  219.0   1.63582

  220.0   1.61075

  221.0   1.56342

  222.0   1.52734

  223.0   1.48486

  224.0   1.45736

  225.0   1.41961

  226.0   1.38624

  227.0   1.35333

  228.0   1.32950

  229.0   1.29340

  230.0   1.26687

  231.0   1.24932

  232.0   1.24536

  233.0   1.23070

  234.0   1.19513

  235.0   1.17674

  236.0   1.15013

  237.0   1.12727

  238.0   1.10103

  239.0   1.06640

  240.0   1.03624

  241.0   0.99661

  242.0   0.96106

  243.0   0.91680

  244.0   0.88139

  245.0   0.84544

  246.0   0.81344

  247.0   0.77876

  248.0   0.74850

  249.0   0.71983

  250.0   0.69141

  251.0   0.66583

  252.0   0.64404

  253.0   0.62371

  254.0   0.60573

  255.0   0.58672

  256.0   0.57133

  257.0   0.55812

  258.0   0.54470

  259.0   0.52985

  260.0   0.51732

  261.0   0.50327

  262.0   0.48671

  263.0   0.47301

  264.0   0.45834

  265.0   0.44492

  266.0   0.43035

  267.0   0.41685

  268.0   0.40351

  269.0   0.38923

  270.0   0.37399

  271.0   0.35991

  272.0   0.34592

  273.0   0.33169

  274.0   0.31567

  275.0   0.30167

  276.0   0.28750

  277.0   0.27403

  278.0   0.25892

  279.0   0.24638

  280.0   0.23574

  281.0   0.22388

  282.0   0.21406

  283.0   0.20383

  284.0   0.19484

  285.0   0.18620

  286.0   0.17692

  287.0   0.16916

  288.0   0.16126

  289.0   0.15480

  290.0   0.14897

  291.0   0.14434

  292.0   0.13896

  293.0   0.13433

  294.0   0.13093

  295.0   0.12666

  296.0   0.12320

  297.0   0.12037

  298.0   0.11664

  299.0   0.11423

  300.0   0.11240

  301.0   0.10980

  302.0   0.10809

  303.0   0.10670

  304.0   0.10553

  305.0   0.10323

  306.0   0.10165

  307.0   0.10050

  308.0   0.09994

  309.0   0.09877

  310.0   0.09796

  311.0   0.09611

  312.0   0.09532

  313.0   0.09452

  314.0   0.09354

  315.0   0.09290

  316.0   0.09301

  317.0   0.09227

  318.0   0.09132

  319.0   0.09051

  320.0   0.09055

  321.0   0.09053

  322.0   0.09061

  323.0   0.08966

  324.0   0.08947

  325.0   0.09050

  326.0   0.09069

  327.0   0.09101

  328.0   0.09051

  329.0   0.09067

  330.0   0.09195

  331.0   0.09181

  332.0   0.09296

  333.0   0.09249

  334.0   0.09399

  335.0   0.09481

  336.0   0.09420

  337.0   0.09503

  338.0   0.09537

  339.0   0.09603

  340.0   0.09800

  341.0   0.09854

  342.0   0.09964

  343.0   0.09944

  344.0   0.10053

  345.0   0.10113

  346.0   0.10139

  347.0   0.10300

  348.0   0.10312

  349.0   0.10474

  350.0   0.10457

  351.0   0.10494

  352.0   0.10582

  353.0   0.10539

  354.0   0.10623

  355.0   0.10617

  356.0   0.10535

  357.0   0.10503

  358.0   0.10616

  359.0   0.10550

  360.0   0.10406

  361.0   0.10372

  362.0   0.10215

  363.0   0.10133

  364.0   0.09930

  365.0   0.09835

  366.0   0.09762

  367.0   0.09573

  368.0   0.09504

  369.0   0.09308

  370.0   0.09136

  371.0   0.08951

  372.0   0.08800

  373.0   0.08631

  374.0   0.08522

  375.0   0.08339

  376.0   0.08167

  377.0   0.07993

  378.0   0.07809

  379.0   0.07732

  380.0   0.07620

  381.0   0.07492

  382.0   0.07352

  383.0   0.07253

  384.0   0.07159

  385.0   0.07018

  386.0   0.06900

  387.0   0.06814

  388.0   0.06681

  389.0   0.06623

  390.0   0.06579

  391.0   0.06491

  392.0   0.06394

  393.0   0.06324

  394.0   0.06246

  395.0   0.06136

  396.0   0.06108

  397.0   0.06024

  398.0   0.05967

  399.0   0.05919

  400.0   0.05813

  401.0   0.05773

  402.0   0.05684

  403.0   0.05603

  404.0   0.05522

  405.0   0.05490

  406.0   0.05436

  407.0   0.05321

  408.0   0.05271

  409.0   0.05163

  410.0   0.05094

  411.0   0.05003

  412.0   0.04934

  413.0   0.04876

  414.0   0.04751

  415.0   0.04666

  416.0   0.04481

  417.0   0.04382

  418.0   0.04267

  419.0   0.04178

  420.0   0.04055

  421.0   0.03975

  422.0   0.03883

  423.0   0.03787

  424.0   0.03671

  425.0   0.03584

  426.0   0.03504

  427.0   0.03435

  428.0   0.03355

  429.0   0.03264

  430.0   0.03176

  431.0   0.03122

  432.0   0.03045

  433.0   0.02981

  434.0   0.02943

  435.0   0.02910

  436.0   0.02885

  437.0   0.02862

  438.0   0.02783

  439.0   0.02725

  440.0   0.02690

  441.0   0.02659

  442.0   0.02635

  443.0   0.02583

  444.0   0.02554

  445.0   0.02514

  446.0   0.02489

  447.0   0.02472

  448.0   0.02460

  449.0   0.02424

  450.0   0.02419

  451.0   0.02396

  452.0   0.02377

  453.0   0.02379

  454.0   0.02364

  455.0   0.02337

  456.0   0.02313

  457.0   0.02291

  458.0   0.02280

  459.0   0.02263

  460.0   0.02259

  461.0   0.02238

  462.0   0.02229

  463.0   0.02210

  464.0   0.02196

  465.0   0.02206

  466.0   0.02180

  467.0   0.02163

  468.0   0.02148

  469.0   0.02136

  470.0   0.02141

  471.0   0.02139

  472.0   0.02128

  473.0   0.02116

  474.0   0.02112

  475.0   0.02111

  476.0   0.02108

  477.0   0.02105

  478.0   0.02110

  479.0   0.02099

  480.0   0.02096

  481.0   0.02092

  482.0   0.02086

  483.0   0.02085

  484.0   0.02073

  485.0   0.02058

  486.0   0.02061

  487.0   0.02072

  488.0   0.02067

  489.0   0.02067

  490.0   0.02064

  491.0   0.02059

  492.0   0.02060

  493.0   0.02047

  494.0   0.02056

  495.0   0.02058

  496.0   0.02053

  497.0   0.02047

  498.0   0.02055

  499.0   0.02052

  500.0   0.02046

  501.0   0.02046

  502.0   0.02039

  503.0   0.02041

  504.0   0.02047

  505.0   0.02048

  506.0   0.02039

  507.0   0.02030

  508.0   0.02028

  509.0   0.02025

  510.0   0.02017

  511.0   0.02010

  512.0   0.02010

  513.0   0.01999

  514.0   0.01993

  515.0   0.01993

  516.0   0.01997

  517.0   0.02004

  518.0   0.02023

  519.0   0.02008

  520.0   0.02007

  521.0   0.02007

  522.0   0.02011

  523.0   0.02005

  524.0   0.02003

  525.0   0.01996

  526.0   0.01994

  527.0   0.01997

  528.0   0.01996

  529.0   0.01992

  530.0   0.01987

  531.0   0.01986

  532.0   0.01989

  533.0   0.01993

  534.0   0.01986

  535.0   0.01982

  536.0   0.01986

  537.0   0.01979

  538.0   0.01975

  539.0   0.01971

  540.0   0.01970

  541.0   0.01965

  542.0   0.01962

  543.0   0.01957

  544.0   0.01956

  545.0   0.01954

  546.0   0.01957

  547.0   0.01966

  548.0   0.01965

  549.0   0.01971

  550.0   0.01982

  551.0   0.01992

  552.0   0.02000

  553.0   0.02016

  554.0   0.02022

  555.0   0.02030

  556.0   0.02030

  557.0   0.02100

  558.0   0.02099

  559.0   0.02100

  560.0   0.02100

  561.0   0.02096

  562.0   0.02098

  563.0   0.02093

  564.0   0.02094

  565.0   0.02096

  566.0   0.02095

  567.0   0.02094

  568.0   0.02095

  569.0   0.02097

  570.0   0.02096

  571.0   0.02095

  572.0   0.02095

  573.0   0.02095

  574.0   0.02091

  575.0   0.02090

  576.0   0.02087

  577.0   0.02086

  578.0   0.02086

  579.0   0.02082

  580.0   0.02081

  581.0   0.02087

  582.0   0.02080

  583.0   0.02084

  584.0   0.02088

  585.0   0.02094

  586.0   0.02110

  587.0   0.02117

  588.0   0.02124

  589.0   0.02128

  590.0   0.02132

  591.0   0.02139

  592.0   0.02144

  593.0   0.02146

  594.0   0.02154

  595.0   0.02159

  596.0   0.02165

  597.0   0.02170

  598.0   0.02175

  599.0   0.02180

  600.0   0.02186

  601.0   0.02196

  602.0   0.02207

  603.0   0.02210

  604.0   0.02218

  605.0   0.02228

  606.0   0.02236

  607.0   0.02247

  608.0   0.02252

  609.0   0.02259

  610.0   0.02259

  611.0   0.02266

  612.0   0.02272

  613.0   0.02273

  614.0   0.02278

  615.0   0.02285

  616.0   0.02288

  617.0   0.02289

  618.0   0.02289

  619.0   0.02292

  620.0   0.02295

  621.0   0.02294

  622.0   0.02295

  623.0   0.02294

  624.0   0.02295

  625.0   0.02298

  626.0   0.02293

  627.0   0.02290

  628.0   0.02292

  629.0   0.02284

  630.0   0.02288

  631.0   0.02287

  632.0   0.02290

  633.0   0.02292

  634.0   0.02292

  635.0   0.02295

  636.0   0.02297

  637.0   0.02294

  638.0   0.02295

  639.0   0.02292

  640.0   0.02291

  641.0   0.02292

  642.0   0.02292

  643.0   0.02296

  644.0   0.02291

  645.0   0.02293

  646.0   0.02298

  647.0   0.02299

  648.0   0.02304

  649.0   0.02305

  650.0   0.02313

  651.0   0.02312

  652.0   0.02316

  653.0   0.02319

  654.0   0.02317

  655.0   0.02318

  656.0   0.02319

  657.0   0.02321

  658.0   0.02325

  659.0   0.02327

  660.0   0.02324

  661.0   0.02323

  662.0   0.02327

  663.0   0.02329

  664.0   0.02329

  665.0   0.02326

  666.0   0.02331

  667.0   0.02333

  668.0   0.02332

  669.0   0.02327

  670.0   0.02328

  671.0   0.02326

  672.0   0.02331

  673.0   0.02330

  674.0   0.02327

  675.0   0.02325

  676.0   0.02325

  677.0   0.02317

  678.0   0.02322

  679.0   0.02323

  680.0   0.02326

  681.0   0.02328

  682.0   0.02328

  683.0   0.02333

  684.0   0.02333

  685.0   0.02335

  686.0   0.02333

  687.0   0.02324

  688.0   0.02320

  689.0   0.02317

  690.0   0.02318

  691.0   0.02315

  692.0   0.02317

  693.0   0.02316

  694.0   0.02313

  695.0   0.02316

  696.0   0.02316

  697.0   0.02317

  698.0   0.02313

  699.0   0.02315

  700.0   0.02310

  701.0   0.02308

  702.0   0.02305

  703.0   0.02306

  704.0   0.02301

  705.0   0.02300

  706.0   0.02300

  707.0   0.02306

  708.0   0.02306

  709.0   0.02310

  710.0   0.02310

  711.0   0.02312

  712.0   0.02313

  713.0   0.02305

  714.0   0.02302

  715.0   0.02296

  716.0   0.02297

  717.0   0.02300

  718.0   0.02304

  719.0   0.02308

  720.0   0.02308

  721.0   0.02301

  722.0   0.02302

  723.0   0.02298

  724.0   0.02297

  725.0   0.02292

  726.0   0.02291

  727.0   0.02284

  728.0   0.02284

  729.0   0.02288

  730.0   0.02277

  731.0   0.02278

  732.0   0.02275

  733.0   0.02259

  734.0   0.02265

  735.0   0.02268

  736.0   0.02332

  737.0   0.02336

  738.0   0.02332

  739.0   0.02325

  740.0   0.02322

  741.0   0.02306

  742.0   0.02308

  743.0   0.02307

  744.0   0.02309

  745.0   0.02309

  746.0   0.02302

  747.0   0.02308

  748.0   0.02306

  749.0   0.02300

  750.0   0.02297

  751.0   0.02299

  752.0   0.02302

  753.0   0.02294

  754.0   0.02289

  755.0   0.02282

  756.0   0.02264

  757.0   0.02269

  758.0   0.02272

  759.0   0.02271

  760.0   0.02269

  761.0   0.02271

  762.0   0.02262

  763.0   0.02253

  764.0   0.02255

  765.0   0.02252

  766.0   0.02257

  767.0   0.02254

  768.0   0.02252

  769.0   0.02252

  770.0   0.02244

  771.0   0.02239

  772.0   0.02228

  773.0   0.02229

  774.0   0.02224

  775.0   0.02224

  776.0   0.02222

  777.0   0.02215

  778.0   0.02216

  779.0   0.02205

  780.0   0.02206

  781.0   0.02208

  782.0   0.02203

  783.0   0.02201

  784.0   0.02194

  785.0   0.02192

  786.0   0.02191

  787.0   0.02187

  788.0   0.02186

  789.0   0.02182

  790.0   0.02175

  791.0   0.02173

  792.0   0.02163

  793.0   0.02161

  794.0   0.02160

  795.0   0.02150

  796.0   0.02145

  797.0   0.02143

  798.0   0.02140

  799.0   0.02136

  800.0   0.02135

 
