ser ID: DU600

Method ID: A:\DEFAULT

Date: 07/31/00

Time: 04:36

 200.0   2.31597

  201.0   3.08884

  202.0   2.65192

  203.0   2.57054

  204.0   2.45332

  205.0   2.81090

  206.0   2.64147

  207.0   2.49502

  208.0   2.17973

  209.0   2.15401

  210.0   2.05139

  211.0   1.95548

  212.0   1.87569

  213.0   1.83064

  214.0   1.77937

  215.0   1.76227

  216.0   1.73265

  217.0   1.68865

  218.0   1.67163

  219.0   1.63582

  220.0   1.60778

  221.0   1.57125

  222.0   1.52504

  223.0   1.48689

  224.0   1.45552

  225.0   1.41798

  226.0   1.37894

  227.0   1.33513

  228.0   1.30454

  229.0   1.27831

  230.0   1.24726

  231.0   1.22194

  232.0   1.19696

  233.0   1.18149

  234.0   1.15819

  235.0   1.14100

  236.0   1.12123

  237.0   1.09818

  238.0   1.07431

  239.0   1.04440

  240.0   1.01019

  241.0   0.97821

  242.0   0.93810

  243.0   0.89978

  244.0   0.86670

  245.0   0.83247

  246.0   0.80158

  247.0   0.76681

  248.0   0.73780

  249.0   0.71077

  250.0   0.68382

  251.0   0.65834

  252.0   0.63728

  253.0   0.61809

  254.0   0.60157

  255.0   0.58439

  256.0   0.56967

  257.0   0.55608

  258.0   0.54430

  259.0   0.53044

  260.0   0.51558

  261.0   0.50175

  262.0   0.48689

  263.0   0.47265

  264.0   0.45924

  265.0   0.44545

  266.0   0.43105

  267.0   0.41753

  268.0   0.40402

  269.0   0.38939

  270.0   0.37367

  271.0   0.35991

  272.0   0.34561

  273.0   0.33064

  274.0   0.31422

  275.0   0.29829

  276.0   0.28327

  277.0   0.26938

  278.0   0.25404

  279.0   0.24238

  280.0   0.23122

  281.0   0.21912

  282.0   0.20940

  283.0   0.19973

  284.0   0.19059

  285.0   0.18235

  286.0   0.17411

  287.0   0.16672

  288.0   0.15886

  289.0   0.15285

  290.0   0.14765

  291.0   0.14235

  292.0   0.13759

  293.0   0.13346

  294.0   0.13035

  295.0   0.12647

  296.0   0.12329

  297.0   0.12037

  298.0   0.11759

  299.0   0.11470

  300.0   0.11249

  301.0   0.11121

  302.0   0.10988

  303.0   0.10830

  304.0   0.10657

  305.0   0.10522

  306.0   0.10404

  307.0   0.10301

  308.0   0.10237

  309.0   0.10093

  310.0   0.10024

  311.0   0.09942

  312.0   0.09828

  313.0   0.09772

  314.0   0.09710

  315.0   0.09619

  316.0   0.09537

  317.0   0.09511

  318.0   0.09386

  319.0   0.09354

  320.0   0.09283

  321.0   0.09305

  322.0   0.09273

  323.0   0.09191

  324.0   0.09268

  325.0   0.09288

  326.0   0.09332

  327.0   0.09305

  328.0   0.09302

  329.0   0.09283

  330.0   0.09279

  331.0   0.09217

  332.0   0.09380

  333.0   0.09226

  334.0   0.09304

  335.0   0.09410

  336.0   0.09327

  337.0   0.09410

  338.0   0.09444

  339.0   0.09464

  340.0   0.09569

  341.0   0.09647

  342.0   0.09792

  343.0   0.09773

  344.0   0.09814

  345.0   0.09965

  346.0   0.09923

  347.0   0.10062

  348.0   0.10030

  349.0   0.10146

  350.0   0.10119

  351.0   0.10110

  352.0   0.10152

  353.0   0.10119

  354.0   0.10179

  355.0   0.10194

  356.0   0.10192

  357.0   0.10219

  358.0   0.10163

  359.0   0.10107

  360.0   0.10061

  361.0   0.09969

  362.0   0.09833

  363.0   0.09739

  364.0   0.09606

  365.0   0.09471

  366.0   0.09331

  367.0   0.09227

  368.0   0.09094

  369.0   0.08944

  370.0   0.08740

  371.0   0.08600

  372.0   0.08508

  373.0   0.08342

  374.0   0.08257

  375.0   0.08112

  376.0   0.07956

  377.0   0.07802

  378.0   0.07664

  379.0   0.07560

  380.0   0.07441

  381.0   0.07307

  382.0   0.07206

  383.0   0.07084

  384.0   0.06968

  385.0   0.06855

  386.0   0.06726

  387.0   0.06655

  388.0   0.06555

  389.0   0.06480

  390.0   0.06412

  391.0   0.06378

  392.0   0.06310

  393.0   0.06246

  394.0   0.06161

  395.0   0.06098

  396.0   0.06046

  397.0   0.05988

  398.0   0.05919

  399.0   0.05887

  400.0   0.05790

  401.0   0.05711

  402.0   0.05645

  403.0   0.05577

  404.0   0.05514

  405.0   0.05450

  406.0   0.05373

  407.0   0.05301

  408.0   0.05228

  409.0   0.05141

  410.0   0.05069

  411.0   0.04991

  412.0   0.04891

  413.0   0.04830

  414.0   0.04742

  415.0   0.04682

  416.0   0.04452

  417.0   0.04354

  418.0   0.04231

  419.0   0.04151

  420.0   0.04029

  421.0   0.03958

  422.0   0.03850

  423.0   0.03771

  424.0   0.03656

  425.0   0.03561

  426.0   0.03475

  427.0   0.03393

  428.0   0.03321

  429.0   0.03237

  430.0   0.03163

  431.0   0.03102

  432.0   0.03026

  433.0   0.02957

  434.0   0.02907

  435.0   0.02846

  436.0   0.02783

  437.0   0.02768

  438.0   0.02723

  439.0   0.02666

  440.0   0.02638

  441.0   0.02607

  442.0   0.02569

  443.0   0.02548

  444.0   0.02520

  445.0   0.02485

  446.0   0.02466

  447.0   0.02444

  448.0   0.02423

  449.0   0.02397

  450.0   0.02388

  451.0   0.02369

  452.0   0.02351

  453.0   0.02357

  454.0   0.02334

  455.0   0.02316

  456.0   0.02300

  457.0   0.02270

  458.0   0.02268

  459.0   0.02234

  460.0   0.02230

  461.0   0.02218

  462.0   0.02209

  463.0   0.02182

  464.0   0.02176

  465.0   0.02178

  466.0   0.02153

  467.0   0.02140

  468.0   0.02126

  469.0   0.02114

  470.0   0.02124

  471.0   0.02118

  472.0   0.02118

  473.0   0.02106

  474.0   0.02100

  475.0   0.02096

  476.0   0.02085

  477.0   0.02082

  478.0   0.02090

  479.0   0.02080

  480.0   0.02075

  481.0   0.02074

  482.0   0.02073

  483.0   0.02074

  484.0   0.02063

  485.0   0.02043

  486.0   0.02041

  487.0   0.02055

  488.0   0.02053

  489.0   0.02055

  490.0   0.02071

  491.0   0.02097

  492.0   0.02082

  493.0   0.02054

  494.0   0.02046

  495.0   0.02058

  496.0   0.02060

  497.0   0.02060

  498.0   0.02055

  499.0   0.02054

  500.0   0.02048

  501.0   0.02046

  502.0   0.02041

  503.0   0.02041

  504.0   0.02037

  505.0   0.02034

  506.0   0.02033

  507.0   0.02036

  508.0   0.02039

  509.0   0.02033

  510.0   0.02031

  511.0   0.02022

  512.0   0.02018

  513.0   0.02015

  514.0   0.02015

  515.0   0.02019

  516.0   0.02010

  517.0   0.02012

  518.0   0.02010

  519.0   0.02019

  520.0   0.02016

  521.0   0.02018

  522.0   0.02020

  523.0   0.02019

  524.0   0.02014

  525.0   0.02009

  526.0   0.02010

  527.0   0.02005

  528.0   0.02002

  529.0   0.01996

  530.0   0.01992

  531.0   0.01982

  532.0   0.01982

  533.0   0.01976

  534.0   0.01975

  535.0   0.01976

  536.0   0.01980

  537.0   0.01981

  538.0   0.01973

  539.0   0.01971

  540.0   0.01960

  541.0   0.01961

  542.0   0.01958

  543.0   0.01953

  544.0   0.01954

  545.0   0.01956

  546.0   0.01961

  547.0   0.01968

  548.0   0.01967

  549.0   0.01977

  550.0   0.01989

  551.0   0.01996

  552.0   0.02006

  553.0   0.02018

  554.0   0.02026

  555.0   0.02038

  556.0   0.02036

  557.0   0.02123

  558.0   0.02122

  559.0   0.02124

  560.0   0.02123

  561.0   0.02128

  562.0   0.02128

  563.0   0.02128

  564.0   0.02126

  565.0   0.02123

  566.0   0.02122

  567.0   0.02120

  568.0   0.02120

  569.0   0.02121

  570.0   0.02120

  571.0   0.02119

  572.0   0.02123

  573.0   0.02123

  574.0   0.02117

  575.0   0.02113

  576.0   0.02108

  577.0   0.02105

  578.0   0.02103

  579.0   0.02101

  580.0   0.02102

  581.0   0.02105

  582.0   0.02106

  583.0   0.02104

  584.0   0.02114

  585.0   0.02118

  586.0   0.02122

  587.0   0.02127

  588.0   0.02132

  589.0   0.02134

  590.0   0.02136

  591.0   0.02143

  592.0   0.02151

  593.0   0.02152

  594.0   0.02161

  595.0   0.02163

  596.0   0.02171

  597.0   0.02173

  598.0   0.02180

  599.0   0.02190

  600.0   0.02199

  601.0   0.02206

  602.0   0.02217

  603.0   0.02222

  604.0   0.02231

  605.0   0.02242

  606.0   0.02247

  607.0   0.02256

  608.0   0.02261

  609.0   0.02272

  610.0   0.02278

  611.0   0.02284

  612.0   0.02283

  613.0   0.02278

  614.0   0.02282

  615.0   0.02290

  616.0   0.02295

  617.0   0.02298

  618.0   0.02305

  619.0   0.02306

  620.0   0.02316

  621.0   0.02315

  622.0   0.02314

  623.0   0.02306

  624.0   0.02306

  625.0   0.02308

  626.0   0.02305

  627.0   0.02305

  628.0   0.02306

  629.0   0.02300

  630.0   0.02308

  631.0   0.02306

  632.0   0.02308

  633.0   0.02304

  634.0   0.02304

  635.0   0.02304

  636.0   0.02307

  637.0   0.02305

  638.0   0.02309

  639.0   0.02306

  640.0   0.02303

  641.0   0.02301

  642.0   0.02296

  643.0   0.02301

  644.0   0.02301

  645.0   0.02302

  646.0   0.02305

  647.0   0.02308

  648.0   0.02315

  649.0   0.02319

  650.0   0.02323

  651.0   0.02324

  652.0   0.02328

  653.0   0.02331

  654.0   0.02334

  655.0   0.02331

  656.0   0.02331

  657.0   0.02328

  658.0   0.02336

  659.0   0.02340

  660.0   0.02338

  661.0   0.02338

  662.0   0.02341

  663.0   0.02343

  664.0   0.02349

  665.0   0.02351

  666.0   0.02355

  667.0   0.02354

  668.0   0.02353

  669.0   0.02354

  670.0   0.02353

  671.0   0.02351

  672.0   0.02349

  673.0   0.02351

  674.0   0.02356

  675.0   0.02353

  676.0   0.02355

  677.0   0.02351

  678.0   0.02350

  679.0   0.02352

  680.0   0.02351

  681.0   0.02348

  682.0   0.02344

  683.0   0.02344

  684.0   0.02346

  685.0   0.02344

  686.0   0.02344

  687.0   0.02337

  688.0   0.02333

  689.0   0.02326

  690.0   0.02323

  691.0   0.02320

  692.0   0.02321

  693.0   0.02323

  694.0   0.02323

  695.0   0.02328

  696.0   0.02330

  697.0   0.02328

  698.0   0.02327

  699.0   0.02325

  700.0   0.02320

  701.0   0.02316

  702.0   0.02317

  703.0   0.02318

  704.0   0.02313

  705.0   0.02306

  706.0   0.02308

  707.0   0.02308

  708.0   0.02306

  709.0   0.02310

  710.0   0.02310

  711.0   0.02314

  712.0   0.02315

  713.0   0.02301

  714.0   0.02291

  715.0   0.02270

  716.0   0.02269

  717.0   0.02272

  718.0   0.02273

  719.0   0.02272

  720.0   0.02283

  721.0   0.02286

  722.0   0.02284

  723.0   0.02280

  724.0   0.02281

  725.0   0.02276

  726.0   0.02277

  727.0   0.02275

  728.0   0.02272

  729.0   0.02274

  730.0   0.02270

  731.0   0.02268

  732.0   0.02267

  733.0   0.02266

  734.0   0.02268

  735.0   0.02271

  736.0   0.02318

  737.0   0.02318

  738.0   0.02320

  739.0   0.02320

  740.0   0.02311

  741.0   0.02303

  742.0   0.02299

  743.0   0.02298

  744.0   0.02298

  745.0   0.02292

  746.0   0.02287

  747.0   0.02291

  748.0   0.02289

  749.0   0.02289

  750.0   0.02280

  751.0   0.02285

  752.0   0.02291

  753.0   0.02283

  754.0   0.02281

  755.0   0.02276

  756.0   0.02264

  757.0   0.02263

  758.0   0.02266

  759.0   0.02262

  760.0   0.02261

  761.0   0.02262

  762.0   0.02254

  763.0   0.02250

  764.0   0.02247

  765.0   0.02243

  766.0   0.02240

  767.0   0.02240

  768.0   0.02240

  769.0   0.02240

  770.0   0.02238

  771.0   0.02230

  772.0   0.02219

  773.0   0.02220

  774.0   0.02215

  775.0   0.02221

  776.0   0.02216

  777.0   0.02215

  778.0   0.02210

  779.0   0.02205

  780.0   0.02198

  781.0   0.02199

  782.0   0.02189

  783.0   0.02190

  784.0   0.02191

  785.0   0.02187

  786.0   0.02185

  787.0   0.02184

  788.0   0.02183

  789.0   0.02173

  790.0   0.02172

  791.0   0.02170

  792.0   0.02157

  793.0   0.02156

  794.0   0.02157

  795.0   0.02147

  796.0   0.02142

  797.0   0.02140

  798.0   0.02137

  799.0   0.02133

  800.0   0.02129

 
