ser ID: DU600

Method ID: A:\DEFAULT

Date: 07/28/00

Time: 08:14

 200.0   2.78604

  201.0   2.85187

  202.0   2.88593

  203.0   2.61490

  204.0   2.94498

  205.0   2.97772

  206.0   3.00775

  207.0   3.04139

  208.0   2.60781

  209.0   3.13925

  210.0   3.18639

  211.0   3.24279

  212.0   3.31175

  213.0   3.38952

  214.0   3.14783

  215.0   3.50311

  216.0   3.56229

  217.0   3.33133

  218.0   3.68726

  219.0   3.73030

  220.0   3.45977

  221.0   3.78319

  222.0   3.80209

  223.0   3.33991

  224.0   3.83097

  225.0   3.84336

  226.0   3.15752

  227.0   3.86864

  228.0   3.88036

  229.0   3.41408

  230.0   3.90260

  231.0   3.91259

  232.0   3.44431

  233.0   3.62767

  234.0   3.93591

  235.0   3.94067

  236.0   3.94493

  237.0   3.94738

  238.0   3.47232

  239.0   3.95022

  240.0   3.94968

  241.0   3.34670

  242.0   3.94734

  243.0   3.94507

  244.0   3.94221

  245.0   3.93872

  246.0   3.93460

  247.0   3.32782

  248.0   3.92547

  249.0   3.92049

  250.0   3.91582

  251.0   3.13108

  252.0   3.90314

  253.0   3.19860

  254.0   3.19307

  255.0   3.40852

  256.0   2.97669

  257.0   2.87402

  258.0   3.02225

  259.0   2.81817

  260.0   2.70653

  261.0   2.76790

  262.0   2.54089

  263.0   2.49485

  264.0   2.43431

  265.0   2.33543

  266.0   2.26166

  267.0   2.19772

  268.0   2.05010

  269.0   1.99102

  270.0   1.96235

  271.0   1.86374

  272.0   1.79546

  273.0   1.75925

  274.0   1.64057

  275.0   1.59001

  276.0   1.53190

  277.0   1.46561

  278.0   1.39447

  279.0   1.33570

  280.0   1.26824

  281.0   1.20836

  282.0   1.16144

  283.0   1.10902

  284.0   1.05587

  285.0   1.01235

  286.0   0.96424

  287.0   0.92277

  288.0   0.88006

  289.0   0.84302

  290.0   0.80927

  291.0   0.78211

  292.0   0.74676

  293.0   0.72070

  294.0   0.69754

  295.0   0.66965

  296.0   0.64826

  297.0   0.62882

  298.0   0.60706

  299.0   0.58466

  300.0   0.56985

  301.0   0.55291

  302.0   0.53466

  303.0   0.52065

  304.0   0.50870

  305.0   0.49451

  306.0   0.48275

  307.0   0.47159

  308.0   0.46033

  309.0   0.45037

  310.0   0.43979

  311.0   0.43008

  312.0   0.41989

  313.0   0.41088

  314.0   0.40098

  315.0   0.39344

  316.0   0.38541

  317.0   0.37889

  318.0   0.37395

  319.0   0.36801

  320.0   0.36400

  321.0   0.36326

  322.0   0.35803

  323.0   0.35824

  324.0   0.35736

  325.0   0.35770

  326.0   0.35951

  327.0   0.36109

  328.0   0.36237

  329.0   0.36646

  330.0   0.36762

  331.0   0.36907

  332.0   0.37288

  333.0   0.37577

  334.0   0.37751

  335.0   0.38342

  336.0   0.38567

  337.0   0.39009

  338.0   0.39613

  339.0   0.39947

  340.0   0.40355

  341.0   0.41209

  342.0   0.41516

  343.0   0.41930

  344.0   0.42537

  345.0   0.43139

  346.0   0.43486

  347.0   0.44036

  348.0   0.44464

  349.0   0.44695

  350.0   0.45076

  351.0   0.45212

  352.0   0.45371

  353.0   0.45597

  354.0   0.45538

  355.0   0.45412

  356.0   0.45372

  357.0   0.45334

  358.0   0.44926

  359.0   0.44632

  360.0   0.44272

  361.0   0.43869

  362.0   0.43355

  363.0   0.42787

  364.0   0.42348

  365.0   0.41596

  366.0   0.41058

  367.0   0.40549

  368.0   0.39845

  369.0   0.39019

  370.0   0.38457

  371.0   0.37843

  372.0   0.37050

  373.0   0.36532

  374.0   0.35843

  375.0   0.35172

  376.0   0.34591

  377.0   0.33972

  378.0   0.33237

  379.0   0.32681

  380.0   0.32105

  381.0   0.31420

  382.0   0.30938

  383.0   0.30347

  384.0   0.29689

  385.0   0.29220

  386.0   0.28549

  387.0   0.28022

  388.0   0.27554

  389.0   0.26981

  390.0   0.26450

  391.0   0.26007

  392.0   0.25505

  393.0   0.25021

  394.0   0.24522

  395.0   0.24117

  396.0   0.23693

  397.0   0.23225

  398.0   0.22824

  399.0   0.22410

  400.0   0.22005

  401.0   0.21587

  402.0   0.21185

  403.0   0.20866

  404.0   0.20366

  405.0   0.19967

  406.0   0.19605

  407.0   0.19174

  408.0   0.18794

  409.0   0.18326

  410.0   0.17880

  411.0   0.17437

  412.0   0.17035

  413.0   0.16594

  414.0   0.16127

  415.0   0.15873

  416.0   0.15114

  417.0   0.14581

  418.0   0.14105

  419.0   0.13558

  420.0   0.13078

  421.0   0.12608

  422.0   0.12073

  423.0   0.11623

  424.0   0.11144

  425.0   0.10682

  426.0   0.10226

  427.0   0.09819

  428.0   0.09406

  429.0   0.09004

  430.0   0.08641

  431.0   0.08265

  432.0   0.07943

  433.0   0.07603

  434.0   0.07320

  435.0   0.07060

  436.0   0.06764

  437.0   0.06512

  438.0   0.06279

  439.0   0.06045

  440.0   0.05818

  441.0   0.05629

  442.0   0.05401

  443.0   0.05233

  444.0   0.05069

  445.0   0.04900

  446.0   0.04729

  447.0   0.04572

  448.0   0.04427

  449.0   0.04284

  450.0   0.04133

  451.0   0.03997

  452.0   0.03884

  453.0   0.03747

  454.0   0.03619

  455.0   0.03506

  456.0   0.03383

  457.0   0.03279

  458.0   0.03168

  459.0   0.03056

  460.0   0.02942

  461.0   0.02850

  462.0   0.02736

  463.0   0.02635

  464.0   0.02542

  465.0   0.02468

  466.0   0.02368

  467.0   0.02290

  468.0   0.02205

  469.0   0.02138

  470.0   0.02051

  471.0   0.01986

  472.0   0.01914

  473.0   0.01843

  474.0   0.01788

  475.0   0.01729

  476.0   0.01658

  477.0   0.01609

  478.0   0.01549

  479.0   0.01493

  480.0   0.01440

  481.0   0.01402

  482.0   0.01348

  483.0   0.01310

  484.0   0.01260

  485.0   0.01226

  486.0   0.01187

  487.0   0.01152

  488.0   0.01128

  489.0   0.01085

  490.0   0.01046

  491.0   0.01014

  492.0   0.00984

  493.0   0.00948

  494.0   0.00920

  495.0   0.00897

  496.0   0.00860

  497.0   0.00836

  498.0   0.00810

  499.0   0.00789

  500.0   0.00764

  501.0   0.00746

  502.0   0.00732

  503.0   0.00710

  504.0   0.00692

  505.0   0.00669

  506.0   0.00654

  507.0   0.00631

  508.0   0.00621

  509.0   0.00595

  510.0   0.00587

  511.0   0.00576

  512.0   0.00566

  513.0   0.00554

  514.0   0.00539

  515.0   0.00530

  516.0   0.00514

  517.0   0.00507

  518.0   0.00501

  519.0   0.00493

  520.0   0.00492

  521.0   0.00487

  522.0   0.00487

  523.0   0.00481

  524.0   0.00486

  525.0   0.00475

  526.0   0.00476

  527.0   0.00478

  528.0   0.00475

  529.0   0.00475

  530.0   0.00474

  531.0   0.00479

  532.0   0.00484

  533.0   0.00485

  534.0   0.00489

  535.0   0.00494

  536.0   0.00498

  537.0   0.00501

  538.0   0.00497

  539.0   0.00497

  540.0   0.00504

  541.0   0.00506

  542.0   0.00509

  543.0   0.00517

  544.0   0.00519

  545.0   0.00526

  546.0   0.00535

  547.0   0.00544

  548.0   0.00554

  549.0   0.00562

  550.0   0.00571

  551.0   0.00574

  552.0   0.00587

  553.0   0.00593

  554.0   0.00598

  555.0   0.00598

  556.0   0.00605

  557.0   0.00624

  558.0   0.00613

  559.0   0.00616

  560.0   0.00609

  561.0   0.00620

  562.0   0.00630

  563.0   0.00637

  564.0   0.00646

  565.0   0.00649

  566.0   0.00649

  567.0   0.00653

  568.0   0.00655

  569.0   0.00654

  570.0   0.00658

  571.0   0.00658

  572.0   0.00659

  573.0   0.00661

  574.0   0.00660

  575.0   0.00660

  576.0   0.00663

  577.0   0.00667

  578.0   0.00665

  579.0   0.00665

  580.0   0.00668

  581.0   0.00672

  582.0   0.00672

  583.0   0.00678

  584.0   0.00678

  585.0   0.00685

  586.0   0.00685

  587.0   0.00689

  588.0   0.00695

  589.0   0.00699

  590.0   0.00708

  591.0   0.00720

  592.0   0.00733

  593.0   0.00749

  594.0   0.00755

  595.0   0.00763

  596.0   0.00765

  597.0   0.00771

  598.0   0.00784

  599.0   0.00789

  600.0   0.00797

  601.0   0.00806

  602.0   0.00812

  603.0   0.00818

  604.0   0.00824

  605.0   0.00824

  606.0   0.00828

  607.0   0.00832

  608.0   0.00834

  609.0   0.00837

  610.0   0.00838

  611.0   0.00845

  612.0   0.00839

  613.0   0.00840

  614.0   0.00837

  615.0   0.00831

  616.0   0.00840

  617.0   0.00836

  618.0   0.00837

  619.0   0.00841

  620.0   0.00837

  621.0   0.00836

  622.0   0.00834

  623.0   0.00829

  624.0   0.00826

  625.0   0.00816

  626.0   0.00812

  627.0   0.00807

  628.0   0.00800

  629.0   0.00800

  630.0   0.00794

  631.0   0.00797

  632.0   0.00796

  633.0   0.00787

  634.0   0.00789

  635.0   0.00784

  636.0   0.00783

  637.0   0.00781

  638.0   0.00784

  639.0   0.00786

  640.0   0.00785

  641.0   0.00782

  642.0   0.00787

  643.0   0.00785

  644.0   0.00782

  645.0   0.00785

  646.0   0.00787

  647.0   0.00787

  648.0   0.00787

  649.0   0.00787

  650.0   0.00779

  651.0   0.00780

  652.0   0.00780

  653.0   0.00781

  654.0   0.00778

  655.0   0.00781

  656.0   0.00777

  657.0   0.00783

  658.0   0.00772

  659.0   0.00763

  660.0   0.00759

  661.0   0.00755

  662.0   0.00747

  663.0   0.00745

  664.0   0.00741

  665.0   0.00739

  666.0   0.00735

  667.0   0.00735

  668.0   0.00731

  669.0   0.00722

  670.0   0.00712

  671.0   0.00705

  672.0   0.00702

  673.0   0.00695

  674.0   0.00690

  675.0   0.00682

  676.0   0.00678

  677.0   0.00673

  678.0   0.00666

  679.0   0.00669

  680.0   0.00667

  681.0   0.00661

  682.0   0.00651

  683.0   0.00645

  684.0   0.00643

  685.0   0.00631

  686.0   0.00630

  687.0   0.00622

  688.0   0.00616

  689.0   0.00609

  690.0   0.00599

  691.0   0.00598

  692.0   0.00593

  693.0   0.00590

  694.0   0.00591

  695.0   0.00588

  696.0   0.00582

  697.0   0.00583

  698.0   0.00577

  699.0   0.00585

  700.0   0.00582

  701.0   0.00584

  702.0   0.00585

  703.0   0.00580

  704.0   0.00580

  705.0   0.00579

  706.0   0.00580

  707.0   0.00576

  708.0   0.00579

  709.0   0.00583

  710.0   0.00576

  711.0   0.00578

  712.0   0.00583

  713.0   0.00585

  714.0   0.00587

  715.0   0.00581

  716.0   0.00578

  717.0   0.00574

  718.0   0.00572

  719.0   0.00570

  720.0   0.00570

  721.0   0.00570

  722.0   0.00574

  723.0   0.00570

  724.0   0.00573

  725.0   0.00569

  726.0   0.00567

  727.0   0.00564

  728.0   0.00571

  729.0   0.00567

  730.0   0.00571

  731.0   0.00568

  732.0   0.00570

  733.0   0.00571

  734.0   0.00564

  735.0   0.00569

  736.0   0.00561

  737.0   0.00557

  738.0   0.00552

  739.0   0.00545

  740.0   0.00549

  741.0   0.00545

  742.0   0.00547

  743.0   0.00548

  744.0   0.00545

  745.0   0.00542

  746.0   0.00546

  747.0   0.00541

  748.0   0.00546

  749.0   0.00543

  750.0   0.00548

  751.0   0.00550

  752.0   0.00553

  753.0   0.00558

  754.0   0.00551

  755.0   0.00561

  756.0   0.00564

  757.0   0.00560

  758.0   0.00560

  759.0   0.00563

  760.0   0.00561

  761.0   0.00561

  762.0   0.00559

  763.0   0.00562

  764.0   0.00560

  765.0   0.00561

  766.0   0.00564

  767.0   0.00567

  768.0   0.00576

  769.0   0.00585

  770.0   0.00583

  771.0   0.00584

  772.0   0.00588

  773.0   0.00586

  774.0   0.00606

  775.0   0.00607

  776.0   0.00605

  777.0   0.00606

  778.0   0.00604

  779.0   0.00611

  780.0   0.00609

  781.0   0.00613

  782.0   0.00614

  783.0   0.00615

  784.0   0.00613

  785.0   0.00609

  786.0   0.00607

  787.0   0.00609

  788.0   0.00607

  789.0   0.00608

  790.0   0.00613

  791.0   0.00605

  792.0   0.00609

  793.0   0.00610

  794.0   0.00612

  795.0   0.00604

  796.0   0.00617

  797.0   0.00615

  798.0   0.00613

  799.0   0.00614

  800.0   0.00611

 
