ser ID: DU600

Method ID: A:\DEFAULT

Date: 07/28/00

Time: 08:21

 200.0   2.78604

  201.0   2.85187

  202.0   2.40881

  203.0   2.91593

  204.0   2.04189

  205.0   2.97772

  206.0   3.00775

  207.0   2.43933

  208.0   2.48287

  209.0   3.13925

  210.0   3.18639

  211.0   2.94176

  212.0   2.83463

  213.0   3.38952

  214.0   3.44886

  215.0   3.50311

  216.0   3.26126

  217.0   3.63236

  218.0   3.08520

  219.0   3.73030

  220.0   3.45977

  221.0   3.78319

  222.0   3.80209

  223.0   3.81704

  224.0   3.83097

  225.0   3.84336

  226.0   3.37937

  227.0   3.39152

  228.0   3.88036

  229.0   3.89120

  230.0   3.30054

  231.0   3.31053

  232.0   3.92143

  233.0   3.92870

  234.0   3.93591

  235.0   3.63964

  236.0   3.94493

  237.0   3.94738

  238.0   3.94944

  239.0   3.95022

  240.0   3.94968

  241.0   3.94876

  242.0   3.10224

  243.0   3.94507

  244.0   3.94221

  245.0   3.46160

  246.0   3.23563

  247.0   3.92988

  248.0   3.62444

  249.0   3.07539

  250.0   2.91582

  251.0   3.30717

  252.0   3.90314

  253.0   3.19860

  254.0   2.89204

  255.0   3.28358

  256.0   2.97669

  257.0   2.79484

  258.0   2.86735

  259.0   2.85956

  260.0   2.59739

  261.0   2.56833

  262.0   2.49950

  263.0   2.45706

  264.0   2.34089

  265.0   2.23572

  266.0   2.21590

  267.0   2.12926

  268.0   2.04255

  269.0   1.98439

  270.0   1.90357

  271.0   1.83445

  272.0   1.75014

  273.0   1.69230

  274.0   1.61953

  275.0   1.53824

  276.0   1.47542

  277.0   1.41840

  278.0   1.35083

  279.0   1.28061

  280.0   1.22302

  281.0   1.16970

  282.0   1.11986

  283.0   1.06771

  284.0   1.02357

  285.0   0.97474

  286.0   0.93101

  287.0   0.89531

  288.0   0.85612

  289.0   0.82149

  290.0   0.78891

  291.0   0.76134

  292.0   0.73181

  293.0   0.70955

  294.0   0.68523

  295.0   0.66598

  296.0   0.64476

  297.0   0.62517

  298.0   0.60706

  299.0   0.59112

  300.0   0.57419

  301.0   0.55869

  302.0   0.54484

  303.0   0.53357

  304.0   0.52233

  305.0   0.50996

  306.0   0.49985

  307.0   0.48982

  308.0   0.48201

  309.0   0.47091

  310.0   0.46217

  311.0   0.45315

  312.0   0.44279

  313.0   0.43546

  314.0   0.42647

  315.0   0.41888

  316.0   0.40990

  317.0   0.40451

  318.0   0.39942

  319.0   0.39198

  320.0   0.38900

  321.0   0.38661

  322.0   0.38245

  323.0   0.38000

  324.0   0.37777

  325.0   0.37775

  326.0   0.37760

  327.0   0.37903

  328.0   0.38011

  329.0   0.37949

  330.0   0.38137

  331.0   0.38236

  332.0   0.38369

  333.0   0.38404

  334.0   0.38508

  335.0   0.38710

  336.0   0.38843

  337.0   0.39263

  338.0   0.39544

  339.0   0.39646

  340.0   0.39845

  341.0   0.40366

  342.0   0.40693

  343.0   0.40940

  344.0   0.41373

  345.0   0.41755

  346.0   0.42025

  347.0   0.42230

  348.0   0.42573

  349.0   0.42894

  350.0   0.42686

  351.0   0.42935

  352.0   0.43133

  353.0   0.43034

  354.0   0.42946

  355.0   0.42818

  356.0   0.42678

  357.0   0.42572

  358.0   0.42140

  359.0   0.41662

  360.0   0.41476

  361.0   0.41128

  362.0   0.40378

  363.0   0.39761

  364.0   0.39482

  365.0   0.38690

  366.0   0.38158

  367.0   0.37639

  368.0   0.37057

  369.0   0.36319

  370.0   0.35704

  371.0   0.35135

  372.0   0.34530

  373.0   0.33881

  374.0   0.33308

  375.0   0.32733

  376.0   0.32029

  377.0   0.31545

  378.0   0.31022

  379.0   0.30398

  380.0   0.29818

  381.0   0.29296

  382.0   0.28806

  383.0   0.28260

  384.0   0.27740

  385.0   0.27288

  386.0   0.26726

  387.0   0.26253

  388.0   0.25798

  389.0   0.25344

  390.0   0.24899

  391.0   0.24445

  392.0   0.24086

  393.0   0.23664

  394.0   0.23206

  395.0   0.22889

  396.0   0.22550

  397.0   0.22086

  398.0   0.21705

  399.0   0.21379

  400.0   0.20997

  401.0   0.20638

  402.0   0.20283

  403.0   0.19962

  404.0   0.19532

  405.0   0.19128

  406.0   0.18797

  407.0   0.18389

  408.0   0.18002

  409.0   0.17578

  410.0   0.17150

  411.0   0.16693

  412.0   0.16330

  413.0   0.15932

  414.0   0.15452

  415.0   0.15182

  416.0   0.14445

  417.0   0.13905

  418.0   0.13453

  419.0   0.12920

  420.0   0.12390

  421.0   0.11944

  422.0   0.11434

  423.0   0.10978

  424.0   0.10477

  425.0   0.10046

  426.0   0.09587

  427.0   0.09160

  428.0   0.08775

  429.0   0.08380

  430.0   0.08028

  431.0   0.07671

  432.0   0.07359

  433.0   0.07039

  434.0   0.06739

  435.0   0.06501

  436.0   0.06216

  437.0   0.05990

  438.0   0.05753

  439.0   0.05555

  440.0   0.05318

  441.0   0.05128

  442.0   0.04933

  443.0   0.04779

  444.0   0.04619

  445.0   0.04468

  446.0   0.04314

  447.0   0.04164

  448.0   0.04026

  449.0   0.03903

  450.0   0.03771

  451.0   0.03653

  452.0   0.03541

  453.0   0.03426

  454.0   0.03310

  455.0   0.03204

  456.0   0.03093

  457.0   0.03000

  458.0   0.02887

  459.0   0.02794

  460.0   0.02695

  461.0   0.02605

  462.0   0.02510

  463.0   0.02428

  464.0   0.02335

  465.0   0.02272

  466.0   0.02176

  467.0   0.02114

  468.0   0.02037

  469.0   0.01970

  470.0   0.01898

  471.0   0.01837

  472.0   0.01780

  473.0   0.01713

  474.0   0.01662

  475.0   0.01597

  476.0   0.01550

  477.0   0.01501

  478.0   0.01449

  479.0   0.01401

  480.0   0.01358

  481.0   0.01327

  482.0   0.01274

  483.0   0.01238

  484.0   0.01194

  485.0   0.01163

  486.0   0.01126

  487.0   0.01098

  488.0   0.01071

  489.0   0.01039

  490.0   0.01008

  491.0   0.00979

  492.0   0.00954

  493.0   0.00922

  494.0   0.00897

  495.0   0.00873

  496.0   0.00846

  497.0   0.00819

  498.0   0.00797

  499.0   0.00778

  500.0   0.00756

  501.0   0.00742

  502.0   0.00716

  503.0   0.00701

  504.0   0.00690

  505.0   0.00669

  506.0   0.00658

  507.0   0.00642

  508.0   0.00633

  509.0   0.00614

  510.0   0.00609

  511.0   0.00598

  512.0   0.00588

  513.0   0.00582

  514.0   0.00576

  515.0   0.00565

  516.0   0.00554

  517.0   0.00552

  518.0   0.00549

  519.0   0.00542

  520.0   0.00544

  521.0   0.00540

  522.0   0.00540

  523.0   0.00536

  524.0   0.00543

  525.0   0.00541

  526.0   0.00544

  527.0   0.00546

  528.0   0.00551

  529.0   0.00552

  530.0   0.00554

  531.0   0.00555

  532.0   0.00552

  533.0   0.00559

  534.0   0.00563

  535.0   0.00572

  536.0   0.00574

  537.0   0.00585

  538.0   0.00583

  539.0   0.00594

  540.0   0.00596

  541.0   0.00603

  542.0   0.00608

  543.0   0.00620

  544.0   0.00623

  545.0   0.00641

  546.0   0.00650

  547.0   0.00656

  548.0   0.00661

  549.0   0.00670

  550.0   0.00676

  551.0   0.00681

  552.0   0.00693

  553.0   0.00704

  554.0   0.00712

  555.0   0.00714

  556.0   0.00724

  557.0   0.00744

  558.0   0.00736

  559.0   0.00734

  560.0   0.00736

  561.0   0.00746

  562.0   0.00758

  563.0   0.00764

  564.0   0.00774

  565.0   0.00776

  566.0   0.00780

  567.0   0.00779

  568.0   0.00784

  569.0   0.00782

  570.0   0.00789

  571.0   0.00792

  572.0   0.00788

  573.0   0.00795

  574.0   0.00792

  575.0   0.00791

  576.0   0.00795

  577.0   0.00798

  578.0   0.00803

  579.0   0.00800

  580.0   0.00805

  581.0   0.00810

  582.0   0.00815

  583.0   0.00818

  584.0   0.00824

  585.0   0.00831

  586.0   0.00836

  587.0   0.00837

  588.0   0.00845

  589.0   0.00846

  590.0   0.00853

  591.0   0.00856

  592.0   0.00865

  593.0   0.00875

  594.0   0.00884

  595.0   0.00889

  596.0   0.00896

  597.0   0.00905

  598.0   0.00912

  599.0   0.00923

  600.0   0.00932

  601.0   0.00937

  602.0   0.00946

  603.0   0.00953

  604.0   0.00955

  605.0   0.00958

  606.0   0.00957

  607.0   0.00963

  608.0   0.00967

  609.0   0.00966

  610.0   0.00970

  611.0   0.00975

  612.0   0.00974

  613.0   0.00978

  614.0   0.00978

  615.0   0.00979

  616.0   0.00985

  617.0   0.00979

  618.0   0.00974

  619.0   0.00972

  620.0   0.00971

  621.0   0.00964

  622.0   0.00961

  623.0   0.00961

  624.0   0.00956

  625.0   0.00953

  626.0   0.00951

  627.0   0.00946

  628.0   0.00944

  629.0   0.00944

  630.0   0.00938

  631.0   0.00939

  632.0   0.00939

  633.0   0.00935

  634.0   0.00932

  635.0   0.00928

  636.0   0.00928

  637.0   0.00924

  638.0   0.00920

  639.0   0.00917

  640.0   0.00913

  641.0   0.00908

  642.0   0.00911

  643.0   0.00913

  644.0   0.00909

  645.0   0.00909

  646.0   0.00911

  647.0   0.00911

  648.0   0.00913

  649.0   0.00912

  650.0   0.00905

  651.0   0.00906

  652.0   0.00905

  653.0   0.00904

  654.0   0.00900

  655.0   0.00899

  656.0   0.00895

  657.0   0.00899

  658.0   0.00897

  659.0   0.00892

  660.0   0.00888

  661.0   0.00887

  662.0   0.00878

  663.0   0.00875

  664.0   0.00873

  665.0   0.00867

  666.0   0.00860

  667.0   0.00857

  668.0   0.00848

  669.0   0.00838

  670.0   0.00833

  671.0   0.00824

  672.0   0.00823

  673.0   0.00821

  674.0   0.00813

  675.0   0.00808

  676.0   0.00802

  677.0   0.00797

  678.0   0.00793

  679.0   0.00793

  680.0   0.00792

  681.0   0.00785

  682.0   0.00778

  683.0   0.00772

  684.0   0.00772

  685.0   0.00763

  686.0   0.00757

  687.0   0.00756

  688.0   0.00745

  689.0   0.00737

  690.0   0.00731

  691.0   0.00725

  692.0   0.00717

  693.0   0.00715

  694.0   0.00707

  695.0   0.00701

  696.0   0.00695

  697.0   0.00697

  698.0   0.00691

  699.0   0.00694

  700.0   0.00688

  701.0   0.00682

  702.0   0.00680

  703.0   0.00675

  704.0   0.00671

  705.0   0.00674

  706.0   0.00672

  707.0   0.00668

  708.0   0.00670

  709.0   0.00674

  710.0   0.00668

  711.0   0.00662

  712.0   0.00671

  713.0   0.00669

  714.0   0.00667

  715.0   0.00659

  716.0   0.00658

  717.0   0.00652

  718.0   0.00648

  719.0   0.00648

  720.0   0.00651

  721.0   0.00645

  722.0   0.00646

  723.0   0.00649

  724.0   0.00645

  725.0   0.00640

  726.0   0.00636

  727.0   0.00630

  728.0   0.00635

  729.0   0.00629

  730.0   0.00629

  731.0   0.00627

  732.0   0.00622

  733.0   0.00621

  734.0   0.00623

  735.0   0.00624

  736.0   0.00644

  737.0   0.00637

  738.0   0.00629

  739.0   0.00627

  740.0   0.00631

  741.0   0.00630

  742.0   0.00634

  743.0   0.00630

  744.0   0.00627

  745.0   0.00623

  746.0   0.00630

  747.0   0.00627

  748.0   0.00624

  749.0   0.00621

  750.0   0.00626

  751.0   0.00623

  752.0   0.00623

  753.0   0.00615

  754.0   0.00610

  755.0   0.00607

  756.0   0.00597

  757.0   0.00592

  758.0   0.00590

  759.0   0.00593

  760.0   0.00591

  761.0   0.00602

  762.0   0.00594

  763.0   0.00603

  764.0   0.00606

  765.0   0.00621

  766.0   0.00627

  767.0   0.00633

  768.0   0.00639

  769.0   0.00637

  770.0   0.00633

  771.0   0.00639

  772.0   0.00634

  773.0   0.00632

  774.0   0.00631

  775.0   0.00626

  776.0   0.00624

  777.0   0.00625

  778.0   0.00621

  779.0   0.00633

  780.0   0.00623

  781.0   0.00635

  782.0   0.00634

  783.0   0.00626

  784.0   0.00625

  785.0   0.00623

  786.0   0.00619

  787.0   0.00623

  788.0   0.00619

  789.0   0.00626

  790.0   0.00630

  791.0   0.00625

  792.0   0.00624

  793.0   0.00619

  794.0   0.00617

  795.0   0.00613

  796.0   0.00617

  797.0   0.00612

  798.0   0.00607

  799.0   0.00602

  800.0   0.00600

 
