ser ID: DU600

Method ID: A:\DEFAULT

Date: 07/28/00

Time: 11:01

 200.0   2.78604

  201.0   2.85187

  202.0   2.88593

  203.0   2.21696

  204.0   2.94498

  205.0   2.97772

  206.0   3.00775

  207.0   3.04139

  208.0   3.08493

  209.0   3.13925

  210.0   3.18639

  211.0   3.24279

  212.0   3.31175

  213.0   3.38952

  214.0   3.44886

  215.0   3.50311

  216.0   3.56229

  217.0   3.63236

  218.0   3.68726

  219.0   3.73030

  220.0   3.76080

  221.0   3.78319

  222.0   3.80209

  223.0   3.81704

  224.0   3.83097

  225.0   3.84336

  226.0   3.85649

  227.0   3.86864

  228.0   3.88036

  229.0   3.89120

  230.0   3.90260

  231.0   3.91259

  232.0   3.92143

  233.0   3.32664

  234.0   3.33385

  235.0   3.94067

  236.0   3.94493

  237.0   3.94738

  238.0   3.94944

  239.0   3.47310

  240.0   3.10458

  241.0   3.47163

  242.0   3.24837

  243.0   3.16692

  244.0   3.03912

  245.0   3.09362

  246.0   2.93460

  247.0   2.78375

  248.0   2.77934

  249.0   2.66522

  250.0   2.63707

  251.0   2.52902

  252.0   2.56072

  253.0   2.43517

  254.0   2.42964

  255.0   2.36713

  256.0   2.27772

  257.0   2.31772

  258.0   2.22390

  259.0   2.23631

  260.0   2.21919

  261.0   2.14811

  262.0   2.12592

  263.0   2.04488

  264.0   1.96893

  265.0   1.94030

  266.0   1.84483

  267.0   1.78931

  268.0   1.70561

  269.0   1.63367

  270.0   1.55078

  271.0   1.48017

  272.0   1.40807

  273.0   1.33479

  274.0   1.25450

  275.0   1.18228

  276.0   1.12253

  277.0   1.05822

  278.0   0.99794

  279.0   0.94808

  280.0   0.90502

  281.0   0.86342

  282.0   0.82645

  283.0   0.79482

  284.0   0.76686

  285.0   0.73964

  286.0   0.71723

  287.0   0.69803

  288.0   0.67711

  289.0   0.66194

  290.0   0.64825

  291.0   0.63506

  292.0   0.62533

  293.0   0.61529

  294.0   0.60732

  295.0   0.60041

  296.0   0.59544

  297.0   0.59078

  298.0   0.58628

  299.0   0.58327

  300.0   0.58134

  301.0   0.57897

  302.0   0.57772

  303.0   0.57564

  304.0   0.57373

  305.0   0.57090

  306.0   0.56827

  307.0   0.56726

  308.0   0.56419

  309.0   0.55987

  310.0   0.55587

  311.0   0.55201

  312.0   0.54533

  313.0   0.53982

  314.0   0.53303

  315.0   0.52662

  316.0   0.51908

  317.0   0.51292

  318.0   0.50613

  319.0   0.49607

  320.0   0.49193

  321.0   0.48756

  322.0   0.47827

  323.0   0.47216

  324.0   0.46751

  325.0   0.46082

  326.0   0.45642

  327.0   0.45072

  328.0   0.44648

  329.0   0.43725

  330.0   0.43064

  331.0   0.42408

  332.0   0.41507

  333.0   0.40738

  334.0   0.40014

  335.0   0.39291

  336.0   0.38430

  337.0   0.37561

  338.0   0.36810

  339.0   0.36035

  340.0   0.35315

  341.0   0.34555

  342.0   0.33796

  343.0   0.33150

  344.0   0.32367

  345.0   0.31750

  346.0   0.31218

  347.0   0.30389

  348.0   0.29766

  349.0   0.29120

  350.0   0.28294

  351.0   0.27737

  352.0   0.27085

  353.0   0.26483

  354.0   0.25770

  355.0   0.25281

  356.0   0.24957

  357.0   0.24024

  358.0   0.23389

  359.0   0.22773

  360.0   0.22311

  361.0   0.21854

  362.0   0.21316

  363.0   0.20854

  364.0   0.20459

  365.0   0.19942

  366.0   0.19533

  367.0   0.19125

  368.0   0.18715

  369.0   0.18326

  370.0   0.17952

  371.0   0.17613

  372.0   0.17279

  373.0   0.16977

  374.0   0.16668

  375.0   0.16372

  376.0   0.16048

  377.0   0.15802

  378.0   0.15495

  379.0   0.15261

  380.0   0.15017

  381.0   0.14829

  382.0   0.14690

  383.0   0.14448

  384.0   0.14301

  385.0   0.14211

  386.0   0.14045

  387.0   0.14021

  388.0   0.13897

  389.0   0.13844

  390.0   0.13767

  391.0   0.13715

  392.0   0.13704

  393.0   0.13611

  394.0   0.13573

  395.0   0.13517

  396.0   0.13438

  397.0   0.13349

  398.0   0.13248

  399.0   0.13185

  400.0   0.13043

  401.0   0.12929

  402.0   0.12759

  403.0   0.12647

  404.0   0.12392

  405.0   0.12206

  406.0   0.11981

  407.0   0.11790

  408.0   0.11531

  409.0   0.11235

  410.0   0.10942

  411.0   0.10629

  412.0   0.10397

  413.0   0.10069

  414.0   0.09724

  415.0   0.09511

  416.0   0.08947

  417.0   0.08547

  418.0   0.08168

  419.0   0.07753

  420.0   0.07353

  421.0   0.06990

  422.0   0.06578

  423.0   0.06211

  424.0   0.05837

  425.0   0.05486

  426.0   0.05143

  427.0   0.04844

  428.0   0.04559

  429.0   0.04269

  430.0   0.04022

  431.0   0.03783

  432.0   0.03559

  433.0   0.03352

  434.0   0.03179

  435.0   0.03024

  436.0   0.02855

  437.0   0.02712

  438.0   0.02592

  439.0   0.02479

  440.0   0.02373

  441.0   0.02280

  442.0   0.02185

  443.0   0.02111

  444.0   0.02031

  445.0   0.01971

  446.0   0.01912

  447.0   0.01844

  448.0   0.01803

  449.0   0.01753

  450.0   0.01694

  451.0   0.01649

  452.0   0.01620

  453.0   0.01566

  454.0   0.01532

  455.0   0.01491

  456.0   0.01452

  457.0   0.01422

  458.0   0.01389

  459.0   0.01356

  460.0   0.01318

  461.0   0.01289

  462.0   0.01261

  463.0   0.01225

  464.0   0.01200

  465.0   0.01186

  466.0   0.01138

  467.0   0.01123

  468.0   0.01092

  469.0   0.01066

  470.0   0.01030

  471.0   0.01010

  472.0   0.00983

  473.0   0.00957

  474.0   0.00944

  475.0   0.00928

  476.0   0.00897

  477.0   0.00881

  478.0   0.00859

  479.0   0.00837

  480.0   0.00823

  481.0   0.00818

  482.0   0.00799

  483.0   0.00785

  484.0   0.00776

  485.0   0.00766

  486.0   0.00754

  487.0   0.00746

  488.0   0.00744

  489.0   0.00737

  490.0   0.00728

  491.0   0.00728

  492.0   0.00724

  493.0   0.00710

  494.0   0.00706

  495.0   0.00707

  496.0   0.00698

  497.0   0.00696

  498.0   0.00695

  499.0   0.00694

  500.0   0.00691

  501.0   0.00692

  502.0   0.00696

  503.0   0.00695

  504.0   0.00705

  505.0   0.00708

  506.0   0.00711

  507.0   0.00709

  508.0   0.00712

  509.0   0.00712

  510.0   0.00716

  511.0   0.00725

  512.0   0.00731

  513.0   0.00739

  514.0   0.00747

  515.0   0.00751

  516.0   0.00754

  517.0   0.00765

  518.0   0.00774

  519.0   0.00779

  520.0   0.00799

  521.0   0.00814

  522.0   0.00827

  523.0   0.00840

  524.0   0.00856

  525.0   0.00866

  526.0   0.00882

  527.0   0.00894

  528.0   0.00911

  529.0   0.00922

  530.0   0.00938

  531.0   0.00959

  532.0   0.00973

  533.0   0.00991

  534.0   0.01010

  535.0   0.01035

  536.0   0.01052

  537.0   0.01070

  538.0   0.01085

  539.0   0.01102

  540.0   0.01119

  541.0   0.01137

  542.0   0.01158

  543.0   0.01172

  544.0   0.01190

  545.0   0.01211

  546.0   0.01224

  547.0   0.01238

  548.0   0.01250

  549.0   0.01269

  550.0   0.01288

  551.0   0.01293

  552.0   0.01316

  553.0   0.01326

  554.0   0.01340

  555.0   0.01351

  556.0   0.01359

  557.0   0.01353

  558.0   0.01352

  559.0   0.01349

  560.0   0.01351

  561.0   0.01368

  562.0   0.01379

  563.0   0.01399

  564.0   0.01411

  565.0   0.01420

  566.0   0.01423

  567.0   0.01424

  568.0   0.01429

  569.0   0.01427

  570.0   0.01432

  571.0   0.01436

  572.0   0.01440

  573.0   0.01445

  574.0   0.01445

  575.0   0.01448

  576.0   0.01452

  577.0   0.01459

  578.0   0.01461

  579.0   0.01457

  580.0   0.01462

  581.0   0.01467

  582.0   0.01474

  583.0   0.01481

  584.0   0.01484

  585.0   0.01491

  586.0   0.01496

  587.0   0.01497

  588.0   0.01503

  589.0   0.01508

  590.0   0.01512

  591.0   0.01518

  592.0   0.01522

  593.0   0.01529

  594.0   0.01535

  595.0   0.01545

  596.0   0.01556

  597.0   0.01563

  598.0   0.01572

  599.0   0.01578

  600.0   0.01586

  601.0   0.01595

  602.0   0.01603

  603.0   0.01609

  604.0   0.01616

  605.0   0.01621

  606.0   0.01624

  607.0   0.01630

  608.0   0.01637

  609.0   0.01639

  610.0   0.01640

  611.0   0.01650

  612.0   0.01651

  613.0   0.01657

  614.0   0.01657

  615.0   0.01653

  616.0   0.01663

  617.0   0.01662

  618.0   0.01658

  619.0   0.01660

  620.0   0.01660

  621.0   0.01657

  622.0   0.01657

  623.0   0.01656

  624.0   0.01656

  625.0   0.01647

  626.0   0.01644

  627.0   0.01642

  628.0   0.01638

  629.0   0.01638

  630.0   0.01634

  631.0   0.01632

  632.0   0.01629

  633.0   0.01624

  634.0   0.01620

  635.0   0.01612

  636.0   0.01610

  637.0   0.01601

  638.0   0.01592

  639.0   0.01586

  640.0   0.01582

  641.0   0.01575

  642.0   0.01578

  643.0   0.01578

  644.0   0.01571

  645.0   0.01570

  646.0   0.01568

  647.0   0.01561

  648.0   0.01559

  649.0   0.01554

  650.0   0.01545

  651.0   0.01537

  652.0   0.01528

  653.0   0.01524

  654.0   0.01515

  655.0   0.01512

  656.0   0.01503

  657.0   0.01498

  658.0   0.01485

  659.0   0.01470

  660.0   0.01460

  661.0   0.01451

  662.0   0.01436

  663.0   0.01428

  664.0   0.01414

  665.0   0.01401

  666.0   0.01389

  667.0   0.01373

  668.0   0.01358

  669.0   0.01337

  670.0   0.01319

  671.0   0.01301

  672.0   0.01283

  673.0   0.01266

  674.0   0.01250

  675.0   0.01237

  676.0   0.01219

  677.0   0.01205

  678.0   0.01193

  679.0   0.01180

  680.0   0.01171

  681.0   0.01151

  682.0   0.01134

  683.0   0.01122

  684.0   0.01117

  685.0   0.01093

  686.0   0.01079

  687.0   0.01063

  688.0   0.01046

  689.0   0.01029

  690.0   0.01015

  691.0   0.01001

  692.0   0.00992

  693.0   0.00978

  694.0   0.00964

  695.0   0.00950

  696.0   0.00932

  697.0   0.00926

  698.0   0.00913

  699.0   0.00910

  700.0   0.00901

  701.0   0.00889

  702.0   0.00880

  703.0   0.00868

  704.0   0.00855

  705.0   0.00852

  706.0   0.00843

  707.0   0.00830

  708.0   0.00825

  709.0   0.00822

  710.0   0.00807

  711.0   0.00800

  712.0   0.00803

  713.0   0.00796

  714.0   0.00793

  715.0   0.00780

  716.0   0.00774

  717.0   0.00765

  718.0   0.00752

  719.0   0.00746

  720.0   0.00741

  721.0   0.00734

  722.0   0.00729

  723.0   0.00719

  724.0   0.00721

  725.0   0.00716

  726.0   0.00708

  727.0   0.00705

  728.0   0.00708

  729.0   0.00696

  730.0   0.00694

  731.0   0.00680

  732.0   0.00673

  733.0   0.00671

  734.0   0.00664

  735.0   0.00664

  736.0   0.00636

  737.0   0.00639

  738.0   0.00632

  739.0   0.00625

  740.0   0.00623

  741.0   0.00622

  742.0   0.00618

  743.0   0.00622

  744.0   0.00618

  745.0   0.00615

  746.0   0.00617

  747.0   0.00611

  748.0   0.00616

  749.0   0.00607

  750.0   0.00610

  751.0   0.00602

  752.0   0.00602

  753.0   0.00604

  754.0   0.00599

  755.0   0.00594

  756.0   0.00592

  757.0   0.00587

  758.0   0.00593

  759.0   0.00593

  760.0   0.00583

  761.0   0.00588

  762.0   0.00586

  763.0   0.00587

  764.0   0.00585

  765.0   0.00582

  766.0   0.00588

  767.0   0.00592

  768.0   0.00595

  769.0   0.00596

  770.0   0.00594

  771.0   0.00598

  772.0   0.00601

  773.0   0.00602

  774.0   0.00603

  775.0   0.00599

  776.0   0.00599

  777.0   0.00606

  778.0   0.00602

  779.0   0.00611

  780.0   0.00603

  781.0   0.00607

  782.0   0.00608

  783.0   0.00604

  784.0   0.00605

  785.0   0.00601

  786.0   0.00599

  787.0   0.00600

  788.0   0.00596

  789.0   0.00594

  790.0   0.00604

  791.0   0.00602

  792.0   0.00609

  793.0   0.00610

  794.0   0.00603

  795.0   0.00599

  796.0   0.00602

  797.0   0.00595

  798.0   0.00590

  799.0   0.00590

  800.0   0.00585

 
