ser ID: DU600

Method ID: A:\DEFAULT

Date: 07/28/00

Time: 08:26

 200.0   2.78604

  201.0   2.85187

  202.0   2.88593

  203.0   2.91593

  204.0   2.24601

  205.0   2.97772

  206.0   3.00775

  207.0   3.04139

  208.0   2.30678

  209.0   3.13925

  210.0   3.18639

  211.0   3.24279

  212.0   3.31175

  213.0   3.38952

  214.0   3.44886

  215.0   3.02599

  216.0   3.56229

  217.0   3.63236

  218.0   3.21014

  219.0   3.73030

  220.0   3.76080

  221.0   3.78319

  222.0   3.80209

  223.0   2.97194

  224.0   3.22891

  225.0   3.84336

  226.0   3.85649

  227.0   3.86864

  228.0   3.88036

  229.0   3.89120

  230.0   3.90260

  231.0   3.91259

  232.0   3.92143

  233.0   3.22973

  234.0   3.93591

  235.0   3.94067

  236.0   3.94493

  237.0   3.94738

  238.0   3.94944

  239.0   3.95022

  240.0   3.94968

  241.0   3.94876

  242.0   3.47021

  243.0   3.46795

  244.0   3.46509

  245.0   3.93872

  246.0   3.93460

  247.0   3.32782

  248.0   3.02238

  249.0   3.61946

  250.0   3.43870

  251.0   3.90924

  252.0   3.20417

  253.0   3.05247

  254.0   2.98895

  255.0   3.28358

  256.0   3.10163

  257.0   2.83263

  258.0   2.63690

  259.0   2.65544

  260.0   2.85266

  261.0   2.52486

  262.0   2.44398

  263.0   2.34591

  264.0   2.35513

  265.0   2.32164

  266.0   2.19471

  267.0   2.12031

  268.0   2.02065

  269.0   1.95268

  270.0   1.92038

  271.0   1.82051

  272.0   1.74238

  273.0   1.65595

  274.0   1.59667

  275.0   1.53339

  276.0   1.45676

  277.0   1.38956

  278.0   1.31558

  279.0   1.25936

  280.0   1.19979

  281.0   1.14108

  282.0   1.09420

  283.0   1.04168

  284.0   0.99706

  285.0   0.95677

  286.0   0.91590

  287.0   0.87701

  288.0   0.83738

  289.0   0.80972

  290.0   0.78017

  291.0   0.75273

  292.0   0.72338

  293.0   0.70120

  294.0   0.68074

  295.0   0.66103

  296.0   0.64255

  297.0   0.62305

  298.0   0.60882

  299.0   0.59310

  300.0   0.57941

  301.0   0.56534

  302.0   0.55106

  303.0   0.53966

  304.0   0.53133

  305.0   0.52124

  306.0   0.50975

  307.0   0.50055

  308.0   0.49219

  309.0   0.48382

  310.0   0.47475

  311.0   0.46752

  312.0   0.45774

  313.0   0.44945

  314.0   0.44155

  315.0   0.43277

  316.0   0.42533

  317.0   0.41814

  318.0   0.41401

  319.0   0.40750

  320.0   0.40299

  321.0   0.40064

  322.0   0.39437

  323.0   0.39189

  324.0   0.39083

  325.0   0.39061

  326.0   0.38955

  327.0   0.38983

  328.0   0.38998

  329.0   0.39007

  330.0   0.38960

  331.0   0.38939

  332.0   0.38837

  333.0   0.38988

  334.0   0.39066

  335.0   0.39057

  336.0   0.39028

  337.0   0.39170

  338.0   0.39544

  339.0   0.39646

  340.0   0.39845

  341.0   0.39927

  342.0   0.40137

  343.0   0.40384

  344.0   0.40745

  345.0   0.40964

  346.0   0.41047

  347.0   0.41342

  348.0   0.41472

  349.0   0.41602

  350.0   0.41515

  351.0   0.41574

  352.0   0.41625

  353.0   0.41552

  354.0   0.41439

  355.0   0.41240

  356.0   0.41147

  357.0   0.40943

  358.0   0.40461

  359.0   0.40014

  360.0   0.39628

  361.0   0.39117

  362.0   0.38829

  363.0   0.38165

  364.0   0.37760

  365.0   0.37002

  366.0   0.36528

  367.0   0.35842

  368.0   0.35304

  369.0   0.34694

  370.0   0.34068

  371.0   0.33532

  372.0   0.32962

  373.0   0.32330

  374.0   0.31679

  375.0   0.31184

  376.0   0.30684

  377.0   0.30131

  378.0   0.29559

  379.0   0.29022

  380.0   0.28518

  381.0   0.27983

  382.0   0.27524

  383.0   0.26964

  384.0   0.26507

  385.0   0.26145

  386.0   0.25591

  387.0   0.25186

  388.0   0.24739

  389.0   0.24356

  390.0   0.23935

  391.0   0.23587

  392.0   0.23150

  393.0   0.22807

  394.0   0.22426

  395.0   0.22091

  396.0   0.21783

  397.0   0.21396

  398.0   0.21077

  399.0   0.20722

  400.0   0.20367

  401.0   0.20027

  402.0   0.19655

  403.0   0.19397

  404.0   0.18955

  405.0   0.18602

  406.0   0.18217

  407.0   0.17912

  408.0   0.17526

  409.0   0.17078

  410.0   0.16656

  411.0   0.16223

  412.0   0.15886

  413.0   0.15473

  414.0   0.14969

  415.0   0.14716

  416.0   0.13978

  417.0   0.13479

  418.0   0.12988

  419.0   0.12473

  420.0   0.11989

  421.0   0.11517

  422.0   0.11004

  423.0   0.10554

  424.0   0.10077

  425.0   0.09616

  426.0   0.09172

  427.0   0.08758

  428.0   0.08378

  429.0   0.07988

  430.0   0.07648

  431.0   0.07297

  432.0   0.06968

  433.0   0.06666

  434.0   0.06403

  435.0   0.06156

  436.0   0.05868

  437.0   0.05651

  438.0   0.05430

  439.0   0.05227

  440.0   0.05009

  441.0   0.04843

  442.0   0.04653

  443.0   0.04494

  444.0   0.04344

  445.0   0.04194

  446.0   0.04059

  447.0   0.03918

  448.0   0.03798

  449.0   0.03664

  450.0   0.03554

  451.0   0.03435

  452.0   0.03343

  453.0   0.03217

  454.0   0.03112

  455.0   0.03017

  456.0   0.02912

  457.0   0.02825

  458.0   0.02734

  459.0   0.02634

  460.0   0.02545

  461.0   0.02469

  462.0   0.02376

  463.0   0.02291

  464.0   0.02216

  465.0   0.02159

  466.0   0.02057

  467.0   0.02005

  468.0   0.01938

  469.0   0.01870

  470.0   0.01794

  471.0   0.01740

  472.0   0.01682

  473.0   0.01621

  474.0   0.01573

  475.0   0.01520

  476.0   0.01469

  477.0   0.01421

  478.0   0.01374

  479.0   0.01328

  480.0   0.01290

  481.0   0.01257

  482.0   0.01216

  483.0   0.01178

  484.0   0.01142

  485.0   0.01118

  486.0   0.01074

  487.0   0.01052

  488.0   0.01023

  489.0   0.00997

  490.0   0.00963

  491.0   0.00939

  492.0   0.00912

  493.0   0.00883

  494.0   0.00861

  495.0   0.00842

  496.0   0.00812

  497.0   0.00793

  498.0   0.00775

  499.0   0.00758

  500.0   0.00740

  501.0   0.00728

  502.0   0.00716

  503.0   0.00699

  504.0   0.00686

  505.0   0.00677

  506.0   0.00663

  507.0   0.00646

  508.0   0.00633

  509.0   0.00620

  510.0   0.00611

  511.0   0.00606

  512.0   0.00599

  513.0   0.00593

  514.0   0.00589

  515.0   0.00581

  516.0   0.00568

  517.0   0.00561

  518.0   0.00563

  519.0   0.00558

  520.0   0.00564

  521.0   0.00561

  522.0   0.00567

  523.0   0.00561

  524.0   0.00564

  525.0   0.00560

  526.0   0.00566

  527.0   0.00569

  528.0   0.00569

  529.0   0.00575

  530.0   0.00579

  531.0   0.00591

  532.0   0.00590

  533.0   0.00593

  534.0   0.00601

  535.0   0.00605

  536.0   0.00612

  537.0   0.00619

  538.0   0.00623

  539.0   0.00629

  540.0   0.00641

  541.0   0.00644

  542.0   0.00655

  543.0   0.00667

  544.0   0.00669

  545.0   0.00678

  546.0   0.00689

  547.0   0.00700

  548.0   0.00704

  549.0   0.00712

  550.0   0.00724

  551.0   0.00728

  552.0   0.00738

  553.0   0.00752

  554.0   0.00761

  555.0   0.00765

  556.0   0.00768

  557.0   0.00804

  558.0   0.00797

  559.0   0.00795

  560.0   0.00795

  561.0   0.00812

  562.0   0.00818

  563.0   0.00826

  564.0   0.00838

  565.0   0.00840

  566.0   0.00839

  567.0   0.00842

  568.0   0.00844

  569.0   0.00842

  570.0   0.00849

  571.0   0.00853

  572.0   0.00857

  573.0   0.00858

  574.0   0.00860

  575.0   0.00864

  576.0   0.00866

  577.0   0.00871

  578.0   0.00868

  579.0   0.00864

  580.0   0.00868

  581.0   0.00875

  582.0   0.00879

  583.0   0.00884

  584.0   0.00893

  585.0   0.00895

  586.0   0.00896

  587.0   0.00899

  588.0   0.00905

  589.0   0.00906

  590.0   0.00913

  591.0   0.00922

  592.0   0.00932

  593.0   0.00940

  594.0   0.00947

  595.0   0.00955

  596.0   0.00958

  597.0   0.00964

  598.0   0.00968

  599.0   0.00975

  600.0   0.00982

  601.0   0.00991

  602.0   0.00996

  603.0   0.01011

  604.0   0.01013

  605.0   0.01015

  606.0   0.01011

  607.0   0.01023

  608.0   0.01027

  609.0   0.01027

  610.0   0.01033

  611.0   0.01043

  612.0   0.01040

  613.0   0.01041

  614.0   0.01045

  615.0   0.01044

  616.0   0.01052

  617.0   0.01048

  618.0   0.01044

  619.0   0.01048

  620.0   0.01046

  621.0   0.01043

  622.0   0.01044

  623.0   0.01042

  624.0   0.01037

  625.0   0.01030

  626.0   0.01030

  627.0   0.01024

  628.0   0.01021

  629.0   0.01019

  630.0   0.01018

  631.0   0.01019

  632.0   0.01014

  633.0   0.01012

  634.0   0.01006

  635.0   0.01000

  636.0   0.00996

  637.0   0.00992

  638.0   0.00990

  639.0   0.00986

  640.0   0.00981

  641.0   0.00971

  642.0   0.00969

  643.0   0.00967

  644.0   0.00964

  645.0   0.00964

  646.0   0.00966

  647.0   0.00968

  648.0   0.00968

  649.0   0.00967

  650.0   0.00959

  651.0   0.00952

  652.0   0.00953

  653.0   0.00961

  654.0   0.00971

  655.0   0.00976

  656.0   0.00974

  657.0   0.00973

  658.0   0.00967

  659.0   0.00959

  660.0   0.00955

  661.0   0.00953

  662.0   0.00946

  663.0   0.00944

  664.0   0.00940

  665.0   0.00938

  666.0   0.00935

  667.0   0.00928

  668.0   0.00919

  669.0   0.00906

  670.0   0.00891

  671.0   0.00879

  672.0   0.00867

  673.0   0.00857

  674.0   0.00854

  675.0   0.00847

  676.0   0.00842

  677.0   0.00835

  678.0   0.00831

  679.0   0.00831

  680.0   0.00829

  681.0   0.00824

  682.0   0.00815

  683.0   0.00810

  684.0   0.00809

  685.0   0.00798

  686.0   0.00794

  687.0   0.00785

  688.0   0.00774

  689.0   0.00764

  690.0   0.00758

  691.0   0.00751

  692.0   0.00745

  693.0   0.00737

  694.0   0.00735

  695.0   0.00729

  696.0   0.00720

  697.0   0.00719

  698.0   0.00714

  699.0   0.00717

  700.0   0.00715

  701.0   0.00711

  702.0   0.00709

  703.0   0.00707

  704.0   0.00702

  705.0   0.00700

  706.0   0.00698

  707.0   0.00692

  708.0   0.00694

  709.0   0.00692

  710.0   0.00684

  711.0   0.00681

  712.0   0.00685

  713.0   0.00679

  714.0   0.00675

  715.0   0.00670

  716.0   0.00672

  717.0   0.00671

  718.0   0.00663

  719.0   0.00663

  720.0   0.00662

  721.0   0.00660

  722.0   0.00661

  723.0   0.00660

  724.0   0.00657

  725.0   0.00653

  726.0   0.00645

  727.0   0.00644

  728.0   0.00642

  729.0   0.00633

  730.0   0.00634

  731.0   0.00627

  732.0   0.00619

  733.0   0.00621

  734.0   0.00618

  735.0   0.00621

  736.0   0.00617

  737.0   0.00615

  738.0   0.00607

  739.0   0.00608

  740.0   0.00609

  741.0   0.00608

  742.0   0.00609

  743.0   0.00608

  744.0   0.00607

  745.0   0.00601

  746.0   0.00598

  747.0   0.00597

  748.0   0.00597

  749.0   0.00586

  750.0   0.00588

  751.0   0.00594

  752.0   0.00594

  753.0   0.00596

  754.0   0.00591

  755.0   0.00594

  756.0   0.00589

  757.0   0.00579

  758.0   0.00582

  759.0   0.00577

  760.0   0.00572

  761.0   0.00578

  762.0   0.00575

  763.0   0.00576

  764.0   0.00576

  765.0   0.00574

  766.0   0.00575

  767.0   0.00578

  768.0   0.00584

  769.0   0.00580

  770.0   0.00580

  771.0   0.00573

  772.0   0.00568

  773.0   0.00566

  774.0   0.00567

  775.0   0.00563

  776.0   0.00561

  777.0   0.00570

  778.0   0.00565

  779.0   0.00575

  780.0   0.00567

  781.0   0.00571

  782.0   0.00566

  783.0   0.00559

  784.0   0.00560

  785.0   0.00553

  786.0   0.00551

  787.0   0.00555

  788.0   0.00556

  789.0   0.00557

  790.0   0.00559

  791.0   0.00560

  792.0   0.00561

  793.0   0.00565

  794.0   0.00566

  795.0   0.00567

  796.0   0.00574

  797.0   0.00578

  798.0   0.00578

  799.0   0.00605

  800.0   0.00600

 
