ser ID: DU600

Method ID: A:\DEFAULT

Date: 07/23/00

Time: 08:44

 200.0   2.32634

  201.0   2.38202

  202.0   2.10209

  203.0   2.12548

  204.0   1.97159

  205.0   2.16584

  206.0   2.19173

  207.0   2.23172

  208.0   2.59879

  209.0   2.36922

  210.0   2.26639

  211.0   2.36736

  212.0   2.96988

  213.0   3.10517

  214.0   3.20817

  215.0   2.82629

  216.0   3.41296

  217.0   3.24030

  218.0   3.16197

  219.0   3.40790

  220.0   3.45469

  221.0   3.78668

  222.0   3.81043

  223.0   3.52582

  224.0   3.36455

  225.0   3.55346

  226.0   3.56644

  227.0   3.87933

  228.0   3.89059

  229.0   3.90113

  230.0   3.30974

  231.0   3.44389

  232.0   3.45174

  233.0   3.93616

  234.0   3.46523

  235.0   3.10126

  236.0   3.94958

  237.0   3.95207

  238.0   3.95361

  239.0   3.25474

  240.0   3.35064

  241.0   3.47475

  242.0   3.95032

  243.0   3.47051

  244.0   3.24591

  245.0   3.46364

  246.0   3.45914

  247.0   3.45362

  248.0   3.92619

  249.0   3.14296

  250.0   3.43865

  251.0   2.95376

  252.0   3.05620

  253.0   2.94057

  254.0   2.84752

  255.0   2.70626

  256.0   2.64594

  257.0   2.59077

  258.0   2.58362

  259.0   2.43872

  260.0   2.43062

  261.0   2.36330

  262.0   2.34623

  263.0   2.25527

  264.0   2.20830

  265.0   2.11876

  266.0   2.05984

  267.0   2.02153

  268.0   1.95336

  269.0   1.89776

  270.0   1.83427

  271.0   1.78996

  272.0   1.73287

  273.0   1.68523

  274.0   1.61011

  275.0   1.55369

  276.0   1.50178

  277.0   1.45512

  278.0   1.40402

  279.0   1.35875

  280.0   1.31472

  281.0   1.27206

  282.0   1.23415

  283.0   1.19803

  284.0   1.16554

  285.0   1.13339

  286.0   1.10120

  287.0   1.07390

  288.0   1.04659

  289.0   1.02458

  290.0   1.00265

  291.0   0.98597

  292.0   0.96914

  293.0   0.95521

  294.0   0.94329

  295.0   0.92762

  296.0   0.91599

  297.0   0.90337

  298.0   0.89154

  299.0   0.87566

  300.0   0.86495

  301.0   0.85422

  302.0   0.84185

  303.0   0.83023

  304.0   0.81659

  305.0   0.80660

  306.0   0.79270

  307.0   0.77661

  308.0   0.76140

  309.0   0.73927

  310.0   0.72024

  311.0   0.69951

  312.0   0.67377

  313.0   0.65105

  314.0   0.62812

  315.0   0.60579

  316.0   0.58290

  317.0   0.56367

  318.0   0.54546

  319.0   0.52822

  320.0   0.51462

  321.0   0.50669

  322.0   0.48443

  323.0   0.47388

  324.0   0.46585

  325.0   0.45765

  326.0   0.45158

  327.0   0.44667

  328.0   0.44240

  329.0   0.43955

  330.0   0.43665

  331.0   0.43514

  332.0   0.43427

  333.0   0.43257

  334.0   0.43254

  335.0   0.43291

  336.0   0.43241

  337.0   0.43321

  338.0   0.43502

  339.0   0.43660

  340.0   0.43791

  341.0   0.44012

  342.0   0.44195

  343.0   0.44340

  344.0   0.44537

  345.0   0.44666

  346.0   0.44774

  347.0   0.44965

  348.0   0.44902

  349.0   0.44891

  350.0   0.44962

  351.0   0.44897

  352.0   0.44728

  353.0   0.44515

  354.0   0.44378

  355.0   0.44094

  356.0   0.43920

  357.0   0.43611

  358.0   0.43185

  359.0   0.42658

  360.0   0.42065

  361.0   0.41413

  362.0   0.40883

  363.0   0.40233

  364.0   0.39546

  365.0   0.38800

  366.0   0.38157

  367.0   0.37457

  368.0   0.36762

  369.0   0.36040

  370.0   0.35302

  371.0   0.34598

  372.0   0.34017

  373.0   0.33314

  374.0   0.32644

  375.0   0.32062

  376.0   0.31405

  377.0   0.30764

  378.0   0.30114

  379.0   0.29488

  380.0   0.28935

  381.0   0.28282

  382.0   0.27747

  383.0   0.27211

  384.0   0.26655

  385.0   0.26161

  386.0   0.25537

  387.0   0.25079

  388.0   0.24628

  389.0   0.24122

  390.0   0.23685

  391.0   0.23217

  392.0   0.22737

  393.0   0.22375

  394.0   0.21983

  395.0   0.21573

  396.0   0.21210

  397.0   0.20793

  398.0   0.20445

  399.0   0.20058

  400.0   0.19743

  401.0   0.19411

  402.0   0.19059

  403.0   0.18727

  404.0   0.18363

  405.0   0.18010

  406.0   0.17690

  407.0   0.17315

  408.0   0.16948

  409.0   0.16557

  410.0   0.16189

  411.0   0.15809

  412.0   0.15396

  413.0   0.14989

  414.0   0.14579

  415.0   0.14394

  416.0   0.13693

  417.0   0.13209

  418.0   0.12775

  419.0   0.12288

  420.0   0.11868

  421.0   0.11450

  422.0   0.10985

  423.0   0.10576

  424.0   0.10138

  425.0   0.09742

  426.0   0.09336

  427.0   0.08981

  428.0   0.08607

  429.0   0.08241

  430.0   0.07924

  431.0   0.07601

  432.0   0.07318

  433.0   0.07007

  434.0   0.06739

  435.0   0.06501

  436.0   0.06246

  437.0   0.06032

  438.0   0.05796

  439.0   0.05613

  440.0   0.05414

  441.0   0.05235

  442.0   0.05047

  443.0   0.04894

  444.0   0.04756

  445.0   0.04599

  446.0   0.04455

  447.0   0.04318

  448.0   0.04197

  449.0   0.04063

  450.0   0.03943

  451.0   0.03821

  452.0   0.03708

  453.0   0.03592

  454.0   0.03492

  455.0   0.03382

  456.0   0.03271

  457.0   0.03178

  458.0   0.03094

  459.0   0.02993

  460.0   0.02901

  461.0   0.02818

  462.0   0.02743

  463.0   0.02670

  464.0   0.02586

  465.0   0.02516

  466.0   0.02445

  467.0   0.02381

  468.0   0.02312

  469.0   0.02257

  470.0   0.02200

  471.0   0.02151

  472.0   0.02096

  473.0   0.02052

  474.0   0.01994

  475.0   0.01945

  476.0   0.01904

  477.0   0.01860

  478.0   0.01813

  479.0   0.01775

  480.0   0.01727

  481.0   0.01693

  482.0   0.01654

  483.0   0.01623

  484.0   0.01582

  485.0   0.01559

  486.0   0.01527

  487.0   0.01497

  488.0   0.01470

  489.0   0.01450

  490.0   0.01428

  491.0   0.01399

  492.0   0.01379

  493.0   0.01356

  494.0   0.01339

  495.0   0.01330

  496.0   0.01308

  497.0   0.01294

  498.0   0.01285

  499.0   0.01276

  500.0   0.01269

  501.0   0.01255

  502.0   0.01251

  503.0   0.01243

  504.0   0.01238

  505.0   0.01231

  506.0   0.01221

  507.0   0.01212

  508.0   0.01212

  509.0   0.01205

  510.0   0.01201

  511.0   0.01189

  512.0   0.01193

  513.0   0.01187

  514.0   0.01186

  515.0   0.01189

  516.0   0.01185

  517.0   0.01190

  518.0   0.01190

  519.0   0.01188

  520.0   0.01187

  521.0   0.01185

  522.0   0.01193

  523.0   0.01194

  524.0   0.01198

  525.0   0.01201

  526.0   0.01206

  527.0   0.01215

  528.0   0.01212

  529.0   0.01220

  530.0   0.01223

  531.0   0.01233

  532.0   0.01250

  533.0   0.01252

  534.0   0.01264

  535.0   0.01267

  536.0   0.01273

  537.0   0.01281

  538.0   0.01285

  539.0   0.01294

  540.0   0.01303

  541.0   0.01310

  542.0   0.01320

  543.0   0.01322

  544.0   0.01331

  545.0   0.01342

  546.0   0.01351

  547.0   0.01358

  548.0   0.01360

  549.0   0.01367

  550.0   0.01378

  551.0   0.01383

  552.0   0.01388

  553.0   0.01390

  554.0   0.01393

  555.0   0.01403

  556.0   0.01398

  557.0   0.01592

  558.0   0.01586

  559.0   0.01580

  560.0   0.01570

  561.0   0.01569

  562.0   0.01569

  563.0   0.01568

  564.0   0.01561

  565.0   0.01561

  566.0   0.01556

  567.0   0.01559

  568.0   0.01552

  569.0   0.01544

  570.0   0.01538

  571.0   0.01536

  572.0   0.01531

  573.0   0.01531

  574.0   0.01532

  575.0   0.01530

  576.0   0.01531

  577.0   0.01526

  578.0   0.01523

  579.0   0.01521

  580.0   0.01517

  581.0   0.01516

  582.0   0.01514

  583.0   0.01514

  584.0   0.01518

  585.0   0.01522

  586.0   0.01527

  587.0   0.01524

  588.0   0.01522

  589.0   0.01527

  590.0   0.01527

  591.0   0.01529

  592.0   0.01536

  593.0   0.01536

  594.0   0.01545

  595.0   0.01547

  596.0   0.01551

  597.0   0.01555

  598.0   0.01559

  599.0   0.01564

  600.0   0.01575

  601.0   0.01578

  602.0   0.01586

  603.0   0.01587

  604.0   0.01594

  605.0   0.01597

  606.0   0.01598

  607.0   0.01596

  608.0   0.01600

  609.0   0.01601

  610.0   0.01602

  611.0   0.01602

  612.0   0.01603

  613.0   0.01609

  614.0   0.01607

  615.0   0.01610

  616.0   0.01617

  617.0   0.01613

  618.0   0.01612

  619.0   0.01612

  620.0   0.01614

  621.0   0.01614

  622.0   0.01616

  623.0   0.01622

  624.0   0.01622

  625.0   0.01619

  626.0   0.01617

  627.0   0.01616

  628.0   0.01616

  629.0   0.01612

  630.0   0.01610

  631.0   0.01607

  632.0   0.01600

  633.0   0.01604

  634.0   0.01597

  635.0   0.01589

  636.0   0.01587

  637.0   0.01583

  638.0   0.01578

  639.0   0.01573

  640.0   0.01567

  641.0   0.01557

  642.0   0.01550

  643.0   0.01545

  644.0   0.01544

  645.0   0.01539

  646.0   0.01536

  647.0   0.01536

  648.0   0.01530

  649.0   0.01524

  650.0   0.01518

  651.0   0.01510

  652.0   0.01506

  653.0   0.01501

  654.0   0.01499

  655.0   0.01494

  656.0   0.01498

  657.0   0.01494

  658.0   0.01498

  659.0   0.01489

  660.0   0.01483

  661.0   0.01475

  662.0   0.01467

  663.0   0.01456

  664.0   0.01453

  665.0   0.01447

  666.0   0.01438

  667.0   0.01430

  668.0   0.01422

  669.0   0.01416

  670.0   0.01404

  671.0   0.01397

  672.0   0.01388

  673.0   0.01378

  674.0   0.01371

  675.0   0.01361

  676.0   0.01353

  677.0   0.01348

  678.0   0.01340

  679.0   0.01332

  680.0   0.01325

  681.0   0.01322

  682.0   0.01320

  683.0   0.01309

  684.0   0.01304

  685.0   0.01298

  686.0   0.01285

  687.0   0.01283

  688.0   0.01278

  689.0   0.01272

  690.0   0.01266

  691.0   0.01257

  692.0   0.01254

  693.0   0.01248

  694.0   0.01241

  695.0   0.01241

  696.0   0.01225

  697.0   0.01220

  698.0   0.01210

  699.0   0.01199

  700.0   0.01188

  701.0   0.01181

  702.0   0.01168

  703.0   0.01167

  704.0   0.01160

  705.0   0.01153

  706.0   0.01146

  707.0   0.01137

  708.0   0.01126

  709.0   0.01122

  710.0   0.01109

  711.0   0.01098

  712.0   0.01091

  713.0   0.01072

  714.0   0.01059

  715.0   0.01054

  716.0   0.01047

  717.0   0.01034

  718.0   0.01026

  719.0   0.01015

  720.0   0.01002

  721.0   0.00992

  722.0   0.00979

  723.0   0.00972

  724.0   0.00965

  725.0   0.00951

  726.0   0.00946

  727.0   0.00935

  728.0   0.00929

  729.0   0.00921

  730.0   0.00917

  731.0   0.00910

  732.0   0.00902

  733.0   0.00895

  734.0   0.00889

  735.0   0.00886

  736.0   0.01051

  737.0   0.01034

  738.0   0.01009

  739.0   0.00988

  740.0   0.00975

  741.0   0.00959

  742.0   0.00942

  743.0   0.00935

  744.0   0.00918

  745.0   0.00911

  746.0   0.00900

  747.0   0.00891

  748.0   0.00886

  749.0   0.00869

  750.0   0.00861

  751.0   0.00853

  752.0   0.00845

  753.0   0.00830

  754.0   0.00819

  755.0   0.00814

  756.0   0.00802

  757.0   0.00792

  758.0   0.00782

  759.0   0.00780

  760.0   0.00772

  761.0   0.00768

  762.0   0.00760

  763.0   0.00761

  764.0   0.00751

  765.0   0.00744

  766.0   0.00739

  767.0   0.00740

  768.0   0.00733

  769.0   0.00729

  770.0   0.00724

  771.0   0.00720

  772.0   0.00713

  773.0   0.00709

  774.0   0.00704

  775.0   0.00697

  776.0   0.00696

  777.0   0.00689

  778.0   0.00687

  779.0   0.00683

  780.0   0.00684

  781.0   0.00680

  782.0   0.00673

  783.0   0.00668

  784.0   0.00659

  785.0   0.00660

  786.0   0.00656

  787.0   0.00657

  788.0   0.00653

  789.0   0.00646

  790.0   0.00647

  791.0   0.00640

  792.0   0.00639

  793.0   0.00634

  794.0   0.00633

  795.0   0.00631

  796.0   0.00635

  797.0   0.00636

  798.0   0.00634

  799.0   0.00626

  800.0   0.00618

 
