ser ID: DU600

Method ID: A:\DEFAULT

Date: 07/23/00

Time: 09:56

 200.0   1.48124

  201.0   2.38202

  202.0   2.40312

  203.0   1.94939

  204.0   1.97159

  205.0   1.76790

  206.0   2.19173

  207.0   2.05563

  208.0   1.75369

  209.0   1.67025

  210.0   1.74351

  211.0   1.94139

  212.0   2.36782

  213.0   2.15093

  214.0   2.30508

  215.0   2.34917

  216.0   2.50987

  217.0   2.76318

  218.0   2.86094

  219.0   2.86383

  220.0   3.15366

  221.0   2.70750

  222.0   2.90734

  223.0   3.82685

  224.0   2.99657

  225.0   3.85449

  226.0   3.39035

  227.0   3.87933

  228.0   3.89059

  229.0   3.90113

  230.0   3.43468

  231.0   3.44389

  232.0   3.45174

  233.0   3.93616

  234.0   3.64133

  235.0   3.24738

  236.0   3.17143

  237.0   3.35001

  238.0   3.25464

  239.0   3.10861

  240.0   3.04961

  241.0   2.99763

  242.0   3.34826

  243.0   3.16948

  244.0   2.90348

  245.0   2.79464

  246.0   2.70581

  247.0   2.67547

  248.0   2.60397

  249.0   2.57869

  250.0   2.48441

  251.0   2.46084

  252.0   2.42417

  253.0   2.38966

  254.0   2.28685

  255.0   2.26957

  256.0   2.20429

  257.0   2.16195

  258.0   2.12998

  259.0   2.14613

  260.0   2.05320

  261.0   2.04108

  262.0   1.99249

  263.0   1.95424

  264.0   1.89203

  265.0   1.84861

  266.0   1.79868

  267.0   1.73867

  268.0   1.69403

  269.0   1.64189

  270.0   1.57440

  271.0   1.53748

  272.0   1.48878

  273.0   1.43143

  274.0   1.36111

  275.0   1.31776

  276.0   1.27470

  277.0   1.22934

  278.0   1.17554

  279.0   1.14041

  280.0   1.10596

  281.0   1.07318

  282.0   1.04475

  283.0   1.02011

  284.0   0.99805

  285.0   0.97772

  286.0   0.96193

  287.0   0.94381

  288.0   0.93187

  289.0   0.91848

  290.0   0.90687

  291.0   0.89901

  292.0   0.88963

  293.0   0.88764

  294.0   0.88265

  295.0   0.87673

  296.0   0.87402

  297.0   0.87067

  298.0   0.86623

  299.0   0.86018

  300.0   0.85527

  301.0   0.84921

  302.0   0.84284

  303.0   0.84049

  304.0   0.83145

  305.0   0.82795

  306.0   0.81739

  307.0   0.80720

  308.0   0.79681

  309.0   0.77967

  310.0   0.76111

  311.0   0.74320

  312.0   0.72006

  313.0   0.69721

  314.0   0.67400

  315.0   0.65218

  316.0   0.63009

  317.0   0.61086

  318.0   0.59230

  319.0   0.57586

  320.0   0.56181

  321.0   0.55405

  322.0   0.52852

  323.0   0.51880

  324.0   0.50806

  325.0   0.49859

  326.0   0.48859

  327.0   0.48158

  328.0   0.47476

  329.0   0.46583

  330.0   0.46190

  331.0   0.45428

  332.0   0.44985

  333.0   0.44206

  334.0   0.43710

  335.0   0.43166

  336.0   0.42794

  337.0   0.42241

  338.0   0.41799

  339.0   0.41365

  340.0   0.40853

  341.0   0.40549

  342.0   0.40139

  343.0   0.39594

  344.0   0.39244

  345.0   0.38732

  346.0   0.38351

  347.0   0.37843

  348.0   0.37358

  349.0   0.36850

  350.0   0.36318

  351.0   0.35947

  352.0   0.35297

  353.0   0.34655

  354.0   0.34155

  355.0   0.33638

  356.0   0.33203

  357.0   0.32616

  358.0   0.32040

  359.0   0.31372

  360.0   0.30700

  361.0   0.30044

  362.0   0.29335

  363.0   0.28703

  364.0   0.28116

  365.0   0.27407

  366.0   0.26923

  367.0   0.26236

  368.0   0.25598

  369.0   0.25031

  370.0   0.24412

  371.0   0.23916

  372.0   0.23442

  373.0   0.22908

  374.0   0.22377

  375.0   0.21917

  376.0   0.21488

  377.0   0.21012

  378.0   0.20563

  379.0   0.20119

  380.0   0.19726

  381.0   0.19345

  382.0   0.19003

  383.0   0.18612

  384.0   0.18284

  385.0   0.18008

  386.0   0.17633

  387.0   0.17355

  388.0   0.17106

  389.0   0.16835

  390.0   0.16638

  391.0   0.16387

  392.0   0.16141

  393.0   0.15957

  394.0   0.15780

  395.0   0.15570

  396.0   0.15390

  397.0   0.15194

  398.0   0.14967

  399.0   0.14761

  400.0   0.14593

  401.0   0.14377

  402.0   0.14168

  403.0   0.13973

  404.0   0.13720

  405.0   0.13485

  406.0   0.13266

  407.0   0.13010

  408.0   0.12730

  409.0   0.12435

  410.0   0.12154

  411.0   0.11860

  412.0   0.11530

  413.0   0.11222

  414.0   0.10881

  415.0   0.10713

  416.0   0.10137

  417.0   0.09737

  418.0   0.09389

  419.0   0.08978

  420.0   0.08630

  421.0   0.08281

  422.0   0.07920

  423.0   0.07573

  424.0   0.07197

  425.0   0.06868

  426.0   0.06550

  427.0   0.06248

  428.0   0.05962

  429.0   0.05666

  430.0   0.05422

  431.0   0.05176

  432.0   0.04953

  433.0   0.04733

  434.0   0.04532

  435.0   0.04378

  436.0   0.04172

  437.0   0.04015

  438.0   0.03865

  439.0   0.03736

  440.0   0.03596

  441.0   0.03481

  442.0   0.03356

  443.0   0.03258

  444.0   0.03164

  445.0   0.03061

  446.0   0.02968

  447.0   0.02880

  448.0   0.02811

  449.0   0.02730

  450.0   0.02651

  451.0   0.02581

  452.0   0.02522

  453.0   0.02445

  454.0   0.02387

  455.0   0.02330

  456.0   0.02253

  457.0   0.02206

  458.0   0.02154

  459.0   0.02097

  460.0   0.02042

  461.0   0.01995

  462.0   0.01952

  463.0   0.01908

  464.0   0.01863

  465.0   0.01816

  466.0   0.01782

  467.0   0.01754

  468.0   0.01711

  469.0   0.01684

  470.0   0.01661

  471.0   0.01633

  472.0   0.01607

  473.0   0.01579

  474.0   0.01553

  475.0   0.01527

  476.0   0.01502

  477.0   0.01485

  478.0   0.01466

  479.0   0.01447

  480.0   0.01419

  481.0   0.01402

  482.0   0.01376

  483.0   0.01362

  484.0   0.01340

  485.0   0.01329

  486.0   0.01321

  487.0   0.01301

  488.0   0.01293

  489.0   0.01284

  490.0   0.01271

  491.0   0.01259

  492.0   0.01250

  493.0   0.01241

  494.0   0.01233

  495.0   0.01229

  496.0   0.01225

  497.0   0.01220

  498.0   0.01222

  499.0   0.01226

  500.0   0.01223

  501.0   0.01223

  502.0   0.01223

  503.0   0.01231

  504.0   0.01236

  505.0   0.01233

  506.0   0.01239

  507.0   0.01234

  508.0   0.01240

  509.0   0.01242

  510.0   0.01247

  511.0   0.01246

  512.0   0.01256

  513.0   0.01263

  514.0   0.01268

  515.0   0.01275

  516.0   0.01283

  517.0   0.01294

  518.0   0.01308

  519.0   0.01309

  520.0   0.01320

  521.0   0.01332

  522.0   0.01346

  523.0   0.01355

  524.0   0.01365

  525.0   0.01375

  526.0   0.01385

  527.0   0.01399

  528.0   0.01407

  529.0   0.01417

  530.0   0.01426

  531.0   0.01442

  532.0   0.01468

  533.0   0.01481

  534.0   0.01501

  535.0   0.01518

  536.0   0.01531

  537.0   0.01544

  538.0   0.01555

  539.0   0.01575

  540.0   0.01588

  541.0   0.01601

  542.0   0.01618

  543.0   0.01631

  544.0   0.01651

  545.0   0.01666

  546.0   0.01684

  547.0   0.01704

  548.0   0.01712

  549.0   0.01731

  550.0   0.01751

  551.0   0.01758

  552.0   0.01766

  553.0   0.01776

  554.0   0.01783

  555.0   0.01792

  556.0   0.01784

  557.0   0.02036

  558.0   0.02031

  559.0   0.02026

  560.0   0.02015

  561.0   0.02012

  562.0   0.02010

  563.0   0.02010

  564.0   0.01998

  565.0   0.01997

  566.0   0.01992

  567.0   0.01996

  568.0   0.01985

  569.0   0.01983

  570.0   0.01976

  571.0   0.01979

  572.0   0.01977

  573.0   0.01970

  574.0   0.01975

  575.0   0.01968

  576.0   0.01968

  577.0   0.01963

  578.0   0.01960

  579.0   0.01963

  580.0   0.01962

  581.0   0.01961

  582.0   0.01959

  583.0   0.01960

  584.0   0.01963

  585.0   0.01970

  586.0   0.01980

  587.0   0.01978

  588.0   0.01985

  589.0   0.01991

  590.0   0.01991

  591.0   0.01995

  592.0   0.01999

  593.0   0.02002

  594.0   0.02012

  595.0   0.02017

  596.0   0.02026

  597.0   0.02033

  598.0   0.02038

  599.0   0.02044

  600.0   0.02054

  601.0   0.02057

  602.0   0.02065

  603.0   0.02068

  604.0   0.02073

  605.0   0.02074

  606.0   0.02077

  607.0   0.02077

  608.0   0.02079

  609.0   0.02086

  610.0   0.02088

  611.0   0.02094

  612.0   0.02093

  613.0   0.02097

  614.0   0.02098

  615.0   0.02102

  616.0   0.02107

  617.0   0.02109

  618.0   0.02108

  619.0   0.02108

  620.0   0.02109

  621.0   0.02110

  622.0   0.02107

  623.0   0.02110

  624.0   0.02108

  625.0   0.02105

  626.0   0.02100

  627.0   0.02097

  628.0   0.02098

  629.0   0.02092

  630.0   0.02091

  631.0   0.02089

  632.0   0.02083

  633.0   0.02084

  634.0   0.02077

  635.0   0.02072

  636.0   0.02064

  637.0   0.02058

  638.0   0.02056

  639.0   0.02051

  640.0   0.02045

  641.0   0.02038

  642.0   0.02032

  643.0   0.02027

  644.0   0.02025

  645.0   0.02019

  646.0   0.02017

  647.0   0.02012

  648.0   0.02006

  649.0   0.02000

  650.0   0.01988

  651.0   0.01982

  652.0   0.01977

  653.0   0.01965

  654.0   0.01965

  655.0   0.01954

  656.0   0.01953

  657.0   0.01943

  658.0   0.01934

  659.0   0.01924

  660.0   0.01911

  661.0   0.01899

  662.0   0.01895

  663.0   0.01884

  664.0   0.01875

  665.0   0.01863

  666.0   0.01851

  667.0   0.01837

  668.0   0.01825

  669.0   0.01815

  670.0   0.01796

  671.0   0.01783

  672.0   0.01773

  673.0   0.01760

  674.0   0.01751

  675.0   0.01738

  676.0   0.01729

  677.0   0.01715

  678.0   0.01698

  679.0   0.01690

  680.0   0.01681

  681.0   0.01672

  682.0   0.01666

  683.0   0.01651

  684.0   0.01642

  685.0   0.01629

  686.0   0.01615

  687.0   0.01607

  688.0   0.01597

  689.0   0.01589

  690.0   0.01581

  691.0   0.01568

  692.0   0.01558

  693.0   0.01546

  694.0   0.01533

  695.0   0.01527

  696.0   0.01507

  697.0   0.01496

  698.0   0.01487

  699.0   0.01475

  700.0   0.01464

  701.0   0.01451

  702.0   0.01436

  703.0   0.01428

  704.0   0.01419

  705.0   0.01404

  706.0   0.01392

  707.0   0.01376

  708.0   0.01363

  709.0   0.01350

  710.0   0.01336

  711.0   0.01323

  712.0   0.01307

  713.0   0.01290

  714.0   0.01276

  715.0   0.01268

  716.0   0.01258

  717.0   0.01243

  718.0   0.01228

  719.0   0.01212

  720.0   0.01200

  721.0   0.01184

  722.0   0.01174

  723.0   0.01162

  724.0   0.01149

  725.0   0.01137

  726.0   0.01127

  727.0   0.01116

  728.0   0.01109

  729.0   0.01095

  730.0   0.01088

  731.0   0.01080

  732.0   0.01073

  733.0   0.01062

  734.0   0.01051

  735.0   0.01044

  736.0   0.01246

  737.0   0.01223

  738.0   0.01198

  739.0   0.01173

  740.0   0.01152

  741.0   0.01133

  742.0   0.01121

  743.0   0.01105

  744.0   0.01085

  745.0   0.01076

  746.0   0.01059

  747.0   0.01048

  748.0   0.01036

  749.0   0.01020

  750.0   0.01007

  751.0   0.00996

  752.0   0.00985

  753.0   0.00967

  754.0   0.00954

  755.0   0.00938

  756.0   0.00928

  757.0   0.00921

  758.0   0.00912

  759.0   0.00912

  760.0   0.00905

  761.0   0.00900

  762.0   0.00896

  763.0   0.00888

  764.0   0.00873

  765.0   0.00866

  766.0   0.00853

  767.0   0.00852

  768.0   0.00845

  769.0   0.00841

  770.0   0.00834

  771.0   0.00829

  772.0   0.00825

  773.0   0.00818

  774.0   0.00814

  775.0   0.00807

  776.0   0.00806

  777.0   0.00802

  778.0   0.00795

  779.0   0.00796

  780.0   0.00795

  781.0   0.00788

  782.0   0.00781

  783.0   0.00777

  784.0   0.00770

  785.0   0.00772

  786.0   0.00762

  787.0   0.00761

  788.0   0.00763

  789.0   0.00753

  790.0   0.00757

  791.0   0.00751

  792.0   0.00752

  793.0   0.00745

  794.0   0.00747

  795.0   0.00748

  796.0   0.00741

  797.0   0.00748

  798.0   0.00734

  799.0   0.00729

  800.0   0.00724

 
