ser ID: DU600

Method ID: A:\DEFAULT

Date: 07/25/00

Time: 11:56

 200.0   1.10017

  201.0   1.05083

  202.0   1.05877

  203.0   1.04880

  204.0   1.00276

  205.0   0.97383

  206.0   0.93777

  207.0   0.89744

  208.0   0.85593

  209.0   0.82153

  210.0   0.80025

  211.0   0.78649

  212.0   0.77253

  213.0   0.76208

  214.0   0.75215

  215.0   0.74840

  216.0   0.73871

  217.0   0.72641

  218.0   0.71031

  219.0   0.69233

  220.0   0.67193

  221.0   0.64771

  222.0   0.62026

  223.0   0.59082

  224.0   0.56280

  225.0   0.53310

  226.0   0.50045

  227.0   0.47029

  228.0   0.44152

  229.0   0.41700

  230.0   0.38978

  231.0   0.36710

  232.0   0.34725

  233.0   0.32927

  234.0   0.31156

  235.0   0.29765

  236.0   0.28528

  237.0   0.27274

  238.0   0.26300

  239.0   0.25271

  240.0   0.24345

  241.0   0.23529

  242.0   0.22721

  243.0   0.21885

  244.0   0.21100

  245.0   0.20330

  246.0   0.19601

  247.0   0.18848

  248.0   0.18095

  249.0   0.17414

  250.0   0.16693

  251.0   0.16192

  252.0   0.15706

  253.0   0.15264

  254.0   0.14819

  255.0   0.14450

  256.0   0.14160

  257.0   0.13882

  258.0   0.13756

  259.0   0.13440

  260.0   0.13073

  261.0   0.12861

  262.0   0.12571

  263.0   0.12300

  264.0   0.12016

  265.0   0.11705

  266.0   0.11389

  267.0   0.11109

  268.0   0.10830

  269.0   0.10503

  270.0   0.10146

  271.0   0.09837

  272.0   0.09489

  273.0   0.09247

  274.0   0.08953

  275.0   0.08657

  276.0   0.08402

  277.0   0.08129

  278.0   0.07939

  279.0   0.07784

  280.0   0.07643

  281.0   0.07446

  282.0   0.07326

  283.0   0.07284

  284.0   0.07223

  285.0   0.07175

  286.0   0.07152

  287.0   0.07049

  288.0   0.07022

  289.0   0.07110

  290.0   0.07051

  291.0   0.07039

  292.0   0.07045

  293.0   0.07088

  294.0   0.07079

  295.0   0.07034

  296.0   0.07101

  297.0   0.07148

  298.0   0.07163

  299.0   0.07168

  300.0   0.07135

  301.0   0.07183

  302.0   0.07139

  303.0   0.07103

  304.0   0.07177

  305.0   0.07135

  306.0   0.07071

  307.0   0.07092

  308.0   0.06950

  309.0   0.06938

  310.0   0.06735

  311.0   0.06649

  312.0   0.06517

  313.0   0.06270

  314.0   0.06112

  315.0   0.05987

  316.0   0.05809

  317.0   0.05707

  318.0   0.05458

  319.0   0.05329

  320.0   0.05250

  321.0   0.05107

  322.0   0.04779

  323.0   0.04606

  324.0   0.04469

  325.0   0.04348

  326.0   0.04174

  327.0   0.04132

  328.0   0.04049

  329.0   0.03929

  330.0   0.03971

  331.0   0.03787

  332.0   0.03691

  333.0   0.03565

  334.0   0.03496

  335.0   0.03479

  336.0   0.03402

  337.0   0.03391

  338.0   0.03244

  339.0   0.03234

  340.0   0.03147

  341.0   0.03117

  342.0   0.03055

  343.0   0.02942

  344.0   0.02889

  345.0   0.02875

  346.0   0.02764

  347.0   0.02698

  348.0   0.02619

  349.0   0.02649

  350.0   0.02554

  351.0   0.02525

  352.0   0.02533

  353.0   0.02438

  354.0   0.02328

  355.0   0.02298

  356.0   0.02325

  357.0   0.02205

  358.0   0.02180

  359.0   0.02125

  360.0   0.02056

  361.0   0.02025

  362.0   0.01982

  363.0   0.01949

  364.0   0.01896

  365.0   0.01870

  366.0   0.01814

  367.0   0.01741

  368.0   0.01682

  369.0   0.01681

  370.0   0.01649

  371.0   0.01593

  372.0   0.01582

  373.0   0.01551

  374.0   0.01529

  375.0   0.01478

  376.0   0.01457

  377.0   0.01407

  378.0   0.01358

  379.0   0.01317

  380.0   0.01281

  381.0   0.01262

  382.0   0.01252

  383.0   0.01214

  384.0   0.01279

  385.0   0.01208

  386.0   0.00995

  387.0   0.00969

  388.0   0.01069

  389.0   0.01193

  390.0   0.01104

  391.0   0.01074

  392.0   0.01037

  393.0   0.01028

  394.0   0.01035

  395.0   0.01029

  396.0   0.01027

  397.0   0.00995

  398.0   0.00980

  399.0   0.00965

  400.0   0.00939

  401.0   0.00938

  402.0   0.00919

  403.0   0.00940

  404.0   0.00912

  405.0   0.00921

  406.0   0.00917

  407.0   0.00893

  408.0   0.00876

  409.0   0.00876

  410.0   0.00864

  411.0   0.00848

  412.0   0.00838

  413.0   0.00825

  414.0   0.00793

  415.0   0.00802

  416.0   0.00727

  417.0   0.00723

  418.0   0.00680

  419.0   0.00677

  420.0   0.00660

  421.0   0.00659

  422.0   0.00649

  423.0   0.00641

  424.0   0.00618

  425.0   0.00590

  426.0   0.00575

  427.0   0.00562

  428.0   0.00556

  429.0   0.00555

  430.0   0.00542

  431.0   0.00535

  432.0   0.00511

  433.0   0.00510

  434.0   0.00510

  435.0   0.00510

  436.0   0.00503

  437.0   0.00493

  438.0   0.00487

  439.0   0.00488

  440.0   0.00473

  441.0   0.00475

  442.0   0.00466

  443.0   0.00459

  444.0   0.00462

  445.0   0.00450

  446.0   0.00449

  447.0   0.00447

  448.0   0.00450

  449.0   0.00449

  450.0   0.00444

  451.0   0.00430

  452.0   0.00435

  453.0   0.00426

  454.0   0.00435

  455.0   0.00428

  456.0   0.00433

  457.0   0.00430

  458.0   0.00424

  459.0   0.00417

  460.0   0.00411

  461.0   0.00404

  462.0   0.00392

  463.0   0.00392

  464.0   0.00394

  465.0   0.00392

  466.0   0.00400

  467.0   0.00403

  468.0   0.00403

  469.0   0.00411

  470.0   0.00406

  471.0   0.00408

  472.0   0.00406

  473.0   0.00404

  474.0   0.00410

  475.0   0.00411

  476.0   0.00414

  477.0   0.00407

  478.0   0.00410

  479.0   0.00406

  480.0   0.00407

  481.0   0.00404

  482.0   0.00404

  483.0   0.00404

  484.0   0.00402

  485.0   0.00395

  486.0   0.00391

  487.0   0.00384

  488.0   0.00383

  489.0   0.00383

  490.0   0.00388

  491.0   0.00390

  492.0   0.00394

  493.0   0.00394

  494.0   0.00390

  495.0   0.00392

  496.0   0.00390

  497.0   0.00393

  498.0   0.00387

  499.0   0.00388

  500.0   0.00386

  501.0   0.00383

  502.0   0.00380

  503.0   0.00381

  504.0   0.00381

  505.0   0.00374

  506.0   0.00370

  507.0   0.00375

  508.0   0.00373

  509.0   0.00371

  510.0   0.00378

  511.0   0.00381

  512.0   0.00376

  513.0   0.00374

  514.0   0.00375

  515.0   0.00370

  516.0   0.00368

  517.0   0.00367

  518.0   0.00368

  519.0   0.00369

  520.0   0.00372

  521.0   0.00373

  522.0   0.00372

  523.0   0.00372

  524.0   0.00370

  525.0   0.00371

  526.0   0.00371

  527.0   0.00375

  528.0   0.00371

  529.0   0.00375

  530.0   0.00374

  531.0   0.00378

  532.0   0.00376

  533.0   0.00377

  534.0   0.00374

  535.0   0.00379

  536.0   0.00373

  537.0   0.00380

  538.0   0.00379

  539.0   0.00384

  540.0   0.00376

  541.0   0.00379

  542.0   0.00378

  543.0   0.00384

  544.0   0.00386

  545.0   0.00393

  546.0   0.00395

  547.0   0.00391

  548.0   0.00399

  549.0   0.00403

  550.0   0.00401

  551.0   0.00401

  552.0   0.00403

  553.0   0.00399

  554.0   0.00400

  555.0   0.00396

  556.0   0.00392

  557.0   0.00461

  558.0   0.00459

  559.0   0.00454

  560.0   0.00457

  561.0   0.00457

  562.0   0.00459

  563.0   0.00459

  564.0   0.00453

  565.0   0.00452

  566.0   0.00449

  567.0   0.00446

  568.0   0.00443

  569.0   0.00446

  570.0   0.00443

  571.0   0.00440

  572.0   0.00441

  573.0   0.00438

  574.0   0.00431

  575.0   0.00430

  576.0   0.00427

  577.0   0.00422

  578.0   0.00424

  579.0   0.00425

  580.0   0.00428

  581.0   0.00429

  582.0   0.00425

  583.0   0.00426

  584.0   0.00422

  585.0   0.00426

  586.0   0.00427

  587.0   0.00423

  588.0   0.00429

  589.0   0.00423

  590.0   0.00420

  591.0   0.00426

  592.0   0.00429

  593.0   0.00434

  594.0   0.00440

  595.0   0.00445

  596.0   0.00450

  597.0   0.00452

  598.0   0.00459

  599.0   0.00462

  600.0   0.00462

  601.0   0.00460

  602.0   0.00458

  603.0   0.00458

  604.0   0.00459

  605.0   0.00460

  606.0   0.00461

  607.0   0.00457

  608.0   0.00454

  609.0   0.00456

  610.0   0.00451

  611.0   0.00450

  612.0   0.00456

  613.0   0.00458

  614.0   0.00461

  615.0   0.00463

  616.0   0.00465

  617.0   0.00469

  618.0   0.00466

  619.0   0.00464

  620.0   0.00465

  621.0   0.00465

  622.0   0.00466

  623.0   0.00467

  624.0   0.00458

  625.0   0.00454

  626.0   0.00451

  627.0   0.00453

  628.0   0.00450

  629.0   0.00453

  630.0   0.00456

  631.0   0.00455

  632.0   0.00453

  633.0   0.00453

  634.0   0.00451

  635.0   0.00446

  636.0   0.00445

  637.0   0.00442

  638.0   0.00445

  639.0   0.00445

  640.0   0.00444

  641.0   0.00443

  642.0   0.00444

  643.0   0.00446

  644.0   0.00449

  645.0   0.00448

  646.0   0.00444

  647.0   0.00446

  648.0   0.00443

  649.0   0.00442

  650.0   0.00445

  651.0   0.00448

  652.0   0.00452

  653.0   0.00454

  654.0   0.00458

  655.0   0.00462

  656.0   0.00462

  657.0   0.00466

  658.0   0.00466

  659.0   0.00472

  660.0   0.00474

  661.0   0.00476

  662.0   0.00479

  663.0   0.00474

  664.0   0.00478

  665.0   0.00479

  666.0   0.00475

  667.0   0.00474

  668.0   0.00477

  669.0   0.00474

  670.0   0.00470

  671.0   0.00471

  672.0   0.00476

  673.0   0.00477

  674.0   0.00481

  675.0   0.00486

  676.0   0.00486

  677.0   0.00479

  678.0   0.00472

  679.0   0.00469

  680.0   0.00464

  681.0   0.00464

  682.0   0.00466

  683.0   0.00467

  684.0   0.00464

  685.0   0.00464

  686.0   0.00462

  687.0   0.00464

  688.0   0.00466

  689.0   0.00464

  690.0   0.00468

  691.0   0.00466

  692.0   0.00468

  693.0   0.00468

  694.0   0.00468

  695.0   0.00463

  696.0   0.00462

  697.0   0.00459

  698.0   0.00461

  699.0   0.00456

  700.0   0.00453

  701.0   0.00453

  702.0   0.00448

  703.0   0.00452

  704.0   0.00449

  705.0   0.00448

  706.0   0.00441

  707.0   0.00443

  708.0   0.00440

  709.0   0.00435

  710.0   0.00428

  711.0   0.00431

  712.0   0.00431

  713.0   0.00418

  714.0   0.00415

  715.0   0.00414

  716.0   0.00408

  717.0   0.00405

  718.0   0.00404

  719.0   0.00400

  720.0   0.00399

  721.0   0.00400

  722.0   0.00397

  723.0   0.00398

  724.0   0.00386

  725.0   0.00385

  726.0   0.00381

  727.0   0.00380

  728.0   0.00372

  729.0   0.00375

  730.0   0.00375

  731.0   0.00374

  732.0   0.00374

  733.0   0.00374

  734.0   0.00375

  735.0   0.00367

  736.0   0.00433

  737.0   0.00434

  738.0   0.00428

  739.0   0.00435

  740.0   0.00429

  741.0   0.00425

  742.0   0.00424

  743.0   0.00421

  744.0   0.00418

  745.0   0.00423

  746.0   0.00428

  747.0   0.00420

  748.0   0.00414

  749.0   0.00414

  750.0   0.00406

  751.0   0.00403

  752.0   0.00398

  753.0   0.00398

  754.0   0.00396

  755.0   0.00385

  756.0   0.00380

  757.0   0.00375

  758.0   0.00370

  759.0   0.00370

  760.0   0.00363

  761.0   0.00358

  762.0   0.00350

  763.0   0.00347

  764.0   0.00337

  765.0   0.00329

  766.0   0.00327

  767.0   0.00322

  768.0   0.00314

  769.0   0.00306

  770.0   0.00307

  771.0   0.00299

  772.0   0.00302

  773.0   0.00297

  774.0   0.00295

  775.0   0.00287

  776.0   0.00285

  777.0   0.00275

  778.0   0.00270

  779.0   0.00270

  780.0   0.00268

  781.0   0.00260

  782.0   0.00258

  783.0   0.00255

  784.0   0.00250

  785.0   0.00259

  786.0   0.00254

  787.0   0.00246

  788.0   0.00247

  789.0   0.00247

  790.0   0.00242

  791.0   0.00248

  792.0   0.00249

  793.0   0.00246

  794.0   0.00247

  795.0   0.00247

  796.0   0.00245

  797.0   0.00245

  798.0   0.00251

  799.0   0.00240

  800.0   0.00243

 
