ser ID: DU600

Method ID: A:\DEFAULT

Date: 07/25/00

Time: 11:50

 200.0   2.93902

  201.0   3.00988

  202.0   3.04999

  203.0   3.09412

  204.0   2.85095

  205.0   2.60477

  206.0   2.78080

  207.0   3.31408

  208.0   3.37181

  209.0   3.12581

  210.0   2.76686

  211.0   3.49914

  212.0   3.52840

  213.0   3.55727

  214.0   2.88184

  215.0   3.60271

  216.0   3.14695

  217.0   3.17046

  218.0   3.66792

  219.0   3.20996

  220.0   3.70535

  221.0   3.72362

  222.0   3.74280

  223.0   3.76020

  224.0   3.77764

  225.0   3.09587

  226.0   3.81305

  227.0   3.82956

  228.0   3.84516

  229.0   3.38346

  230.0   3.09778

  231.0   3.18966

  232.0   2.85865

  233.0   3.00711

  234.0   2.71543

  235.0   2.54634

  236.0   2.50101

  237.0   2.44545

  238.0   2.33846

  239.0   2.27046

  240.0   2.17235

  241.0   2.15115

  242.0   2.06799

  243.0   1.99292

  244.0   1.94518

  245.0   1.87396

  246.0   1.82830

  247.0   1.74174

  248.0   1.68109

  249.0   1.62006

  250.0   1.56732

  251.0   1.50795

  252.0   1.46224

  253.0   1.42516

  254.0   1.39821

  255.0   1.36195

  256.0   1.34081

  257.0   1.32307

  258.0   1.30557

  259.0   1.28980

  260.0   1.27250

  261.0   1.25112

  262.0   1.22582

  263.0   1.20504

  264.0   1.18209

  265.0   1.15911

  266.0   1.12963

  267.0   1.10420

  268.0   1.07859

  269.0   1.04634

  270.0   1.01548

  271.0   0.99120

  272.0   0.96408

  273.0   0.93392

  274.0   0.90462

  275.0   0.88451

  276.0   0.86158

  277.0   0.84301

  278.0   0.82435

  279.0   0.80814

  280.0   0.79523

  281.0   0.78466

  282.0   0.77549

  283.0   0.76635

  284.0   0.76067

  285.0   0.75326

  286.0   0.74874

  287.0   0.74491

  288.0   0.74036

  289.0   0.73801

  290.0   0.73463

  291.0   0.73259

  292.0   0.73322

  293.0   0.73357

  294.0   0.73506

  295.0   0.73512

  296.0   0.73812

  297.0   0.74199

  298.0   0.74384

  299.0   0.74371

  300.0   0.74730

  301.0   0.74872

  302.0   0.74931

  303.0   0.74741

  304.0   0.74715

  305.0   0.74494

  306.0   0.74237

  307.0   0.73831

  308.0   0.73123

  309.0   0.72210

  310.0   0.71318

  311.0   0.70063

  312.0   0.68621

  313.0   0.67015

  314.0   0.65334

  315.0   0.63713

  316.0   0.61833

  317.0   0.60405

  318.0   0.58745

  319.0   0.57065

  320.0   0.55587

  321.0   0.54803

  322.0   0.52303

  323.0   0.50882

  324.0   0.49835

  325.0   0.48561

  326.0   0.47476

  327.0   0.46486

  328.0   0.45490

  329.0   0.44583

  330.0   0.43796

  331.0   0.42932

  332.0   0.42039

  333.0   0.41209

  334.0   0.40490

  335.0   0.39673

  336.0   0.38780

  337.0   0.38034

  338.0   0.37110

  339.0   0.36409

  340.0   0.35574

  341.0   0.34752

  342.0   0.33854

  343.0   0.32987

  344.0   0.32035

  345.0   0.31113

  346.0   0.30324

  347.0   0.29268

  348.0   0.28334

  349.0   0.27458

  350.0   0.26461

  351.0   0.25604

  352.0   0.24749

  353.0   0.23819

  354.0   0.22870

  355.0   0.22079

  356.0   0.21579

  357.0   0.20215

  358.0   0.19489

  359.0   0.18618

  360.0   0.17951

  361.0   0.17188

  362.0   0.16413

  363.0   0.15818

  364.0   0.15184

  365.0   0.14520

  366.0   0.13985

  367.0   0.13389

  368.0   0.12801

  369.0   0.12348

  370.0   0.11860

  371.0   0.11363

  372.0   0.11013

  373.0   0.10608

  374.0   0.10247

  375.0   0.09891

  376.0   0.09555

  377.0   0.09245

  378.0   0.08912

  379.0   0.08617

  380.0   0.08402

  381.0   0.08163

  382.0   0.07957

  383.0   0.07777

  384.0   0.07631

  385.0   0.07495

  386.0   0.07312

  387.0   0.07207

  388.0   0.07100

  389.0   0.07006

  390.0   0.06905

  391.0   0.06854

  392.0   0.06785

  393.0   0.06740

  394.0   0.06679

  395.0   0.06641

  396.0   0.06606

  397.0   0.06531

  398.0   0.06472

  399.0   0.06394

  400.0   0.06355

  401.0   0.06300

  402.0   0.06213

  403.0   0.06155

  404.0   0.06082

  405.0   0.05988

  406.0   0.05943

  407.0   0.05821

  408.0   0.05735

  409.0   0.05640

  410.0   0.05521

  411.0   0.05423

  412.0   0.05315

  413.0   0.05196

  414.0   0.05058

  415.0   0.04989

  416.0   0.04732

  417.0   0.04578

  418.0   0.04447

  419.0   0.04317

  420.0   0.04155

  421.0   0.04025

  422.0   0.03898

  423.0   0.03764

  424.0   0.03625

  425.0   0.03494

  426.0   0.03375

  427.0   0.03247

  428.0   0.03151

  429.0   0.03038

  430.0   0.02956

  431.0   0.02862

  432.0   0.02779

  433.0   0.02704

  434.0   0.02642

  435.0   0.02598

  436.0   0.02513

  437.0   0.02471

  438.0   0.02417

  439.0   0.02366

  440.0   0.02318

  441.0   0.02273

  442.0   0.02241

  443.0   0.02205

  444.0   0.02172

  445.0   0.02142

  446.0   0.02105

  447.0   0.02075

  448.0   0.02058

  449.0   0.02023

  450.0   0.01992

  451.0   0.01960

  452.0   0.01937

  453.0   0.01914

  454.0   0.01890

  455.0   0.01862

  456.0   0.01850

  457.0   0.01830

  458.0   0.01806

  459.0   0.01780

  460.0   0.01763

  461.0   0.01746

  462.0   0.01722

  463.0   0.01700

  464.0   0.01677

  465.0   0.01664

  466.0   0.01647

  467.0   0.01633

  468.0   0.01608

  469.0   0.01601

  470.0   0.01587

  471.0   0.01578

  472.0   0.01563

  473.0   0.01546

  474.0   0.01540

  475.0   0.01535

  476.0   0.01518

  477.0   0.01501

  478.0   0.01495

  479.0   0.01484

  480.0   0.01481

  481.0   0.01470

  482.0   0.01471

  483.0   0.01463

  484.0   0.01458

  485.0   0.01453

  486.0   0.01451

  487.0   0.01445

  488.0   0.01440

  489.0   0.01437

  490.0   0.01441

  491.0   0.01448

  492.0   0.01452

  493.0   0.01456

  494.0   0.01457

  495.0   0.01466

  496.0   0.01469

  497.0   0.01471

  498.0   0.01473

  499.0   0.01481

  500.0   0.01480

  501.0   0.01488

  502.0   0.01490

  503.0   0.01502

  504.0   0.01513

  505.0   0.01518

  506.0   0.01526

  507.0   0.01543

  508.0   0.01557

  509.0   0.01565

  510.0   0.01581

  511.0   0.01596

  512.0   0.01605

  513.0   0.01617

  514.0   0.01628

  515.0   0.01639

  516.0   0.01656

  517.0   0.01676

  518.0   0.01699

  519.0   0.01715

  520.0   0.01738

  521.0   0.01756

  522.0   0.01771

  523.0   0.01798

  524.0   0.01813

  525.0   0.01837

  526.0   0.01857

  527.0   0.01879

  528.0   0.01898

  529.0   0.01921

  530.0   0.01943

  531.0   0.01967

  532.0   0.01989

  533.0   0.02013

  534.0   0.02033

  535.0   0.02061

  536.0   0.02080

  537.0   0.02113

  538.0   0.02133

  539.0   0.02160

  540.0   0.02183

  541.0   0.02203

  542.0   0.02223

  543.0   0.02249

  544.0   0.02270

  545.0   0.02291

  546.0   0.02308

  547.0   0.02322

  548.0   0.02336

  549.0   0.02352

  550.0   0.02364

  551.0   0.02370

  552.0   0.02380

  553.0   0.02380

  554.0   0.02383

  555.0   0.02384

  556.0   0.02386

  557.0   0.02463

  558.0   0.02462

  559.0   0.02456

  560.0   0.02455

  561.0   0.02454

  562.0   0.02455

  563.0   0.02450

  564.0   0.02446

  565.0   0.02448

  566.0   0.02447

  567.0   0.02446

  568.0   0.02445

  569.0   0.02445

  570.0   0.02444

  571.0   0.02439

  572.0   0.02442

  573.0   0.02438

  574.0   0.02434

  575.0   0.02428

  576.0   0.02429

  577.0   0.02422

  578.0   0.02422

  579.0   0.02420

  580.0   0.02423

  581.0   0.02422

  582.0   0.02418

  583.0   0.02422

  584.0   0.02422

  585.0   0.02431

  586.0   0.02433

  587.0   0.02430

  588.0   0.02433

  589.0   0.02428

  590.0   0.02429

  591.0   0.02429

  592.0   0.02424

  593.0   0.02425

  594.0   0.02424

  595.0   0.02424

  596.0   0.02421

  597.0   0.02421

  598.0   0.02421

  599.0   0.02424

  600.0   0.02427

  601.0   0.02423

  602.0   0.02426

  603.0   0.02426

  604.0   0.02427

  605.0   0.02427

  606.0   0.02427

  607.0   0.02422

  608.0   0.02423

  609.0   0.02430

  610.0   0.02427

  611.0   0.02423

  612.0   0.02427

  613.0   0.02430

  614.0   0.02433

  615.0   0.02433

  616.0   0.02434

  617.0   0.02438

  618.0   0.02438

  619.0   0.02435

  620.0   0.02433

  621.0   0.02430

  622.0   0.02429

  623.0   0.02432

  624.0   0.02426

  625.0   0.02420

  626.0   0.02416

  627.0   0.02418

  628.0   0.02417

  629.0   0.02417

  630.0   0.02413

  631.0   0.02407

  632.0   0.02402

  633.0   0.02398

  634.0   0.02389

  635.0   0.02386

  636.0   0.02383

  637.0   0.02378

  638.0   0.02377

  639.0   0.02374

  640.0   0.02366

  641.0   0.02364

  642.0   0.02352

  643.0   0.02345

  644.0   0.02340

  645.0   0.02327

  646.0   0.02312

  647.0   0.02307

  648.0   0.02291

  649.0   0.02278

  650.0   0.02267

  651.0   0.02256

  652.0   0.02247

  653.0   0.02234

  654.0   0.02223

  655.0   0.02208

  656.0   0.02197

  657.0   0.02182

  658.0   0.02168

  659.0   0.02158

  660.0   0.02142

  661.0   0.02124

  662.0   0.02110

  663.0   0.02088

  664.0   0.02077

  665.0   0.02060

  666.0   0.02045

  667.0   0.02027

  668.0   0.02012

  669.0   0.01990

  670.0   0.01966

  671.0   0.01949

  672.0   0.01935

  673.0   0.01913

  674.0   0.01897

  675.0   0.01883

  676.0   0.01865

  677.0   0.01845

  678.0   0.01823

  679.0   0.01804

  680.0   0.01785

  681.0   0.01764

  682.0   0.01746

  683.0   0.01723

  684.0   0.01707

  685.0   0.01687

  686.0   0.01668

  687.0   0.01656

  688.0   0.01639

  689.0   0.01620

  690.0   0.01603

  691.0   0.01584

  692.0   0.01567

  693.0   0.01550

  694.0   0.01533

  695.0   0.01512

  696.0   0.01493

  697.0   0.01478

  698.0   0.01461

  699.0   0.01443

  700.0   0.01430

  701.0   0.01414

  702.0   0.01393

  703.0   0.01381

  704.0   0.01362

  705.0   0.01348

  706.0   0.01334

  707.0   0.01320

  708.0   0.01302

  709.0   0.01284

  710.0   0.01274

  711.0   0.01256

  712.0   0.01240

  713.0   0.01223

  714.0   0.01207

  715.0   0.01188

  716.0   0.01169

  717.0   0.01154

  718.0   0.01139

  719.0   0.01130

  720.0   0.01113

  721.0   0.01102

  722.0   0.01089

  723.0   0.01079

  724.0   0.01061

  725.0   0.01044

  726.0   0.01030

  727.0   0.01023

  728.0   0.01010

  729.0   0.01007

  730.0   0.00996

  731.0   0.00985

  732.0   0.00975

  733.0   0.00961

  734.0   0.00949

  735.0   0.00939

  736.0   0.00970

  737.0   0.00964

  738.0   0.00948

  739.0   0.00940

  740.0   0.00922

  741.0   0.00915

  742.0   0.00908

  743.0   0.00893

  744.0   0.00886

  745.0   0.00880

  746.0   0.00874

  747.0   0.00865

  748.0   0.00857

  749.0   0.00851

  750.0   0.00840

  751.0   0.00830

  752.0   0.00819

  753.0   0.00808

  754.0   0.00803

  755.0   0.00801

  756.0   0.00799

  757.0   0.00794

  758.0   0.00792

  759.0   0.00785

  760.0   0.00785

  761.0   0.00778

  762.0   0.00768

  763.0   0.00766

  764.0   0.00756

  765.0   0.00751

  766.0   0.00746

  767.0   0.00745

  768.0   0.00746

  769.0   0.00739

  770.0   0.00737

  771.0   0.00727

  772.0   0.00725

  773.0   0.00721

  774.0   0.00719

  775.0   0.00715

  776.0   0.00705

  777.0   0.00704

  778.0   0.00702

  779.0   0.00703

  780.0   0.00702

  781.0   0.00695

  782.0   0.00693

  783.0   0.00694

  784.0   0.00690

  785.0   0.00689

  786.0   0.00687

  787.0   0.00683

  788.0   0.00682

  789.0   0.00683

  790.0   0.00679

  791.0   0.00677

  792.0   0.00673

  793.0   0.00671

  794.0   0.00670

  795.0   0.00666

  796.0   0.00667

  797.0   0.00673

  798.0   0.00671

  799.0   0.00661

  800.0   0.00658

 
