ser ID: DU600

Method ID: A:\DEFAULT

Date: 08/08/00

Time: 07:01

 200.0   2.44529

  201.0   3.21484

  202.0   3.25431

  203.0   2.99056

  204.0   2.55165

  205.0   2.76305

  206.0   2.91995

  207.0   3.42797

  208.0   3.45894

  209.0   3.19089

  210.0   3.21919

  211.0   3.54814

  212.0   3.57588

  213.0   3.60649

  214.0   3.63155

  215.0   3.65495

  216.0   3.67742

  217.0   3.70252

  218.0   3.72346

  219.0   3.14012

  220.0   3.75891

  221.0   3.47334

  222.0   3.48876

  223.0   3.32586

  224.0   3.11694

  225.0   3.35218

  226.0   3.84292

  227.0   3.55413

  228.0   3.86729

  229.0   3.87852

  230.0   3.28875

  231.0   3.42412

  232.0   3.91036

  233.0   3.91887

  234.0   3.62547

  235.0   3.93197

  236.0   3.63523

  237.0   3.93972

  238.0   3.46513

  239.0   3.94379

  240.0   3.94478

  241.0   3.94404

  242.0   3.34109

  243.0   3.33950

  244.0   3.09427

  245.0   3.23810

  246.0   2.97955

  247.0   2.92978

  248.0   2.88449

  249.0   3.07669

  250.0   2.83759

  251.0   2.73592

  252.0   2.42991

  253.0   2.31088

  254.0   2.23426

  255.0   2.05853

  256.0   1.90758

  257.0   1.78327

  258.0   1.67239

  259.0   1.55360

  260.0   1.45628

  261.0   1.36895

  262.0   1.29025

  263.0   1.22789

  264.0   1.17237

  265.0   1.12507

  266.0   1.07762

  267.0   1.03514

  268.0   1.00020

  269.0   0.97024

  270.0   0.93719

  271.0   0.90995

  272.0   0.88151

  273.0   0.85408

  274.0   0.82134

  275.0   0.79235

  276.0   0.76353

  277.0   0.73619

  278.0   0.70796

  279.0   0.68110

  280.0   0.65552

  281.0   0.62614

  282.0   0.60083

  283.0   0.57762

  284.0   0.55316

  285.0   0.52654

  286.0   0.50036

  287.0   0.47509

  288.0   0.44925

  289.0   0.42684

  290.0   0.40688

  291.0   0.38651

  292.0   0.36637

  293.0   0.34790

  294.0   0.33183

  295.0   0.31249

  296.0   0.29601

  297.0   0.28017

  298.0   0.26472

  299.0   0.24895

  300.0   0.23686

  301.0   0.22681

  302.0   0.21647

  303.0   0.20903

  304.0   0.20152

  305.0   0.19575

  306.0   0.18930

  307.0   0.18352

  308.0   0.17885

  309.0   0.17429

  310.0   0.17049

  311.0   0.16594

  312.0   0.16171

  313.0   0.15615

  314.0   0.15269

  315.0   0.15047

  316.0   0.14684

  317.0   0.14364

  318.0   0.14045

  319.0   0.13721

  320.0   0.13483

  321.0   0.13452

  322.0   0.13117

  323.0   0.12984

  324.0   0.12940

  325.0   0.12759

  326.0   0.12638

  327.0   0.12602

  328.0   0.12487

  329.0   0.12491

  330.0   0.12422

  331.0   0.12337

  332.0   0.12286

  333.0   0.12264

  334.0   0.12258

  335.0   0.12224

  336.0   0.12306

  337.0   0.12351

  338.0   0.12292

  339.0   0.12236

  340.0   0.12266

  341.0   0.12286

  342.0   0.12203

  343.0   0.12328

  344.0   0.12307

  345.0   0.12280

  346.0   0.12217

  347.0   0.12173

  348.0   0.12119

  349.0   0.12099

  350.0   0.11988

  351.0   0.11866

  352.0   0.11842

  353.0   0.11700

  354.0   0.11645

  355.0   0.11525

  356.0   0.11426

  357.0   0.11449

  358.0   0.11246

  359.0   0.11095

  360.0   0.10884

  361.0   0.10744

  362.0   0.10474

  363.0   0.10219

  364.0   0.10138

  365.0   0.09886

  366.0   0.09650

  367.0   0.09418

  368.0   0.09224

  369.0   0.09006

  370.0   0.08742

  371.0   0.08567

  372.0   0.08346

  373.0   0.08158

  374.0   0.07941

  375.0   0.07689

  376.0   0.07504

  377.0   0.07330

  378.0   0.07125

  379.0   0.06941

  380.0   0.06760

  381.0   0.06564

  382.0   0.06409

  383.0   0.06191

  384.0   0.06053

  385.0   0.05900

  386.0   0.05750

  387.0   0.05553

  388.0   0.05409

  389.0   0.05243

  390.0   0.05117

  391.0   0.05030

  392.0   0.04908

  393.0   0.04795

  394.0   0.04672

  395.0   0.04551

  396.0   0.04418

  397.0   0.04329

  398.0   0.04257

  399.0   0.04164

  400.0   0.04057

  401.0   0.03981

  402.0   0.03892

  403.0   0.03805

  404.0   0.03744

  405.0   0.03681

  406.0   0.03615

  407.0   0.03534

  408.0   0.03488

  409.0   0.03414

  410.0   0.03312

  411.0   0.03240

  412.0   0.03161

  413.0   0.03086

  414.0   0.02990

  415.0   0.02944

  416.0   0.02839

  417.0   0.02736

  418.0   0.02646

  419.0   0.02546

  420.0   0.02464

  421.0   0.02354

  422.0   0.02251

  423.0   0.02165

  424.0   0.02055

  425.0   0.01970

  426.0   0.01870

  427.0   0.01805

  428.0   0.01716

  429.0   0.01621

  430.0   0.01558

  431.0   0.01482

  432.0   0.01417

  433.0   0.01341

  434.0   0.01287

  435.0   0.01218

  436.0   0.01161

  437.0   0.01115

  438.0   0.01079

  439.0   0.01079

  440.0   0.00966

  441.0   0.00925

  442.0   0.00878

  443.0   0.00831

  444.0   0.00804

  445.0   0.00782

  446.0   0.00748

  447.0   0.00710

  448.0   0.00675

  449.0   0.00648

  450.0   0.00619

  451.0   0.00573

  452.0   0.00542

  453.0   0.00499

  454.0   0.00461

  455.0   0.00433

  456.0   0.00413

  457.0   0.00402

  458.0   0.00404

  459.0   0.00373

  460.0   0.00346

  461.0   0.00320

  462.0   0.00297

  463.0   0.00282

  464.0   0.00259

  465.0   0.00259

  466.0   0.00235

  467.0   0.00231

  468.0   0.00222

  469.0   0.00223

  470.0   0.00210

  471.0   0.00215

  472.0   0.00205

  473.0   0.00200

  474.0   0.00191

  475.0   0.00180

  476.0   0.00166

  477.0   0.00151

  478.0   0.00142

  479.0   0.00134

  480.0   0.00131

  481.0   0.00113

  482.0   0.00113

  483.0   0.00094

  484.0   0.00080

  485.0   0.00076

  486.0   0.00068

  487.0   0.00074

  488.0   0.00059

  489.0   0.00054

  490.0   0.00051

  491.0   0.00048

  492.0   0.00043

  493.0   0.00039

  494.0   0.00042

  495.0   0.00040

  496.0   0.00037

  497.0   0.00037

  498.0   0.00041

  499.0   0.00036

  500.0   0.00038

  501.0   0.00044

  502.0   0.00045

  503.0   0.00047

  504.0   0.00049

  505.0   0.00048

  506.0   0.00052

  507.0   0.00044

  508.0   0.00044

  509.0   0.00045

  510.0   0.00054

  511.0   0.00058

  512.0   0.00056

  513.0   0.00057

  514.0   0.00061

  515.0   0.00057

  516.0   0.00055

  517.0   0.00049

  518.0   0.00051

  519.0   0.00053

  520.0   0.00054

  521.0   0.00060

  522.0   0.00063

  523.0   0.00070

  524.0   0.00072

  525.0   0.00083

  526.0   0.00086

  527.0   0.00097

  528.0   0.00101

  529.0   0.00103

  530.0   0.00108

  531.0   0.00112

  532.0   0.00112

  533.0   0.00120

  534.0   0.00125

  535.0   0.00127

  536.0   0.00131

  537.0   0.00130

  538.0   0.00136

  539.0   0.00138

  540.0   0.00139

  541.0   0.00148

  542.0   0.00160

  543.0   0.00168

  544.0   0.00173

  545.0   0.00181

  546.0   0.00184

  547.0   0.00190

  548.0   0.00196

  549.0   0.00196

  550.0   0.00204

  551.0   0.00209

  552.0   0.00215

  553.0   0.00209

  554.0   0.00212

  555.0   0.00208

  556.0   0.00208

  557.0   0.00372

  558.0   0.00366

  559.0   0.00359

  560.0   0.00346

  561.0   0.00345

  562.0   0.00339

  563.0   0.00332

  564.0   0.00327

  565.0   0.00323

  566.0   0.00329

  567.0   0.00323

  568.0   0.00320

  569.0   0.00314

  570.0   0.00316

  571.0   0.00303

  572.0   0.00301

  573.0   0.00295

  574.0   0.00295

  575.0   0.00293

  576.0   0.00285

  577.0   0.00289

  578.0   0.00287

  579.0   0.00287

  580.0   0.00287

  581.0   0.00286

  582.0   0.00286

  583.0   0.00286

  584.0   0.00289

  585.0   0.00295

  586.0   0.00299

  587.0   0.00309

  588.0   0.00315

  589.0   0.00313

  590.0   0.00308

  591.0   0.00310

  592.0   0.00316

  593.0   0.00322

  594.0   0.00324

  595.0   0.00327

  596.0   0.00336

  597.0   0.00342

  598.0   0.00348

  599.0   0.00354

  600.0   0.00358

  601.0   0.00360

  602.0   0.00360

  603.0   0.00361

  604.0   0.00365

  605.0   0.00367

  606.0   0.00362

  607.0   0.00361

  608.0   0.00362

  609.0   0.00355

  610.0   0.00351

  611.0   0.00350

  612.0   0.00354

  613.0   0.00355

  614.0   0.00356

  615.0   0.00354

  616.0   0.00363

  617.0   0.00360

  618.0   0.00354

  619.0   0.00357

  620.0   0.00360

  621.0   0.00364

  622.0   0.00360

  623.0   0.00358

  624.0   0.00357

  625.0   0.00353

  626.0   0.00351

  627.0   0.00352

  628.0   0.00352

  629.0   0.00353

  630.0   0.00354

  631.0   0.00354

  632.0   0.00350

  633.0   0.00346

  634.0   0.00344

  635.0   0.00347

  636.0   0.00344

  637.0   0.00339

  638.0   0.00343

  639.0   0.00343

  640.0   0.00345

  641.0   0.00346

  642.0   0.00343

  643.0   0.00346

  644.0   0.00348

  645.0   0.00346

  646.0   0.00351

  647.0   0.00351

  648.0   0.00355

  649.0   0.00353

  650.0   0.00355

  651.0   0.00352

  652.0   0.00349

  653.0   0.00347

  654.0   0.00349

  655.0   0.00345

  656.0   0.00345

  657.0   0.00341

  658.0   0.00348

  659.0   0.00353

  660.0   0.00348

  661.0   0.00352

  662.0   0.00349

  663.0   0.00343

  664.0   0.00344

  665.0   0.00336

  666.0   0.00338

  667.0   0.00332

  668.0   0.00319

  669.0   0.00318

  670.0   0.00315

  671.0   0.00317

  672.0   0.00319

  673.0   0.00317

  674.0   0.00318

  675.0   0.00320

  676.0   0.00312

  677.0   0.00307

  678.0   0.00299

  679.0   0.00302

  680.0   0.00304

  681.0   0.00305

  682.0   0.00311

  683.0   0.00305

  684.0   0.00305

  685.0   0.00304

  686.0   0.00298

  687.0   0.00301

  688.0   0.00297

  689.0   0.00294

  690.0   0.00290

  691.0   0.00287

  692.0   0.00291

  693.0   0.00292

  694.0   0.00291

  695.0   0.00291

  696.0   0.00285

  697.0   0.00279

  698.0   0.00276

  699.0   0.00270

  700.0   0.00269

  701.0   0.00271

  702.0   0.00267

  703.0   0.00268

  704.0   0.00264

  705.0   0.00261

  706.0   0.00263

  707.0   0.00260

  708.0   0.00258

  709.0   0.00249

  710.0   0.00239

  711.0   0.00234

  712.0   0.00232

  713.0   0.00221

  714.0   0.00218

  715.0   0.00218

  716.0   0.00213

  717.0   0.00208

  718.0   0.00207

  719.0   0.00196

  720.0   0.00195

  721.0   0.00188

  722.0   0.00188

  723.0   0.00180

  724.0   0.00177

  725.0   0.00170

  726.0   0.00169

  727.0   0.00168

  728.0   0.00158

  729.0   0.00159

  730.0   0.00158

  731.0   0.00155

  732.0   0.00151

  733.0   0.00152

  734.0   0.00146

  735.0   0.00144

  736.0   0.00355

  737.0   0.00335

  738.0   0.00325

  739.0   0.00308

  740.0   0.00288

  741.0   0.00274

  742.0   0.00260

  743.0   0.00246

  744.0   0.00232

  745.0   0.00223

  746.0   0.00212

  747.0   0.00204

  748.0   0.00196

  749.0   0.00185

  750.0   0.00182

  751.0   0.00176

  752.0   0.00166

  753.0   0.00163

  754.0   0.00163

  755.0   0.00152

  756.0   0.00150

  757.0   0.00144

  758.0   0.00139

  759.0   0.00142

  760.0   0.00139

  761.0   0.00137

  762.0   0.00126

  763.0   0.00118

  764.0   0.00112

  765.0   0.00107

  766.0   0.00104

  767.0   0.00104

  768.0   0.00105

  769.0   0.00096

  770.0   0.00091

  771.0   0.00094

  772.0   0.00094

  773.0   0.00094

  774.0   0.00089

  775.0   0.00086

  776.0   0.00086

  777.0   0.00078

  778.0   0.00078

  779.0   0.00078

  780.0   0.00076

  781.0   0.00070

  782.0   0.00073

  783.0   0.00076

  784.0   0.00076

  785.0   0.00079

  786.0   0.00077

  787.0   0.00071

  788.0   0.00071

  789.0   0.00071

  790.0   0.00060

  791.0   0.00066

  792.0   0.00060

  793.0   0.00058

  794.0   0.00058

  795.0   0.00049

  796.0   0.00049

  797.0   0.00046

  798.0   0.00043

  799.0   0.00041

  800.0   0.00029

 
