ser ID: DU600

Method ID: A:\DEFAULT

Date: 08/08/00

Time: 04:54

 200.0   3.14426

  201.0   3.21484

  202.0   3.25431

  203.0   3.29159

  204.0   3.32980

  205.0   3.36511

  206.0   3.39707

  207.0   3.42797

  208.0   2.98182

  209.0   2.88986

  210.0   3.52022

  211.0   3.54814

  212.0   3.57588

  213.0   3.60649

  214.0   3.63155

  215.0   3.65495

  216.0   3.67742

  217.0   3.70252

  218.0   3.24633

  219.0   3.74217

  220.0   3.75891

  221.0   3.77437

  222.0   3.78979

  223.0   3.80298

  224.0   3.81591

  225.0   3.82930

  226.0   3.84292

  227.0   3.01006

  228.0   3.86729

  229.0   3.87852

  230.0   3.89081

  231.0   3.90124

  232.0   3.91036

  233.0   3.91887

  234.0   3.92650

  235.0   3.93197

  236.0   3.93626

  237.0   3.33766

  238.0   3.94226

  239.0   3.94379

  240.0   3.94478

  241.0   3.94404

  242.0   3.94315

  243.0   3.94156

  244.0   3.33731

  245.0   3.93707

  246.0   3.33173

  247.0   3.23081

  248.0   3.32382

  249.0   3.92179

  250.0   3.07167

  251.0   3.06691

  252.0   3.20807

  253.0   2.78801

  254.0   2.51681

  255.0   2.39967

  256.0   2.22255

  257.0   2.10933

  258.0   1.98729

  259.0   1.83404

  260.0   1.73726

  261.0   1.65327

  262.0   1.55772

  263.0   1.48380

  264.0   1.40471

  265.0   1.35007

  266.0   1.29765

  267.0   1.25627

  268.0   1.21826

  269.0   1.18412

  270.0   1.14059

  271.0   1.11373

  272.0   1.08171

  273.0   1.04872

  274.0   1.01348

  275.0   0.98145

  276.0   0.95033

  277.0   0.91758

  278.0   0.88168

  279.0   0.84950

  280.0   0.81736

  281.0   0.78039

  282.0   0.74702

  283.0   0.71381

  284.0   0.68043

  285.0   0.64471

  286.0   0.61293

  287.0   0.58076

  288.0   0.54596

  289.0   0.51765

  290.0   0.49032

  291.0   0.46488

  292.0   0.43657

  293.0   0.41266

  294.0   0.38872

  295.0   0.36360

  296.0   0.34150

  297.0   0.32233

  298.0   0.30241

  299.0   0.28120

  300.0   0.26416

  301.0   0.24926

  302.0   0.23469

  303.0   0.22205

  304.0   0.21123

  305.0   0.20228

  306.0   0.19177

  307.0   0.18434

  308.0   0.17698

  309.0   0.16963

  310.0   0.16430

  311.0   0.15822

  312.0   0.15149

  313.0   0.14496

  314.0   0.13990

  315.0   0.13605

  316.0   0.13267

  317.0   0.12971

  318.0   0.12653

  319.0   0.12339

  320.0   0.12149

  321.0   0.12072

  322.0   0.11753

  323.0   0.11684

  324.0   0.11726

  325.0   0.11748

  326.0   0.11793

  327.0   0.11937

  328.0   0.12095

  329.0   0.12190

  330.0   0.12422

  331.0   0.12494

  332.0   0.12769

  333.0   0.13020

  334.0   0.13326

  335.0   0.13668

  336.0   0.14007

  337.0   0.14348

  338.0   0.14740

  339.0   0.15069

  340.0   0.15390

  341.0   0.15754

  342.0   0.16045

  343.0   0.16589

  344.0   0.16992

  345.0   0.17298

  346.0   0.17701

  347.0   0.18008

  348.0   0.18335

  349.0   0.18666

  350.0   0.18843

  351.0   0.18992

  352.0   0.19190

  353.0   0.19312

  354.0   0.19520

  355.0   0.19580

  356.0   0.19606

  357.0   0.19715

  358.0   0.19688

  359.0   0.19553

  360.0   0.19390

  361.0   0.19142

  362.0   0.18892

  363.0   0.18607

  364.0   0.18423

  365.0   0.18141

  366.0   0.17865

  367.0   0.17491

  368.0   0.17191

  369.0   0.16888

  370.0   0.16501

  371.0   0.16247

  372.0   0.15776

  373.0   0.15400

  374.0   0.15077

  375.0   0.14739

  376.0   0.14398

  377.0   0.14112

  378.0   0.13717

  379.0   0.13370

  380.0   0.13064

  381.0   0.12685

  382.0   0.12335

  383.0   0.11975

  384.0   0.11636

  385.0   0.11302

  386.0   0.10989

  387.0   0.10669

  388.0   0.10384

  389.0   0.10056

  390.0   0.09776

  391.0   0.09528

  392.0   0.09255

  393.0   0.08995

  394.0   0.08718

  395.0   0.08476

  396.0   0.08256

  397.0   0.08052

  398.0   0.07896

  399.0   0.07694

  400.0   0.07479

  401.0   0.07326

  402.0   0.07132

  403.0   0.06973

  404.0   0.06815

  405.0   0.06682

  406.0   0.06529

  407.0   0.06382

  408.0   0.06250

  409.0   0.06099

  410.0   0.05972

  411.0   0.05857

  412.0   0.05703

  413.0   0.05547

  414.0   0.05398

  415.0   0.05323

  416.0   0.05092

  417.0   0.04917

  418.0   0.04784

  419.0   0.04602

  420.0   0.04437

  421.0   0.04307

  422.0   0.04148

  423.0   0.04012

  424.0   0.03834

  425.0   0.03688

  426.0   0.03519

  427.0   0.03390

  428.0   0.03228

  429.0   0.03071

  430.0   0.02953

  431.0   0.02813

  432.0   0.02692

  433.0   0.02557

  434.0   0.02456

  435.0   0.02336

  436.0   0.02222

  437.0   0.02125

  438.0   0.02028

  439.0   0.01976

  440.0   0.01824

  441.0   0.01731

  442.0   0.01644

  443.0   0.01564

  444.0   0.01502

  445.0   0.01430

  446.0   0.01359

  447.0   0.01275

  448.0   0.01209

  449.0   0.01149

  450.0   0.01079

  451.0   0.01009

  452.0   0.00961

  453.0   0.00892

  454.0   0.00834

  455.0   0.00777

  456.0   0.00730

  457.0   0.00708

  458.0   0.00679

  459.0   0.00626

  460.0   0.00585

  461.0   0.00537

  462.0   0.00496

  463.0   0.00463

  464.0   0.00430

  465.0   0.00400

  466.0   0.00366

  467.0   0.00356

  468.0   0.00326

  469.0   0.00311

  470.0   0.00285

  471.0   0.00271

  472.0   0.00244

  473.0   0.00234

  474.0   0.00218

  475.0   0.00198

  476.0   0.00164

  477.0   0.00148

  478.0   0.00123

  479.0   0.00107

  480.0   0.00097

  481.0   0.00079

  482.0   0.00070

  483.0   0.00049

  484.0   0.00031

  485.0   0.00021

  486.0   0.00007

  487.0  -0.00000

  488.0  -0.00011

  489.0  -0.00023

  490.0  -0.00033

  491.0  -0.00042

  492.0  -0.00054

  493.0  -0.00064

  494.0  -0.00066

  495.0  -0.00067

  496.0  -0.00075

  497.0  -0.00080

  498.0  -0.00084

  499.0  -0.00091

  500.0  -0.00094

  501.0  -0.00099

  502.0  -0.00101

  503.0  -0.00102

  504.0  -0.00111

  505.0  -0.00108

  506.0  -0.00109

  507.0  -0.00114

  508.0  -0.00121

  509.0  -0.00128

  510.0  -0.00131

  511.0  -0.00127

  512.0  -0.00132

  513.0  -0.00133

  514.0  -0.00132

  515.0  -0.00134

  516.0  -0.00139

  517.0  -0.00147

  518.0  -0.00147

  519.0  -0.00152

  520.0  -0.00155

  521.0  -0.00157

  522.0  -0.00157

  523.0  -0.00160

  524.0  -0.00162

  525.0  -0.00158

  526.0  -0.00156

  527.0  -0.00153

  528.0  -0.00153

  529.0  -0.00151

  530.0  -0.00149

  531.0  -0.00148

  532.0  -0.00151

  533.0  -0.00152

  534.0  -0.00150

  535.0  -0.00154

  536.0  -0.00158

  537.0  -0.00155

  538.0  -0.00158

  539.0  -0.00158

  540.0  -0.00159

  541.0  -0.00155

  542.0  -0.00150

  543.0  -0.00148

  544.0  -0.00149

  545.0  -0.00149

  546.0  -0.00148

  547.0  -0.00150

  548.0  -0.00148

  549.0  -0.00150

  550.0  -0.00153

  551.0  -0.00161

  552.0  -0.00155

  553.0  -0.00168

  554.0  -0.00167

  555.0  -0.00171

  556.0  -0.00169

  557.0  -0.00113

  558.0  -0.00120

  559.0  -0.00124

  560.0  -0.00126

  561.0  -0.00130

  562.0  -0.00132

  563.0  -0.00137

  564.0  -0.00141

  565.0  -0.00142

  566.0  -0.00141

  567.0  -0.00142

  568.0  -0.00141

  569.0  -0.00144

  570.0  -0.00141

  571.0  -0.00149

  572.0  -0.00148

  573.0  -0.00155

  574.0  -0.00154

  575.0  -0.00159

  576.0  -0.00162

  577.0  -0.00157

  578.0  -0.00160

  579.0  -0.00157

  580.0  -0.00160

  581.0  -0.00161

  582.0  -0.00160

  583.0  -0.00161

  584.0  -0.00162

  585.0  -0.00163

  586.0  -0.00162

  587.0  -0.00154

  588.0  -0.00151

  589.0  -0.00158

  590.0  -0.00166

  591.0  -0.00167

  592.0  -0.00165

  593.0  -0.00164

  594.0  -0.00163

  595.0  -0.00164

  596.0  -0.00160

  597.0  -0.00161

  598.0  -0.00160

  599.0  -0.00158

  600.0  -0.00157

  601.0  -0.00157

  602.0  -0.00154

  603.0  -0.00155

  604.0  -0.00158

  605.0  -0.00163

  606.0  -0.00168

  607.0  -0.00171

  608.0  -0.00170

  609.0  -0.00171

  610.0  -0.00173

  611.0  -0.00169

  612.0  -0.00167

  613.0  -0.00166

  614.0  -0.00168

  615.0  -0.00165

  616.0  -0.00165

  617.0  -0.00165

  618.0  -0.00171

  619.0  -0.00167

  620.0  -0.00167

  621.0  -0.00167

  622.0  -0.00168

  623.0  -0.00169

  624.0  -0.00171

  625.0  -0.00176

  626.0  -0.00179

  627.0  -0.00180

  628.0  -0.00180

  629.0  -0.00180

  630.0  -0.00178

  631.0  -0.00176

  632.0  -0.00179

  633.0  -0.00180

  634.0  -0.00182

  635.0  -0.00183

  636.0  -0.00185

  637.0  -0.00183

  638.0  -0.00181

  639.0  -0.00178

  640.0  -0.00176

  641.0  -0.00173

  642.0  -0.00173

  643.0  -0.00176

  644.0  -0.00175

  645.0  -0.00175

  646.0  -0.00176

  647.0  -0.00173

  648.0  -0.00175

  649.0  -0.00176

  650.0  -0.00176

  651.0  -0.00178

  652.0  -0.00178

  653.0  -0.00180

  654.0  -0.00177

  655.0  -0.00180

  656.0  -0.00181

  657.0  -0.00183

  658.0  -0.00176

  659.0  -0.00168

  660.0  -0.00170

  661.0  -0.00165

  662.0  -0.00167

  663.0  -0.00171

  664.0  -0.00167

  665.0  -0.00171

  666.0  -0.00170

  667.0  -0.00173

  668.0  -0.00177

  669.0  -0.00176

  670.0  -0.00179

  671.0  -0.00176

  672.0  -0.00172

  673.0  -0.00172

  674.0  -0.00169

  675.0  -0.00166

  676.0  -0.00170

  677.0  -0.00172

  678.0  -0.00172

  679.0  -0.00171

  680.0  -0.00168

  681.0  -0.00167

  682.0  -0.00168

  683.0  -0.00172

  684.0  -0.00171

  685.0  -0.00170

  686.0  -0.00169

  687.0  -0.00166

  688.0  -0.00166

  689.0  -0.00167

  690.0  -0.00166

  691.0  -0.00167

  692.0  -0.00167

  693.0  -0.00166

  694.0  -0.00170

  695.0  -0.00169

  696.0  -0.00172

  697.0  -0.00171

  698.0  -0.00170

  699.0  -0.00177

  700.0  -0.00174

  701.0  -0.00171

  702.0  -0.00172

  703.0  -0.00175

  704.0  -0.00179

  705.0  -0.00178

  706.0  -0.00176

  707.0  -0.00171

  708.0  -0.00166

  709.0  -0.00167

  710.0  -0.00172

  711.0  -0.00169

  712.0  -0.00168

  713.0  -0.00177

  714.0  -0.00176

  715.0  -0.00178

  716.0  -0.00179

  717.0  -0.00178

  718.0  -0.00177

  719.0  -0.00185

  720.0  -0.00186

  721.0  -0.00190

  722.0  -0.00187

  723.0  -0.00191

  724.0  -0.00188

  725.0  -0.00189

  726.0  -0.00189

  727.0  -0.00183

  728.0  -0.00187

  729.0  -0.00184

  730.0  -0.00188

  731.0  -0.00187

  732.0  -0.00188

  733.0  -0.00187

  734.0  -0.00189

  735.0  -0.00187

  736.0  -0.00091

  737.0  -0.00102

  738.0  -0.00107

  739.0  -0.00118

  740.0  -0.00123

  741.0  -0.00131

  742.0  -0.00131

  743.0  -0.00139

  744.0  -0.00138

  745.0  -0.00141

  746.0  -0.00146

  747.0  -0.00149

  748.0  -0.00152

  749.0  -0.00154

  750.0  -0.00151

  751.0  -0.00151

  752.0  -0.00162

  753.0  -0.00165

  754.0  -0.00157

  755.0  -0.00162

  756.0  -0.00163

  757.0  -0.00168

  758.0  -0.00171

  759.0  -0.00166

  760.0  -0.00171

  761.0  -0.00166

  762.0  -0.00177

  763.0  -0.00180

  764.0  -0.00183

  765.0  -0.00180

  766.0  -0.00183

  767.0  -0.00183

  768.0  -0.00186

  769.0  -0.00192

  770.0  -0.00198

  771.0  -0.00196

  772.0  -0.00199

  773.0  -0.00199

  774.0  -0.00202

  775.0  -0.00205

  776.0  -0.00203

  777.0  -0.00208

  778.0  -0.00206

  779.0  -0.00206

  780.0  -0.00212

  781.0  -0.00213

  782.0  -0.00213

  783.0  -0.00208

  784.0  -0.00203

  785.0  -0.00209

  786.0  -0.00209

  787.0  -0.00212

  788.0  -0.00213

  789.0  -0.00216

  790.0  -0.00217

  791.0  -0.00220

  792.0  -0.00226

  793.0  -0.00226

  794.0  -0.00230

  795.0  -0.00236

  796.0  -0.00225

  797.0  -0.00231

  798.0  -0.00237

  799.0  -0.00223

  800.0  -0.00217

 
