ser ID: DU600

Method ID: A:\DEFAULT

Date: 08/08/00

Time: 04:36

 200.0   3.14426

  201.0   3.21484

  202.0   3.25431

  203.0   3.29159

  204.0   3.32980

  205.0   3.36511

  206.0   3.09604

  207.0   2.82591

  208.0   3.45894

  209.0   3.49192

  210.0   3.52022

  211.0   3.54814

  212.0   3.57588

  213.0   3.60649

  214.0   3.63155

  215.0   3.65495

  216.0   3.67742

  217.0   3.70252

  218.0   3.72346

  219.0   3.74217

  220.0   3.75891

  221.0   3.29725

  222.0   3.48876

  223.0   3.32586

  224.0   3.81591

  225.0   3.82930

  226.0   3.84292

  227.0   3.85516

  228.0   3.86729

  229.0   3.87852

  230.0   3.89081

  231.0   3.90124

  232.0   3.91036

  233.0   3.91887

  234.0   3.92650

  235.0   3.93197

  236.0   3.93626

  237.0   3.93972

  238.0   3.64123

  239.0   3.64276

  240.0   3.94478

  241.0   3.94404

  242.0   3.94315

  243.0   3.94156

  244.0   3.93937

  245.0   3.33501

  246.0   3.03070

  247.0   3.15163

  248.0   3.92588

  249.0   3.92179

  250.0   3.91677

  251.0   3.30995

  252.0   3.60600

  253.0   2.86056

  254.0   2.64175

  255.0   2.45967

  256.0   2.32900

  257.0   2.18121

  258.0   2.05424

  259.0   1.91322

  260.0   1.81190

  261.0   1.68148

  262.0   1.58769

  263.0   1.51540

  264.0   1.45767

  265.0   1.39711

  266.0   1.33697

  267.0   1.29635

  268.0   1.25777

  269.0   1.21201

  270.0   1.17623

  271.0   1.14460

  272.0   1.11689

  273.0   1.08666

  274.0   1.05254

  275.0   1.02073

  276.0   0.98345

  277.0   0.95210

  278.0   0.91340

  279.0   0.88056

  280.0   0.84719

  281.0   0.80822

  282.0   0.77534

  283.0   0.74119

  284.0   0.70943

  285.0   0.67005

  286.0   0.63458

  287.0   0.60083

  288.0   0.56471

  289.0   0.53416

  290.0   0.50531

  291.0   0.47857

  292.0   0.45017

  293.0   0.42455

  294.0   0.39978

  295.0   0.37353

  296.0   0.34981

  297.0   0.32860

  298.0   0.30664

  299.0   0.28413

  300.0   0.26644

  301.0   0.25122

  302.0   0.23533

  303.0   0.22291

  304.0   0.21220

  305.0   0.20144

  306.0   0.19059

  307.0   0.18200

  308.0   0.17292

  309.0   0.16570

  310.0   0.15912

  311.0   0.15189

  312.0   0.14492

  313.0   0.13930

  314.0   0.13468

  315.0   0.13092

  316.0   0.12738

  317.0   0.12309

  318.0   0.11973

  319.0   0.11652

  320.0   0.11479

  321.0   0.11422

  322.0   0.11187

  323.0   0.11192

  324.0   0.11283

  325.0   0.11251

  326.0   0.11255

  327.0   0.11447

  328.0   0.11655

  329.0   0.11839

  330.0   0.12187

  331.0   0.12402

  332.0   0.12782

  333.0   0.13007

  334.0   0.13260

  335.0   0.13654

  336.0   0.14086

  337.0   0.14561

  338.0   0.14994

  339.0   0.15377

  340.0   0.15942

  341.0   0.16376

  342.0   0.16751

  343.0   0.17300

  344.0   0.17761

  345.0   0.18238

  346.0   0.18632

  347.0   0.19057

  348.0   0.19432

  349.0   0.19897

  350.0   0.20253

  351.0   0.20436

  352.0   0.20654

  353.0   0.20829

  354.0   0.21033

  355.0   0.21190

  356.0   0.21192

  357.0   0.21190

  358.0   0.21254

  359.0   0.21110

  360.0   0.21014

  361.0   0.20797

  362.0   0.20558

  363.0   0.20242

  364.0   0.20050

  365.0   0.19715

  366.0   0.19370

  367.0   0.19078

  368.0   0.18712

  369.0   0.18387

  370.0   0.17990

  371.0   0.17696

  372.0   0.17312

  373.0   0.16836

  374.0   0.16469

  375.0   0.16097

  376.0   0.15750

  377.0   0.15380

  378.0   0.14959

  379.0   0.14606

  380.0   0.14251

  381.0   0.13817

  382.0   0.13428

  383.0   0.13029

  384.0   0.12655

  385.0   0.12344

  386.0   0.11974

  387.0   0.11608

  388.0   0.11283

  389.0   0.10911

  390.0   0.10606

  391.0   0.10308

  392.0   0.10009

  393.0   0.09724

  394.0   0.09436

  395.0   0.09183

  396.0   0.08943

  397.0   0.08708

  398.0   0.08518

  399.0   0.08274

  400.0   0.08051

  401.0   0.07848

  402.0   0.07651

  403.0   0.07512

  404.0   0.07316

  405.0   0.07181

  406.0   0.07052

  407.0   0.06845

  408.0   0.06723

  409.0   0.06526

  410.0   0.06393

  411.0   0.06260

  412.0   0.06105

  413.0   0.05979

  414.0   0.05798

  415.0   0.05719

  416.0   0.05482

  417.0   0.05304

  418.0   0.05151

  419.0   0.04967

  420.0   0.04827

  421.0   0.04652

  422.0   0.04482

  423.0   0.04321

  424.0   0.04134

  425.0   0.03972

  426.0   0.03794

  427.0   0.03666

  428.0   0.03496

  429.0   0.03339

  430.0   0.03201

  431.0   0.03042

  432.0   0.02915

  433.0   0.02773

  434.0   0.02649

  435.0   0.02530

  436.0   0.02405

  437.0   0.02287

  438.0   0.02186

  439.0   0.02137

  440.0   0.01971

  441.0   0.01864

  442.0   0.01770

  443.0   0.01673

  444.0   0.01589

  445.0   0.01516

  446.0   0.01435

  447.0   0.01354

  448.0   0.01282

  449.0   0.01212

  450.0   0.01150

  451.0   0.01075

  452.0   0.01022

  453.0   0.00943

  454.0   0.00876

  455.0   0.00823

  456.0   0.00759

  457.0   0.00729

  458.0   0.00699

  459.0   0.00642

  460.0   0.00597

  461.0   0.00553

  462.0   0.00512

  463.0   0.00463

  464.0   0.00422

  465.0   0.00393

  466.0   0.00351

  467.0   0.00334

  468.0   0.00300

  469.0   0.00283

  470.0   0.00251

  471.0   0.00231

  472.0   0.00208

  473.0   0.00187

  474.0   0.00161

  475.0   0.00150

  476.0   0.00126

  477.0   0.00106

  478.0   0.00082

  479.0   0.00061

  480.0   0.00047

  481.0   0.00031

  482.0   0.00018

  483.0  -0.00002

  484.0  -0.00019

  485.0  -0.00031

  486.0  -0.00037

  487.0  -0.00046

  488.0  -0.00064

  489.0  -0.00079

  490.0  -0.00087

  491.0  -0.00099

  492.0  -0.00115

  493.0  -0.00122

  494.0  -0.00127

  495.0  -0.00128

  496.0  -0.00137

  497.0  -0.00142

  498.0  -0.00141

  499.0  -0.00150

  500.0  -0.00156

  501.0  -0.00161

  502.0  -0.00166

  503.0  -0.00172

  504.0  -0.00177

  505.0  -0.00179

  506.0  -0.00178

  507.0  -0.00185

  508.0  -0.00191

  509.0  -0.00198

  510.0  -0.00195

  511.0  -0.00196

  512.0  -0.00202

  513.0  -0.00207

  514.0  -0.00210

  515.0  -0.00216

  516.0  -0.00221

  517.0  -0.00226

  518.0  -0.00227

  519.0  -0.00226

  520.0  -0.00229

  521.0  -0.00232

  522.0  -0.00232

  523.0  -0.00241

  524.0  -0.00244

  525.0  -0.00242

  526.0  -0.00238

  527.0  -0.00238

  528.0  -0.00240

  529.0  -0.00244

  530.0  -0.00244

  531.0  -0.00246

  532.0  -0.00249

  533.0  -0.00249

  534.0  -0.00253

  535.0  -0.00259

  536.0  -0.00262

  537.0  -0.00263

  538.0  -0.00258

  539.0  -0.00259

  540.0  -0.00263

  541.0  -0.00257

  542.0  -0.00252

  543.0  -0.00254

  544.0  -0.00254

  545.0  -0.00250

  546.0  -0.00252

  547.0  -0.00258

  548.0  -0.00258

  549.0  -0.00256

  550.0  -0.00262

  551.0  -0.00266

  552.0  -0.00266

  553.0  -0.00277

  554.0  -0.00281

  555.0  -0.00283

  556.0  -0.00288

  557.0  -0.00283

  558.0  -0.00287

  559.0  -0.00286

  560.0  -0.00290

  561.0  -0.00289

  562.0  -0.00294

  563.0  -0.00301

  564.0  -0.00303

  565.0  -0.00303

  566.0  -0.00299

  567.0  -0.00305

  568.0  -0.00303

  569.0  -0.00309

  570.0  -0.00301

  571.0  -0.00307

  572.0  -0.00299

  573.0  -0.00303

  574.0  -0.00305

  575.0  -0.00305

  576.0  -0.00309

  577.0  -0.00309

  578.0  -0.00309

  579.0  -0.00309

  580.0  -0.00309

  581.0  -0.00317

  582.0  -0.00315

  583.0  -0.00311

  584.0  -0.00312

  585.0  -0.00314

  586.0  -0.00309

  587.0  -0.00307

  588.0  -0.00307

  589.0  -0.00311

  590.0  -0.00311

  591.0  -0.00317

  592.0  -0.00318

  593.0  -0.00318

  594.0  -0.00317

  595.0  -0.00319

  596.0  -0.00317

  597.0  -0.00316

  598.0  -0.00316

  599.0  -0.00320

  600.0  -0.00321

  601.0  -0.00323

  602.0  -0.00326

  603.0  -0.00328

  604.0  -0.00332

  605.0  -0.00334

  606.0  -0.00338

  607.0  -0.00337

  608.0  -0.00336

  609.0  -0.00344

  610.0  -0.00346

  611.0  -0.00347

  612.0  -0.00348

  613.0  -0.00347

  614.0  -0.00350

  615.0  -0.00346

  616.0  -0.00341

  617.0  -0.00344

  618.0  -0.00348

  619.0  -0.00342

  620.0  -0.00340

  621.0  -0.00338

  622.0  -0.00337

  623.0  -0.00336

  624.0  -0.00336

  625.0  -0.00340

  626.0  -0.00348

  627.0  -0.00349

  628.0  -0.00352

  629.0  -0.00352

  630.0  -0.00350

  631.0  -0.00348

  632.0  -0.00352

  633.0  -0.00357

  634.0  -0.00356

  635.0  -0.00356

  636.0  -0.00356

  637.0  -0.00352

  638.0  -0.00349

  639.0  -0.00345

  640.0  -0.00345

  641.0  -0.00342

  642.0  -0.00344

  643.0  -0.00345

  644.0  -0.00347

  645.0  -0.00345

  646.0  -0.00345

  647.0  -0.00342

  648.0  -0.00344

  649.0  -0.00342

  650.0  -0.00344

  651.0  -0.00352

  652.0  -0.00351

  653.0  -0.00351

  654.0  -0.00352

  655.0  -0.00350

  656.0  -0.00352

  657.0  -0.00356

  658.0  -0.00345

  659.0  -0.00340

  660.0  -0.00342

  661.0  -0.00334

  662.0  -0.00342

  663.0  -0.00339

  664.0  -0.00341

  665.0  -0.00345

  666.0  -0.00342

  667.0  -0.00346

  668.0  -0.00350

  669.0  -0.00345

  670.0  -0.00346

  671.0  -0.00345

  672.0  -0.00336

  673.0  -0.00337

  674.0  -0.00332

  675.0  -0.00329

  676.0  -0.00332

  677.0  -0.00332

  678.0  -0.00333

  679.0  -0.00335

  680.0  -0.00334

  681.0  -0.00332

  682.0  -0.00332

  683.0  -0.00331

  684.0  -0.00334

  685.0  -0.00330

  686.0  -0.00328

  687.0  -0.00327

  688.0  -0.00332

  689.0  -0.00328

  690.0  -0.00329

  691.0  -0.00334

  692.0  -0.00334

  693.0  -0.00330

  694.0  -0.00331

  695.0  -0.00331

  696.0  -0.00332

  697.0  -0.00334

  698.0  -0.00330

  699.0  -0.00336

  700.0  -0.00335

  701.0  -0.00330

  702.0  -0.00328

  703.0  -0.00333

  704.0  -0.00335

  705.0  -0.00333

  706.0  -0.00331

  707.0  -0.00329

  708.0  -0.00325

  709.0  -0.00327

  710.0  -0.00327

  711.0  -0.00329

  712.0  -0.00325

  713.0  -0.00331

  714.0  -0.00336

  715.0  -0.00332

  716.0  -0.00330

  717.0  -0.00330

  718.0  -0.00326

  719.0  -0.00331

  720.0  -0.00329

  721.0  -0.00334

  722.0  -0.00330

  723.0  -0.00335

  724.0  -0.00335

  725.0  -0.00340

  726.0  -0.00341

  727.0  -0.00332

  728.0  -0.00340

  729.0  -0.00335

  730.0  -0.00336

  731.0  -0.00338

  732.0  -0.00336

  733.0  -0.00331

  734.0  -0.00336

  735.0  -0.00330

  736.0  -0.00273

  737.0  -0.00275

  738.0  -0.00277

  739.0  -0.00281

  740.0  -0.00289

  741.0  -0.00291

  742.0  -0.00293

  743.0  -0.00293

  744.0  -0.00295

  745.0  -0.00300

  746.0  -0.00300

  747.0  -0.00297

  748.0  -0.00300

  749.0  -0.00305

  750.0  -0.00302

  751.0  -0.00300

  752.0  -0.00305

  753.0  -0.00308

  754.0  -0.00300

  755.0  -0.00305

  756.0  -0.00306

  757.0  -0.00311

  758.0  -0.00312

  759.0  -0.00304

  760.0  -0.00307

  761.0  -0.00304

  762.0  -0.00310

  763.0  -0.00313

  764.0  -0.00311

  765.0  -0.00314

  766.0  -0.00317

  767.0  -0.00314

  768.0  -0.00312

  769.0  -0.00318

  770.0  -0.00321

  771.0  -0.00316

  772.0  -0.00317

  773.0  -0.00317

  774.0  -0.00318

  775.0  -0.00321

  776.0  -0.00319

  777.0  -0.00325

  778.0  -0.00328

  779.0  -0.00326

  780.0  -0.00326

  781.0  -0.00330

  782.0  -0.00328

  783.0  -0.00317

  784.0  -0.00318

  785.0  -0.00318

  786.0  -0.00316

  787.0  -0.00322

  788.0  -0.00320

  789.0  -0.00324

  790.0  -0.00327

  791.0  -0.00328

  792.0  -0.00334

  793.0  -0.00332

  794.0  -0.00330

  795.0  -0.00336

  796.0  -0.00328

  797.0  -0.00337

  798.0  -0.00335

  799.0  -0.00335

  800.0  -0.00347

 
