ser ID: DU600

Method ID: A:\DEFAULT

Date: 08/08/00

Time: 07:25

 200.0   3.14426

  201.0   3.21484

  202.0   3.25431

  203.0   2.81447

  204.0   3.32980

  205.0   3.36511

  206.0   3.39707

  207.0   3.42797

  208.0   3.45894

  209.0   3.49192

  210.0   3.21919

  211.0   2.94608

  212.0   2.87691

  213.0   3.30546

  214.0   2.93258

  215.0   2.95598

  216.0   3.20030

  217.0   2.85742

  218.0   3.42243

  219.0   3.04321

  220.0   3.75891

  221.0   3.77437

  222.0   3.18773

  223.0   3.50195

  224.0   3.81591

  225.0   3.82930

  226.0   3.84292

  227.0   3.37803

  228.0   3.86729

  229.0   3.87852

  230.0   3.89081

  231.0   3.90124

  232.0   3.91036

  233.0   3.91887

  234.0   3.62547

  235.0   3.93197

  236.0   3.93626

  237.0   3.93972

  238.0   3.46513

  239.0   3.94379

  240.0   3.24581

  241.0   3.24507

  242.0   2.98891

  243.0   2.94156

  244.0   3.09427

  245.0   3.93707

  246.0   3.63276

  247.0   3.32772

  248.0   3.02279

  249.0   3.14364

  250.0   2.74068

  251.0   2.55028

  252.0   2.42991

  253.0   2.29989

  254.0   2.17275

  255.0   2.02180

  256.0   1.87247

  257.0   1.74665

  258.0   1.64079

  259.0   1.51722

  260.0   1.42815

  261.0   1.34279

  262.0   1.26912

  263.0   1.20726

  264.0   1.14676

  265.0   1.09768

  266.0   1.05554

  267.0   1.00999

  268.0   0.97920

  269.0   0.94556

  270.0   0.91289

  271.0   0.88526

  272.0   0.85716

  273.0   0.83005

  274.0   0.79932

  275.0   0.76996

  276.0   0.74327

  277.0   0.71524

  278.0   0.68687

  279.0   0.66221

  280.0   0.63673

  281.0   0.61116

  282.0   0.58639

  283.0   0.56391

  284.0   0.54093

  285.0   0.51477

  286.0   0.48926

  287.0   0.46546

  288.0   0.43977

  289.0   0.41917

  290.0   0.39848

  291.0   0.37936

  292.0   0.35972

  293.0   0.34280

  294.0   0.32599

  295.0   0.30749

  296.0   0.29119

  297.0   0.27538

  298.0   0.26061

  299.0   0.24625

  300.0   0.23447

  301.0   0.22447

  302.0   0.21442

  303.0   0.20748

  304.0   0.20140

  305.0   0.19528

  306.0   0.18895

  307.0   0.18410

  308.0   0.17862

  309.0   0.17523

  310.0   0.17108

  311.0   0.16688

  312.0   0.16218

  313.0   0.15771

  314.0   0.15437

  315.0   0.15193

  316.0   0.14868

  317.0   0.14549

  318.0   0.14219

  319.0   0.13871

  320.0   0.13673

  321.0   0.13554

  322.0   0.13274

  323.0   0.13155

  324.0   0.12993

  325.0   0.12929

  326.0   0.12756

  327.0   0.12721

  328.0   0.12566

  329.0   0.12491

  330.0   0.12487

  331.0   0.12363

  332.0   0.12234

  333.0   0.12225

  334.0   0.12156

  335.0   0.12084

  336.0   0.12077

  337.0   0.12073

  338.0   0.12028

  339.0   0.11937

  340.0   0.11894

  341.0   0.11903

  342.0   0.11761

  343.0   0.11802

  344.0   0.11724

  345.0   0.11723

  346.0   0.11591

  347.0   0.11466

  348.0   0.11497

  349.0   0.11456

  350.0   0.11288

  351.0   0.11180

  352.0   0.11098

  353.0   0.10933

  354.0   0.10888

  355.0   0.10757

  356.0   0.10657

  357.0   0.10544

  358.0   0.10409

  359.0   0.10232

  360.0   0.10019

  361.0   0.09810

  362.0   0.09543

  363.0   0.09301

  364.0   0.09223

  365.0   0.09019

  366.0   0.08739

  367.0   0.08542

  368.0   0.08333

  369.0   0.08148

  370.0   0.07894

  371.0   0.07770

  372.0   0.07589

  373.0   0.07366

  374.0   0.07213

  375.0   0.06986

  376.0   0.06800

  377.0   0.06644

  378.0   0.06436

  379.0   0.06286

  380.0   0.06138

  381.0   0.05952

  382.0   0.05774

  383.0   0.05615

  384.0   0.05486

  385.0   0.05321

  386.0   0.05205

  387.0   0.05032

  388.0   0.04866

  389.0   0.04705

  390.0   0.04638

  391.0   0.04519

  392.0   0.04414

  393.0   0.04314

  394.0   0.04182

  395.0   0.04091

  396.0   0.03986

  397.0   0.03913

  398.0   0.03853

  399.0   0.03756

  400.0   0.03680

  401.0   0.03597

  402.0   0.03516

  403.0   0.03445

  404.0   0.03403

  405.0   0.03361

  406.0   0.03283

  407.0   0.03203

  408.0   0.03147

  409.0   0.03068

  410.0   0.02997

  411.0   0.02933

  412.0   0.02844

  413.0   0.02791

  414.0   0.02698

  415.0   0.02656

  416.0   0.02575

  417.0   0.02489

  418.0   0.02406

  419.0   0.02287

  420.0   0.02229

  421.0   0.02125

  422.0   0.02044

  423.0   0.01956

  424.0   0.01875

  425.0   0.01794

  426.0   0.01692

  427.0   0.01638

  428.0   0.01546

  429.0   0.01449

  430.0   0.01396

  431.0   0.01318

  432.0   0.01270

  433.0   0.01203

  434.0   0.01141

  435.0   0.01087

  436.0   0.01038

  437.0   0.00995

  438.0   0.00957

  439.0   0.00959

  440.0   0.00864

  441.0   0.00819

  442.0   0.00785

  443.0   0.00744

  444.0   0.00718

  445.0   0.00697

  446.0   0.00665

  447.0   0.00638

  448.0   0.00598

  449.0   0.00577

  450.0   0.00549

  451.0   0.00513

  452.0   0.00495

  453.0   0.00452

  454.0   0.00423

  455.0   0.00391

  456.0   0.00359

  457.0   0.00365

  458.0   0.00363

  459.0   0.00328

  460.0   0.00310

  461.0   0.00279

  462.0   0.00269

  463.0   0.00247

  464.0   0.00228

  465.0   0.00224

  466.0   0.00213

  467.0   0.00216

  468.0   0.00211

  469.0   0.00202

  470.0   0.00197

  471.0   0.00198

  472.0   0.00189

  473.0   0.00193

  474.0   0.00179

  475.0   0.00174

  476.0   0.00161

  477.0   0.00140

  478.0   0.00131

  479.0   0.00123

  480.0   0.00123

  481.0   0.00113

  482.0   0.00113

  483.0   0.00099

  484.0   0.00087

  485.0   0.00079

  486.0   0.00073

  487.0   0.00069

  488.0   0.00064

  489.0   0.00061

  490.0   0.00053

  491.0   0.00055

  492.0   0.00043

  493.0   0.00041

  494.0   0.00045

  495.0   0.00048

  496.0   0.00048

  497.0   0.00045

  498.0   0.00047

  499.0   0.00051

  500.0   0.00048

  501.0   0.00048

  502.0   0.00049

  503.0   0.00051

  504.0   0.00053

  505.0   0.00054

  506.0   0.00060

  507.0   0.00057

  508.0   0.00057

  509.0   0.00057

  510.0   0.00064

  511.0   0.00065

  512.0   0.00069

  513.0   0.00067

  514.0   0.00074

  515.0   0.00064

  516.0   0.00066

  517.0   0.00064

  518.0   0.00071

  519.0   0.00071

  520.0   0.00072

  521.0   0.00078

  522.0   0.00085

  523.0   0.00087

  524.0   0.00088

  525.0   0.00092

  526.0   0.00099

  527.0   0.00108

  528.0   0.00113

  529.0   0.00123

  530.0   0.00126

  531.0   0.00132

  532.0   0.00136

  533.0   0.00136

  534.0   0.00136

  535.0   0.00138

  536.0   0.00142

  537.0   0.00147

  538.0   0.00151

  539.0   0.00155

  540.0   0.00156

  541.0   0.00165

  542.0   0.00179

  543.0   0.00184

  544.0   0.00192

  545.0   0.00199

  546.0   0.00205

  547.0   0.00209

  548.0   0.00218

  549.0   0.00220

  550.0   0.00227

  551.0   0.00226

  552.0   0.00230

  553.0   0.00221

  554.0   0.00228

  555.0   0.00226

  556.0   0.00230

  557.0   0.00399

  558.0   0.00389

  559.0   0.00382

  560.0   0.00378

  561.0   0.00372

  562.0   0.00363

  563.0   0.00356

  564.0   0.00354

  565.0   0.00354

  566.0   0.00358

  567.0   0.00347

  568.0   0.00346

  569.0   0.00339

  570.0   0.00343

  571.0   0.00330

  572.0   0.00328

  573.0   0.00320

  574.0   0.00315

  575.0   0.00313

  576.0   0.00311

  577.0   0.00313

  578.0   0.00309

  579.0   0.00311

  580.0   0.00311

  581.0   0.00307

  582.0   0.00309

  583.0   0.00306

  584.0   0.00306

  585.0   0.00311

  586.0   0.00317

  587.0   0.00326

  588.0   0.00332

  589.0   0.00331

  590.0   0.00334

  591.0   0.00339

  592.0   0.00346

  593.0   0.00348

  594.0   0.00354

  595.0   0.00358

  596.0   0.00364

  597.0   0.00369

  598.0   0.00375

  599.0   0.00375

  600.0   0.00378

  601.0   0.00378

  602.0   0.00380

  603.0   0.00384

  604.0   0.00386

  605.0   0.00388

  606.0   0.00384

  607.0   0.00384

  608.0   0.00384

  609.0   0.00382

  610.0   0.00379

  611.0   0.00381

  612.0   0.00386

  613.0   0.00385

  614.0   0.00389

  615.0   0.00388

  616.0   0.00391

  617.0   0.00384

  618.0   0.00382

  619.0   0.00383

  620.0   0.00382

  621.0   0.00386

  622.0   0.00386

  623.0   0.00381

  624.0   0.00383

  625.0   0.00377

  626.0   0.00375

  627.0   0.00371

  628.0   0.00369

  629.0   0.00371

  630.0   0.00371

  631.0   0.00367

  632.0   0.00362

  633.0   0.00361

  634.0   0.00361

  635.0   0.00367

  636.0   0.00369

  637.0   0.00370

  638.0   0.00375

  639.0   0.00378

  640.0   0.00378

  641.0   0.00380

  642.0   0.00378

  643.0   0.00376

  644.0   0.00371

  645.0   0.00371

  646.0   0.00373

  647.0   0.00376

  648.0   0.00378

  649.0   0.00382

  650.0   0.00383

  651.0   0.00377

  652.0   0.00375

  653.0   0.00372

  654.0   0.00374

  655.0   0.00373

  656.0   0.00370

  657.0   0.00369

  658.0   0.00376

  659.0   0.00380

  660.0   0.00374

  661.0   0.00377

  662.0   0.00373

  663.0   0.00368

  664.0   0.00366

  665.0   0.00359

  666.0   0.00358

  667.0   0.00354

  668.0   0.00346

  669.0   0.00345

  670.0   0.00340

  671.0   0.00338

  672.0   0.00343

  673.0   0.00339

  674.0   0.00340

  675.0   0.00341

  676.0   0.00339

  677.0   0.00335

  678.0   0.00329

  679.0   0.00327

  680.0   0.00327

  681.0   0.00326

  682.0   0.00325

  683.0   0.00321

  684.0   0.00319

  685.0   0.00320

  686.0   0.00316

  687.0   0.00315

  688.0   0.00316

  689.0   0.00312

  690.0   0.00310

  691.0   0.00304

  692.0   0.00305

  693.0   0.00303

  694.0   0.00300

  695.0   0.00302

  696.0   0.00296

  697.0   0.00290

  698.0   0.00286

  699.0   0.00281

  700.0   0.00279

  701.0   0.00280

  702.0   0.00272

  703.0   0.00266

  704.0   0.00262

  705.0   0.00259

  706.0   0.00259

  707.0   0.00254

  708.0   0.00254

  709.0   0.00249

  710.0   0.00241

  711.0   0.00236

  712.0   0.00236

  713.0   0.00229

  714.0   0.00227

  715.0   0.00224

  716.0   0.00223

  717.0   0.00219

  718.0   0.00220

  719.0   0.00209

  720.0   0.00206

  721.0   0.00199

  722.0   0.00199

  723.0   0.00187

  724.0   0.00184

  725.0   0.00177

  726.0   0.00171

  727.0   0.00173

  728.0   0.00165

  729.0   0.00164

  730.0   0.00161

  731.0   0.00160

  732.0   0.00161

  733.0   0.00159

  734.0   0.00156

  735.0   0.00159

  736.0   0.00361

  737.0   0.00332

  738.0   0.00320

  739.0   0.00303

  740.0   0.00283

  741.0   0.00268

  742.0   0.00260

  743.0   0.00243

  744.0   0.00232

  745.0   0.00223

  746.0   0.00215

  747.0   0.00212

  748.0   0.00196

  749.0   0.00190

  750.0   0.00185

  751.0   0.00174

  752.0   0.00166

  753.0   0.00158

  754.0   0.00155

  755.0   0.00147

  756.0   0.00139

  757.0   0.00136

  758.0   0.00128

  759.0   0.00131

  760.0   0.00126

  761.0   0.00120

  762.0   0.00109

  763.0   0.00109

  764.0   0.00101

  765.0   0.00099

  766.0   0.00093

  767.0   0.00096

  768.0   0.00091

  769.0   0.00083

  770.0   0.00083

  771.0   0.00083

  772.0   0.00083

  773.0   0.00086

  774.0   0.00083

  775.0   0.00078

  776.0   0.00086

  777.0   0.00081

  778.0   0.00081

  779.0   0.00078

  780.0   0.00076

  781.0   0.00073

  782.0   0.00070

  783.0   0.00070

  784.0   0.00079

  785.0   0.00076

  786.0   0.00074

  787.0   0.00068

  788.0   0.00065

  789.0   0.00066

  790.0   0.00060

  791.0   0.00063

  792.0   0.00060

  793.0   0.00055

  794.0   0.00055

  795.0   0.00049

  796.0   0.00052

  797.0   0.00049

  798.0   0.00043

  799.0   0.00046

  800.0   0.00035

 
