ser ID: DU600

Method ID: A:\DEFAULT

Date: 08/08/00

Time: 04:33

 200.0   3.14426

  201.0   3.21484

  202.0   3.25431

  203.0   3.29159

  204.0   3.32980

  205.0   3.36511

  206.0   3.39707

  207.0   3.42797

  208.0   3.45894

  209.0   3.49192

  210.0   3.52022

  211.0   3.54814

  212.0   3.57588

  213.0   2.90752

  214.0   2.85339

  215.0   3.65495

  216.0   3.67742

  217.0   3.70252

  218.0   3.72346

  219.0   3.04321

  220.0   3.75891

  221.0   3.77437

  222.0   3.78979

  223.0   3.80298

  224.0   3.81591

  225.0   3.82930

  226.0   3.84292

  227.0   3.85516

  228.0   3.86729

  229.0   3.87852

  230.0   3.89081

  231.0   3.90124

  232.0   3.91036

  233.0   3.91887

  234.0   3.92650

  235.0   3.32991

  236.0   3.93626

  237.0   3.93972

  238.0   3.94226

  239.0   3.94379

  240.0   3.94478

  241.0   3.94404

  242.0   3.94315

  243.0   3.94156

  244.0   3.93937

  245.0   3.93707

  246.0   3.93379

  247.0   3.92978

  248.0   3.08078

  249.0   2.92179

  250.0   3.07167

  251.0   3.21304

  252.0   3.00395

  253.0   2.82277

  254.0   2.59599

  255.0   2.45967

  256.0   2.31710

  257.0   2.18121

  258.0   2.05424

  259.0   1.91808

  260.0   1.79293

  261.0   1.69330

  262.0   1.59490

  263.0   1.52576

  264.0   1.45586

  265.0   1.40519

  266.0   1.34993

  267.0   1.30563

  268.0   1.26143

  269.0   1.21984

  270.0   1.18246

  271.0   1.15144

  272.0   1.12522

  273.0   1.09273

  274.0   1.05656

  275.0   1.02827

  276.0   0.99178

  277.0   0.95791

  278.0   0.92051

  279.0   0.88605

  280.0   0.85279

  281.0   0.81241

  282.0   0.78229

  283.0   0.74640

  284.0   0.71203

  285.0   0.67413

  286.0   0.63835

  287.0   0.60490

  288.0   0.56818

  289.0   0.53764

  290.0   0.50902

  291.0   0.48075

  292.0   0.45220

  293.0   0.42686

  294.0   0.40268

  295.0   0.37627

  296.0   0.35321

  297.0   0.33045

  298.0   0.30767

  299.0   0.28567

  300.0   0.26712

  301.0   0.25135

  302.0   0.23533

  303.0   0.22341

  304.0   0.21195

  305.0   0.20168

  306.0   0.19024

  307.0   0.18025

  308.0   0.17258

  309.0   0.16502

  310.0   0.15798

  311.0   0.15200

  312.0   0.14492

  313.0   0.13850

  314.0   0.13319

  315.0   0.12965

  316.0   0.12540

  317.0   0.12262

  318.0   0.11973

  319.0   0.11628

  320.0   0.11382

  321.0   0.11337

  322.0   0.11075

  323.0   0.11080

  324.0   0.11132

  325.0   0.11238

  326.0   0.11319

  327.0   0.11435

  328.0   0.11565

  329.0   0.11852

  330.0   0.12083

  331.0   0.12389

  332.0   0.12742

  333.0   0.12981

  334.0   0.13353

  335.0   0.13747

  336.0   0.14166

  337.0   0.14615

  338.0   0.15048

  339.0   0.15566

  340.0   0.16023

  341.0   0.16594

  342.0   0.16916

  343.0   0.17466

  344.0   0.17998

  345.0   0.18462

  346.0   0.18872

  347.0   0.19298

  348.0   0.19775

  349.0   0.20171

  350.0   0.20412

  351.0   0.20639

  352.0   0.20918

  353.0   0.21094

  354.0   0.21345

  355.0   0.21444

  356.0   0.21523

  357.0   0.21563

  358.0   0.21468

  359.0   0.21438

  360.0   0.21305

  361.0   0.21109

  362.0   0.20836

  363.0   0.20606

  364.0   0.20417

  365.0   0.20083

  366.0   0.19678

  367.0   0.19304

  368.0   0.18990

  369.0   0.18679

  370.0   0.18283

  371.0   0.17979

  372.0   0.17575

  373.0   0.17127

  374.0   0.16702

  375.0   0.16339

  376.0   0.15948

  377.0   0.15603

  378.0   0.15157

  379.0   0.14829

  380.0   0.14443

  381.0   0.14023

  382.0   0.13613

  383.0   0.13247

  384.0   0.12896

  385.0   0.12546

  386.0   0.12144

  387.0   0.11768

  388.0   0.11443

  389.0   0.11051

  390.0   0.10731

  391.0   0.10420

  392.0   0.10141

  393.0   0.09868

  394.0   0.09572

  395.0   0.09321

  396.0   0.09033

  397.0   0.08801

  398.0   0.08601

  399.0   0.08348

  400.0   0.08157

  401.0   0.07969

  402.0   0.07778

  403.0   0.07623

  404.0   0.07409

  405.0   0.07284

  406.0   0.07104

  407.0   0.06941

  408.0   0.06788

  409.0   0.06616

  410.0   0.06474

  411.0   0.06367

  412.0   0.06197

  413.0   0.06036

  414.0   0.05878

  415.0   0.05793

  416.0   0.05543

  417.0   0.05362

  418.0   0.05217

  419.0   0.05031

  420.0   0.04889

  421.0   0.04721

  422.0   0.04549

  423.0   0.04378

  424.0   0.04181

  425.0   0.04034

  426.0   0.03862

  427.0   0.03717

  428.0   0.03553

  429.0   0.03387

  430.0   0.03248

  431.0   0.03081

  432.0   0.02947

  433.0   0.02804

  434.0   0.02697

  435.0   0.02565

  436.0   0.02434

  437.0   0.02326

  438.0   0.02225

  439.0   0.02163

  440.0   0.01992

  441.0   0.01885

  442.0   0.01780

  443.0   0.01693

  444.0   0.01608

  445.0   0.01535

  446.0   0.01458

  447.0   0.01372

  448.0   0.01292

  449.0   0.01216

  450.0   0.01150

  451.0   0.01075

  452.0   0.01017

  453.0   0.00943

  454.0   0.00885

  455.0   0.00819

  456.0   0.00763

  457.0   0.00725

  458.0   0.00691

  459.0   0.00634

  460.0   0.00581

  461.0   0.00533

  462.0   0.00496

  463.0   0.00455

  464.0   0.00410

  465.0   0.00381

  466.0   0.00340

  467.0   0.00315

  468.0   0.00286

  469.0   0.00262

  470.0   0.00234

  471.0   0.00218

  472.0   0.00192

  473.0   0.00181

  474.0   0.00154

  475.0   0.00133

  476.0   0.00106

  477.0   0.00084

  478.0   0.00057

  479.0   0.00040

  480.0   0.00023

  481.0   0.00008

  482.0  -0.00010

  483.0  -0.00027

  484.0  -0.00044

  485.0  -0.00052

  486.0  -0.00068

  487.0  -0.00076

  488.0  -0.00089

  489.0  -0.00099

  490.0  -0.00115

  491.0  -0.00127

  492.0  -0.00141

  493.0  -0.00150

  494.0  -0.00153

  495.0  -0.00162

  496.0  -0.00164

  497.0  -0.00171

  498.0  -0.00173

  499.0  -0.00180

  500.0  -0.00184

  501.0  -0.00189

  502.0  -0.00193

  503.0  -0.00201

  504.0  -0.00202

  505.0  -0.00202

  506.0  -0.00201

  507.0  -0.00208

  508.0  -0.00214

  509.0  -0.00222

  510.0  -0.00225

  511.0  -0.00227

  512.0  -0.00228

  513.0  -0.00236

  514.0  -0.00235

  515.0  -0.00236

  516.0  -0.00241

  517.0  -0.00253

  518.0  -0.00254

  519.0  -0.00255

  520.0  -0.00258

  521.0  -0.00254

  522.0  -0.00254

  523.0  -0.00260

  524.0  -0.00262

  525.0  -0.00258

  526.0  -0.00260

  527.0  -0.00258

  528.0  -0.00258

  529.0  -0.00255

  530.0  -0.00257

  531.0  -0.00255

  532.0  -0.00261

  533.0  -0.00262

  534.0  -0.00268

  535.0  -0.00274

  536.0  -0.00278

  537.0  -0.00277

  538.0  -0.00276

  539.0  -0.00272

  540.0  -0.00275

  541.0  -0.00271

  542.0  -0.00268

  543.0  -0.00269

  544.0  -0.00269

  545.0  -0.00271

  546.0  -0.00274

  547.0  -0.00276

  548.0  -0.00270

  549.0  -0.00275

  550.0  -0.00279

  551.0  -0.00286

  552.0  -0.00289

  553.0  -0.00303

  554.0  -0.00306

  555.0  -0.00311

  556.0  -0.00309

  557.0  -0.00324

  558.0  -0.00327

  559.0  -0.00329

  560.0  -0.00330

  561.0  -0.00331

  562.0  -0.00336

  563.0  -0.00340

  564.0  -0.00342

  565.0  -0.00340

  566.0  -0.00335

  567.0  -0.00342

  568.0  -0.00339

  569.0  -0.00339

  570.0  -0.00332

  571.0  -0.00338

  572.0  -0.00336

  573.0  -0.00340

  574.0  -0.00342

  575.0  -0.00343

  576.0  -0.00347

  577.0  -0.00343

  578.0  -0.00347

  579.0  -0.00343

  580.0  -0.00346

  581.0  -0.00348

  582.0  -0.00348

  583.0  -0.00352

  584.0  -0.00352

  585.0  -0.00352

  586.0  -0.00352

  587.0  -0.00350

  588.0  -0.00345

  589.0  -0.00350

  590.0  -0.00352

  591.0  -0.00354

  592.0  -0.00353

  593.0  -0.00355

  594.0  -0.00357

  595.0  -0.00359

  596.0  -0.00361

  597.0  -0.00357

  598.0  -0.00359

  599.0  -0.00363

  600.0  -0.00365

  601.0  -0.00369

  602.0  -0.00373

  603.0  -0.00372

  604.0  -0.00378

  605.0  -0.00381

  606.0  -0.00385

  607.0  -0.00389

  608.0  -0.00388

  609.0  -0.00392

  610.0  -0.00396

  611.0  -0.00393

  612.0  -0.00389

  613.0  -0.00388

  614.0  -0.00384

  615.0  -0.00385

  616.0  -0.00385

  617.0  -0.00386

  618.0  -0.00392

  619.0  -0.00388

  620.0  -0.00392

  621.0  -0.00390

  622.0  -0.00394

  623.0  -0.00396

  624.0  -0.00397

  625.0  -0.00402

  626.0  -0.00405

  627.0  -0.00404

  628.0  -0.00400

  629.0  -0.00401

  630.0  -0.00401

  631.0  -0.00399

  632.0  -0.00400

  633.0  -0.00401

  634.0  -0.00399

  635.0  -0.00397

  636.0  -0.00397

  637.0  -0.00397

  638.0  -0.00396

  639.0  -0.00395

  640.0  -0.00393

  641.0  -0.00393

  642.0  -0.00393

  643.0  -0.00398

  644.0  -0.00398

  645.0  -0.00399

  646.0  -0.00396

  647.0  -0.00389

  648.0  -0.00388

  649.0  -0.00386

  650.0  -0.00390

  651.0  -0.00392

  652.0  -0.00395

  653.0  -0.00396

  654.0  -0.00396

  655.0  -0.00398

  656.0  -0.00402

  657.0  -0.00402

  658.0  -0.00393

  659.0  -0.00390

  660.0  -0.00390

  661.0  -0.00384

  662.0  -0.00386

  663.0  -0.00387

  664.0  -0.00387

  665.0  -0.00386

  666.0  -0.00385

  667.0  -0.00384

  668.0  -0.00385

  669.0  -0.00384

  670.0  -0.00381

  671.0  -0.00379

  672.0  -0.00371

  673.0  -0.00374

  674.0  -0.00373

  675.0  -0.00367

  676.0  -0.00369

  677.0  -0.00370

  678.0  -0.00368

  679.0  -0.00367

  680.0  -0.00367

  681.0  -0.00367

  682.0  -0.00365

  683.0  -0.00364

  684.0  -0.00364

  685.0  -0.00360

  686.0  -0.00358

  687.0  -0.00359

  688.0  -0.00357

  689.0  -0.00362

  690.0  -0.00365

  691.0  -0.00365

  692.0  -0.00365

  693.0  -0.00364

  694.0  -0.00362

  695.0  -0.00364

  696.0  -0.00364

  697.0  -0.00362

  698.0  -0.00366

  699.0  -0.00367

  700.0  -0.00367

  701.0  -0.00362

  702.0  -0.00365

  703.0  -0.00364

  704.0  -0.00368

  705.0  -0.00368

  706.0  -0.00368

  707.0  -0.00366

  708.0  -0.00364

  709.0  -0.00368

  710.0  -0.00369

  711.0  -0.00367

  712.0  -0.00365

  713.0  -0.00368

  714.0  -0.00368

  715.0  -0.00367

  716.0  -0.00369

  717.0  -0.00368

  718.0  -0.00368

  719.0  -0.00371

  720.0  -0.00371

  721.0  -0.00372

  722.0  -0.00369

  723.0  -0.00378

  724.0  -0.00377

  725.0  -0.00378

  726.0  -0.00379

  727.0  -0.00375

  728.0  -0.00378

  729.0  -0.00379

  730.0  -0.00368

  731.0  -0.00345

  732.0  -0.00364

  733.0  -0.00357

  734.0  -0.00352

  735.0  -0.00347

  736.0  -0.00322

  737.0  -0.00324

  738.0  -0.00326

  739.0  -0.00328

  740.0  -0.00335

  741.0  -0.00345

  742.0  -0.00345

  743.0  -0.00344

  744.0  -0.00349

  745.0  -0.00354

  746.0  -0.00359

  747.0  -0.00359

  748.0  -0.00362

  749.0  -0.00362

  750.0  -0.00359

  751.0  -0.00359

  752.0  -0.00359

  753.0  -0.00362

  754.0  -0.00359

  755.0  -0.00357

  756.0  -0.00357

  757.0  -0.00357

  758.0  -0.00352

  759.0  -0.00336

  760.0  -0.00331

  761.0  -0.00334

  762.0  -0.00337

  763.0  -0.00343

  764.0  -0.00343

  765.0  -0.00346

  766.0  -0.00347

  767.0  -0.00339

  768.0  -0.00345

  769.0  -0.00354

  770.0  -0.00360

  771.0  -0.00363

  772.0  -0.00361

  773.0  -0.00364

  774.0  -0.00370

  775.0  -0.00371

  776.0  -0.00368

  777.0  -0.00372

  778.0  -0.00367

  779.0  -0.00370

  780.0  -0.00374

  781.0  -0.00377

  782.0  -0.00378

  783.0  -0.00373

  784.0  -0.00374

  785.0  -0.00380

  786.0  -0.00378

  787.0  -0.00379

  788.0  -0.00371

  789.0  -0.00375

  790.0  -0.00384

  791.0  -0.00379

  792.0  -0.00383

  793.0  -0.00389

  794.0  -0.00390

  795.0  -0.00399

  796.0  -0.00391

  797.0  -0.00395

  798.0  -0.00395

  799.0  -0.00393

  800.0  -0.00399

 
