ser ID: DU600

Method ID: A:\DEFAULT

Date: 08/08/00

Time: 09:14

 200.0   3.14426

  201.0   2.51587

  202.0   2.21291

  203.0   2.68953

  204.0   2.85268

  205.0   2.58696

  206.0   2.61892

  207.0   3.42797

  208.0   3.45894

  209.0   3.49192

  210.0   3.52022

  211.0   2.70305

  212.0   2.97382

  213.0   2.82834

  214.0   2.78645

  215.0   2.87680

  216.0   2.97845

  217.0   3.40149

  218.0   3.72346

  219.0   3.14012

  220.0   2.85582

  221.0   3.17231

  222.0   3.78979

  223.0   3.80298

  224.0   3.81591

  225.0   3.82930

  226.0   3.54189

  227.0   3.85516

  228.0   3.39017

  229.0   3.40140

  230.0   3.89081

  231.0   3.42412

  232.0   3.91036

  233.0   3.91887

  234.0   2.97225

  235.0   2.89057

  236.0   3.15811

  237.0   2.98548

  238.0   2.94226

  239.0   3.24482

  240.0   3.34272

  241.0   3.34198

  242.0   3.34109

  243.0   3.33950

  244.0   3.46225

  245.0   3.93707

  246.0   3.93379

  247.0   2.97553

  248.0   2.97164

  249.0   2.69134

  250.0   2.61574

  251.0   2.51407

  252.0   2.28379

  253.0   2.13110

  254.0   2.02196

  255.0   1.85361

  256.0   1.74858

  257.0   1.61773

  258.0   1.51206

  259.0   1.41568

  260.0   1.33092

  261.0   1.24937

  262.0   1.17937

  263.0   1.11664

  264.0   1.06817

  265.0   1.01984

  266.0   0.97635

  267.0   0.93938

  268.0   0.90626

  269.0   0.87181

  270.0   0.84147

  271.0   0.81542

  272.0   0.78921

  273.0   0.76255

  274.0   0.73308

  275.0   0.70863

  276.0   0.68310

  277.0   0.65786

  278.0   0.63375

  279.0   0.60974

  280.0   0.58727

  281.0   0.56300

  282.0   0.54094

  283.0   0.52086

  284.0   0.50066

  285.0   0.47582

  286.0   0.45527

  287.0   0.43242

  288.0   0.40970

  289.0   0.38998

  290.0   0.37304

  291.0   0.35581

  292.0   0.33848

  293.0   0.32357

  294.0   0.30763

  295.0   0.29226

  296.0   0.27814

  297.0   0.26370

  298.0   0.25056

  299.0   0.23712

  300.0   0.22665

  301.0   0.21861

  302.0   0.21009

  303.0   0.20451

  304.0   0.19927

  305.0   0.19422

  306.0   0.18941

  307.0   0.18469

  308.0   0.18108

  309.0   0.17794

  310.0   0.17486

  311.0   0.17116

  312.0   0.16685

  313.0   0.16240

  314.0   0.15922

  315.0   0.15596

  316.0   0.15250

  317.0   0.15009

  318.0   0.14658

  319.0   0.14251

  320.0   0.14017

  321.0   0.13939

  322.0   0.13523

  323.0   0.13392

  324.0   0.13229

  325.0   0.13088

  326.0   0.12836

  327.0   0.12694

  328.0   0.12606

  329.0   0.12477

  330.0   0.12435

  331.0   0.12233

  332.0   0.12066

  333.0   0.11852

  334.0   0.11747

  335.0   0.11602

  336.0   0.11473

  337.0   0.11373

  338.0   0.11148

  339.0   0.10978

  340.0   0.10881

  341.0   0.10728

  342.0   0.10509

  343.0   0.10426

  344.0   0.10240

  345.0   0.10095

  346.0   0.09904

  347.0   0.09707

  348.0   0.09570

  349.0   0.09435

  350.0   0.09163

  351.0   0.09016

  352.0   0.08837

  353.0   0.08530

  354.0   0.08340

  355.0   0.08229

  356.0   0.08104

  357.0   0.07994

  358.0   0.07847

  359.0   0.07580

  360.0   0.07406

  361.0   0.07069

  362.0   0.06843

  363.0   0.06676

  364.0   0.06607

  365.0   0.06434

  366.0   0.06195

  367.0   0.06058

  368.0   0.05867

  369.0   0.05711

  370.0   0.05517

  371.0   0.05375

  372.0   0.05226

  373.0   0.05021

  374.0   0.04951

  375.0   0.04778

  376.0   0.04667

  377.0   0.04526

  378.0   0.04384

  379.0   0.04287

  380.0   0.04134

  381.0   0.04062

  382.0   0.03907

  383.0   0.03782

  384.0   0.03704

  385.0   0.03596

  386.0   0.03524

  387.0   0.03397

  388.0   0.03322

  389.0   0.03209

  390.0   0.03114

  391.0   0.03076

  392.0   0.03013

  393.0   0.02962

  394.0   0.02883

  395.0   0.02829

  396.0   0.02767

  397.0   0.02729

  398.0   0.02723

  399.0   0.02645

  400.0   0.02572

  401.0   0.02534

  402.0   0.02472

  403.0   0.02451

  404.0   0.02385

  405.0   0.02366

  406.0   0.02329

  407.0   0.02262

  408.0   0.02225

  409.0   0.02168

  410.0   0.02136

  411.0   0.02083

  412.0   0.02044

  413.0   0.01982

  414.0   0.01907

  415.0   0.01872

  416.0   0.01819

  417.0   0.01739

  418.0   0.01676

  419.0   0.01588

  420.0   0.01547

  421.0   0.01493

  422.0   0.01414

  423.0   0.01365

  424.0   0.01307

  425.0   0.01233

  426.0   0.01153

  427.0   0.01119

  428.0   0.01061

  429.0   0.01002

  430.0   0.00947

  431.0   0.00893

  432.0   0.00855

  433.0   0.00816

  434.0   0.00792

  435.0   0.00752

  436.0   0.00717

  437.0   0.00697

  438.0   0.00676

  439.0   0.00694

  440.0   0.00605

  441.0   0.00574

  442.0   0.00540

  443.0   0.00517

  444.0   0.00509

  445.0   0.00492

  446.0   0.00481

  447.0   0.00460

  448.0   0.00437

  449.0   0.00422

  450.0   0.00409

  451.0   0.00383

  452.0   0.00366

  453.0   0.00338

  454.0   0.00310

  455.0   0.00295

  456.0   0.00268

  457.0   0.00279

  458.0   0.00277

  459.0   0.00263

  460.0   0.00249

  461.0   0.00231

  462.0   0.00221

  463.0   0.00203

  464.0   0.00189

  465.0   0.00183

  466.0   0.00175

  467.0   0.00176

  468.0   0.00175

  469.0   0.00178

  470.0   0.00166

  471.0   0.00168

  472.0   0.00167

  473.0   0.00172

  474.0   0.00161

  475.0   0.00159

  476.0   0.00152

  477.0   0.00143

  478.0   0.00137

  479.0   0.00131

  480.0   0.00128

  481.0   0.00123

  482.0   0.00113

  483.0   0.00104

  484.0   0.00094

  485.0   0.00091

  486.0   0.00092

  487.0   0.00095

  488.0   0.00091

  489.0   0.00086

  490.0   0.00087

  491.0   0.00084

  492.0   0.00074

  493.0   0.00069

  494.0   0.00068

  495.0   0.00067

  496.0   0.00067

  497.0   0.00066

  498.0   0.00074

  499.0   0.00077

  500.0   0.00076

  501.0   0.00082

  502.0   0.00085

  503.0   0.00088

  504.0   0.00092

  505.0   0.00095

  506.0   0.00100

  507.0   0.00101

  508.0   0.00103

  509.0   0.00102

  510.0   0.00109

  511.0   0.00114

  512.0   0.00119

  513.0   0.00119

  514.0   0.00122

  515.0   0.00125

  516.0   0.00126

  517.0   0.00124

  518.0   0.00127

  519.0   0.00133

  520.0   0.00140

  521.0   0.00141

  522.0   0.00152

  523.0   0.00152

  524.0   0.00157

  525.0   0.00162

  526.0   0.00173

  527.0   0.00180

  528.0   0.00193

  529.0   0.00198

  530.0   0.00208

  531.0   0.00213

  532.0   0.00225

  533.0   0.00229

  534.0   0.00236

  535.0   0.00239

  536.0   0.00241

  537.0   0.00242

  538.0   0.00248

  539.0   0.00255

  540.0   0.00258

  541.0   0.00266

  542.0   0.00279

  543.0   0.00282

  544.0   0.00291

  545.0   0.00293

  546.0   0.00302

  547.0   0.00311

  548.0   0.00319

  549.0   0.00323

  550.0   0.00334

  551.0   0.00337

  552.0   0.00344

  553.0   0.00340

  554.0   0.00343

  555.0   0.00337

  556.0   0.00338

  557.0   0.00512

  558.0   0.00504

  559.0   0.00498

  560.0   0.00489

  561.0   0.00485

  562.0   0.00481

  563.0   0.00475

  564.0   0.00472

  565.0   0.00468

  566.0   0.00469

  567.0   0.00466

  568.0   0.00467

  569.0   0.00459

  570.0   0.00461

  571.0   0.00449

  572.0   0.00446

  573.0   0.00439

  574.0   0.00435

  575.0   0.00433

  576.0   0.00428

  577.0   0.00427

  578.0   0.00426

  579.0   0.00432

  580.0   0.00433

  581.0   0.00428

  582.0   0.00432

  583.0   0.00427

  584.0   0.00431

  585.0   0.00435

  586.0   0.00442

  587.0   0.00449

  588.0   0.00456

  589.0   0.00462

  590.0   0.00461

  591.0   0.00468

  592.0   0.00479

  593.0   0.00482

  594.0   0.00482

  595.0   0.00484

  596.0   0.00489

  597.0   0.00496

  598.0   0.00499

  599.0   0.00502

  600.0   0.00506

  601.0   0.00506

  602.0   0.00511

  603.0   0.00509

  604.0   0.00509

  605.0   0.00509

  606.0   0.00504

  607.0   0.00506

  608.0   0.00509

  609.0   0.00508

  610.0   0.00505

  611.0   0.00509

  612.0   0.00511

  613.0   0.00510

  614.0   0.00507

  615.0   0.00504

  616.0   0.00513

  617.0   0.00510

  618.0   0.00507

  619.0   0.00509

  620.0   0.00510

  621.0   0.00512

  622.0   0.00511

  623.0   0.00509

  624.0   0.00508

  625.0   0.00504

  626.0   0.00503

  627.0   0.00501

  628.0   0.00498

  629.0   0.00498

  630.0   0.00500

  631.0   0.00501

  632.0   0.00494

  633.0   0.00489

  634.0   0.00488

  635.0   0.00491

  636.0   0.00489

  637.0   0.00491

  638.0   0.00495

  639.0   0.00498

  640.0   0.00501

  641.0   0.00500

  642.0   0.00501

  643.0   0.00501

  644.0   0.00498

  645.0   0.00501

  646.0   0.00501

  647.0   0.00508

  648.0   0.00508

  649.0   0.00510

  650.0   0.00510

  651.0   0.00509

  652.0   0.00506

  653.0   0.00501

  654.0   0.00495

  655.0   0.00492

  656.0   0.00488

  657.0   0.00488

  658.0   0.00494

  659.0   0.00498

  660.0   0.00493

  661.0   0.00497

  662.0   0.00488

  663.0   0.00485

  664.0   0.00481

  665.0   0.00475

  666.0   0.00476

  667.0   0.00468

  668.0   0.00462

  669.0   0.00461

  670.0   0.00460

  671.0   0.00459

  672.0   0.00464

  673.0   0.00456

  674.0   0.00459

  675.0   0.00455

  676.0   0.00447

  677.0   0.00441

  678.0   0.00433

  679.0   0.00432

  680.0   0.00434

  681.0   0.00432

  682.0   0.00433

  683.0   0.00426

  684.0   0.00420

  685.0   0.00420

  686.0   0.00422

  687.0   0.00420

  688.0   0.00418

  689.0   0.00414

  690.0   0.00408

  691.0   0.00401

  692.0   0.00404

  693.0   0.00402

  694.0   0.00391

  695.0   0.00387

  696.0   0.00382

  697.0   0.00378

  698.0   0.00374

  699.0   0.00367

  700.0   0.00365

  701.0   0.00365

  702.0   0.00355

  703.0   0.00355

  704.0   0.00345

  705.0   0.00340

  706.0   0.00339

  707.0   0.00339

  708.0   0.00337

  709.0   0.00335

  710.0   0.00327

  711.0   0.00323

  712.0   0.00319

  713.0   0.00309

  714.0   0.00303

  715.0   0.00299

  716.0   0.00295

  717.0   0.00288

  718.0   0.00288

  719.0   0.00277

  720.0   0.00275

  721.0   0.00271

  722.0   0.00266

  723.0   0.00258

  724.0   0.00253

  725.0   0.00246

  726.0   0.00242

  727.0   0.00244

  728.0   0.00234

  729.0   0.00238

  730.0   0.00231

  731.0   0.00228

  732.0   0.00225

  733.0   0.00221

  734.0   0.00211

  735.0   0.00217

  736.0   0.00428

  737.0   0.00401

  738.0   0.00389

  739.0   0.00372

  740.0   0.00352

  741.0   0.00337

  742.0   0.00323

  743.0   0.00309

  744.0   0.00297

  745.0   0.00286

  746.0   0.00270

  747.0   0.00267

  748.0   0.00253

  749.0   0.00242

  750.0   0.00239

  751.0   0.00234

  752.0   0.00223

  753.0   0.00215

  754.0   0.00209

  755.0   0.00204

  756.0   0.00201

  757.0   0.00191

  758.0   0.00185

  759.0   0.00188

  760.0   0.00183

  761.0   0.00178

  762.0   0.00175

  763.0   0.00167

  764.0   0.00167

  765.0   0.00165

  766.0   0.00159

  767.0   0.00159

  768.0   0.00154

  769.0   0.00149

  770.0   0.00144

  771.0   0.00144

  772.0   0.00138

  773.0   0.00141

  774.0   0.00142

  775.0   0.00136

  776.0   0.00136

  777.0   0.00134

  778.0   0.00134

  779.0   0.00137

  780.0   0.00137

  781.0   0.00132

  782.0   0.00129

  783.0   0.00133

  784.0   0.00133

  785.0   0.00133

  786.0   0.00133

  787.0   0.00131

  788.0   0.00128

  789.0   0.00126

  790.0   0.00117

  791.0   0.00112

  792.0   0.00112

  793.0   0.00112

  794.0   0.00107

  795.0   0.00098

  796.0   0.00110

  797.0   0.00101

  798.0   0.00102

  799.0   0.00099

  800.0   0.00090

 
