ser ID: DU600

Method ID: A:\DEFAULT

Date: 08/08/00

Time: 04:40

 200.0   3.14426

  201.0   3.21484

  202.0   3.25431

  203.0   3.29159

  204.0   3.32980

  205.0   3.36511

  206.0   3.39707

  207.0   2.95085

  208.0   3.15791

  209.0   3.49192

  210.0   3.52022

  211.0   3.54814

  212.0   3.57588

  213.0   3.60649

  214.0   3.63155

  215.0   3.35392

  216.0   3.20030

  217.0   3.40149

  218.0   3.72346

  219.0   3.74217

  220.0   3.75891

  221.0   3.77437

  222.0   3.78979

  223.0   3.80298

  224.0   2.97081

  225.0   3.82930

  226.0   3.54189

  227.0   3.85516

  228.0   3.86729

  229.0   3.87852

  230.0   3.89081

  231.0   3.90124

  232.0   3.43324

  233.0   3.91887

  234.0   3.08140

  235.0   3.93197

  236.0   3.93626

  237.0   3.93972

  238.0   3.94226

  239.0   3.94379

  240.0   3.46766

  241.0   3.46692

  242.0   3.94315

  243.0   3.94156

  244.0   3.93937

  245.0   3.45994

  246.0   3.93379

  247.0   3.92978

  248.0   3.92588

  249.0   3.14364

  250.0   3.01368

  251.0   2.91201

  252.0   2.95279

  253.0   2.72586

  254.0   2.75089

  255.0   2.51082

  256.0   2.30552

  257.0   2.13982

  258.0   1.98729

  259.0   1.85887

  260.0   1.77121

  261.0   1.67858

  262.0   1.60472

  263.0   1.51132

  264.0   1.44690

  265.0   1.38447

  266.0   1.33697

  267.0   1.28088

  268.0   1.24223

  269.0   1.20870

  270.0   1.17212

  271.0   1.14267

  272.0   1.11234

  273.0   1.07982

  274.0   1.04618

  275.0   1.00748

  276.0   0.97729

  277.0   0.94384

  278.0   0.90756

  279.0   0.87459

  280.0   0.83867

  281.0   0.80132

  282.0   0.76851

  283.0   0.73487

  284.0   0.70064

  285.0   0.66299

  286.0   0.62837

  287.0   0.59737

  288.0   0.56021

  289.0   0.53096

  290.0   0.50209

  291.0   0.47532

  292.0   0.44612

  293.0   0.42188

  294.0   0.39744

  295.0   0.37251

  296.0   0.34900

  297.0   0.32660

  298.0   0.30547

  299.0   0.28357

  300.0   0.26577

  301.0   0.25017

  302.0   0.23444

  303.0   0.22266

  304.0   0.21183

  305.0   0.20132

  306.0   0.19012

  307.0   0.18211

  308.0   0.17420

  309.0   0.16628

  310.0   0.15958

  311.0   0.15269

  312.0   0.14606

  313.0   0.14080

  314.0   0.13572

  315.0   0.13208

  316.0   0.12785

  317.0   0.12461

  318.0   0.12187

  319.0   0.11796

  320.0   0.11515

  321.0   0.11556

  322.0   0.11325

  323.0   0.11293

  324.0   0.11270

  325.0   0.11327

  326.0   0.11293

  327.0   0.11396

  328.0   0.11616

  329.0   0.11917

  330.0   0.12213

  331.0   0.12363

  332.0   0.12690

  333.0   0.12928

  334.0   0.13195

  335.0   0.13588

  336.0   0.14020

  337.0   0.14428

  338.0   0.14860

  339.0   0.15256

  340.0   0.15739

  341.0   0.16240

  342.0   0.16533

  343.0   0.17039

  344.0   0.17526

  345.0   0.17959

  346.0   0.18394

  347.0   0.18775

  348.0   0.19120

  349.0   0.19569

  350.0   0.19849

  351.0   0.20103

  352.0   0.20305

  353.0   0.20405

  354.0   0.20635

  355.0   0.20759

  356.0   0.20761

  357.0   0.20820

  358.0   0.20771

  359.0   0.20668

  360.0   0.20552

  361.0   0.20444

  362.0   0.20160

  363.0   0.19961

  364.0   0.19816

  365.0   0.19439

  366.0   0.19004

  367.0   0.18676

  368.0   0.18321

  369.0   0.17985

  370.0   0.17602

  371.0   0.17332

  372.0   0.16920

  373.0   0.16547

  374.0   0.16181

  375.0   0.15758

  376.0   0.15383

  377.0   0.15051

  378.0   0.14635

  379.0   0.14263

  380.0   0.13935

  381.0   0.13556

  382.0   0.13156

  383.0   0.12819

  384.0   0.12472

  385.0   0.12071

  386.0   0.11722

  387.0   0.11359

  388.0   0.11056

  389.0   0.10708

  390.0   0.10403

  391.0   0.10142

  392.0   0.09847

  393.0   0.09570

  394.0   0.09267

  395.0   0.09009

  396.0   0.08741

  397.0   0.08515

  398.0   0.08340

  399.0   0.08112

  400.0   0.07920

  401.0   0.07727

  402.0   0.07537

  403.0   0.07369

  404.0   0.07196

  405.0   0.07072

  406.0   0.06920

  407.0   0.06731

  408.0   0.06592

  409.0   0.06430

  410.0   0.06299

  411.0   0.06173

  412.0   0.06007

  413.0   0.05861

  414.0   0.05706

  415.0   0.05614

  416.0   0.05412

  417.0   0.05236

  418.0   0.05066

  419.0   0.04884

  420.0   0.04738

  421.0   0.04565

  422.0   0.04373

  423.0   0.04232

  424.0   0.04054

  425.0   0.03911

  426.0   0.03720

  427.0   0.03601

  428.0   0.03440

  429.0   0.03284

  430.0   0.03154

  431.0   0.02989

  432.0   0.02864

  433.0   0.02718

  434.0   0.02601

  435.0   0.02483

  436.0   0.02348

  437.0   0.02236

  438.0   0.02143

  439.0   0.02094

  440.0   0.01929

  441.0   0.01823

  442.0   0.01725

  443.0   0.01633

  444.0   0.01560

  445.0   0.01487

  446.0   0.01416

  447.0   0.01326

  448.0   0.01269

  449.0   0.01198

  450.0   0.01132

  451.0   0.01053

  452.0   0.00996

  453.0   0.00922

  454.0   0.00855

  455.0   0.00798

  456.0   0.00751

  457.0   0.00708

  458.0   0.00679

  459.0   0.00634

  460.0   0.00585

  461.0   0.00537

  462.0   0.00492

  463.0   0.00451

  464.0   0.00418

  465.0   0.00389

  466.0   0.00355

  467.0   0.00341

  468.0   0.00315

  469.0   0.00290

  470.0   0.00258

  471.0   0.00251

  472.0   0.00225

  473.0   0.00209

  474.0   0.00185

  475.0   0.00162

  476.0   0.00138

  477.0   0.00118

  478.0   0.00093

  479.0   0.00075

  480.0   0.00063

  481.0   0.00049

  482.0   0.00038

  483.0   0.00015

  484.0  -0.00000

  485.0  -0.00017

  486.0  -0.00026

  487.0  -0.00035

  488.0  -0.00050

  489.0  -0.00061

  490.0  -0.00073

  491.0  -0.00088

  492.0  -0.00098

  493.0  -0.00109

  494.0  -0.00115

  495.0  -0.00124

  496.0  -0.00127

  497.0  -0.00136

  498.0  -0.00137

  499.0  -0.00142

  500.0  -0.00144

  501.0  -0.00151

  502.0  -0.00158

  503.0  -0.00160

  504.0  -0.00167

  505.0  -0.00170

  506.0  -0.00171

  507.0  -0.00179

  508.0  -0.00187

  509.0  -0.00192

  510.0  -0.00189

  511.0  -0.00192

  512.0  -0.00195

  513.0  -0.00201

  514.0  -0.00200

  515.0  -0.00207

  516.0  -0.00210

  517.0  -0.00217

  518.0  -0.00218

  519.0  -0.00221

  520.0  -0.00220

  521.0  -0.00218

  522.0  -0.00216

  523.0  -0.00219

  524.0  -0.00223

  525.0  -0.00217

  526.0  -0.00221

  527.0  -0.00219

  528.0  -0.00221

  529.0  -0.00221

  530.0  -0.00221

  531.0  -0.00223

  532.0  -0.00225

  533.0  -0.00226

  534.0  -0.00224

  535.0  -0.00227

  536.0  -0.00235

  537.0  -0.00239

  538.0  -0.00236

  539.0  -0.00237

  540.0  -0.00243

  541.0  -0.00240

  542.0  -0.00237

  543.0  -0.00235

  544.0  -0.00237

  545.0  -0.00236

  546.0  -0.00232

  547.0  -0.00235

  548.0  -0.00234

  549.0  -0.00236

  550.0  -0.00242

  551.0  -0.00249

  552.0  -0.00245

  553.0  -0.00254

  554.0  -0.00254

  555.0  -0.00258

  556.0  -0.00256

  557.0  -0.00229

  558.0  -0.00235

  559.0  -0.00241

  560.0  -0.00247

  561.0  -0.00246

  562.0  -0.00247

  563.0  -0.00250

  564.0  -0.00246

  565.0  -0.00244

  566.0  -0.00240

  567.0  -0.00245

  568.0  -0.00243

  569.0  -0.00246

  570.0  -0.00244

  571.0  -0.00255

  572.0  -0.00255

  573.0  -0.00260

  574.0  -0.00260

  575.0  -0.00264

  576.0  -0.00265

  577.0  -0.00263

  578.0  -0.00259

  579.0  -0.00258

  580.0  -0.00258

  581.0  -0.00260

  582.0  -0.00263

  583.0  -0.00265

  584.0  -0.00268

  585.0  -0.00270

  586.0  -0.00269

  587.0  -0.00263

  588.0  -0.00260

  589.0  -0.00266

  590.0  -0.00267

  591.0  -0.00267

  592.0  -0.00262

  593.0  -0.00265

  594.0  -0.00267

  595.0  -0.00266

  596.0  -0.00267

  597.0  -0.00266

  598.0  -0.00263

  599.0  -0.00265

  600.0  -0.00264

  601.0  -0.00270

  602.0  -0.00266

  603.0  -0.00266

  604.0  -0.00262

  605.0  -0.00263

  606.0  -0.00269

  607.0  -0.00268

  608.0  -0.00267

  609.0  -0.00273

  610.0  -0.00274

  611.0  -0.00275

  612.0  -0.00271

  613.0  -0.00269

  614.0  -0.00272

  615.0  -0.00273

  616.0  -0.00274

  617.0  -0.00273

  618.0  -0.00279

  619.0  -0.00275

  620.0  -0.00278

  621.0  -0.00277

  622.0  -0.00277

  623.0  -0.00281

  624.0  -0.00283

  625.0  -0.00287

  626.0  -0.00292

  627.0  -0.00291

  628.0  -0.00289

  629.0  -0.00282

  630.0  -0.00280

  631.0  -0.00278

  632.0  -0.00283

  633.0  -0.00286

  634.0  -0.00286

  635.0  -0.00281

  636.0  -0.00280

  637.0  -0.00277

  638.0  -0.00275

  639.0  -0.00272

  640.0  -0.00273

  641.0  -0.00278

  642.0  -0.00280

  643.0  -0.00281

  644.0  -0.00281

  645.0  -0.00283

  646.0  -0.00280

  647.0  -0.00278

  648.0  -0.00277

  649.0  -0.00275

  650.0  -0.00275

  651.0  -0.00278

  652.0  -0.00280

  653.0  -0.00281

  654.0  -0.00278

  655.0  -0.00279

  656.0  -0.00285

  657.0  -0.00287

  658.0  -0.00279

  659.0  -0.00272

  660.0  -0.00273

  661.0  -0.00266

  662.0  -0.00268

  663.0  -0.00271

  664.0  -0.00271

  665.0  -0.00273

  666.0  -0.00272

  667.0  -0.00272

  668.0  -0.00276

  669.0  -0.00273

  670.0  -0.00272

  671.0  -0.00268

  672.0  -0.00263

  673.0  -0.00264

  674.0  -0.00259

  675.0  -0.00256

  676.0  -0.00257

  677.0  -0.00261

  678.0  -0.00260

  679.0  -0.00261

  680.0  -0.00260

  681.0  -0.00259

  682.0  -0.00257

  683.0  -0.00254

  684.0  -0.00255

  685.0  -0.00256

  686.0  -0.00253

  687.0  -0.00253

  688.0  -0.00254

  689.0  -0.00255

  690.0  -0.00256

  691.0  -0.00255

  692.0  -0.00252

  693.0  -0.00250

  694.0  -0.00245

  695.0  -0.00248

  696.0  -0.00250

  697.0  -0.00245

  698.0  -0.00243

  699.0  -0.00240

  700.0  -0.00240

  701.0  -0.00237

  702.0  -0.00240

  703.0  -0.00242

  704.0  -0.00247

  705.0  -0.00248

  706.0  -0.00248

  707.0  -0.00245

  708.0  -0.00242

  709.0  -0.00246

  710.0  -0.00245

  711.0  -0.00243

  712.0  -0.00241

  713.0  -0.00246

  714.0  -0.00248

  715.0  -0.00247

  716.0  -0.00249

  717.0  -0.00251

  718.0  -0.00246

  719.0  -0.00246

  720.0  -0.00246

  721.0  -0.00254

  722.0  -0.00245

  723.0  -0.00252

  724.0  -0.00254

  725.0  -0.00254

  726.0  -0.00254

  727.0  -0.00249

  728.0  -0.00251

  729.0  -0.00251

  730.0  -0.00250

  731.0  -0.00254

  732.0  -0.00252

  733.0  -0.00251

  734.0  -0.00255

  735.0  -0.00252

  736.0  -0.00187

  737.0  -0.00198

  738.0  -0.00203

  739.0  -0.00208

  740.0  -0.00216

  741.0  -0.00221

  742.0  -0.00220

  743.0  -0.00223

  744.0  -0.00222

  745.0  -0.00225

  746.0  -0.00233

  747.0  -0.00235

  748.0  -0.00238

  749.0  -0.00241

  750.0  -0.00238

  751.0  -0.00232

  752.0  -0.00238

  753.0  -0.00241

  754.0  -0.00238

  755.0  -0.00243

  756.0  -0.00246

  757.0  -0.00244

  758.0  -0.00244

  759.0  -0.00242

  760.0  -0.00245

  761.0  -0.00245

  762.0  -0.00250

  763.0  -0.00251

  764.0  -0.00256

  765.0  -0.00259

  766.0  -0.00262

  767.0  -0.00257

  768.0  -0.00258

  769.0  -0.00258

  770.0  -0.00261

  771.0  -0.00259

  772.0  -0.00254

  773.0  -0.00254

  774.0  -0.00263

  775.0  -0.00266

  776.0  -0.00263

  777.0  -0.00267

  778.0  -0.00262

  779.0  -0.00262

  780.0  -0.00262

  781.0  -0.00263

  782.0  -0.00263

  783.0  -0.00258

  784.0  -0.00259

  785.0  -0.00265

  786.0  -0.00260

  787.0  -0.00272

  788.0  -0.00267

  789.0  -0.00270

  790.0  -0.00268

  791.0  -0.00265

  792.0  -0.00269

  793.0  -0.00269

  794.0  -0.00270

  795.0  -0.00273

  796.0  -0.00271

  797.0  -0.00271

  798.0  -0.00272

  799.0  -0.00269

  800.0  -0.00275

 
