ser ID: DU600

Method ID: A:\DEFAULT

Date: 08/08/00

Time: 08:50

 200.0   2.54220

  201.0   2.73772

  202.0   2.95328

  203.0   3.29159

  204.0   3.32980

  205.0   3.36511

  206.0   2.91995

  207.0   3.42797

  208.0   3.45894

  209.0   3.19089

  210.0   2.91816

  211.0   2.50675

  212.0   3.57588

  213.0   2.90752

  214.0   3.15442

  215.0   3.05289

  216.0   3.20030

  217.0   3.22540

  218.0   3.24633

  219.0   3.44114

  220.0   3.75891

  221.0   3.47334

  222.0   3.78979

  223.0   3.80298

  224.0   3.81591

  225.0   3.82930

  226.0   3.84292

  227.0   3.85516

  228.0   3.86729

  229.0   3.87852

  230.0   3.58978

  231.0   3.60021

  232.0   3.91036

  233.0   3.91887

  234.0   3.22753

  235.0   3.45484

  236.0   3.15811

  237.0   3.93972

  238.0   3.46513

  239.0   3.24482

  240.0   3.09968

  241.0   3.34198

  242.0   3.94315

  243.0   3.64053

  244.0   3.03628

  245.0   3.63604

  246.0   3.33173

  247.0   3.23081

  248.0   3.08078

  249.0   2.77566

  250.0   2.66150

  251.0   2.61098

  252.0   2.41567

  253.0   2.21175

  254.0   2.05817

  255.0   1.90426

  256.0   1.78493

  257.0   1.66008

  258.0   1.53733

  259.0   1.42499

  260.0   1.34392

  261.0   1.26808

  262.0   1.19358

  263.0   1.13077

  264.0   1.08172

  265.0   1.03350

  266.0   0.98700

  267.0   0.95107

  268.0   0.91446

  269.0   0.88517

  270.0   0.85504

  271.0   0.82786

  272.0   0.80278

  273.0   0.77499

  274.0   0.74554

  275.0   0.72044

  276.0   0.69392

  277.0   0.66908

  278.0   0.64311

  279.0   0.61861

  280.0   0.59599

  281.0   0.56991

  282.0   0.54879

  283.0   0.52836

  284.0   0.50619

  285.0   0.48303

  286.0   0.46068

  287.0   0.43816

  288.0   0.41457

  289.0   0.39588

  290.0   0.37766

  291.0   0.35942

  292.0   0.34147

  293.0   0.32554

  294.0   0.31056

  295.0   0.29438

  296.0   0.27951

  297.0   0.26529

  298.0   0.25198

  299.0   0.23875

  300.0   0.22788

  301.0   0.22031

  302.0   0.21117

  303.0   0.20557

  304.0   0.20022

  305.0   0.19469

  306.0   0.18965

  307.0   0.18504

  308.0   0.18085

  309.0   0.17806

  310.0   0.17486

  311.0   0.17069

  312.0   0.16601

  313.0   0.16119

  314.0   0.15776

  315.0   0.15522

  316.0   0.15188

  317.0   0.14884

  318.0   0.14570

  319.0   0.14238

  320.0   0.14030

  321.0   0.13862

  322.0   0.13431

  323.0   0.13352

  324.0   0.13256

  325.0   0.12982

  326.0   0.12822

  327.0   0.12668

  328.0   0.12579

  329.0   0.12504

  330.0   0.12409

  331.0   0.12207

  332.0   0.12169

  333.0   0.12032

  334.0   0.11913

  335.0   0.11741

  336.0   0.11636

  337.0   0.11510

  338.0   0.11345

  339.0   0.11210

  340.0   0.11086

  341.0   0.10944

  342.0   0.10723

  343.0   0.10674

  344.0   0.10486

  345.0   0.10362

  346.0   0.10181

  347.0   0.09970

  348.0   0.09844

  349.0   0.09718

  350.0   0.09501

  351.0   0.09363

  352.0   0.09150

  353.0   0.08987

  354.0   0.08840

  355.0   0.08718

  356.0   0.08571

  357.0   0.08407

  358.0   0.08228

  359.0   0.08050

  360.0   0.07822

  361.0   0.07610

  362.0   0.07359

  363.0   0.07181

  364.0   0.07021

  365.0   0.06835

  366.0   0.06605

  367.0   0.06421

  368.0   0.06238

  369.0   0.06107

  370.0   0.05917

  371.0   0.05770

  372.0   0.05587

  373.0   0.05406

  374.0   0.05302

  375.0   0.05138

  376.0   0.05001

  377.0   0.04887

  378.0   0.04751

  379.0   0.04583

  380.0   0.04480

  381.0   0.04363

  382.0   0.04216

  383.0   0.04103

  384.0   0.04014

  385.0   0.03902

  386.0   0.03780

  387.0   0.03690

  388.0   0.03572

  389.0   0.03448

  390.0   0.03364

  391.0   0.03312

  392.0   0.03273

  393.0   0.03168

  394.0   0.03130

  395.0   0.03040

  396.0   0.02959

  397.0   0.02948

  398.0   0.02925

  399.0   0.02860

  400.0   0.02789

  401.0   0.02734

  402.0   0.02657

  403.0   0.02618

  404.0   0.02565

  405.0   0.02556

  406.0   0.02498

  407.0   0.02419

  408.0   0.02389

  409.0   0.02318

  410.0   0.02276

  411.0   0.02238

  412.0   0.02181

  413.0   0.02117

  414.0   0.02053

  415.0   0.02006

  416.0   0.01949

  417.0   0.01873

  418.0   0.01816

  419.0   0.01723

  420.0   0.01663

  421.0   0.01598

  422.0   0.01540

  423.0   0.01472

  424.0   0.01404

  425.0   0.01328

  426.0   0.01259

  427.0   0.01222

  428.0   0.01141

  429.0   0.01074

  430.0   0.01030

  431.0   0.00968

  432.0   0.00934

  433.0   0.00881

  434.0   0.00850

  435.0   0.00814

  436.0   0.00767

  437.0   0.00740

  438.0   0.00724

  439.0   0.00751

  440.0   0.00655

  441.0   0.00624

  442.0   0.00589

  443.0   0.00565

  444.0   0.00547

  445.0   0.00534

  446.0   0.00517

  447.0   0.00492

  448.0   0.00473

  449.0   0.00449

  450.0   0.00440

  451.0   0.00409

  452.0   0.00392

  453.0   0.00363

  454.0   0.00343

  455.0   0.00316

  456.0   0.00301

  457.0   0.00303

  458.0   0.00309

  459.0   0.00283

  460.0   0.00269

  461.0   0.00243

  462.0   0.00233

  463.0   0.00215

  464.0   0.00205

  465.0   0.00194

  466.0   0.00183

  467.0   0.00187

  468.0   0.00182

  469.0   0.00185

  470.0   0.00180

  471.0   0.00182

  472.0   0.00176

  473.0   0.00181

  474.0   0.00173

  475.0   0.00171

  476.0   0.00161

  477.0   0.00151

  478.0   0.00142

  479.0   0.00131

  480.0   0.00128

  481.0   0.00125

  482.0   0.00118

  483.0   0.00106

  484.0   0.00094

  485.0   0.00093

  486.0   0.00089

  487.0   0.00086

  488.0   0.00084

  489.0   0.00077

  490.0   0.00078

  491.0   0.00075

  492.0   0.00069

  493.0   0.00067

  494.0   0.00066

  495.0   0.00072

  496.0   0.00071

  497.0   0.00074

  498.0   0.00078

  499.0   0.00077

  500.0   0.00080

  501.0   0.00082

  502.0   0.00081

  503.0   0.00086

  504.0   0.00080

  505.0   0.00087

  506.0   0.00092

  507.0   0.00092

  508.0   0.00091

  509.0   0.00091

  510.0   0.00101

  511.0   0.00107

  512.0   0.00110

  513.0   0.00109

  514.0   0.00118

  515.0   0.00119

  516.0   0.00125

  517.0   0.00122

  518.0   0.00126

  519.0   0.00127

  520.0   0.00131

  521.0   0.00134

  522.0   0.00137

  523.0   0.00143

  524.0   0.00144

  525.0   0.00155

  526.0   0.00162

  527.0   0.00175

  528.0   0.00180

  529.0   0.00188

  530.0   0.00195

  531.0   0.00202

  532.0   0.00208

  533.0   0.00212

  534.0   0.00215

  535.0   0.00222

  536.0   0.00223

  537.0   0.00226

  538.0   0.00232

  539.0   0.00238

  540.0   0.00237

  541.0   0.00249

  542.0   0.00257

  543.0   0.00263

  544.0   0.00276

  545.0   0.00284

  546.0   0.00297

  547.0   0.00304

  548.0   0.00308

  549.0   0.00312

  550.0   0.00317

  551.0   0.00318

  552.0   0.00323

  553.0   0.00319

  554.0   0.00324

  555.0   0.00323

  556.0   0.00330

  557.0   0.00493

  558.0   0.00485

  559.0   0.00477

  560.0   0.00474

  561.0   0.00474

  562.0   0.00462

  563.0   0.00459

  564.0   0.00461

  565.0   0.00455

  566.0   0.00461

  567.0   0.00455

  568.0   0.00456

  569.0   0.00451

  570.0   0.00450

  571.0   0.00438

  572.0   0.00433

  573.0   0.00430

  574.0   0.00423

  575.0   0.00416

  576.0   0.00407

  577.0   0.00410

  578.0   0.00412

  579.0   0.00411

  580.0   0.00411

  581.0   0.00408

  582.0   0.00410

  583.0   0.00408

  584.0   0.00413

  585.0   0.00415

  586.0   0.00425

  587.0   0.00434

  588.0   0.00441

  589.0   0.00441

  590.0   0.00442

  591.0   0.00450

  592.0   0.00458

  593.0   0.00462

  594.0   0.00462

  595.0   0.00467

  596.0   0.00470

  597.0   0.00474

  598.0   0.00477

  599.0   0.00479

  600.0   0.00484

  601.0   0.00484

  602.0   0.00488

  603.0   0.00486

  604.0   0.00486

  605.0   0.00488

  606.0   0.00488

  607.0   0.00490

  608.0   0.00492

  609.0   0.00488

  610.0   0.00485

  611.0   0.00486

  612.0   0.00486

  613.0   0.00485

  614.0   0.00482

  615.0   0.00483

  616.0   0.00489

  617.0   0.00488

  618.0   0.00483

  619.0   0.00485

  620.0   0.00490

  621.0   0.00492

  622.0   0.00486

  623.0   0.00485

  624.0   0.00489

  625.0   0.00483

  626.0   0.00478

  627.0   0.00479

  628.0   0.00475

  629.0   0.00474

  630.0   0.00477

  631.0   0.00476

  632.0   0.00472

  633.0   0.00467

  634.0   0.00470

  635.0   0.00471

  636.0   0.00469

  637.0   0.00469

  638.0   0.00472

  639.0   0.00475

  640.0   0.00478

  641.0   0.00478

  642.0   0.00475

  643.0   0.00473

  644.0   0.00475

  645.0   0.00475

  646.0   0.00478

  647.0   0.00481

  648.0   0.00481

  649.0   0.00480

  650.0   0.00480

  651.0   0.00477

  652.0   0.00477

  653.0   0.00474

  654.0   0.00477

  655.0   0.00477

  656.0   0.00474

  657.0   0.00470

  658.0   0.00474

  659.0   0.00476

  660.0   0.00471

  661.0   0.00474

  662.0   0.00467

  663.0   0.00463

  664.0   0.00466

  665.0   0.00459

  666.0   0.00457

  667.0   0.00449

  668.0   0.00443

  669.0   0.00439

  670.0   0.00433

  671.0   0.00432

  672.0   0.00436

  673.0   0.00430

  674.0   0.00431

  675.0   0.00436

  676.0   0.00428

  677.0   0.00423

  678.0   0.00416

  679.0   0.00411

  680.0   0.00407

  681.0   0.00405

  682.0   0.00409

  683.0   0.00403

  684.0   0.00402

  685.0   0.00404

  686.0   0.00400

  687.0   0.00402

  688.0   0.00398

  689.0   0.00394

  690.0   0.00388

  691.0   0.00379

  692.0   0.00382

  693.0   0.00380

  694.0   0.00374

  695.0   0.00374

  696.0   0.00369

  697.0   0.00367

  698.0   0.00365

  699.0   0.00359

  700.0   0.00353

  701.0   0.00353

  702.0   0.00345

  703.0   0.00340

  704.0   0.00334

  705.0   0.00328

  706.0   0.00332

  707.0   0.00329

  708.0   0.00327

  709.0   0.00321

  710.0   0.00315

  711.0   0.00309

  712.0   0.00307

  713.0   0.00295

  714.0   0.00289

  715.0   0.00288

  716.0   0.00278

  717.0   0.00276

  718.0   0.00273

  719.0   0.00265

  720.0   0.00262

  721.0   0.00256

  722.0   0.00255

  723.0   0.00242

  724.0   0.00240

  725.0   0.00233

  726.0   0.00226

  727.0   0.00228

  728.0   0.00218

  729.0   0.00222

  730.0   0.00217

  731.0   0.00216

  732.0   0.00213

  733.0   0.00214

  734.0   0.00204

  735.0   0.00205

  736.0   0.00408

  737.0   0.00382

  738.0   0.00370

  739.0   0.00350

  740.0   0.00329

  741.0   0.00312

  742.0   0.00301

  743.0   0.00287

  744.0   0.00275

  745.0   0.00259

  746.0   0.00256

  747.0   0.00247

  748.0   0.00239

  749.0   0.00231

  750.0   0.00223

  751.0   0.00217

  752.0   0.00206

  753.0   0.00196

  754.0   0.00193

  755.0   0.00188

  756.0   0.00182

  757.0   0.00172

  758.0   0.00169

  759.0   0.00166

  760.0   0.00164

  761.0   0.00158

  762.0   0.00148

  763.0   0.00145

  764.0   0.00137

  765.0   0.00134

  766.0   0.00129

  767.0   0.00124

  768.0   0.00124

  769.0   0.00113

  770.0   0.00119

  771.0   0.00119

  772.0   0.00122

  773.0   0.00125

  774.0   0.00119

  775.0   0.00117

  776.0   0.00120

  777.0   0.00114

  778.0   0.00115

  779.0   0.00118

  780.0   0.00115

  781.0   0.00104

  782.0   0.00107

  783.0   0.00110

  784.0   0.00110

  785.0   0.00108

  786.0   0.00113

  787.0   0.00108

  788.0   0.00108

  789.0   0.00108

  790.0   0.00100

  791.0   0.00103

  792.0   0.00095

  793.0   0.00092

  794.0   0.00089

  795.0   0.00084

  796.0   0.00090

  797.0   0.00087

  798.0   0.00087

  799.0   0.00081

  800.0   0.00073

 
