ser ID: DU600

Method ID: A:\DEFAULT

Date: 08/08/00

Time: 06:37

 200.0   3.14426

  201.0   2.51587

  202.0   3.25431

  203.0   2.81447

  204.0   3.02877

  205.0   3.36511

  206.0   3.39707

  207.0   3.12694

  208.0   3.15791

  209.0   3.49192

  210.0   3.04310

  211.0   3.54814

  212.0   2.97382

  213.0   3.00443

  214.0   3.33052

  215.0   3.65495

  216.0   3.67742

  217.0   2.92437

  218.0   3.24633

  219.0   3.74217

  220.0   3.75891

  221.0   3.77437

  222.0   3.78979

  223.0   3.80298

  224.0   3.81591

  225.0   3.82930

  226.0   3.84292

  227.0   3.85516

  228.0   3.86729

  229.0   3.87852

  230.0   3.89081

  231.0   3.90124

  232.0   3.91036

  233.0   3.91887

  234.0   3.92650

  235.0   3.93197

  236.0   3.93626

  237.0   3.93972

  238.0   3.94226

  239.0   3.94379

  240.0   3.94478

  241.0   3.94404

  242.0   3.94315

  243.0   3.94156

  244.0   3.63834

  245.0   3.93707

  246.0   3.15564

  247.0   3.23081

  248.0   2.97164

  249.0   2.92179

  250.0   2.80283

  251.0   2.65674

  252.0   2.49206

  253.0   2.33375

  254.0   2.19805

  255.0   2.08486

  256.0   1.93591

  257.0   1.80830

  258.0   1.70352

  259.0   1.57967

  260.0   1.49190

  261.0   1.41219

  262.0   1.32142

  263.0   1.26424

  264.0   1.20666

  265.0   1.16356

  266.0   1.11004

  267.0   1.07110

  268.0   1.03592

  269.0   0.99980

  270.0   0.96609

  271.0   0.93794

  272.0   0.90958

  273.0   0.88221

  274.0   0.84702

  275.0   0.82111

  276.0   0.79004

  277.0   0.76191

  278.0   0.73050

  279.0   0.70374

  280.0   0.67722

  281.0   0.64610

  282.0   0.62057

  283.0   0.59660

  284.0   0.57110

  285.0   0.54392

  286.0   0.51673

  287.0   0.48941

  288.0   0.46209

  289.0   0.43939

  290.0   0.41751

  291.0   0.39646

  292.0   0.37551

  293.0   0.35682

  294.0   0.33884

  295.0   0.31920

  296.0   0.30117

  297.0   0.28474

  298.0   0.26846

  299.0   0.25245

  300.0   0.24002

  301.0   0.22855

  302.0   0.21757

  303.0   0.21035

  304.0   0.20306

  305.0   0.19693

  306.0   0.19035

  307.0   0.18387

  308.0   0.17862

  309.0   0.17417

  310.0   0.17026

  311.0   0.16594

  312.0   0.16017

  313.0   0.15520

  314.0   0.15137

  315.0   0.14890

  316.0   0.14538

  317.0   0.14241

  318.0   0.13934

  319.0   0.13558

  320.0   0.13331

  321.0   0.13299

  322.0   0.13012

  323.0   0.12893

  324.0   0.12822

  325.0   0.12641

  326.0   0.12572

  327.0   0.12563

  328.0   0.12514

  329.0   0.12504

  330.0   0.12566

  331.0   0.12468

  332.0   0.12442

  333.0   0.12484

  334.0   0.12478

  335.0   0.12507

  336.0   0.12612

  337.0   0.12682

  338.0   0.12684

  339.0   0.12690

  340.0   0.12742

  341.0   0.12834

  342.0   0.12749

  343.0   0.12885

  344.0   0.12935

  345.0   0.12968

  346.0   0.12988

  347.0   0.12953

  348.0   0.13007

  349.0   0.13021

  350.0   0.12895

  351.0   0.12831

  352.0   0.12855

  353.0   0.12737

  354.0   0.12719

  355.0   0.12613

  356.0   0.12589

  357.0   0.12551

  358.0   0.12320

  359.0   0.12288

  360.0   0.12061

  361.0   0.11814

  362.0   0.11606

  363.0   0.11343

  364.0   0.11232

  365.0   0.10997

  366.0   0.10711

  367.0   0.10497

  368.0   0.10258

  369.0   0.10002

  370.0   0.09723

  371.0   0.09578

  372.0   0.09308

  373.0   0.09110

  374.0   0.08892

  375.0   0.08629

  376.0   0.08386

  377.0   0.08222

  378.0   0.07993

  379.0   0.07802

  380.0   0.07550

  381.0   0.07375

  382.0   0.07171

  383.0   0.06957

  384.0   0.06776

  385.0   0.06611

  386.0   0.06436

  387.0   0.06216

  388.0   0.06057

  389.0   0.05865

  390.0   0.05718

  391.0   0.05619

  392.0   0.05470

  393.0   0.05313

  394.0   0.05176

  395.0   0.05050

  396.0   0.04932

  397.0   0.04834

  398.0   0.04745

  399.0   0.04636

  400.0   0.04523

  401.0   0.04452

  402.0   0.04328

  403.0   0.04243

  404.0   0.04153

  405.0   0.04094

  406.0   0.04018

  407.0   0.03911

  408.0   0.03864

  409.0   0.03750

  410.0   0.03690

  411.0   0.03599

  412.0   0.03500

  413.0   0.03422

  414.0   0.03318

  415.0   0.03272

  416.0   0.03143

  417.0   0.03030

  418.0   0.02950

  419.0   0.02815

  420.0   0.02718

  421.0   0.02617

  422.0   0.02514

  423.0   0.02414

  424.0   0.02313

  425.0   0.02214

  426.0   0.02093

  427.0   0.02015

  428.0   0.01921

  429.0   0.01814

  430.0   0.01746

  431.0   0.01659

  432.0   0.01596

  433.0   0.01521

  434.0   0.01457

  435.0   0.01373

  436.0   0.01311

  437.0   0.01257

  438.0   0.01202

  439.0   0.01199

  440.0   0.01089

  441.0   0.01035

  442.0   0.00982

  443.0   0.00928

  444.0   0.00899

  445.0   0.00862

  446.0   0.00832

  447.0   0.00788

  448.0   0.00747

  449.0   0.00711

  450.0   0.00685

  451.0   0.00638

  452.0   0.00607

  453.0   0.00563

  454.0   0.00520

  455.0   0.00487

  456.0   0.00459

  457.0   0.00456

  458.0   0.00453

  459.0   0.00418

  460.0   0.00394

  461.0   0.00368

  462.0   0.00340

  463.0   0.00306

  464.0   0.00298

  465.0   0.00282

  466.0   0.00261

  467.0   0.00256

  468.0   0.00247

  469.0   0.00237

  470.0   0.00224

  471.0   0.00228

  472.0   0.00221

  473.0   0.00222

  474.0   0.00203

  475.0   0.00192

  476.0   0.00175

  477.0   0.00160

  478.0   0.00147

  479.0   0.00142

  480.0   0.00133

  481.0   0.00120

  482.0   0.00118

  483.0   0.00108

  484.0   0.00094

  485.0   0.00086

  486.0   0.00077

  487.0   0.00076

  488.0   0.00068

  489.0   0.00061

  490.0   0.00058

  491.0   0.00055

  492.0   0.00043

  493.0   0.00037

  494.0   0.00038

  495.0   0.00036

  496.0   0.00033

  497.0   0.00033

  498.0   0.00037

  499.0   0.00032

  500.0   0.00030

  501.0   0.00032

  502.0   0.00038

  503.0   0.00037

  504.0   0.00037

  505.0   0.00037

  506.0   0.00040

  507.0   0.00034

  508.0   0.00036

  509.0   0.00034

  510.0   0.00039

  511.0   0.00045

  512.0   0.00043

  513.0   0.00044

  514.0   0.00048

  515.0   0.00048

  516.0   0.00044

  517.0   0.00040

  518.0   0.00044

  519.0   0.00042

  520.0   0.00049

  521.0   0.00047

  522.0   0.00052

  523.0   0.00054

  524.0   0.00058

  525.0   0.00065

  526.0   0.00074

  527.0   0.00079

  528.0   0.00085

  529.0   0.00088

  530.0   0.00092

  531.0   0.00096

  532.0   0.00101

  533.0   0.00105

  534.0   0.00109

  535.0   0.00113

  536.0   0.00110

  537.0   0.00110

  538.0   0.00112

  539.0   0.00116

  540.0   0.00117

  541.0   0.00122

  542.0   0.00134

  543.0   0.00140

  544.0   0.00145

  545.0   0.00155

  546.0   0.00162

  547.0   0.00168

  548.0   0.00177

  549.0   0.00181

  550.0   0.00182

  551.0   0.00182

  552.0   0.00188

  553.0   0.00186

  554.0   0.00187

  555.0   0.00184

  556.0   0.00184

  557.0   0.00344

  558.0   0.00332

  559.0   0.00325

  560.0   0.00317

  561.0   0.00315

  562.0   0.00307

  563.0   0.00301

  564.0   0.00296

  565.0   0.00294

  566.0   0.00292

  567.0   0.00288

  568.0   0.00288

  569.0   0.00282

  570.0   0.00286

  571.0   0.00276

  572.0   0.00276

  573.0   0.00270

  574.0   0.00264

  575.0   0.00258

  576.0   0.00254

  577.0   0.00256

  578.0   0.00251

  579.0   0.00253

  580.0   0.00256

  581.0   0.00248

  582.0   0.00253

  583.0   0.00253

  584.0   0.00256

  585.0   0.00258

  586.0   0.00267

  587.0   0.00278

  588.0   0.00285

  589.0   0.00285

  590.0   0.00285

  591.0   0.00286

  592.0   0.00290

  593.0   0.00291

  594.0   0.00293

  595.0   0.00295

  596.0   0.00301

  597.0   0.00309

  598.0   0.00315

  599.0   0.00317

  600.0   0.00323

  601.0   0.00324

  602.0   0.00326

  603.0   0.00325

  604.0   0.00324

  605.0   0.00319

  606.0   0.00316

  607.0   0.00317

  608.0   0.00318

  609.0   0.00315

  610.0   0.00316

  611.0   0.00317

  612.0   0.00320

  613.0   0.00321

  614.0   0.00320

  615.0   0.00323

  616.0   0.00327

  617.0   0.00326

  618.0   0.00325

  619.0   0.00328

  620.0   0.00329

  621.0   0.00334

  622.0   0.00331

  623.0   0.00334

  624.0   0.00328

  625.0   0.00319

  626.0   0.00311

  627.0   0.00308

  628.0   0.00306

  629.0   0.00309

  630.0   0.00309

  631.0   0.00310

  632.0   0.00305

  633.0   0.00303

  634.0   0.00303

  635.0   0.00306

  636.0   0.00307

  637.0   0.00307

  638.0   0.00312

  639.0   0.00313

  640.0   0.00315

  641.0   0.00316

  642.0   0.00313

  643.0   0.00311

  644.0   0.00313

  645.0   0.00313

  646.0   0.00315

  647.0   0.00320

  648.0   0.00322

  649.0   0.00325

  650.0   0.00327

  651.0   0.00322

  652.0   0.00319

  653.0   0.00317

  654.0   0.00316

  655.0   0.00315

  656.0   0.00313

  657.0   0.00314

  658.0   0.00321

  659.0   0.00321

  660.0   0.00315

  661.0   0.00317

  662.0   0.00312

  663.0   0.00308

  664.0   0.00310

  665.0   0.00305

  666.0   0.00306

  667.0   0.00303

  668.0   0.00297

  669.0   0.00299

  670.0   0.00294

  671.0   0.00293

  672.0   0.00295

  673.0   0.00293

  674.0   0.00297

  675.0   0.00297

  676.0   0.00289

  677.0   0.00286

  678.0   0.00279

  679.0   0.00278

  680.0   0.00276

  681.0   0.00279

  682.0   0.00280

  683.0   0.00279

  684.0   0.00281

  685.0   0.00282

  686.0   0.00278

  687.0   0.00279

  688.0   0.00277

  689.0   0.00272

  690.0   0.00274

  691.0   0.00269

  692.0   0.00269

  693.0   0.00271

  694.0   0.00265

  695.0   0.00267

  696.0   0.00259

  697.0   0.00254

  698.0   0.00254

  699.0   0.00245

  700.0   0.00245

  701.0   0.00246

  702.0   0.00242

  703.0   0.00237

  704.0   0.00234

  705.0   0.00228

  706.0   0.00229

  707.0   0.00229

  708.0   0.00226

  709.0   0.00221

  710.0   0.00213

  711.0   0.00212

  712.0   0.00207

  713.0   0.00198

  714.0   0.00198

  715.0   0.00197

  716.0   0.00194

  717.0   0.00195

  718.0   0.00195

  719.0   0.00185

  720.0   0.00183

  721.0   0.00180

  722.0   0.00175

  723.0   0.00167

  724.0   0.00164

  725.0   0.00157

  726.0   0.00156

  727.0   0.00159

  728.0   0.00151

  729.0   0.00150

  730.0   0.00149

  731.0   0.00141

  732.0   0.00137

  733.0   0.00138

  734.0   0.00134

  735.0   0.00140

  736.0   0.00338

  737.0   0.00321

  738.0   0.00306

  739.0   0.00292

  740.0   0.00274

  741.0   0.00260

  742.0   0.00249

  743.0   0.00232

  744.0   0.00226

  745.0   0.00218

  746.0   0.00209

  747.0   0.00204

  748.0   0.00190

  749.0   0.00182

  750.0   0.00182

  751.0   0.00179

  752.0   0.00163

  753.0   0.00155

  754.0   0.00160

  755.0   0.00147

  756.0   0.00139

  757.0   0.00131

  758.0   0.00125

  759.0   0.00123

  760.0   0.00117

  761.0   0.00120

  762.0   0.00109

  763.0   0.00107

  764.0   0.00104

  765.0   0.00101

  766.0   0.00099

  767.0   0.00096

  768.0   0.00096

  769.0   0.00085

  770.0   0.00083

  771.0   0.00083

  772.0   0.00080

  773.0   0.00080

  774.0   0.00080

  775.0   0.00078

  776.0   0.00078

  777.0   0.00072

  778.0   0.00075

  779.0   0.00076

  780.0   0.00073

  781.0   0.00070

  782.0   0.00065

  783.0   0.00073

  784.0   0.00073

  785.0   0.00065

  786.0   0.00065

  787.0   0.00057

  788.0   0.00057

  789.0   0.00051

  790.0   0.00049

  791.0   0.00054

  792.0   0.00046

  793.0   0.00043

  794.0   0.00040

  795.0   0.00032

  796.0   0.00040

  797.0   0.00038

  798.0   0.00032

  799.0   0.00035

  800.0   0.00023

 
