ser ID: DU600

Method ID: A:\DEFAULT

Date: 08/08/00

Time: 05:20

 200.0   3.14426

  201.0   3.21484

  202.0   3.25431

  203.0   3.29159

  204.0   3.32980

  205.0   3.36511

  206.0   3.09604

  207.0   3.12694

  208.0   3.45894

  209.0   3.49192

  210.0   3.52022

  211.0   3.24711

  212.0   3.57588

  213.0   3.60649

  214.0   3.63155

  215.0   3.17782

  216.0   3.67742

  217.0   3.70252

  218.0   3.24633

  219.0   3.44114

  220.0   3.75891

  221.0   3.77437

  222.0   3.78979

  223.0   3.80298

  224.0   3.81591

  225.0   3.82930

  226.0   3.84292

  227.0   3.85516

  228.0   3.86729

  229.0   3.10037

  230.0   3.89081

  231.0   3.05614

  232.0   3.30830

  233.0   3.91887

  234.0   3.92650

  235.0   3.15381

  236.0   3.93626

  237.0   3.93972

  238.0   3.94226

  239.0   3.94379

  240.0   3.94478

  241.0   3.94404

  242.0   3.94315

  243.0   3.94156

  244.0   3.63834

  245.0   3.23810

  246.0   3.93379

  247.0   3.62875

  248.0   3.14773

  249.0   3.01870

  250.0   3.43965

  251.0   2.87062

  252.0   2.90704

  253.0   2.67150

  254.0   2.46566

  255.0   2.27825

  256.0   2.19511

  257.0   2.05411

  258.0   1.87815

  259.0   1.75688

  260.0   1.65429

  261.0   1.56687

  262.0   1.48415

  263.0   1.40557

  264.0   1.34611

  265.0   1.29732

  266.0   1.24405

  267.0   1.20445

  268.0   1.16305

  269.0   1.12406

  270.0   1.08786

  271.0   1.05948

  272.0   1.03150

  273.0   0.99670

  274.0   0.96111

  275.0   0.93120

  276.0   0.89981

  277.0   0.86518

  278.0   0.82973

  279.0   0.79874

  280.0   0.77208

  281.0   0.73581

  282.0   0.70515

  283.0   0.67487

  284.0   0.64615

  285.0   0.61121

  286.0   0.58083

  287.0   0.55113

  288.0   0.51807

  289.0   0.49131

  290.0   0.46411

  291.0   0.43953

  292.0   0.41543

  293.0   0.39247

  294.0   0.37060

  295.0   0.34792

  296.0   0.32779

  297.0   0.30860

  298.0   0.28882

  299.0   0.26969

  300.0   0.25395

  301.0   0.24152

  302.0   0.22766

  303.0   0.21775

  304.0   0.20833

  305.0   0.19882

  306.0   0.18988

  307.0   0.18270

  308.0   0.17547

  309.0   0.16963

  310.0   0.16372

  311.0   0.15868

  312.0   0.15207

  313.0   0.14718

  314.0   0.14283

  315.0   0.13899

  316.0   0.13563

  317.0   0.13294

  318.0   0.13003

  319.0   0.12656

  320.0   0.12370

  321.0   0.12382

  322.0   0.12084

  323.0   0.12054

  324.0   0.12059

  325.0   0.12018

  326.0   0.12012

  327.0   0.12066

  328.0   0.12199

  329.0   0.12347

  330.0   0.12500

  331.0   0.12520

  332.0   0.12808

  333.0   0.12850

  334.0   0.13011

  335.0   0.13234

  336.0   0.13493

  337.0   0.13755

  338.0   0.13922

  339.0   0.14235

  340.0   0.14541

  341.0   0.14851

  342.0   0.15072

  343.0   0.15371

  344.0   0.15663

  345.0   0.15925

  346.0   0.16174

  347.0   0.16407

  348.0   0.16485

  349.0   0.16808

  350.0   0.16898

  351.0   0.17001

  352.0   0.17149

  353.0   0.17206

  354.0   0.17264

  355.0   0.17313

  356.0   0.17289

  357.0   0.17372

  358.0   0.17252

  359.0   0.17174

  360.0   0.16996

  361.0   0.16753

  362.0   0.16463

  363.0   0.16313

  364.0   0.16157

  365.0   0.15877

  366.0   0.15560

  367.0   0.15267

  368.0   0.14963

  369.0   0.14702

  370.0   0.14361

  371.0   0.14116

  372.0   0.13758

  373.0   0.13462

  374.0   0.13183

  375.0   0.12821

  376.0   0.12502

  377.0   0.12202

  378.0   0.11850

  379.0   0.11550

  380.0   0.11292

  381.0   0.10967

  382.0   0.10681

  383.0   0.10421

  384.0   0.10147

  385.0   0.09832

  386.0   0.09563

  387.0   0.09316

  388.0   0.09033

  389.0   0.08734

  390.0   0.08508

  391.0   0.08335

  392.0   0.08099

  393.0   0.07904

  394.0   0.07673

  395.0   0.07448

  396.0   0.07231

  397.0   0.07052

  398.0   0.06937

  399.0   0.06727

  400.0   0.06577

  401.0   0.06434

  402.0   0.06271

  403.0   0.06139

  404.0   0.06011

  405.0   0.05930

  406.0   0.05815

  407.0   0.05663

  408.0   0.05524

  409.0   0.05421

  410.0   0.05302

  411.0   0.05190

  412.0   0.05064

  413.0   0.04926

  414.0   0.04782

  415.0   0.04704

  416.0   0.04528

  417.0   0.04390

  418.0   0.04244

  419.0   0.04079

  420.0   0.03964

  421.0   0.03821

  422.0   0.03684

  423.0   0.03553

  424.0   0.03396

  425.0   0.03254

  426.0   0.03097

  427.0   0.02980

  428.0   0.02848

  429.0   0.02702

  430.0   0.02593

  431.0   0.02464

  432.0   0.02364

  433.0   0.02256

  434.0   0.02162

  435.0   0.02049

  436.0   0.01948

  437.0   0.01874

  438.0   0.01789

  439.0   0.01763

  440.0   0.01621

  441.0   0.01537

  442.0   0.01454

  443.0   0.01382

  444.0   0.01322

  445.0   0.01264

  446.0   0.01205

  447.0   0.01141

  448.0   0.01091

  449.0   0.01041

  450.0   0.00985

  451.0   0.00918

  452.0   0.00874

  453.0   0.00806

  454.0   0.00753

  455.0   0.00705

  456.0   0.00659

  457.0   0.00638

  458.0   0.00621

  459.0   0.00577

  460.0   0.00536

  461.0   0.00496

  462.0   0.00468

  463.0   0.00435

  464.0   0.00402

  465.0   0.00381

  466.0   0.00351

  467.0   0.00345

  468.0   0.00318

  469.0   0.00304

  470.0   0.00282

  471.0   0.00274

  472.0   0.00257

  473.0   0.00250

  474.0   0.00230

  475.0   0.00218

  476.0   0.00204

  477.0   0.00182

  478.0   0.00161

  479.0   0.00139

  480.0   0.00128

  481.0   0.00120

  482.0   0.00105

  483.0   0.00094

  484.0   0.00075

  485.0   0.00064

  486.0   0.00054

  487.0   0.00051

  488.0   0.00041

  489.0   0.00029

  490.0   0.00022

  491.0   0.00013

  492.0   0.00004

  493.0  -0.00009

  494.0  -0.00008

  495.0  -0.00015

  496.0  -0.00017

  497.0  -0.00019

  498.0  -0.00022

  499.0  -0.00022

  500.0  -0.00028

  501.0  -0.00032

  502.0  -0.00036

  503.0  -0.00043

  504.0  -0.00047

  505.0  -0.00046

  506.0  -0.00042

  507.0  -0.00048

  508.0  -0.00051

  509.0  -0.00055

  510.0  -0.00047

  511.0  -0.00050

  512.0  -0.00046

  513.0  -0.00052

  514.0  -0.00052

  515.0  -0.00055

  516.0  -0.00055

  517.0  -0.00060

  518.0  -0.00064

  519.0  -0.00069

  520.0  -0.00069

  521.0  -0.00074

  522.0  -0.00074

  523.0  -0.00074

  524.0  -0.00074

  525.0  -0.00066

  526.0  -0.00061

  527.0  -0.00056

  528.0  -0.00049

  529.0  -0.00047

  530.0  -0.00043

  531.0  -0.00043

  532.0  -0.00047

  533.0  -0.00045

  534.0  -0.00051

  535.0  -0.00049

  536.0  -0.00049

  537.0  -0.00055

  538.0  -0.00053

  539.0  -0.00050

  540.0  -0.00050

  541.0  -0.00046

  542.0  -0.00045

  543.0  -0.00045

  544.0  -0.00043

  545.0  -0.00041

  546.0  -0.00039

  547.0  -0.00037

  548.0  -0.00033

  549.0  -0.00032

  550.0  -0.00032

  551.0  -0.00036

  552.0  -0.00028

  553.0  -0.00038

  554.0  -0.00037

  555.0  -0.00039

  556.0  -0.00042

  557.0   0.00073

  558.0   0.00059

  559.0   0.00057

  560.0   0.00052

  561.0   0.00049

  562.0   0.00045

  563.0   0.00040

  564.0   0.00037

  565.0   0.00035

  566.0   0.00039

  567.0   0.00035

  568.0   0.00030

  569.0   0.00021

  570.0   0.00021

  571.0   0.00017

  572.0   0.00017

  573.0   0.00012

  574.0   0.00004

  575.0  -0.00000

  576.0  -0.00004

  577.0  -0.00004

  578.0  -0.00006

  579.0  -0.00002

  580.0  -0.00004

  581.0  -0.00006

  582.0  -0.00004

  583.0  -0.00006

  584.0  -0.00006

  585.0  -0.00004

  586.0  -0.00000

  587.0   0.00008

  588.0   0.00009

  589.0   0.00008

  590.0   0.00002

  591.0   0.00007

  592.0   0.00009

  593.0   0.00015

  594.0   0.00013

  595.0   0.00013

  596.0   0.00016

  597.0   0.00018

  598.0   0.00022

  599.0   0.00023

  600.0   0.00023

  601.0   0.00023

  602.0   0.00032

  603.0   0.00032

  604.0   0.00034

  605.0   0.00032

  606.0   0.00028

  607.0   0.00028

  608.0   0.00028

  609.0   0.00021

  610.0   0.00021

  611.0   0.00024

  612.0   0.00024

  613.0   0.00024

  614.0   0.00026

  615.0   0.00027

  616.0   0.00027

  617.0   0.00022

  618.0   0.00014

  619.0   0.00020

  620.0   0.00022

  621.0   0.00027

  622.0   0.00024

  623.0   0.00025

  624.0   0.00023

  625.0   0.00020

  626.0   0.00015

  627.0   0.00015

  628.0   0.00012

  629.0   0.00013

  630.0   0.00015

  631.0   0.00012

  632.0   0.00010

  633.0   0.00007

  634.0   0.00005

  635.0   0.00005

  636.0   0.00007

  637.0   0.00007

  638.0   0.00008

  639.0   0.00005

  640.0   0.00008

  641.0   0.00008

  642.0   0.00010

  643.0   0.00012

  644.0   0.00013

  645.0   0.00013

  646.0   0.00015

  647.0   0.00020

  648.0   0.00018

  649.0   0.00020

  650.0   0.00021

  651.0   0.00018

  652.0   0.00017

  653.0   0.00015

  654.0   0.00015

  655.0   0.00012

  656.0   0.00012

  657.0   0.00012

  658.0   0.00018

  659.0   0.00023

  660.0   0.00022

  661.0   0.00027

  662.0   0.00018

  663.0   0.00017

  664.0   0.00015

  665.0   0.00010

  666.0   0.00012

  667.0   0.00007

  668.0   0.00002

  669.0   0.00003

  670.0   0.00002

  671.0   0.00002

  672.0   0.00002

  673.0   0.00002

  674.0   0.00003

  675.0   0.00010

  676.0   0.00007

  677.0   0.00005

  678.0  -0.00002

  679.0  -0.00000

  680.0  -0.00000

  681.0  -0.00003

  682.0   0.00002

  683.0  -0.00002

  684.0  -0.00004

  685.0  -0.00002

  686.0  -0.00000

  687.0  -0.00000

  688.0   0.00004

  689.0  -0.00000

  690.0   0.00002

  691.0  -0.00000

  692.0   0.00004

  693.0   0.00007

  694.0   0.00002

  695.0  -0.00002

  696.0  -0.00006

  697.0  -0.00009

  698.0  -0.00009

  699.0  -0.00015

  700.0  -0.00013

  701.0  -0.00010

  702.0  -0.00011

  703.0  -0.00013

  704.0  -0.00014

  705.0  -0.00016

  706.0  -0.00012

  707.0  -0.00012

  708.0  -0.00010

  709.0  -0.00012

  710.0  -0.00016

  711.0  -0.00020

  712.0  -0.00022

  713.0  -0.00029

  714.0  -0.00029

  715.0  -0.00031

  716.0  -0.00033

  717.0  -0.00038

  718.0  -0.00034

  719.0  -0.00040

  720.0  -0.00043

  721.0  -0.00045

  722.0  -0.00044

  723.0  -0.00053

  724.0  -0.00053

  725.0  -0.00056

  726.0  -0.00058

  727.0  -0.00054

  728.0  -0.00064

  729.0  -0.00060

  730.0  -0.00063

  731.0  -0.00063

  732.0  -0.00061

  733.0  -0.00059

  734.0  -0.00065

  735.0  -0.00062

  736.0   0.00086

  737.0   0.00072

  738.0   0.00058

  739.0   0.00044

  740.0   0.00038

  741.0   0.00022

  742.0   0.00019

  743.0   0.00011

  744.0   0.00008

  745.0  -0.00003

  746.0  -0.00008

  747.0  -0.00011

  748.0  -0.00016

  749.0  -0.00024

  750.0  -0.00030

  751.0  -0.00027

  752.0  -0.00041

  753.0  -0.00043

  754.0  -0.00046

  755.0  -0.00049

  756.0  -0.00052

  757.0  -0.00057

  758.0  -0.00065

  759.0  -0.00057

  760.0  -0.00060

  761.0  -0.00060

  762.0  -0.00071

  763.0  -0.00071

  764.0  -0.00077

  765.0  -0.00082

  766.0  -0.00085

  767.0  -0.00090

  768.0  -0.00091

  769.0  -0.00099

  770.0  -0.00105

  771.0  -0.00099

  772.0  -0.00097

  773.0  -0.00094

  774.0  -0.00097

  775.0  -0.00097

  776.0  -0.00094

  777.0  -0.00097

  778.0  -0.00098

  779.0  -0.00103

  780.0  -0.00109

  781.0  -0.00109

  782.0  -0.00112

  783.0  -0.00107

  784.0  -0.00107

  785.0  -0.00110

  786.0  -0.00110

  787.0  -0.00116

  788.0  -0.00116

  789.0  -0.00117

  790.0  -0.00114

  791.0  -0.00094

  792.0  -0.00077

  793.0  -0.00069

  794.0  -0.00063

  795.0  -0.00069

  796.0  -0.00058

  797.0  -0.00061

  798.0  -0.00058

  799.0  -0.00061

  800.0  -0.00067

 
