ser ID: DU600

Method ID: A:\DEFAULT

Date: 08/08/00

Time: 04:48

 200.0   3.14426

  201.0   2.61278

  202.0   3.25431

  203.0   2.81447

  204.0   3.32980

  205.0   3.36511

  206.0   3.39707

  207.0   3.42797

  208.0   3.45894

  209.0   3.49192

  210.0   3.52022

  211.0   3.07102

  212.0   3.27485

  213.0   3.12937

  214.0   2.93258

  215.0   3.65495

  216.0   3.37639

  217.0   3.70252

  218.0   3.42243

  219.0   3.74217

  220.0   3.75891

  221.0   3.77437

  222.0   3.31267

  223.0   3.80298

  224.0   2.97081

  225.0   3.82930

  226.0   3.84292

  227.0   3.85516

  228.0   3.86729

  229.0   3.87852

  230.0   3.89081

  231.0   3.90124

  232.0   3.43324

  233.0   3.44175

  234.0   3.44938

  235.0   3.93197

  236.0   3.93626

  237.0   3.93972

  238.0   3.94226

  239.0   3.94379

  240.0   3.94478

  241.0   3.94404

  242.0   3.94315

  243.0   3.64053

  244.0   3.93937

  245.0   3.45994

  246.0   3.63276

  247.0   3.92978

  248.0   3.92588

  249.0   3.44467

  250.0   3.91677

  251.0   3.30995

  252.0   3.00395

  253.0   2.72586

  254.0   2.53529

  255.0   2.38589

  256.0   2.23209

  257.0   2.12431

  258.0   2.01046

  259.0   1.86747

  260.0   1.75731

  261.0   1.66715

  262.0   1.57592

  263.0   1.49343

  264.0   1.42614

  265.0   1.36321

  266.0   1.31081

  267.0   1.27211

  268.0   1.22951

  269.0   1.19146

  270.0   1.15904

  271.0   1.12563

  272.0   1.09370

  273.0   1.06645

  274.0   1.02838

  275.0   0.99111

  276.0   0.96000

  277.0   0.92960

  278.0   0.89274

  279.0   0.85926

  280.0   0.82643

  281.0   0.79006

  282.0   0.75681

  283.0   0.72594

  284.0   0.69059

  285.0   0.65343

  286.0   0.62073

  287.0   0.58632

  288.0   0.55238

  289.0   0.52244

  290.0   0.49503

  291.0   0.46890

  292.0   0.44152

  293.0   0.41791

  294.0   0.39457

  295.0   0.36863

  296.0   0.34564

  297.0   0.32431

  298.0   0.30343

  299.0   0.28204

  300.0   0.26456

  301.0   0.24978

  302.0   0.23507

  303.0   0.22328

  304.0   0.21268

  305.0   0.20324

  306.0   0.19283

  307.0   0.18328

  308.0   0.17489

  309.0   0.16824

  310.0   0.16165

  311.0   0.15602

  312.0   0.14905

  313.0   0.14334

  314.0   0.13885

  315.0   0.13523

  316.0   0.13137

  317.0   0.12733

  318.0   0.12425

  319.0   0.12109

  320.0   0.11880

  321.0   0.11838

  322.0   0.11652

  323.0   0.11583

  324.0   0.11599

  325.0   0.11620

  326.0   0.11638

  327.0   0.11782

  328.0   0.11862

  329.0   0.12086

  330.0   0.12291

  331.0   0.12533

  332.0   0.12808

  333.0   0.13007

  334.0   0.13340

  335.0   0.13681

  336.0   0.14086

  337.0   0.14468

  338.0   0.14794

  339.0   0.15149

  340.0   0.15537

  341.0   0.15956

  342.0   0.16329

  343.0   0.16820

  344.0   0.17251

  345.0   0.17627

  346.0   0.18018

  347.0   0.18369

  348.0   0.18725

  349.0   0.19073

  350.0   0.19237

  351.0   0.19473

  352.0   0.19701

  353.0   0.19841

  354.0   0.20023

  355.0   0.20071

  356.0   0.20114

  357.0   0.20226

  358.0   0.20100

  359.0   0.20056

  360.0   0.19995

  361.0   0.19691

  362.0   0.19481

  363.0   0.19167

  364.0   0.18980

  365.0   0.18631

  366.0   0.18377

  367.0   0.18021

  368.0   0.17696

  369.0   0.17357

  370.0   0.16953

  371.0   0.16694

  372.0   0.16315

  373.0   0.15956

  374.0   0.15558

  375.0   0.15193

  376.0   0.14783

  377.0   0.14474

  378.0   0.14088

  379.0   0.13795

  380.0   0.13418

  381.0   0.13052

  382.0   0.12690

  383.0   0.12362

  384.0   0.12021

  385.0   0.11672

  386.0   0.11328

  387.0   0.10959

  388.0   0.10667

  389.0   0.10309

  390.0   0.10032

  391.0   0.09787

  392.0   0.09506

  393.0   0.09241

  394.0   0.08959

  395.0   0.08749

  396.0   0.08500

  397.0   0.08283

  398.0   0.08098

  399.0   0.07864

  400.0   0.07675

  401.0   0.07512

  402.0   0.07314

  403.0   0.07170

  404.0   0.07011

  405.0   0.06865

  406.0   0.06744

  407.0   0.06579

  408.0   0.06414

  409.0   0.06270

  410.0   0.06110

  411.0   0.05985

  412.0   0.05836

  413.0   0.05697

  414.0   0.05559

  415.0   0.05489

  416.0   0.05212

  417.0   0.05042

  418.0   0.04906

  419.0   0.04720

  420.0   0.04587

  421.0   0.04428

  422.0   0.04248

  423.0   0.04118

  424.0   0.03944

  425.0   0.03788

  426.0   0.03623

  427.0   0.03492

  428.0   0.03326

  429.0   0.03167

  430.0   0.03040

  431.0   0.02892

  432.0   0.02781

  433.0   0.02643

  434.0   0.02534

  435.0   0.02406

  436.0   0.02290

  437.0   0.02186

  438.0   0.02083

  439.0   0.02035

  440.0   0.01866

  441.0   0.01767

  442.0   0.01674

  443.0   0.01594

  444.0   0.01521

  445.0   0.01459

  446.0   0.01383

  447.0   0.01308

  448.0   0.01241

  449.0   0.01180

  450.0   0.01123

  451.0   0.01049

  452.0   0.00996

  453.0   0.00922

  454.0   0.00851

  455.0   0.00798

  456.0   0.00747

  457.0   0.00717

  458.0   0.00687

  459.0   0.00634

  460.0   0.00593

  461.0   0.00545

  462.0   0.00508

  463.0   0.00475

  464.0   0.00437

  465.0   0.00396

  466.0   0.00363

  467.0   0.00337

  468.0   0.00308

  469.0   0.00297

  470.0   0.00272

  471.0   0.00261

  472.0   0.00234

  473.0   0.00225

  474.0   0.00209

  475.0   0.00192

  476.0   0.00169

  477.0   0.00140

  478.0   0.00120

  479.0   0.00099

  480.0   0.00083

  481.0   0.00067

  482.0   0.00058

  483.0   0.00042

  484.0   0.00022

  485.0   0.00007

  486.0  -0.00002

  487.0  -0.00009

  488.0  -0.00021

  489.0  -0.00038

  490.0  -0.00042

  491.0  -0.00057

  492.0  -0.00072

  493.0  -0.00082

  494.0  -0.00087

  495.0  -0.00088

  496.0  -0.00096

  497.0  -0.00099

  498.0  -0.00102

  499.0  -0.00113

  500.0  -0.00116

  501.0  -0.00115

  502.0  -0.00120

  503.0  -0.00125

  504.0  -0.00130

  505.0  -0.00131

  506.0  -0.00134

  507.0  -0.00143

  508.0  -0.00148

  509.0  -0.00153

  510.0  -0.00150

  511.0  -0.00151

  512.0  -0.00154

  513.0  -0.00159

  514.0  -0.00156

  515.0  -0.00159

  516.0  -0.00164

  517.0  -0.00166

  518.0  -0.00167

  519.0  -0.00176

  520.0  -0.00175

  521.0  -0.00178

  522.0  -0.00176

  523.0  -0.00183

  524.0  -0.00183

  525.0  -0.00185

  526.0  -0.00181

  527.0  -0.00176

  528.0  -0.00174

  529.0  -0.00180

  530.0  -0.00176

  531.0  -0.00180

  532.0  -0.00186

  533.0  -0.00186

  534.0  -0.00190

  535.0  -0.00192

  536.0  -0.00196

  537.0  -0.00197

  538.0  -0.00194

  539.0  -0.00193

  540.0  -0.00199

  541.0  -0.00198

  542.0  -0.00194

  543.0  -0.00191

  544.0  -0.00187

  545.0  -0.00187

  546.0  -0.00186

  547.0  -0.00184

  548.0  -0.00180

  549.0  -0.00184

  550.0  -0.00184

  551.0  -0.00189

  552.0  -0.00189

  553.0  -0.00197

  554.0  -0.00198

  555.0  -0.00201

  556.0  -0.00205

  557.0  -0.00175

  558.0  -0.00176

  559.0  -0.00178

  560.0  -0.00180

  561.0  -0.00184

  562.0  -0.00185

  563.0  -0.00190

  564.0  -0.00193

  565.0  -0.00192

  566.0  -0.00189

  567.0  -0.00189

  568.0  -0.00190

  569.0  -0.00191

  570.0  -0.00190

  571.0  -0.00195

  572.0  -0.00195

  573.0  -0.00200

  574.0  -0.00203

  575.0  -0.00210

  576.0  -0.00218

  577.0  -0.00211

  578.0  -0.00216

  579.0  -0.00212

  580.0  -0.00213

  581.0  -0.00215

  582.0  -0.00212

  583.0  -0.00217

  584.0  -0.00216

  585.0  -0.00217

  586.0  -0.00216

  587.0  -0.00212

  588.0  -0.00211

  589.0  -0.00214

  590.0  -0.00218

  591.0  -0.00216

  592.0  -0.00215

  593.0  -0.00217

  594.0  -0.00216

  595.0  -0.00215

  596.0  -0.00212

  597.0  -0.00212

  598.0  -0.00212

  599.0  -0.00213

  600.0  -0.00212

  601.0  -0.00213

  602.0  -0.00218

  603.0  -0.00221

  604.0  -0.00220

  605.0  -0.00223

  606.0  -0.00224

  607.0  -0.00226

  608.0  -0.00222

  609.0  -0.00228

  610.0  -0.00233

  611.0  -0.00234

  612.0  -0.00235

  613.0  -0.00238

  614.0  -0.00239

  615.0  -0.00237

  616.0  -0.00231

  617.0  -0.00231

  618.0  -0.00234

  619.0  -0.00230

  620.0  -0.00234

  621.0  -0.00230

  622.0  -0.00235

  623.0  -0.00236

  624.0  -0.00236

  625.0  -0.00239

  626.0  -0.00240

  627.0  -0.00238

  628.0  -0.00236

  629.0  -0.00238

  630.0  -0.00237

  631.0  -0.00237

  632.0  -0.00242

  633.0  -0.00245

  634.0  -0.00243

  635.0  -0.00246

  636.0  -0.00246

  637.0  -0.00246

  638.0  -0.00244

  639.0  -0.00242

  640.0  -0.00239

  641.0  -0.00240

  642.0  -0.00242

  643.0  -0.00244

  644.0  -0.00242

  645.0  -0.00242

  646.0  -0.00239

  647.0  -0.00235

  648.0  -0.00232

  649.0  -0.00236

  650.0  -0.00234

  651.0  -0.00239

  652.0  -0.00242

  653.0  -0.00244

  654.0  -0.00243

  655.0  -0.00245

  656.0  -0.00245

  657.0  -0.00250

  658.0  -0.00239

  659.0  -0.00233

  660.0  -0.00233

  661.0  -0.00230

  662.0  -0.00237

  663.0  -0.00237

  664.0  -0.00238

  665.0  -0.00238

  666.0  -0.00238

  667.0  -0.00239

  668.0  -0.00244

  669.0  -0.00245

  670.0  -0.00247

  671.0  -0.00241

  672.0  -0.00238

  673.0  -0.00237

  674.0  -0.00235

  675.0  -0.00232

  676.0  -0.00234

  677.0  -0.00237

  678.0  -0.00237

  679.0  -0.00235

  680.0  -0.00236

  681.0  -0.00233

  682.0  -0.00232

  683.0  -0.00232

  684.0  -0.00236

  685.0  -0.00230

  686.0  -0.00229

  687.0  -0.00228

  688.0  -0.00227

  689.0  -0.00226

  690.0  -0.00229

  691.0  -0.00235

  692.0  -0.00231

  693.0  -0.00228

  694.0  -0.00231

  695.0  -0.00234

  696.0  -0.00237

  697.0  -0.00232

  698.0  -0.00232

  699.0  -0.00237

  700.0  -0.00232

  701.0  -0.00228

  702.0  -0.00229

  703.0  -0.00232

  704.0  -0.00237

  705.0  -0.00236

  706.0  -0.00236

  707.0  -0.00231

  708.0  -0.00229

  709.0  -0.00232

  710.0  -0.00234

  711.0  -0.00231

  712.0  -0.00228

  713.0  -0.00234

  714.0  -0.00234

  715.0  -0.00233

  716.0  -0.00233

  717.0  -0.00232

  718.0  -0.00232

  719.0  -0.00238

  720.0  -0.00235

  721.0  -0.00239

  722.0  -0.00234

  723.0  -0.00239

  724.0  -0.00238

  725.0  -0.00238

  726.0  -0.00240

  727.0  -0.00238

  728.0  -0.00242

  729.0  -0.00239

  730.0  -0.00241

  731.0  -0.00240

  732.0  -0.00240

  733.0  -0.00237

  734.0  -0.00241

  735.0  -0.00240

  736.0  -0.00152

  737.0  -0.00162

  738.0  -0.00165

  739.0  -0.00170

  740.0  -0.00180

  741.0  -0.00185

  742.0  -0.00190

  743.0  -0.00196

  744.0  -0.00203

  745.0  -0.00203

  746.0  -0.00206

  747.0  -0.00203

  748.0  -0.00206

  749.0  -0.00205

  750.0  -0.00208

  751.0  -0.00211

  752.0  -0.00219

  753.0  -0.00216

  754.0  -0.00214

  755.0  -0.00219

  756.0  -0.00219

  757.0  -0.00222

  758.0  -0.00223

  759.0  -0.00217

  760.0  -0.00217

  761.0  -0.00218

  762.0  -0.00226

  763.0  -0.00226

  764.0  -0.00229

  765.0  -0.00229

  766.0  -0.00235

  767.0  -0.00238

  768.0  -0.00241

  769.0  -0.00247

  770.0  -0.00253

  771.0  -0.00250

  772.0  -0.00245

  773.0  -0.00246

  774.0  -0.00249

  775.0  -0.00255

  776.0  -0.00247

  777.0  -0.00253

  778.0  -0.00253

  779.0  -0.00256

  780.0  -0.00260

  781.0  -0.00266

  782.0  -0.00266

  783.0  -0.00261

  784.0  -0.00262

  785.0  -0.00265

  786.0  -0.00263

  787.0  -0.00272

  788.0  -0.00267

  789.0  -0.00264

  790.0  -0.00268

  791.0  -0.00268

  792.0  -0.00269

  793.0  -0.00272

  794.0  -0.00276

  795.0  -0.00285

  796.0  -0.00279

  797.0  -0.00283

  798.0  -0.00280

  799.0  -0.00278

  800.0  -0.00287

 
