ser ID: DU600

Method ID: A:\DEFAULT

Date: 08/08/00

Time: 04:45

 200.0   2.84323

  201.0   3.21484

  202.0   3.25431

  203.0   2.99056

  204.0   3.32980

  205.0   3.36511

  206.0   2.91995

  207.0   2.82591

  208.0   3.45894

  209.0   3.49192

  210.0   3.52022

  211.0   3.54814

  212.0   3.57588

  213.0   3.60649

  214.0   3.63155

  215.0   3.17782

  216.0   3.20030

  217.0   3.70252

  218.0   3.72346

  219.0   3.74217

  220.0   3.75891

  221.0   3.77437

  222.0   3.78979

  223.0   3.80298

  224.0   3.81591

  225.0   3.22724

  226.0   3.36580

  227.0   3.85516

  228.0   3.86729

  229.0   3.87852

  230.0   3.89081

  231.0   3.90124

  232.0   3.91036

  233.0   3.44175

  234.0   3.32444

  235.0   3.63094

  236.0   3.93626

  237.0   3.93972

  238.0   3.94226

  239.0   3.94379

  240.0   3.94478

  241.0   3.94404

  242.0   3.46603

  243.0   3.64053

  244.0   3.93937

  245.0   3.93707

  246.0   3.93379

  247.0   3.92978

  248.0   3.92588

  249.0   3.44467

  250.0   3.13862

  251.0   2.95777

  252.0   2.76091

  253.0   2.72586

  254.0   2.59599

  255.0   2.44388

  256.0   2.31710

  257.0   2.12431

  258.0   1.98169

  259.0   1.86747

  260.0   1.74384

  261.0   1.66998

  262.0   1.57360

  263.0   1.49734

  264.0   1.43640

  265.0   1.38603

  266.0   1.32854

  267.0   1.27335

  268.0   1.22837

  269.0   1.19570

  270.0   1.16402

  271.0   1.13218

  272.0   1.09894

  273.0   1.06728

  274.0   1.03372

  275.0   1.00100

  276.0   0.96591

  277.0   0.93388

  278.0   0.89555

  279.0   0.86396

  280.0   0.83178

  281.0   0.79408

  282.0   0.75929

  283.0   0.72864

  284.0   0.69415

  285.0   0.65769

  286.0   0.62347

  287.0   0.59110

  288.0   0.55601

  289.0   0.52510

  290.0   0.49866

  291.0   0.47210

  292.0   0.44512

  293.0   0.41923

  294.0   0.39582

  295.0   0.36930

  296.0   0.34788

  297.0   0.32553

  298.0   0.30459

  299.0   0.28273

  300.0   0.26496

  301.0   0.25056

  302.0   0.23507

  303.0   0.22316

  304.0   0.21195

  305.0   0.20240

  306.0   0.19200

  307.0   0.18340

  308.0   0.17524

  309.0   0.16789

  310.0   0.16188

  311.0   0.15533

  312.0   0.14836

  313.0   0.14218

  314.0   0.13723

  315.0   0.13406

  316.0   0.13019

  317.0   0.12745

  318.0   0.12389

  319.0   0.12097

  320.0   0.11843

  321.0   0.11813

  322.0   0.11488

  323.0   0.11494

  324.0   0.11574

  325.0   0.11581

  326.0   0.11638

  327.0   0.11614

  328.0   0.11797

  329.0   0.12021

  330.0   0.12252

  331.0   0.12507

  332.0   0.12769

  333.0   0.13020

  334.0   0.13392

  335.0   0.13707

  336.0   0.14033

  337.0   0.14322

  338.0   0.14780

  339.0   0.15189

  340.0   0.15618

  341.0   0.16131

  342.0   0.16437

  343.0   0.16875

  344.0   0.17389

  345.0   0.17807

  346.0   0.18115

  347.0   0.18522

  348.0   0.18866

  349.0   0.19200

  350.0   0.19393

  351.0   0.19744

  352.0   0.19930

  353.0   0.20086

  354.0   0.20270

  355.0   0.20377

  356.0   0.20436

  357.0   0.20530

  358.0   0.20397

  359.0   0.20288

  360.0   0.20166

  361.0   0.19899

  362.0   0.19738

  363.0   0.19417

  364.0   0.19299

  365.0   0.19014

  366.0   0.18665

  367.0   0.18324

  368.0   0.17979

  369.0   0.17576

  370.0   0.17186

  371.0   0.16868

  372.0   0.16552

  373.0   0.16117

  374.0   0.15786

  375.0   0.15421

  376.0   0.15069

  377.0   0.14717

  378.0   0.14291

  379.0   0.13946

  380.0   0.13614

  381.0   0.13219

  382.0   0.12851

  383.0   0.12512

  384.0   0.12189

  385.0   0.11835

  386.0   0.11484

  387.0   0.11156

  388.0   0.10809

  389.0   0.10447

  390.0   0.10166

  391.0   0.09892

  392.0   0.09623

  393.0   0.09375

  394.0   0.09099

  395.0   0.08844

  396.0   0.08594

  397.0   0.08361

  398.0   0.08206

  399.0   0.07958

  400.0   0.07785

  401.0   0.07599

  402.0   0.07403

  403.0   0.07246

  404.0   0.07064

  405.0   0.06940

  406.0   0.06799

  407.0   0.06628

  408.0   0.06475

  409.0   0.06323

  410.0   0.06177

  411.0   0.06057

  412.0   0.05907

  413.0   0.05754

  414.0   0.05606

  415.0   0.05527

  416.0   0.05302

  417.0   0.05120

  418.0   0.04972

  419.0   0.04793

  420.0   0.04649

  421.0   0.04479

  422.0   0.04314

  423.0   0.04142

  424.0   0.03983

  425.0   0.03826

  426.0   0.03645

  427.0   0.03521

  428.0   0.03369

  429.0   0.03208

  430.0   0.03093

  431.0   0.02944

  432.0   0.02806

  433.0   0.02668

  434.0   0.02558

  435.0   0.02424

  436.0   0.02302

  437.0   0.02203

  438.0   0.02110

  439.0   0.02062

  440.0   0.01892

  441.0   0.01803

  442.0   0.01704

  443.0   0.01604

  444.0   0.01540

  445.0   0.01468

  446.0   0.01397

  447.0   0.01322

  448.0   0.01260

  449.0   0.01198

  450.0   0.01136

  451.0   0.01058

  452.0   0.01004

  453.0   0.00922

  454.0   0.00859

  455.0   0.00794

  456.0   0.00742

  457.0   0.00708

  458.0   0.00687

  459.0   0.00630

  460.0   0.00589

  461.0   0.00545

  462.0   0.00504

  463.0   0.00467

  464.0   0.00430

  465.0   0.00396

  466.0   0.00355

  467.0   0.00337

  468.0   0.00315

  469.0   0.00297

  470.0   0.00272

  471.0   0.00258

  472.0   0.00237

  473.0   0.00218

  474.0   0.00194

  475.0   0.00174

  476.0   0.00149

  477.0   0.00123

  478.0   0.00104

  479.0   0.00088

  480.0   0.00081

  481.0   0.00067

  482.0   0.00050

  483.0   0.00030

  484.0   0.00007

  485.0   0.00002

  486.0  -0.00012

  487.0  -0.00025

  488.0  -0.00036

  489.0  -0.00049

  490.0  -0.00060

  491.0  -0.00068

  492.0  -0.00082

  493.0  -0.00092

  494.0  -0.00102

  495.0  -0.00103

  496.0  -0.00108

  497.0  -0.00115

  498.0  -0.00116

  499.0  -0.00121

  500.0  -0.00126

  501.0  -0.00133

  502.0  -0.00138

  503.0  -0.00139

  504.0  -0.00148

  505.0  -0.00149

  506.0  -0.00148

  507.0  -0.00152

  508.0  -0.00152

  509.0  -0.00158

  510.0  -0.00161

  511.0  -0.00164

  512.0  -0.00171

  513.0  -0.00170

  514.0  -0.00175

  515.0  -0.00176

  516.0  -0.00181

  517.0  -0.00187

  518.0  -0.00189

  519.0  -0.00192

  520.0  -0.00190

  521.0  -0.00191

  522.0  -0.00194

  523.0  -0.00198

  524.0  -0.00201

  525.0  -0.00201

  526.0  -0.00197

  527.0  -0.00194

  528.0  -0.00194

  529.0  -0.00194

  530.0  -0.00194

  531.0  -0.00196

  532.0  -0.00196

  533.0  -0.00197

  534.0  -0.00197

  535.0  -0.00200

  536.0  -0.00206

  537.0  -0.00204

  538.0  -0.00203

  539.0  -0.00208

  540.0  -0.00212

  541.0  -0.00209

  542.0  -0.00202

  543.0  -0.00198

  544.0  -0.00200

  545.0  -0.00199

  546.0  -0.00193

  547.0  -0.00193

  548.0  -0.00191

  549.0  -0.00195

  550.0  -0.00196

  551.0  -0.00200

  552.0  -0.00202

  553.0  -0.00212

  554.0  -0.00207

  555.0  -0.00211

  556.0  -0.00210

  557.0  -0.00195

  558.0  -0.00197

  559.0  -0.00199

  560.0  -0.00202

  561.0  -0.00208

  562.0  -0.00214

  563.0  -0.00217

  564.0  -0.00218

  565.0  -0.00216

  566.0  -0.00210

  567.0  -0.00217

  568.0  -0.00216

  569.0  -0.00221

  570.0  -0.00217

  571.0  -0.00226

  572.0  -0.00228

  573.0  -0.00229

  574.0  -0.00233

  575.0  -0.00234

  576.0  -0.00240

  577.0  -0.00235

  578.0  -0.00237

  579.0  -0.00238

  580.0  -0.00238

  581.0  -0.00243

  582.0  -0.00239

  583.0  -0.00240

  584.0  -0.00241

  585.0  -0.00242

  586.0  -0.00238

  587.0  -0.00235

  588.0  -0.00228

  589.0  -0.00235

  590.0  -0.00241

  591.0  -0.00240

  592.0  -0.00238

  593.0  -0.00239

  594.0  -0.00242

  595.0  -0.00242

  596.0  -0.00241

  597.0  -0.00240

  598.0  -0.00239

  599.0  -0.00244

  600.0  -0.00243

  601.0  -0.00244

  602.0  -0.00243

  603.0  -0.00245

  604.0  -0.00243

  605.0  -0.00245

  606.0  -0.00248

  607.0  -0.00249

  608.0  -0.00250

  609.0  -0.00252

  610.0  -0.00255

  611.0  -0.00256

  612.0  -0.00257

  613.0  -0.00257

  614.0  -0.00260

  615.0  -0.00257

  616.0  -0.00253

  617.0  -0.00254

  618.0  -0.00259

  619.0  -0.00258

  620.0  -0.00258

  621.0  -0.00257

  622.0  -0.00258

  623.0  -0.00256

  624.0  -0.00261

  625.0  -0.00266

  626.0  -0.00272

  627.0  -0.00268

  628.0  -0.00269

  629.0  -0.00269

  630.0  -0.00267

  631.0  -0.00267

  632.0  -0.00268

  633.0  -0.00273

  634.0  -0.00271

  635.0  -0.00267

  636.0  -0.00267

  637.0  -0.00264

  638.0  -0.00264

  639.0  -0.00262

  640.0  -0.00258

  641.0  -0.00260

  642.0  -0.00263

  643.0  -0.00263

  644.0  -0.00265

  645.0  -0.00267

  646.0  -0.00267

  647.0  -0.00260

  648.0  -0.00258

  649.0  -0.00255

  650.0  -0.00254

  651.0  -0.00255

  652.0  -0.00259

  653.0  -0.00262

  654.0  -0.00263

  655.0  -0.00263

  656.0  -0.00267

  657.0  -0.00269

  658.0  -0.00262

  659.0  -0.00256

  660.0  -0.00256

  661.0  -0.00251

  662.0  -0.00252

  663.0  -0.00254

  664.0  -0.00254

  665.0  -0.00258

  666.0  -0.00255

  667.0  -0.00259

  668.0  -0.00259

  669.0  -0.00260

  670.0  -0.00257

  671.0  -0.00256

  672.0  -0.00251

  673.0  -0.00248

  674.0  -0.00244

  675.0  -0.00246

  676.0  -0.00250

  677.0  -0.00249

  678.0  -0.00251

  679.0  -0.00250

  680.0  -0.00255

  681.0  -0.00252

  682.0  -0.00252

  683.0  -0.00254

  684.0  -0.00255

  685.0  -0.00252

  686.0  -0.00252

  687.0  -0.00253

  688.0  -0.00248

  689.0  -0.00251

  690.0  -0.00250

  691.0  -0.00251

  692.0  -0.00249

  693.0  -0.00250

  694.0  -0.00247

  695.0  -0.00247

  696.0  -0.00246

  697.0  -0.00247

  698.0  -0.00248

  699.0  -0.00248

  700.0  -0.00249

  701.0  -0.00245

  702.0  -0.00248

  703.0  -0.00249

  704.0  -0.00252

  705.0  -0.00254

  706.0  -0.00248

  707.0  -0.00251

  708.0  -0.00244

  709.0  -0.00248

  710.0  -0.00251

  711.0  -0.00247

  712.0  -0.00245

  713.0  -0.00250

  714.0  -0.00248

  715.0  -0.00247

  716.0  -0.00247

  717.0  -0.00249

  718.0  -0.00248

  719.0  -0.00252

  720.0  -0.00254

  721.0  -0.00256

  722.0  -0.00256

  723.0  -0.00260

  724.0  -0.00263

  725.0  -0.00260

  726.0  -0.00263

  727.0  -0.00262

  728.0  -0.00269

  729.0  -0.00264

  730.0  -0.00264

  731.0  -0.00264

  732.0  -0.00261

  733.0  -0.00256

  734.0  -0.00255

  735.0  -0.00254

  736.0  -0.00176

  737.0  -0.00184

  738.0  -0.00189

  739.0  -0.00197

  740.0  -0.00202

  741.0  -0.00210

  742.0  -0.00207

  743.0  -0.00212

  744.0  -0.00220

  745.0  -0.00222

  746.0  -0.00227

  747.0  -0.00219

  748.0  -0.00224

  749.0  -0.00230

  750.0  -0.00232

  751.0  -0.00230

  752.0  -0.00227

  753.0  -0.00227

  754.0  -0.00222

  755.0  -0.00225

  756.0  -0.00222

  757.0  -0.00225

  758.0  -0.00228

  759.0  -0.00223

  760.0  -0.00223

  761.0  -0.00226

  762.0  -0.00231

  763.0  -0.00237

  764.0  -0.00243

  765.0  -0.00246

  766.0  -0.00251

  767.0  -0.00249

  768.0  -0.00255

  769.0  -0.00258

  770.0  -0.00258

  771.0  -0.00259

  772.0  -0.00251

  773.0  -0.00254

  774.0  -0.00252

  775.0  -0.00255

  776.0  -0.00252

  777.0  -0.00256

  778.0  -0.00253

  779.0  -0.00248

  780.0  -0.00254

  781.0  -0.00257

  782.0  -0.00255

  783.0  -0.00250

  784.0  -0.00248

  785.0  -0.00251

  786.0  -0.00251

  787.0  -0.00260

  788.0  -0.00261

  789.0  -0.00259

  790.0  -0.00262

  791.0  -0.00263

  792.0  -0.00266

  793.0  -0.00266

  794.0  -0.00267

  795.0  -0.00270

  796.0  -0.00259

  797.0  -0.00263

  798.0  -0.00263

  799.0  -0.00263

  800.0  -0.00272

 
