ser ID: DU600

Method ID: A:\DEFAULT

Date: 08/08/00

Time: 04:41

 200.0   3.14426

  201.0   3.21484

  202.0   3.25431

  203.0   3.29159

  204.0   3.32980

  205.0   3.36511

  206.0   3.39707

  207.0   3.42797

  208.0   3.45894

  209.0   2.88986

  210.0   3.04310

  211.0   3.54814

  212.0   3.57588

  213.0   3.60649

  214.0   3.63155

  215.0   3.65495

  216.0   3.07536

  217.0   3.70252

  218.0   3.72346

  219.0   3.74217

  220.0   3.75891

  221.0   3.29725

  222.0   3.78979

  223.0   3.80298

  224.0   3.81591

  225.0   3.35218

  226.0   3.54189

  227.0   3.85516

  228.0   3.86729

  229.0   3.87852

  230.0   3.89081

  231.0   3.90124

  232.0   3.91036

  233.0   3.61784

  234.0   3.22753

  235.0   3.93197

  236.0   3.93626

  237.0   3.93972

  238.0   3.94226

  239.0   3.94379

  240.0   3.94478

  241.0   3.94404

  242.0   3.94315

  243.0   3.24259

  244.0   3.93937

  245.0   3.93707

  246.0   3.93379

  247.0   3.92978

  248.0   3.92588

  249.0   3.92179

  250.0   3.01368

  251.0   2.95777

  252.0   2.90704

  253.0   2.94771

  254.0   2.59599

  255.0   2.45967

  256.0   2.32900

  257.0   2.14779

  258.0   2.00455

  259.0   1.87183

  260.0   1.75731

  261.0   1.68148

  262.0   1.58531

  263.0   1.50930

  264.0   1.44514

  265.0   1.39391

  266.0   1.32576

  267.0   1.28215

  268.0   1.24223

  269.0   1.20651

  270.0   1.16805

  271.0   1.13978

  272.0   1.10514

  273.0   1.07897

  274.0   1.03990

  275.0   1.00603

  276.0   0.97392

  277.0   0.94070

  278.0   0.90582

  279.0   0.87352

  280.0   0.83718

  281.0   0.80132

  282.0   0.76767

  283.0   0.73409

  284.0   0.70064

  285.0   0.66099

  286.0   0.62899

  287.0   0.59537

  288.0   0.55994

  289.0   0.53047

  290.0   0.50186

  291.0   0.47424

  292.0   0.44652

  293.0   0.42055

  294.0   0.39780

  295.0   0.37167

  296.0   0.34852

  297.0   0.32660

  298.0   0.30591

  299.0   0.28329

  300.0   0.26590

  301.0   0.25017

  302.0   0.23432

  303.0   0.22266

  304.0   0.21244

  305.0   0.20204

  306.0   0.19130

  307.0   0.18293

  308.0   0.17431

  309.0   0.16639

  310.0   0.16038

  311.0   0.15303

  312.0   0.14664

  313.0   0.14091

  314.0   0.13653

  315.0   0.13255

  316.0   0.12855

  317.0   0.12532

  318.0   0.12198

  319.0   0.11820

  320.0   0.11588

  321.0   0.11605

  322.0   0.11312

  323.0   0.11305

  324.0   0.11321

  325.0   0.11352

  326.0   0.11459

  327.0   0.11563

  328.0   0.11694

  329.0   0.11878

  330.0   0.12122

  331.0   0.12324

  332.0   0.12664

  333.0   0.12928

  334.0   0.13260

  335.0   0.13654

  336.0   0.14100

  337.0   0.14455

  338.0   0.14807

  339.0   0.15216

  340.0   0.15672

  341.0   0.16131

  342.0   0.16519

  343.0   0.17066

  344.0   0.17581

  345.0   0.17959

  346.0   0.18310

  347.0   0.18676

  348.0   0.19049

  349.0   0.19412

  350.0   0.19692

  351.0   0.19987

  352.0   0.20276

  353.0   0.20405

  354.0   0.20606

  355.0   0.20641

  356.0   0.20642

  357.0   0.20805

  358.0   0.20741

  359.0   0.20683

  360.0   0.20537

  361.0   0.20331

  362.0   0.20051

  363.0   0.19748

  364.0   0.19582

  365.0   0.19251

  366.0   0.18992

  367.0   0.18629

  368.0   0.18298

  369.0   0.17952

  370.0   0.17591

  371.0   0.17239

  372.0   0.16830

  373.0   0.16460

  374.0   0.16025

  375.0   0.15731

  376.0   0.15306

  377.0   0.14994

  378.0   0.14596

  379.0   0.14263

  380.0   0.13840

  381.0   0.13464

  382.0   0.13061

  383.0   0.12740

  384.0   0.12396

  385.0   0.12058

  386.0   0.11711

  387.0   0.11347

  388.0   0.11045

  389.0   0.10639

  390.0   0.10346

  391.0   0.10067

  392.0   0.09764

  393.0   0.09489

  394.0   0.09220

  395.0   0.08986

  396.0   0.08732

  397.0   0.08488

  398.0   0.08305

  399.0   0.08090

  400.0   0.07873

  401.0   0.07686

  402.0   0.07484

  403.0   0.07337

  404.0   0.07176

  405.0   0.07038

  406.0   0.06883

  407.0   0.06728

  408.0   0.06565

  409.0   0.06413

  410.0   0.06248

  411.0   0.06132

  412.0   0.05977

  413.0   0.05849

  414.0   0.05689

  415.0   0.05608

  416.0   0.05362

  417.0   0.05187

  418.0   0.05047

  419.0   0.04857

  420.0   0.04720

  421.0   0.04565

  422.0   0.04390

  423.0   0.04224

  424.0   0.04047

  425.0   0.03888

  426.0   0.03705

  427.0   0.03579

  428.0   0.03418

  429.0   0.03256

  430.0   0.03120

  431.0   0.02970

  432.0   0.02851

  433.0   0.02711

  434.0   0.02589

  435.0   0.02459

  436.0   0.02330

  437.0   0.02236

  438.0   0.02143

  439.0   0.02088

  440.0   0.01913

  441.0   0.01813

  442.0   0.01715

  443.0   0.01623

  444.0   0.01540

  445.0   0.01468

  446.0   0.01397

  447.0   0.01322

  448.0   0.01250

  449.0   0.01185

  450.0   0.01123

  451.0   0.01049

  452.0   0.00991

  453.0   0.00913

  454.0   0.00847

  455.0   0.00789

  456.0   0.00730

  457.0   0.00700

  458.0   0.00679

  459.0   0.00618

  460.0   0.00573

  461.0   0.00533

  462.0   0.00500

  463.0   0.00451

  464.0   0.00410

  465.0   0.00381

  466.0   0.00344

  467.0   0.00322

  468.0   0.00304

  469.0   0.00279

  470.0   0.00251

  471.0   0.00238

  472.0   0.00218

  473.0   0.00200

  474.0   0.00179

  475.0   0.00159

  476.0   0.00135

  477.0   0.00112

  478.0   0.00090

  479.0   0.00072

  480.0   0.00057

  481.0   0.00043

  482.0   0.00030

  483.0   0.00010

  484.0  -0.00005

  485.0  -0.00019

  486.0  -0.00033

  487.0  -0.00039

  488.0  -0.00055

  489.0  -0.00067

  490.0  -0.00078

  491.0  -0.00088

  492.0  -0.00106

  493.0  -0.00116

  494.0  -0.00123

  495.0  -0.00126

  496.0  -0.00133

  497.0  -0.00140

  498.0  -0.00141

  499.0  -0.00146

  500.0  -0.00152

  501.0  -0.00155

  502.0  -0.00158

  503.0  -0.00162

  504.0  -0.00173

  505.0  -0.00174

  506.0  -0.00174

  507.0  -0.00181

  508.0  -0.00184

  509.0  -0.00190

  510.0  -0.00187

  511.0  -0.00188

  512.0  -0.00193

  513.0  -0.00192

  514.0  -0.00197

  515.0  -0.00196

  516.0  -0.00204

  517.0  -0.00215

  518.0  -0.00218

  519.0  -0.00217

  520.0  -0.00220

  521.0  -0.00225

  522.0  -0.00221

  523.0  -0.00226

  524.0  -0.00230

  525.0  -0.00222

  526.0  -0.00222

  527.0  -0.00219

  528.0  -0.00219

  529.0  -0.00221

  530.0  -0.00223

  531.0  -0.00221

  532.0  -0.00227

  533.0  -0.00226

  534.0  -0.00224

  535.0  -0.00228

  536.0  -0.00233

  537.0  -0.00239

  538.0  -0.00243

  539.0  -0.00242

  540.0  -0.00245

  541.0  -0.00246

  542.0  -0.00237

  543.0  -0.00234

  544.0  -0.00232

  545.0  -0.00234

  546.0  -0.00232

  547.0  -0.00234

  548.0  -0.00235

  549.0  -0.00236

  550.0  -0.00238

  551.0  -0.00243

  552.0  -0.00245

  553.0  -0.00254

  554.0  -0.00252

  555.0  -0.00256

  556.0  -0.00254

  557.0  -0.00231

  558.0  -0.00235

  559.0  -0.00234

  560.0  -0.00240

  561.0  -0.00246

  562.0  -0.00249

  563.0  -0.00254

  564.0  -0.00250

  565.0  -0.00249

  566.0  -0.00243

  567.0  -0.00243

  568.0  -0.00243

  569.0  -0.00246

  570.0  -0.00240

  571.0  -0.00251

  572.0  -0.00249

  573.0  -0.00256

  574.0  -0.00256

  575.0  -0.00252

  576.0  -0.00261

  577.0  -0.00259

  578.0  -0.00261

  579.0  -0.00260

  580.0  -0.00260

  581.0  -0.00264

  582.0  -0.00261

  583.0  -0.00263

  584.0  -0.00260

  585.0  -0.00263

  586.0  -0.00257

  587.0  -0.00250

  588.0  -0.00251

  589.0  -0.00255

  590.0  -0.00261

  591.0  -0.00262

  592.0  -0.00261

  593.0  -0.00263

  594.0  -0.00264

  595.0  -0.00264

  596.0  -0.00263

  597.0  -0.00258

  598.0  -0.00257

  599.0  -0.00256

  600.0  -0.00253

  601.0  -0.00253

  602.0  -0.00250

  603.0  -0.00252

  604.0  -0.00253

  605.0  -0.00258

  606.0  -0.00265

  607.0  -0.00271

  608.0  -0.00271

  609.0  -0.00278

  610.0  -0.00279

  611.0  -0.00277

  612.0  -0.00275

  613.0  -0.00274

  614.0  -0.00277

  615.0  -0.00276

  616.0  -0.00275

  617.0  -0.00276

  618.0  -0.00283

  619.0  -0.00279

  620.0  -0.00280

  621.0  -0.00277

  622.0  -0.00280

  623.0  -0.00283

  624.0  -0.00284

  625.0  -0.00287

  626.0  -0.00293

  627.0  -0.00293

  628.0  -0.00291

  629.0  -0.00291

  630.0  -0.00289

  631.0  -0.00288

  632.0  -0.00290

  633.0  -0.00291

  634.0  -0.00289

  635.0  -0.00285

  636.0  -0.00290

  637.0  -0.00287

  638.0  -0.00287

  639.0  -0.00288

  640.0  -0.00288

  641.0  -0.00285

  642.0  -0.00288

  643.0  -0.00290

  644.0  -0.00288

  645.0  -0.00288

  646.0  -0.00283

  647.0  -0.00278

  648.0  -0.00275

  649.0  -0.00273

  650.0  -0.00272

  651.0  -0.00278

  652.0  -0.00279

  653.0  -0.00282

  654.0  -0.00282

  655.0  -0.00281

  656.0  -0.00285

  657.0  -0.00285

  658.0  -0.00280

  659.0  -0.00272

  660.0  -0.00276

  661.0  -0.00273

  662.0  -0.00278

  663.0  -0.00277

  664.0  -0.00273

  665.0  -0.00271

  666.0  -0.00268

  667.0  -0.00271

  668.0  -0.00273

  669.0  -0.00268

  670.0  -0.00265

  671.0  -0.00262

  672.0  -0.00260

  673.0  -0.00259

  674.0  -0.00252

  675.0  -0.00251

  676.0  -0.00260

  677.0  -0.00264

  678.0  -0.00263

  679.0  -0.00261

  680.0  -0.00258

  681.0  -0.00258

  682.0  -0.00255

  683.0  -0.00256

  684.0  -0.00253

  685.0  -0.00251

  686.0  -0.00248

  687.0  -0.00244

  688.0  -0.00239

  689.0  -0.00240

  690.0  -0.00240

  691.0  -0.00237

  692.0  -0.00236

  693.0  -0.00228

  694.0  -0.00231

  695.0  -0.00232

  696.0  -0.00233

  697.0  -0.00230

  698.0  -0.00232

  699.0  -0.00235

  700.0  -0.00234

  701.0  -0.00233

  702.0  -0.00234

  703.0  -0.00234

  704.0  -0.00235

  705.0  -0.00236

  706.0  -0.00236

  707.0  -0.00235

  708.0  -0.00231

  709.0  -0.00230

  710.0  -0.00236

  711.0  -0.00235

  712.0  -0.00228

  713.0  -0.00232

  714.0  -0.00232

  715.0  -0.00229

  716.0  -0.00228

  717.0  -0.00230

  718.0  -0.00225

  719.0  -0.00231

  720.0  -0.00231

  721.0  -0.00235

  722.0  -0.00230

  723.0  -0.00236

  724.0  -0.00232

  725.0  -0.00234

  726.0  -0.00234

  727.0  -0.00229

  728.0  -0.00235

  729.0  -0.00232

  730.0  -0.00234

  731.0  -0.00234

  732.0  -0.00233

  733.0  -0.00232

  734.0  -0.00236

  735.0  -0.00235

  736.0  -0.00157

  737.0  -0.00168

  738.0  -0.00167

  739.0  -0.00172

  740.0  -0.00183

  741.0  -0.00188

  742.0  -0.00190

  743.0  -0.00198

  744.0  -0.00198

  745.0  -0.00203

  746.0  -0.00203

  747.0  -0.00203

  748.0  -0.00206

  749.0  -0.00211

  750.0  -0.00208

  751.0  -0.00203

  752.0  -0.00214

  753.0  -0.00219

  754.0  -0.00214

  755.0  -0.00219

  756.0  -0.00219

  757.0  -0.00222

  758.0  -0.00225

  759.0  -0.00217

  760.0  -0.00215

  761.0  -0.00212

  762.0  -0.00223

  763.0  -0.00229

  764.0  -0.00229

  765.0  -0.00235

  766.0  -0.00238

  767.0  -0.00241

  768.0  -0.00244

  769.0  -0.00250

  770.0  -0.00253

  771.0  -0.00259

  772.0  -0.00256

  773.0  -0.00257

  774.0  -0.00263

  775.0  -0.00263

  776.0  -0.00258

  777.0  -0.00247

  778.0  -0.00245

  779.0  -0.00248

  780.0  -0.00249

  781.0  -0.00257

  782.0  -0.00258

  783.0  -0.00247

  784.0  -0.00248

  785.0  -0.00251

  786.0  -0.00248

  787.0  -0.00255

  788.0  -0.00250

  789.0  -0.00250

  790.0  -0.00253

  791.0  -0.00251

  792.0  -0.00254

  793.0  -0.00252

  794.0  -0.00253

  795.0  -0.00262

  796.0  -0.00256

  797.0  -0.00251

  798.0  -0.00251

  799.0  -0.00257

  800.0  -0.00258

 
