ser ID: DU600

Method ID: A:\DEFAULT

Date: 08/08/00

Time: 04:35

 200.0   2.54220

  201.0   3.21484

  202.0   3.25431

  203.0   3.29159

  204.0   3.32980

  205.0   3.36511

  206.0   3.39707

  207.0   3.42797

  208.0   3.45894

  209.0   3.49192

  210.0   3.52022

  211.0   3.54814

  212.0   3.57588

  213.0   3.60649

  214.0   3.63155

  215.0   3.35392

  216.0   3.37639

  217.0   3.70252

  218.0   3.72346

  219.0   3.74217

  220.0   3.75891

  221.0   3.77437

  222.0   3.78979

  223.0   3.80298

  224.0   3.81591

  225.0   3.82930

  226.0   3.84292

  227.0   3.85516

  228.0   3.86729

  229.0   3.87852

  230.0   3.89081

  231.0   3.90124

  232.0   3.91036

  233.0   3.91887

  234.0   3.92650

  235.0   3.93197

  236.0   3.45914

  237.0   3.93972

  238.0   3.94226

  239.0   3.24482

  240.0   3.64375

  241.0   3.94404

  242.0   3.94315

  243.0   3.94156

  244.0   3.93937

  245.0   3.93707

  246.0   3.33173

  247.0   3.62875

  248.0   3.92588

  249.0   3.92179

  250.0   3.91677

  251.0   3.61098

  252.0   3.06194

  253.0   2.67150

  254.0   2.55460

  255.0   2.41391

  256.0   2.32900

  257.0   2.16418

  258.0   2.07445

  259.0   1.93805

  260.0   1.78923

  261.0   1.69631

  262.0   1.59490

  263.0   1.52576

  264.0   1.45949

  265.0   1.40356

  266.0   1.34412

  267.0   1.29898

  268.0   1.25534

  269.0   1.21535

  270.0   1.17933

  271.0   1.14850

  272.0   1.12150

  273.0   1.08752

  274.0   1.05254

  275.0   1.02297

  276.0   0.98759

  277.0   0.95338

  278.0   0.91516

  279.0   0.87947

  280.0   0.84820

  281.0   0.81008

  282.0   0.77837

  283.0   0.74359

  284.0   0.70832

  285.0   0.67072

  286.0   0.63489

  287.0   0.60228

  288.0   0.56497

  289.0   0.53515

  290.0   0.50763

  291.0   0.47922

  292.0   0.45078

  293.0   0.42494

  294.0   0.40087

  295.0   0.37388

  296.0   0.35126

  297.0   0.32906

  298.0   0.30723

  299.0   0.28497

  300.0   0.26617

  301.0   0.25069

  302.0   0.23457

  303.0   0.22205

  304.0   0.21147

  305.0   0.20025

  306.0   0.18965

  307.0   0.18072

  308.0   0.17211

  309.0   0.16444

  310.0   0.15809

  311.0   0.15131

  312.0   0.14457

  313.0   0.13862

  314.0   0.13411

  315.0   0.13081

  316.0   0.12598

  317.0   0.12226

  318.0   0.11867

  319.0   0.11568

  320.0   0.11406

  321.0   0.11337

  322.0   0.11150

  323.0   0.11092

  324.0   0.11195

  325.0   0.11188

  326.0   0.11268

  327.0   0.11371

  328.0   0.11565

  329.0   0.11762

  330.0   0.12096

  331.0   0.12311

  332.0   0.12598

  333.0   0.12954

  334.0   0.13234

  335.0   0.13628

  336.0   0.14047

  337.0   0.14535

  338.0   0.14981

  339.0   0.15458

  340.0   0.15942

  341.0   0.16512

  342.0   0.16861

  343.0   0.17383

  344.0   0.17845

  345.0   0.18210

  346.0   0.18716

  347.0   0.19142

  348.0   0.19432

  349.0   0.19897

  350.0   0.20238

  351.0   0.20610

  352.0   0.20844

  353.0   0.20858

  354.0   0.21063

  355.0   0.21279

  356.0   0.21447

  357.0   0.21407

  358.0   0.21376

  359.0   0.21318

  360.0   0.21101

  361.0   0.20953

  362.0   0.20683

  363.0   0.20377

  364.0   0.20220

  365.0   0.19880

  366.0   0.19468

  367.0   0.19161

  368.0   0.18816

  369.0   0.18488

  370.0   0.18076

  371.0   0.17717

  372.0   0.17322

  373.0   0.16913

  374.0   0.16543

  375.0   0.16195

  376.0   0.15768

  377.0   0.15404

  378.0   0.14975

  379.0   0.14622

  380.0   0.14251

  381.0   0.13845

  382.0   0.13435

  383.0   0.13128

  384.0   0.12769

  385.0   0.12411

  386.0   0.12038

  387.0   0.11665

  388.0   0.11355

  389.0   0.10965

  390.0   0.10658

  391.0   0.10415

  392.0   0.10073

  393.0   0.09738

  394.0   0.09398

  395.0   0.09211

  396.0   0.08979

  397.0   0.08730

  398.0   0.08514

  399.0   0.08279

  400.0   0.08063

  401.0   0.07881

  402.0   0.07679

  403.0   0.07520

  404.0   0.07362

  405.0   0.07204

  406.0   0.07038

  407.0   0.06866

  408.0   0.06733

  409.0   0.06569

  410.0   0.06432

  411.0   0.06298

  412.0   0.06139

  413.0   0.05976

  414.0   0.05815

  415.0   0.05728

  416.0   0.05493

  417.0   0.05333

  418.0   0.05170

  419.0   0.04976

  420.0   0.04827

  421.0   0.04686

  422.0   0.04515

  423.0   0.04354

  424.0   0.04165

  425.0   0.04011

  426.0   0.03832

  427.0   0.03696

  428.0   0.03511

  429.0   0.03346

  430.0   0.03214

  431.0   0.03061

  432.0   0.02934

  433.0   0.02780

  434.0   0.02673

  435.0   0.02530

  436.0   0.02399

  437.0   0.02298

  438.0   0.02197

  439.0   0.02137

  440.0   0.01965

  441.0   0.01864

  442.0   0.01760

  443.0   0.01663

  444.0   0.01589

  445.0   0.01511

  446.0   0.01439

  447.0   0.01349

  448.0   0.01278

  449.0   0.01207

  450.0   0.01141

  451.0   0.01066

  452.0   0.01004

  453.0   0.00930

  454.0   0.00868

  455.0   0.00815

  456.0   0.00763

  457.0   0.00729

  458.0   0.00687

  459.0   0.00634

  460.0   0.00589

  461.0   0.00533

  462.0   0.00488

  463.0   0.00447

  464.0   0.00410

  465.0   0.00377

  466.0   0.00344

  467.0   0.00322

  468.0   0.00290

  469.0   0.00269

  470.0   0.00241

  471.0   0.00228

  472.0   0.00192

  473.0   0.00184

  474.0   0.00161

  475.0   0.00148

  476.0   0.00118

  477.0   0.00104

  478.0   0.00079

  479.0   0.00059

  480.0   0.00050

  481.0   0.00031

  482.0   0.00013

  483.0  -0.00005

  484.0  -0.00031

  485.0  -0.00043

  486.0  -0.00054

  487.0  -0.00058

  488.0  -0.00071

  489.0  -0.00083

  490.0  -0.00093

  491.0  -0.00105

  492.0  -0.00119

  493.0  -0.00129

  494.0  -0.00134

  495.0  -0.00139

  496.0  -0.00150

  497.0  -0.00154

  498.0  -0.00159

  499.0  -0.00172

  500.0  -0.00182

  501.0  -0.00183

  502.0  -0.00181

  503.0  -0.00186

  504.0  -0.00187

  505.0  -0.00191

  506.0  -0.00188

  507.0  -0.00198

  508.0  -0.00203

  509.0  -0.00211

  510.0  -0.00212

  511.0  -0.00210

  512.0  -0.00217

  513.0  -0.00221

  514.0  -0.00221

  515.0  -0.00225

  516.0  -0.00224

  517.0  -0.00229

  518.0  -0.00229

  519.0  -0.00230

  520.0  -0.00236

  521.0  -0.00240

  522.0  -0.00243

  523.0  -0.00253

  524.0  -0.00253

  525.0  -0.00249

  526.0  -0.00246

  527.0  -0.00246

  528.0  -0.00246

  529.0  -0.00248

  530.0  -0.00251

  531.0  -0.00250

  532.0  -0.00252

  533.0  -0.00253

  534.0  -0.00251

  535.0  -0.00256

  536.0  -0.00265

  537.0  -0.00264

  538.0  -0.00262

  539.0  -0.00266

  540.0  -0.00269

  541.0  -0.00268

  542.0  -0.00265

  543.0  -0.00267

  544.0  -0.00267

  545.0  -0.00263

  546.0  -0.00258

  547.0  -0.00263

  548.0  -0.00259

  549.0  -0.00267

  550.0  -0.00268

  551.0  -0.00271

  552.0  -0.00276

  553.0  -0.00286

  554.0  -0.00287

  555.0  -0.00291

  556.0  -0.00290

  557.0  -0.00285

  558.0  -0.00291

  559.0  -0.00291

  560.0  -0.00294

  561.0  -0.00295

  562.0  -0.00296

  563.0  -0.00301

  564.0  -0.00301

  565.0  -0.00301

  566.0  -0.00296

  567.0  -0.00299

  568.0  -0.00294

  569.0  -0.00299

  570.0  -0.00295

  571.0  -0.00299

  572.0  -0.00297

  573.0  -0.00299

  574.0  -0.00301

  575.0  -0.00301

  576.0  -0.00305

  577.0  -0.00303

  578.0  -0.00307

  579.0  -0.00305

  580.0  -0.00307

  581.0  -0.00311

  582.0  -0.00311

  583.0  -0.00311

  584.0  -0.00312

  585.0  -0.00312

  586.0  -0.00311

  587.0  -0.00307

  588.0  -0.00303

  589.0  -0.00307

  590.0  -0.00310

  591.0  -0.00312

  592.0  -0.00310

  593.0  -0.00314

  594.0  -0.00311

  595.0  -0.00312

  596.0  -0.00310

  597.0  -0.00307

  598.0  -0.00309

  599.0  -0.00315

  600.0  -0.00314

  601.0  -0.00318

  602.0  -0.00315

  603.0  -0.00317

  604.0  -0.00315

  605.0  -0.00317

  606.0  -0.00323

  607.0  -0.00325

  608.0  -0.00328

  609.0  -0.00337

  610.0  -0.00339

  611.0  -0.00339

  612.0  -0.00336

  613.0  -0.00335

  614.0  -0.00338

  615.0  -0.00332

  616.0  -0.00326

  617.0  -0.00332

  618.0  -0.00336

  619.0  -0.00329

  620.0  -0.00335

  621.0  -0.00331

  622.0  -0.00335

  623.0  -0.00335

  624.0  -0.00338

  625.0  -0.00340

  626.0  -0.00341

  627.0  -0.00338

  628.0  -0.00336

  629.0  -0.00335

  630.0  -0.00333

  631.0  -0.00333

  632.0  -0.00337

  633.0  -0.00339

  634.0  -0.00340

  635.0  -0.00340

  636.0  -0.00341

  637.0  -0.00339

  638.0  -0.00336

  639.0  -0.00334

  640.0  -0.00332

  641.0  -0.00332

  642.0  -0.00332

  643.0  -0.00335

  644.0  -0.00332

  645.0  -0.00334

  646.0  -0.00331

  647.0  -0.00329

  648.0  -0.00329

  649.0  -0.00327

  650.0  -0.00329

  651.0  -0.00331

  652.0  -0.00335

  653.0  -0.00335

  654.0  -0.00333

  655.0  -0.00334

  656.0  -0.00337

  657.0  -0.00344

  658.0  -0.00333

  659.0  -0.00330

  660.0  -0.00332

  661.0  -0.00328

  662.0  -0.00333

  663.0  -0.00332

  664.0  -0.00331

  665.0  -0.00331

  666.0  -0.00332

  667.0  -0.00333

  668.0  -0.00340

  669.0  -0.00335

  670.0  -0.00334

  671.0  -0.00335

  672.0  -0.00329

  673.0  -0.00326

  674.0  -0.00320

  675.0  -0.00314

  676.0  -0.00318

  677.0  -0.00319

  678.0  -0.00316

  679.0  -0.00316

  680.0  -0.00317

  681.0  -0.00315

  682.0  -0.00318

  683.0  -0.00319

  684.0  -0.00323

  685.0  -0.00321

  686.0  -0.00319

  687.0  -0.00327

  688.0  -0.00328

  689.0  -0.00326

  690.0  -0.00331

  691.0  -0.00329

  692.0  -0.00318

  693.0  -0.00312

  694.0  -0.00315

  695.0  -0.00313

  696.0  -0.00310

  697.0  -0.00310

  698.0  -0.00312

  699.0  -0.00313

  700.0  -0.00315

  701.0  -0.00313

  702.0  -0.00314

  703.0  -0.00320

  704.0  -0.00324

  705.0  -0.00323

  706.0  -0.00317

  707.0  -0.00317

  708.0  -0.00313

  709.0  -0.00319

  710.0  -0.00317

  711.0  -0.00317

  712.0  -0.00313

  713.0  -0.00321

  714.0  -0.00325

  715.0  -0.00324

  716.0  -0.00326

  717.0  -0.00326

  718.0  -0.00326

  719.0  -0.00328

  720.0  -0.00333

  721.0  -0.00342

  722.0  -0.00340

  723.0  -0.00345

  724.0  -0.00344

  725.0  -0.00345

  726.0  -0.00345

  727.0  -0.00339

  728.0  -0.00344

  729.0  -0.00338

  730.0  -0.00340

  731.0  -0.00340

  732.0  -0.00341

  733.0  -0.00341

  734.0  -0.00348

  735.0  -0.00345

  736.0  -0.00289

  737.0  -0.00294

  738.0  -0.00293

  739.0  -0.00295

  740.0  -0.00300

  741.0  -0.00302

  742.0  -0.00304

  743.0  -0.00309

  744.0  -0.00312

  745.0  -0.00314

  746.0  -0.00314

  747.0  -0.00308

  748.0  -0.00311

  749.0  -0.00313

  750.0  -0.00310

  751.0  -0.00313

  752.0  -0.00316

  753.0  -0.00319

  754.0  -0.00311

  755.0  -0.00314

  756.0  -0.00314

  757.0  -0.00317

  758.0  -0.00315

  759.0  -0.00312

  760.0  -0.00320

  761.0  -0.00315

  762.0  -0.00318

  763.0  -0.00324

  764.0  -0.00324

  765.0  -0.00327

  766.0  -0.00330

  767.0  -0.00328

  768.0  -0.00331

  769.0  -0.00334

  770.0  -0.00338

  771.0  -0.00335

  772.0  -0.00333

  773.0  -0.00331

  774.0  -0.00331

  775.0  -0.00335

  776.0  -0.00332

  777.0  -0.00333

  778.0  -0.00328

  779.0  -0.00331

  780.0  -0.00332

  781.0  -0.00338

  782.0  -0.00342

  783.0  -0.00334

  784.0  -0.00332

  785.0  -0.00335

  786.0  -0.00336

  787.0  -0.00342

  788.0  -0.00340

  789.0  -0.00338

  790.0  -0.00339

  791.0  -0.00339

  792.0  -0.00348

  793.0  -0.00349

  794.0  -0.00356

  795.0  -0.00356

  796.0  -0.00351

  797.0  -0.00352

  798.0  -0.00352

  799.0  -0.00355

  800.0  -0.00367

 
