ser ID: DU600

Method ID: A:\DEFAULT

Date: 08/08/00

Time: 08:02

 200.0   3.14426

  201.0   3.21484

  202.0   2.95328

  203.0   3.29159

  204.0   3.02877

  205.0   3.36511

  206.0   3.39707

  207.0   3.42797

  208.0   3.15791

  209.0   3.49192

  210.0   3.52022

  211.0   3.54814

  212.0   3.57588

  213.0   3.60649

  214.0   3.63155

  215.0   3.35392

  216.0   3.67742

  217.0   3.70252

  218.0   3.42243

  219.0   3.74217

  220.0   3.15685

  221.0   3.29725

  222.0   3.78979

  223.0   3.32586

  224.0   3.81591

  225.0   3.52827

  226.0   3.54189

  227.0   3.25310

  228.0   3.56626

  229.0   3.17955

  230.0   3.89081

  231.0   3.20227

  232.0   3.21139

  233.0   3.07377

  234.0   3.22753

  235.0   3.45484

  236.0   3.93626

  237.0   3.46260

  238.0   3.24329

  239.0   3.34173

  240.0   3.24581

  241.0   3.24507

  242.0   3.24418

  243.0   3.24259

  244.0   3.24040

  245.0   3.15892

  246.0   3.03070

  247.0   3.02669

  248.0   2.84670

  249.0   2.88040

  250.0   2.68632

  251.0   2.46485

  252.0   2.30498

  253.0   2.26848

  254.0   2.09768

  255.0   1.95152

  256.0   1.82461

  257.0   1.69266

  258.0   1.57932

  259.0   1.47127

  260.0   1.37967

  261.0   1.30322

  262.0   1.22554

  263.0   1.16779

  264.0   1.11757

  265.0   1.06665

  266.0   1.02060

  267.0   0.98239

  268.0   0.95070

  269.0   0.91881

  270.0   0.88458

  271.0   0.85836

  272.0   0.83078

  273.0   0.80276

  274.0   0.77286

  275.0   0.74509

  276.0   0.71864

  277.0   0.69455

  278.0   0.66477

  279.0   0.64033

  280.0   0.61514

  281.0   0.58879

  282.0   0.56625

  283.0   0.54577

  284.0   0.52346

  285.0   0.49850

  286.0   0.47495

  287.0   0.45169

  288.0   0.42776

  289.0   0.40793

  290.0   0.38759

  291.0   0.36978

  292.0   0.35058

  293.0   0.33447

  294.0   0.31858

  295.0   0.30067

  296.0   0.28531

  297.0   0.27011

  298.0   0.25680

  299.0   0.24267

  300.0   0.23147

  301.0   0.22202

  302.0   0.21297

  303.0   0.20629

  304.0   0.20045

  305.0   0.19492

  306.0   0.18977

  307.0   0.18480

  308.0   0.18038

  309.0   0.17652

  310.0   0.17285

  311.0   0.16914

  312.0   0.16469

  313.0   0.16011

  314.0   0.15691

  315.0   0.15326

  316.0   0.15015

  317.0   0.14747

  318.0   0.14394

  319.0   0.14111

  320.0   0.13826

  321.0   0.13733

  322.0   0.13444

  323.0   0.13260

  324.0   0.13137

  325.0   0.12995

  326.0   0.12836

  327.0   0.12694

  328.0   0.12645

  329.0   0.12517

  330.0   0.12474

  331.0   0.12324

  332.0   0.12273

  333.0   0.12135

  334.0   0.12002

  335.0   0.11893

  336.0   0.11875

  337.0   0.11797

  338.0   0.11729

  339.0   0.11553

  340.0   0.11488

  341.0   0.11403

  342.0   0.11312

  343.0   0.11222

  344.0   0.11148

  345.0   0.10996

  346.0   0.10939

  347.0   0.10793

  348.0   0.10663

  349.0   0.10590

  350.0   0.10426

  351.0   0.10262

  352.0   0.10147

  353.0   0.09960

  354.0   0.09869

  355.0   0.09702

  356.0   0.09556

  357.0   0.09421

  358.0   0.09253

  359.0   0.09082

  360.0   0.08895

  361.0   0.08680

  362.0   0.08422

  363.0   0.08218

  364.0   0.08128

  365.0   0.07918

  366.0   0.07705

  367.0   0.07491

  368.0   0.07299

  369.0   0.07115

  370.0   0.06886

  371.0   0.06783

  372.0   0.06616

  373.0   0.06397

  374.0   0.06225

  375.0   0.06052

  376.0   0.05868

  377.0   0.05763

  378.0   0.05547

  379.0   0.05429

  380.0   0.05265

  381.0   0.05127

  382.0   0.04974

  383.0   0.04849

  384.0   0.04699

  385.0   0.04575

  386.0   0.04450

  387.0   0.04329

  388.0   0.04221

  389.0   0.04090

  390.0   0.03999

  391.0   0.03913

  392.0   0.03822

  393.0   0.03745

  394.0   0.03649

  395.0   0.03595

  396.0   0.03491

  397.0   0.03410

  398.0   0.03363

  399.0   0.03283

  400.0   0.03219

  401.0   0.03162

  402.0   0.03074

  403.0   0.03015

  404.0   0.02980

  405.0   0.02927

  406.0   0.02884

  407.0   0.02825

  408.0   0.02759

  409.0   0.02689

  410.0   0.02631

  411.0   0.02577

  412.0   0.02513

  413.0   0.02454

  414.0   0.02382

  415.0   0.02327

  416.0   0.02265

  417.0   0.02171

  418.0   0.02097

  419.0   0.02004

  420.0   0.01945

  421.0   0.01865

  422.0   0.01760

  423.0   0.01702

  424.0   0.01627

  425.0   0.01546

  426.0   0.01457

  427.0   0.01409

  428.0   0.01337

  429.0   0.01251

  430.0   0.01203

  431.0   0.01149

  432.0   0.01098

  433.0   0.01042

  434.0   0.01001

  435.0   0.00950

  436.0   0.00905

  437.0   0.00870

  438.0   0.00845

  439.0   0.00855

  440.0   0.00767

  441.0   0.00724

  442.0   0.00696

  443.0   0.00661

  444.0   0.00642

  445.0   0.00613

  446.0   0.00587

  447.0   0.00560

  448.0   0.00535

  449.0   0.00506

  450.0   0.00492

  451.0   0.00452

  452.0   0.00435

  453.0   0.00405

  454.0   0.00377

  455.0   0.00353

  456.0   0.00326

  457.0   0.00328

  458.0   0.00322

  459.0   0.00300

  460.0   0.00281

  461.0   0.00259

  462.0   0.00245

  463.0   0.00231

  464.0   0.00216

  465.0   0.00205

  466.0   0.00198

  467.0   0.00201

  468.0   0.00196

  469.0   0.00195

  470.0   0.00183

  471.0   0.00188

  472.0   0.00180

  473.0   0.00184

  474.0   0.00170

  475.0   0.00168

  476.0   0.00152

  477.0   0.00143

  478.0   0.00134

  479.0   0.00123

  480.0   0.00120

  481.0   0.00115

  482.0   0.00110

  483.0   0.00099

  484.0   0.00085

  485.0   0.00081

  486.0   0.00075

  487.0   0.00072

  488.0   0.00071

  489.0   0.00068

  490.0   0.00069

  491.0   0.00066

  492.0   0.00056

  493.0   0.00054

  494.0   0.00053

  495.0   0.00053

  496.0   0.00054

  497.0   0.00056

  498.0   0.00059

  499.0   0.00061

  500.0   0.00064

  501.0   0.00068

  502.0   0.00065

  503.0   0.00071

  504.0   0.00064

  505.0   0.00072

  506.0   0.00077

  507.0   0.00074

  508.0   0.00074

  509.0   0.00077

  510.0   0.00083

  511.0   0.00086

  512.0   0.00087

  513.0   0.00091

  514.0   0.00094

  515.0   0.00094

  516.0   0.00092

  517.0   0.00089

  518.0   0.00091

  519.0   0.00096

  520.0   0.00100

  521.0   0.00107

  522.0   0.00110

  523.0   0.00114

  524.0   0.00121

  525.0   0.00128

  526.0   0.00133

  527.0   0.00140

  528.0   0.00148

  529.0   0.00157

  530.0   0.00159

  531.0   0.00168

  532.0   0.00170

  533.0   0.00176

  534.0   0.00178

  535.0   0.00184

  536.0   0.00186

  537.0   0.00193

  538.0   0.00197

  539.0   0.00205

  540.0   0.00207

  541.0   0.00217

  542.0   0.00225

  543.0   0.00233

  544.0   0.00237

  545.0   0.00248

  546.0   0.00252

  547.0   0.00259

  548.0   0.00270

  549.0   0.00274

  550.0   0.00281

  551.0   0.00281

  552.0   0.00285

  553.0   0.00278

  554.0   0.00283

  555.0   0.00285

  556.0   0.00284

  557.0   0.00464

  558.0   0.00453

  559.0   0.00448

  560.0   0.00439

  561.0   0.00438

  562.0   0.00431

  563.0   0.00424

  564.0   0.00421

  565.0   0.00413

  566.0   0.00412

  567.0   0.00407

  568.0   0.00402

  569.0   0.00395

  570.0   0.00395

  571.0   0.00390

  572.0   0.00391

  573.0   0.00388

  574.0   0.00384

  575.0   0.00381

  576.0   0.00376

  577.0   0.00380

  578.0   0.00374

  579.0   0.00371

  580.0   0.00373

  581.0   0.00367

  582.0   0.00370

  583.0   0.00368

  584.0   0.00371

  585.0   0.00380

  586.0   0.00386

  587.0   0.00399

  588.0   0.00403

  589.0   0.00403

  590.0   0.00402

  591.0   0.00406

  592.0   0.00412

  593.0   0.00415

  594.0   0.00423

  595.0   0.00430

  596.0   0.00437

  597.0   0.00443

  598.0   0.00450

  599.0   0.00452

  600.0   0.00455

  601.0   0.00454

  602.0   0.00459

  603.0   0.00459

  604.0   0.00459

  605.0   0.00459

  606.0   0.00460

  607.0   0.00460

  608.0   0.00462

  609.0   0.00457

  610.0   0.00450

  611.0   0.00453

  612.0   0.00457

  613.0   0.00457

  614.0   0.00455

  615.0   0.00459

  616.0   0.00461

  617.0   0.00458

  618.0   0.00456

  619.0   0.00458

  620.0   0.00460

  621.0   0.00465

  622.0   0.00459

  623.0   0.00458

  624.0   0.00457

  625.0   0.00450

  626.0   0.00447

  627.0   0.00447

  628.0   0.00446

  629.0   0.00450

  630.0   0.00452

  631.0   0.00453

  632.0   0.00449

  633.0   0.00445

  634.0   0.00443

  635.0   0.00446

  636.0   0.00447

  637.0   0.00444

  638.0   0.00447

  639.0   0.00450

  640.0   0.00451

  641.0   0.00453

  642.0   0.00453

  643.0   0.00450

  644.0   0.00450

  645.0   0.00455

  646.0   0.00455

  647.0   0.00461

  648.0   0.00463

  649.0   0.00463

  650.0   0.00462

  651.0   0.00455

  652.0   0.00452

  653.0   0.00451

  654.0   0.00448

  655.0   0.00444

  656.0   0.00441

  657.0   0.00441

  658.0   0.00447

  659.0   0.00452

  660.0   0.00446

  661.0   0.00453

  662.0   0.00442

  663.0   0.00439

  664.0   0.00435

  665.0   0.00432

  666.0   0.00435

  667.0   0.00432

  668.0   0.00423

  669.0   0.00423

  670.0   0.00419

  671.0   0.00420

  672.0   0.00422

  673.0   0.00417

  674.0   0.00418

  675.0   0.00415

  676.0   0.00409

  677.0   0.00404

  678.0   0.00399

  679.0   0.00397

  680.0   0.00395

  681.0   0.00396

  682.0   0.00398

  683.0   0.00392

  684.0   0.00388

  685.0   0.00390

  686.0   0.00387

  687.0   0.00389

  688.0   0.00385

  689.0   0.00379

  690.0   0.00377

  691.0   0.00370

  692.0   0.00369

  693.0   0.00371

  694.0   0.00367

  695.0   0.00367

  696.0   0.00363

  697.0   0.00359

  698.0   0.00357

  699.0   0.00353

  700.0   0.00349

  701.0   0.00351

  702.0   0.00345

  703.0   0.00340

  704.0   0.00330

  705.0   0.00326

  706.0   0.00324

  707.0   0.00319

  708.0   0.00313

  709.0   0.00305

  710.0   0.00299

  711.0   0.00295

  712.0   0.00291

  713.0   0.00285

  714.0   0.00280

  715.0   0.00282

  716.0   0.00280

  717.0   0.00278

  718.0   0.00275

  719.0   0.00267

  720.0   0.00267

  721.0   0.00262

  722.0   0.00260

  723.0   0.00253

  724.0   0.00249

  725.0   0.00242

  726.0   0.00233

  727.0   0.00237

  728.0   0.00222

  729.0   0.00222

  730.0   0.00219

  731.0   0.00211

  732.0   0.00208

  733.0   0.00209

  734.0   0.00204

  735.0   0.00205

  736.0   0.00405

  737.0   0.00385

  738.0   0.00373

  739.0   0.00352

  740.0   0.00338

  741.0   0.00321

  742.0   0.00309

  743.0   0.00295

  744.0   0.00281

  745.0   0.00272

  746.0   0.00264

  747.0   0.00261

  748.0   0.00250

  749.0   0.00242

  750.0   0.00231

  751.0   0.00228

  752.0   0.00215

  753.0   0.00204

  754.0   0.00204

  755.0   0.00193

  756.0   0.00182

  757.0   0.00180

  758.0   0.00172

  759.0   0.00175

  760.0   0.00167

  761.0   0.00164

  762.0   0.00153

  763.0   0.00153

  764.0   0.00148

  765.0   0.00148

  766.0   0.00140

  767.0   0.00140

  768.0   0.00135

  769.0   0.00130

  770.0   0.00130

  771.0   0.00127

  772.0   0.00127

  773.0   0.00130

  774.0   0.00131

  775.0   0.00131

  776.0   0.00136

  777.0   0.00137

  778.0   0.00140

  779.0   0.00140

  780.0   0.00137

  781.0   0.00126

  782.0   0.00121

  783.0   0.00135

  784.0   0.00141

  785.0   0.00142

  786.0   0.00147

  787.0   0.00139

  788.0   0.00137

  789.0   0.00137

  790.0   0.00126

  791.0   0.00123

  792.0   0.00115

  793.0   0.00118

  794.0   0.00112

  795.0   0.00113

  796.0   0.00113

  797.0   0.00110

  798.0   0.00113

  799.0   0.00107

  800.0   0.00102

 
