ser ID: DU600

Method ID: A:\DEFAULT

Date: 08/08/00

Time: 05:05

 200.0   2.66714

  201.0   3.21484

  202.0   3.25431

  203.0   3.29159

  204.0   3.32980

  205.0   3.36511

  206.0   3.39707

  207.0   3.42797

  208.0   3.15791

  209.0   3.49192

  210.0   3.21919

  211.0   3.54814

  212.0   3.57588

  213.0   3.60649

  214.0   3.63155

  215.0   3.65495

  216.0   3.67742

  217.0   3.70252

  218.0   3.72346

  219.0   3.74217

  220.0   3.75891

  221.0   3.77437

  222.0   3.78979

  223.0   3.50195

  224.0   3.81591

  225.0   3.82930

  226.0   3.84292

  227.0   3.85516

  228.0   3.86729

  229.0   3.87852

  230.0   3.89081

  231.0   3.90124

  232.0   3.91036

  233.0   3.61784

  234.0   2.30325

  235.0   2.44060

  236.0   2.85708

  237.0   3.93972

  238.0   3.94226

  239.0   3.94379

  240.0   3.94478

  241.0   3.94404

  242.0   3.94315

  243.0   3.94156

  244.0   3.93937

  245.0   3.45994

  246.0   3.08869

  247.0   3.32772

  248.0   3.92588

  249.0   3.92179

  250.0   3.91677

  251.0   3.00892

  252.0   3.00395

  253.0   2.75582

  254.0   2.51681

  255.0   2.34697

  256.0   2.19511

  257.0   2.04768

  258.0   1.91474

  259.0   1.79928

  260.0   1.71190

  261.0   1.61412

  262.0   1.53600

  263.0   1.46334

  264.0   1.39359

  265.0   1.33315

  266.0   1.28236

  267.0   1.23071

  268.0   1.19448

  269.0   1.15499

  270.0   1.11567

  271.0   1.08576

  272.0   1.06108

  273.0   1.02641

  274.0   0.99275

  275.0   0.96273

  276.0   0.93099

  277.0   0.89959

  278.0   0.86401

  279.0   0.83062

  280.0   0.79525

  281.0   0.76084

  282.0   0.72963

  283.0   0.69695

  284.0   0.66747

  285.0   0.63119

  286.0   0.59917

  287.0   0.56877

  288.0   0.53489

  289.0   0.50730

  290.0   0.48082

  291.0   0.45407

  292.0   0.42993

  293.0   0.40546

  294.0   0.38311

  295.0   0.35798

  296.0   0.33647

  297.0   0.31646

  298.0   0.29678

  299.0   0.27609

  300.0   0.26015

  301.0   0.24563

  302.0   0.23192

  303.0   0.22192

  304.0   0.21098

  305.0   0.20084

  306.0   0.19000

  307.0   0.18153

  308.0   0.17443

  309.0   0.16801

  310.0   0.16396

  311.0   0.16148

  312.0   0.15733

  313.0   0.14566

  314.0   0.14483

  315.0   0.14053

  316.0   0.13551

  317.0   0.13138

  318.0   0.12858

  319.0   0.12570

  320.0   0.12235

  321.0   0.12220

  322.0   0.11867

  323.0   0.11900

  324.0   0.11930

  325.0   0.11850

  326.0   0.11831

  327.0   0.12015

  328.0   0.12108

  329.0   0.12268

  330.0   0.12461

  331.0   0.12599

  332.0   0.12834

  333.0   0.13047

  334.0   0.13208

  335.0   0.13430

  336.0   0.13822

  337.0   0.14057

  338.0   0.14382

  339.0   0.14656

  340.0   0.14977

  341.0   0.15353

  342.0   0.15656

  343.0   0.16116

  344.0   0.16436

  345.0   0.16701

  346.0   0.17032

  347.0   0.17323

  348.0   0.17509

  349.0   0.17768

  350.0   0.17997

  351.0   0.18185

  352.0   0.18295

  353.0   0.18413

  354.0   0.18545

  355.0   0.18614

  356.0   0.18594

  357.0   0.18681

  358.0   0.18617

  359.0   0.18507

  360.0   0.18395

  361.0   0.18197

  362.0   0.17920

  363.0   0.17609

  364.0   0.17429

  365.0   0.17131

  366.0   0.16835

  367.0   0.16651

  368.0   0.16253

  369.0   0.15967

  370.0   0.15612

  371.0   0.15416

  372.0   0.15061

  373.0   0.14871

  374.0   0.14558

  375.0   0.13744

  376.0   0.13338

  377.0   0.13123

  378.0   0.12826

  379.0   0.12552

  380.0   0.12232

  381.0   0.11885

  382.0   0.11569

  383.0   0.11273

  384.0   0.10967

  385.0   0.10669

  386.0   0.10386

  387.0   0.10083

  388.0   0.09824

  389.0   0.09501

  390.0   0.09223

  391.0   0.08991

  392.0   0.08737

  393.0   0.08493

  394.0   0.08241

  395.0   0.08044

  396.0   0.07815

  397.0   0.07624

  398.0   0.07486

  399.0   0.07281

  400.0   0.07108

  401.0   0.06953

  402.0   0.06771

  403.0   0.06636

  404.0   0.06491

  405.0   0.06377

  406.0   0.06225

  407.0   0.06070

  408.0   0.05944

  409.0   0.05783

  410.0   0.05659

  411.0   0.05547

  412.0   0.05409

  413.0   0.05295

  414.0   0.05150

  415.0   0.05071

  416.0   0.04853

  417.0   0.04695

  418.0   0.04551

  419.0   0.04376

  420.0   0.04235

  421.0   0.04102

  422.0   0.03940

  423.0   0.03778

  424.0   0.03622

  425.0   0.03474

  426.0   0.03311

  427.0   0.03203

  428.0   0.03059

  429.0   0.02907

  430.0   0.02792

  431.0   0.02658

  432.0   0.02547

  433.0   0.02422

  434.0   0.02324

  435.0   0.02207

  436.0   0.02096

  437.0   0.02007

  438.0   0.01919

  439.0   0.01870

  440.0   0.01715

  441.0   0.01629

  442.0   0.01539

  443.0   0.01476

  444.0   0.01410

  445.0   0.01344

  446.0   0.01280

  447.0   0.01220

  448.0   0.01164

  449.0   0.01100

  450.0   0.01043

  451.0   0.00983

  452.0   0.00935

  453.0   0.00875

  454.0   0.00804

  455.0   0.00760

  456.0   0.00705

  457.0   0.00683

  458.0   0.00658

  459.0   0.00618

  460.0   0.00573

  461.0   0.00524

  462.0   0.00492

  463.0   0.00451

  464.0   0.00422

  465.0   0.00389

  466.0   0.00359

  467.0   0.00341

  468.0   0.00318

  469.0   0.00300

  470.0   0.00278

  471.0   0.00271

  472.0   0.00247

  473.0   0.00237

  474.0   0.00212

  475.0   0.00201

  476.0   0.00175

  477.0   0.00157

  478.0   0.00139

  479.0   0.00123

  480.0   0.00112

  481.0   0.00102

  482.0   0.00085

  483.0   0.00071

  484.0   0.00053

  485.0   0.00043

  486.0   0.00030

  487.0   0.00021

  488.0   0.00011

  489.0  -0.00002

  490.0  -0.00009

  491.0  -0.00015

  492.0  -0.00033

  493.0  -0.00036

  494.0  -0.00036

  495.0  -0.00040

  496.0  -0.00046

  497.0  -0.00054

  498.0  -0.00051

  499.0  -0.00059

  500.0  -0.00064

  501.0  -0.00068

  502.0  -0.00069

  503.0  -0.00072

  504.0  -0.00078

  505.0  -0.00077

  506.0  -0.00075

  507.0  -0.00080

  508.0  -0.00085

  509.0  -0.00094

  510.0  -0.00086

  511.0  -0.00090

  512.0  -0.00093

  513.0  -0.00096

  514.0  -0.00096

  515.0  -0.00099

  516.0  -0.00100

  517.0  -0.00106

  518.0  -0.00104

  519.0  -0.00107

  520.0  -0.00110

  521.0  -0.00108

  522.0  -0.00106

  523.0  -0.00115

  524.0  -0.00119

  525.0  -0.00110

  526.0  -0.00106

  527.0  -0.00104

  528.0  -0.00101

  529.0  -0.00104

  530.0  -0.00103

  531.0  -0.00101

  532.0  -0.00105

  533.0  -0.00103

  534.0  -0.00105

  535.0  -0.00109

  536.0  -0.00109

  537.0  -0.00110

  538.0  -0.00106

  539.0  -0.00109

  540.0  -0.00113

  541.0  -0.00107

  542.0  -0.00104

  543.0  -0.00102

  544.0  -0.00098

  545.0  -0.00095

  546.0  -0.00098

  547.0  -0.00093

  548.0  -0.00093

  549.0  -0.00095

  550.0  -0.00099

  551.0  -0.00098

  552.0  -0.00096

  553.0  -0.00103

  554.0  -0.00107

  555.0  -0.00106

  556.0  -0.00109

  557.0  -0.00023

  558.0  -0.00025

  559.0  -0.00032

  560.0  -0.00034

  561.0  -0.00036

  562.0  -0.00042

  563.0  -0.00051

  564.0  -0.00053

  565.0  -0.00057

  566.0  -0.00059

  567.0  -0.00060

  568.0  -0.00058

  569.0  -0.00062

  570.0  -0.00061

  571.0  -0.00067

  572.0  -0.00069

  573.0  -0.00074

  574.0  -0.00076

  575.0  -0.00080

  576.0  -0.00083

  577.0  -0.00078

  578.0  -0.00084

  579.0  -0.00081

  580.0  -0.00087

  581.0  -0.00086

  582.0  -0.00088

  583.0  -0.00089

  584.0  -0.00089

  585.0  -0.00086

  586.0  -0.00080

  587.0  -0.00078

  588.0  -0.00076

  589.0  -0.00075

  590.0  -0.00079

  591.0  -0.00076

  592.0  -0.00072

  593.0  -0.00072

  594.0  -0.00073

  595.0  -0.00075

  596.0  -0.00071

  597.0  -0.00065

  598.0  -0.00063

  599.0  -0.00066

  600.0  -0.00063

  601.0  -0.00064

  602.0  -0.00064

  603.0  -0.00069

  604.0  -0.00069

  605.0  -0.00068

  606.0  -0.00070

  607.0  -0.00068

  608.0  -0.00066

  609.0  -0.00073

  610.0  -0.00071

  611.0  -0.00069

  612.0  -0.00067

  613.0  -0.00070

  614.0  -0.00072

  615.0  -0.00070

  616.0  -0.00068

  617.0  -0.00070

  618.0  -0.00070

  619.0  -0.00066

  620.0  -0.00064

  621.0  -0.00067

  622.0  -0.00067

  623.0  -0.00071

  624.0  -0.00075

  625.0  -0.00079

  626.0  -0.00085

  627.0  -0.00087

  628.0  -0.00088

  629.0  -0.00082

  630.0  -0.00080

  631.0  -0.00075

  632.0  -0.00080

  633.0  -0.00083

  634.0  -0.00083

  635.0  -0.00079

  636.0  -0.00081

  637.0  -0.00081

  638.0  -0.00081

  639.0  -0.00078

  640.0  -0.00076

  641.0  -0.00076

  642.0  -0.00081

  643.0  -0.00079

  644.0  -0.00082

  645.0  -0.00081

  646.0  -0.00078

  647.0  -0.00071

  648.0  -0.00069

  649.0  -0.00071

  650.0  -0.00071

  651.0  -0.00074

  652.0  -0.00076

  653.0  -0.00076

  654.0  -0.00075

  655.0  -0.00078

  656.0  -0.00080

  657.0  -0.00083

  658.0  -0.00075

  659.0  -0.00068

  660.0  -0.00070

  661.0  -0.00065

  662.0  -0.00069

  663.0  -0.00070

  664.0  -0.00070

  665.0  -0.00072

  666.0  -0.00072

  667.0  -0.00076

  668.0  -0.00079

  669.0  -0.00076

  670.0  -0.00075

  671.0  -0.00075

  672.0  -0.00068

  673.0  -0.00070

  674.0  -0.00067

  675.0  -0.00067

  676.0  -0.00070

  677.0  -0.00074

  678.0  -0.00074

  679.0  -0.00076

  680.0  -0.00076

  681.0  -0.00073

  682.0  -0.00067

  683.0  -0.00072

  684.0  -0.00071

  685.0  -0.00073

  686.0  -0.00073

  687.0  -0.00071

  688.0  -0.00070

  689.0  -0.00070

  690.0  -0.00072

  691.0  -0.00074

  692.0  -0.00073

  693.0  -0.00071

  694.0  -0.00073

  695.0  -0.00072

  696.0  -0.00074

  697.0  -0.00074

  698.0  -0.00073

  699.0  -0.00077

  700.0  -0.00077

  701.0  -0.00074

  702.0  -0.00076

  703.0  -0.00075

  704.0  -0.00077

  705.0  -0.00078

  706.0  -0.00076

  707.0  -0.00075

  708.0  -0.00075

  709.0  -0.00076

  710.0  -0.00082

  711.0  -0.00078

  712.0  -0.00077

  713.0  -0.00082

  714.0  -0.00086

  715.0  -0.00081

  716.0  -0.00083

  717.0  -0.00088

  718.0  -0.00086

  719.0  -0.00094

  720.0  -0.00096

  721.0  -0.00095

  722.0  -0.00096

  723.0  -0.00099

  724.0  -0.00099

  725.0  -0.00107

  726.0  -0.00112

  727.0  -0.00109

  728.0  -0.00114

  729.0  -0.00111

  730.0  -0.00111

  731.0  -0.00112

  732.0  -0.00113

  733.0  -0.00111

  734.0  -0.00115

  735.0  -0.00115

  736.0   0.00017

  737.0   0.00006

  738.0  -0.00005

  739.0  -0.00011

  740.0  -0.00025

  741.0  -0.00033

  742.0  -0.00038

  743.0  -0.00046

  744.0  -0.00052

  745.0  -0.00060

  746.0  -0.00062

  747.0  -0.00062

  748.0  -0.00076

  749.0  -0.00079

  750.0  -0.00079

  751.0  -0.00076

  752.0  -0.00087

  753.0  -0.00092

  754.0  -0.00084

  755.0  -0.00092

  756.0  -0.00092

  757.0  -0.00100

  758.0  -0.00103

  759.0  -0.00098

  760.0  -0.00103

  761.0  -0.00104

  762.0  -0.00109

  763.0  -0.00112

  764.0  -0.00115

  765.0  -0.00115

  766.0  -0.00123

  767.0  -0.00126

  768.0  -0.00129

  769.0  -0.00137

  770.0  -0.00140

  771.0  -0.00138

  772.0  -0.00135

  773.0  -0.00141

  774.0  -0.00144

  775.0  -0.00147

  776.0  -0.00139

  777.0  -0.00139

  778.0  -0.00134

  779.0  -0.00137

  780.0  -0.00126

  781.0  -0.00106

  782.0  -0.00098

  783.0  -0.00096

  784.0  -0.00090

  785.0  -0.00096

  786.0  -0.00093

  787.0  -0.00102

  788.0  -0.00099

  789.0  -0.00105

  790.0  -0.00114

  791.0  -0.00117

  792.0  -0.00117

  793.0  -0.00121

  794.0  -0.00121

  795.0  -0.00127

  796.0  -0.00118

  797.0  -0.00121

  798.0  -0.00122

  799.0  -0.00125

  800.0  -0.00130

 
