ser ID: DU600

Method ID: A:\DEFAULT

Date: 08/08/00

Time: 04:34

 200.0   2.54220

  201.0   3.21484

  202.0   3.25431

  203.0   3.29159

  204.0   3.32980

  205.0   3.36511

  206.0   2.91995

  207.0   3.42797

  208.0   3.45894

  209.0   3.19089

  210.0   3.52022

  211.0   3.54814

  212.0   3.57588

  213.0   3.60649

  214.0   3.63155

  215.0   2.87680

  216.0   3.67742

  217.0   3.70252

  218.0   3.72346

  219.0   3.74217

  220.0   3.75891

  221.0   3.77437

  222.0   3.78979

  223.0   3.80298

  224.0   3.81591

  225.0   3.82930

  226.0   3.84292

  227.0   3.85516

  228.0   3.86729

  229.0   3.57749

  230.0   3.58978

  231.0   3.60021

  232.0   3.91036

  233.0   3.91887

  234.0   3.92650

  235.0   3.93197

  236.0   3.93626

  237.0   3.63869

  238.0   3.46513

  239.0   3.94379

  240.0   3.94478

  241.0   3.94404

  242.0   3.94315

  243.0   3.94156

  244.0   3.63834

  245.0   3.63604

  246.0   3.93379

  247.0   3.92978

  248.0   3.92588

  249.0   3.92179

  250.0   3.43965

  251.0   3.13386

  252.0   3.00395

  253.0   2.67150

  254.0   2.69290

  255.0   2.51082

  256.0   2.35383

  257.0   2.20809

  258.0   2.04771

  259.0   1.89434

  260.0   1.78557

  261.0   1.69933

  262.0   1.60224

  263.0   1.52367

  264.0   1.46132

  265.0   1.40194

  266.0   1.34702

  267.0   1.29504

  268.0   1.25777

  269.0   1.22323

  270.0   1.18879

  271.0   1.15441

  272.0   1.12429

  273.0   1.08925

  274.0   1.05414

  275.0   1.01775

  276.0   0.98829

  277.0   0.95791

  278.0   0.91694

  279.0   0.88329

  280.0   0.85228

  281.0   0.81101

  282.0   0.77664

  283.0   0.74080

  284.0   0.71017

  285.0   0.67311

  286.0   0.63709

  287.0   0.60431

  288.0   0.56738

  289.0   0.53689

  290.0   0.50693

  291.0   0.47878

  292.0   0.45078

  293.0   0.42667

  294.0   0.40159

  295.0   0.37558

  296.0   0.35159

  297.0   0.32890

  298.0   0.30620

  299.0   0.28497

  300.0   0.26712

  301.0   0.25082

  302.0   0.23545

  303.0   0.22353

  304.0   0.21147

  305.0   0.20061

  306.0   0.19012

  307.0   0.17979

  308.0   0.17235

  309.0   0.16524

  310.0   0.15889

  311.0   0.15166

  312.0   0.14457

  313.0   0.13873

  314.0   0.13388

  315.0   0.13046

  316.0   0.12645

  317.0   0.12273

  318.0   0.11985

  319.0   0.11652

  320.0   0.11382

  321.0   0.11301

  322.0   0.11112

  323.0   0.11205

  324.0   0.11220

  325.0   0.11238

  326.0   0.11255

  327.0   0.11358

  328.0   0.11552

  329.0   0.11891

  330.0   0.12174

  331.0   0.12337

  332.0   0.12716

  333.0   0.12941

  334.0   0.13340

  335.0   0.13681

  336.0   0.14140

  337.0   0.14615

  338.0   0.15048

  339.0   0.15485

  340.0   0.15942

  341.0   0.16526

  342.0   0.16792

  343.0   0.17355

  344.0   0.17845

  345.0   0.18378

  346.0   0.18829

  347.0   0.19199

  348.0   0.19632

  349.0   0.19998

  350.0   0.20296

  351.0   0.20567

  352.0   0.20830

  353.0   0.21035

  354.0   0.21256

  355.0   0.21384

  356.0   0.21372

  357.0   0.21438

  358.0   0.21483

  359.0   0.21378

  360.0   0.21218

  361.0   0.20967

  362.0   0.20697

  363.0   0.20444

  364.0   0.20312

  365.0   0.20007

  366.0   0.19616

  367.0   0.19316

  368.0   0.18885

  369.0   0.18544

  370.0   0.18141

  371.0   0.17811

  372.0   0.17454

  373.0   0.17039

  374.0   0.16637

  375.0   0.16321

  376.0   0.15871

  377.0   0.15503

  378.0   0.15078

  379.0   0.14721

  380.0   0.14339

  381.0   0.13937

  382.0   0.13558

  383.0   0.13208

  384.0   0.12813

  385.0   0.12430

  386.0   0.12073

  387.0   0.11711

  388.0   0.11382

  389.0   0.11014

  390.0   0.10705

  391.0   0.10410

  392.0   0.10107

  393.0   0.09796

  394.0   0.09497

  395.0   0.09238

  396.0   0.08993

  397.0   0.08766

  398.0   0.08588

  399.0   0.08348

  400.0   0.08135

  401.0   0.07923

  402.0   0.07716

  403.0   0.07536

  404.0   0.07358

  405.0   0.07253

  406.0   0.07089

  407.0   0.06919

  408.0   0.06764

  409.0   0.06583

  410.0   0.06429

  411.0   0.06308

  412.0   0.06154

  413.0   0.06009

  414.0   0.05851

  415.0   0.05784

  416.0   0.05523

  417.0   0.05333

  418.0   0.05189

  419.0   0.04985

  420.0   0.04845

  421.0   0.04678

  422.0   0.04507

  423.0   0.04346

  424.0   0.04173

  425.0   0.04003

  426.0   0.03824

  427.0   0.03696

  428.0   0.03525

  429.0   0.03374

  430.0   0.03228

  431.0   0.03074

  432.0   0.02947

  433.0   0.02798

  434.0   0.02685

  435.0   0.02547

  436.0   0.02416

  437.0   0.02315

  438.0   0.02214

  439.0   0.02153

  440.0   0.01986

  441.0   0.01880

  442.0   0.01770

  443.0   0.01678

  444.0   0.01594

  445.0   0.01516

  446.0   0.01449

  447.0   0.01368

  448.0   0.01292

  449.0   0.01221

  450.0   0.01150

  451.0   0.01071

  452.0   0.01004

  453.0   0.00930

  454.0   0.00876

  455.0   0.00806

  456.0   0.00759

  457.0   0.00725

  458.0   0.00695

  459.0   0.00634

  460.0   0.00585

  461.0   0.00529

  462.0   0.00492

  463.0   0.00451

  464.0   0.00410

  465.0   0.00385

  466.0   0.00351

  467.0   0.00322

  468.0   0.00286

  469.0   0.00269

  470.0   0.00234

  471.0   0.00221

  472.0   0.00199

  473.0   0.00178

  474.0   0.00154

  475.0   0.00133

  476.0   0.00103

  477.0   0.00087

  478.0   0.00057

  479.0   0.00040

  480.0   0.00023

  481.0   0.00010

  482.0  -0.00010

  483.0  -0.00025

  484.0  -0.00041

  485.0  -0.00052

  486.0  -0.00066

  487.0  -0.00069

  488.0  -0.00082

  489.0  -0.00090

  490.0  -0.00102

  491.0  -0.00114

  492.0  -0.00130

  493.0  -0.00146

  494.0  -0.00148

  495.0  -0.00157

  496.0  -0.00166

  497.0  -0.00171

  498.0  -0.00173

  499.0  -0.00180

  500.0  -0.00182

  501.0  -0.00191

  502.0  -0.00191

  503.0  -0.00198

  504.0  -0.00204

  505.0  -0.00210

  506.0  -0.00209

  507.0  -0.00211

  508.0  -0.00216

  509.0  -0.00218

  510.0  -0.00217

  511.0  -0.00220

  512.0  -0.00228

  513.0  -0.00227

  514.0  -0.00228

  515.0  -0.00233

  516.0  -0.00237

  517.0  -0.00242

  518.0  -0.00245

  519.0  -0.00248

  520.0  -0.00249

  521.0  -0.00254

  522.0  -0.00250

  523.0  -0.00255

  524.0  -0.00258

  525.0  -0.00255

  526.0  -0.00256

  527.0  -0.00256

  528.0  -0.00255

  529.0  -0.00258

  530.0  -0.00259

  531.0  -0.00261

  532.0  -0.00261

  533.0  -0.00262

  534.0  -0.00260

  535.0  -0.00263

  536.0  -0.00265

  537.0  -0.00266

  538.0  -0.00267

  539.0  -0.00268

  540.0  -0.00273

  541.0  -0.00273

  542.0  -0.00270

  543.0  -0.00272

  544.0  -0.00269

  545.0  -0.00269

  546.0  -0.00267

  547.0  -0.00269

  548.0  -0.00267

  549.0  -0.00265

  550.0  -0.00270

  551.0  -0.00279

  552.0  -0.00281

  553.0  -0.00294

  554.0  -0.00292

  555.0  -0.00299

  556.0  -0.00298

  557.0  -0.00297

  558.0  -0.00300

  559.0  -0.00309

  560.0  -0.00310

  561.0  -0.00313

  562.0  -0.00318

  563.0  -0.00325

  564.0  -0.00323

  565.0  -0.00318

  566.0  -0.00314

  567.0  -0.00320

  568.0  -0.00320

  569.0  -0.00324

  570.0  -0.00320

  571.0  -0.00330

  572.0  -0.00326

  573.0  -0.00328

  574.0  -0.00329

  575.0  -0.00325

  576.0  -0.00329

  577.0  -0.00325

  578.0  -0.00329

  579.0  -0.00327

  580.0  -0.00331

  581.0  -0.00331

  582.0  -0.00329

  583.0  -0.00331

  584.0  -0.00327

  585.0  -0.00331

  586.0  -0.00326

  587.0  -0.00326

  588.0  -0.00326

  589.0  -0.00332

  590.0  -0.00338

  591.0  -0.00338

  592.0  -0.00340

  593.0  -0.00342

  594.0  -0.00344

  595.0  -0.00348

  596.0  -0.00346

  597.0  -0.00345

  598.0  -0.00347

  599.0  -0.00353

  600.0  -0.00355

  601.0  -0.00353

  602.0  -0.00354

  603.0  -0.00354

  604.0  -0.00353

  605.0  -0.00354

  606.0  -0.00358

  607.0  -0.00356

  608.0  -0.00359

  609.0  -0.00366

  610.0  -0.00369

  611.0  -0.00370

  612.0  -0.00369

  613.0  -0.00371

  614.0  -0.00372

  615.0  -0.00369

  616.0  -0.00365

  617.0  -0.00366

  618.0  -0.00370

  619.0  -0.00371

  620.0  -0.00370

  621.0  -0.00366

  622.0  -0.00369

  623.0  -0.00368

  624.0  -0.00369

  625.0  -0.00375

  626.0  -0.00375

  627.0  -0.00373

  628.0  -0.00374

  629.0  -0.00372

  630.0  -0.00371

  631.0  -0.00374

  632.0  -0.00377

  633.0  -0.00377

  634.0  -0.00376

  635.0  -0.00371

  636.0  -0.00371

  637.0  -0.00367

  638.0  -0.00364

  639.0  -0.00360

  640.0  -0.00358

  641.0  -0.00360

  642.0  -0.00358

  643.0  -0.00363

  644.0  -0.00362

  645.0  -0.00363

  646.0  -0.00360

  647.0  -0.00360

  648.0  -0.00360

  649.0  -0.00363

  650.0  -0.00364

  651.0  -0.00367

  652.0  -0.00371

  653.0  -0.00373

  654.0  -0.00375

  655.0  -0.00375

  656.0  -0.00377

  657.0  -0.00376

  658.0  -0.00370

  659.0  -0.00365

  660.0  -0.00364

  661.0  -0.00351

  662.0  -0.00350

  663.0  -0.00344

  664.0  -0.00338

  665.0  -0.00338

  666.0  -0.00334

  667.0  -0.00336

  668.0  -0.00342

  669.0  -0.00334

  670.0  -0.00329

  671.0  -0.00330

  672.0  -0.00326

  673.0  -0.00325

  674.0  -0.00325

  675.0  -0.00324

  676.0  -0.00328

  677.0  -0.00332

  678.0  -0.00332

  679.0  -0.00331

  680.0  -0.00326

  681.0  -0.00320

  682.0  -0.00320

  683.0  -0.00319

  684.0  -0.00325

  685.0  -0.00326

  686.0  -0.00331

  687.0  -0.00334

  688.0  -0.00337

  689.0  -0.00331

  690.0  -0.00329

  691.0  -0.00331

  692.0  -0.00325

  693.0  -0.00321

  694.0  -0.00318

  695.0  -0.00316

  696.0  -0.00318

  697.0  -0.00316

  698.0  -0.00319

  699.0  -0.00323

  700.0  -0.00324

  701.0  -0.00324

  702.0  -0.00324

  703.0  -0.00324

  704.0  -0.00339

  705.0  -0.00347

  706.0  -0.00347

  707.0  -0.00344

  708.0  -0.00335

  709.0  -0.00339

  710.0  -0.00337

  711.0  -0.00335

  712.0  -0.00327

  713.0  -0.00335

  714.0  -0.00336

  715.0  -0.00336

  716.0  -0.00334

  717.0  -0.00340

  718.0  -0.00334

  719.0  -0.00343

  720.0  -0.00339

  721.0  -0.00342

  722.0  -0.00338

  723.0  -0.00343

  724.0  -0.00344

  725.0  -0.00349

  726.0  -0.00350

  727.0  -0.00348

  728.0  -0.00351

  729.0  -0.00354

  730.0  -0.00352

  731.0  -0.00352

  732.0  -0.00350

  733.0  -0.00348

  734.0  -0.00350

  735.0  -0.00349

  736.0  -0.00303

  737.0  -0.00316

  738.0  -0.00318

  739.0  -0.00325

  740.0  -0.00327

  741.0  -0.00332

  742.0  -0.00331

  743.0  -0.00342

  744.0  -0.00330

  745.0  -0.00317

  746.0  -0.00284

  747.0  -0.00297

  748.0  -0.00294

  749.0  -0.00292

  750.0  -0.00281

  751.0  -0.00273

  752.0  -0.00281

  753.0  -0.00286

  754.0  -0.00284

  755.0  -0.00289

  756.0  -0.00292

  757.0  -0.00295

  758.0  -0.00293

  759.0  -0.00282

  760.0  -0.00285

  761.0  -0.00280

  762.0  -0.00283

  763.0  -0.00286

  764.0  -0.00286

  765.0  -0.00292

  766.0  -0.00292

  767.0  -0.00293

  768.0  -0.00296

  769.0  -0.00299

  770.0  -0.00297

  771.0  -0.00300

  772.0  -0.00297

  773.0  -0.00295

  774.0  -0.00298

  775.0  -0.00304

  776.0  -0.00294

  777.0  -0.00303

  778.0  -0.00295

  779.0  -0.00298

  780.0  -0.00296

  781.0  -0.00305

  782.0  -0.00305

  783.0  -0.00303

  784.0  -0.00306

  785.0  -0.00307

  786.0  -0.00310

  787.0  -0.00314

  788.0  -0.00320

  789.0  -0.00318

  790.0  -0.00324

  791.0  -0.00322

  792.0  -0.00326

  793.0  -0.00329

  794.0  -0.00330

  795.0  -0.00339

  796.0  -0.00331

  797.0  -0.00332

  798.0  -0.00335

  799.0  -0.00335

  800.0  -0.00344

 
