ser ID: DU600

Method ID: A:\DEFAULT

Date: 08/08/00

Time: 04:37

 200.0   2.24117

  201.0   3.21484

  202.0   3.25431

  203.0   3.29159

  204.0   3.32980

  205.0   3.36511

  206.0   3.39707

  207.0   3.42797

  208.0   3.45894

  209.0   3.49192

  210.0   3.52022

  211.0   3.54814

  212.0   3.57588

  213.0   3.00443

  214.0   2.55236

  215.0   2.42450

  216.0   2.53130

  217.0   2.79943

  218.0   2.94530

  219.0   3.74217

  220.0   3.75891

  221.0   3.77437

  222.0   3.78979

  223.0   3.80298

  224.0   3.81591

  225.0   3.82930

  226.0   3.54189

  227.0   3.37803

  228.0   3.86729

  229.0   3.87852

  230.0   3.89081

  231.0   3.90124

  232.0   3.91036

  233.0   3.44175

  234.0   3.32444

  235.0   3.93197

  236.0   3.63523

  237.0   3.93972

  238.0   3.94226

  239.0   3.94379

  240.0   3.94478

  241.0   3.64301

  242.0   3.94315

  243.0   3.94156

  244.0   3.93937

  245.0   3.93707

  246.0   3.93379

  247.0   3.92978

  248.0   3.92588

  249.0   3.14364

  250.0   3.21780

  251.0   3.13386

  252.0   2.95279

  253.0   2.78801

  254.0   2.61827

  255.0   2.47606

  256.0   2.27252

  257.0   2.14779

  258.0   2.02869

  259.0   1.90368

  260.0   1.79666

  261.0   1.69933

  262.0   1.59008

  263.0   1.52576

  264.0   1.44690

  265.0   1.39074

  266.0   1.33839

  267.0   1.29504

  268.0   1.25173

  269.0   1.21871

  270.0   1.18142

  271.0   1.14460

  272.0   1.11506

  273.0   1.08152

  274.0   1.04935

  275.0   1.01775

  276.0   0.98413

  277.0   0.94954

  278.0   0.91516

  279.0   0.87729

  280.0   0.84316

  281.0   0.80315

  282.0   0.77234

  283.0   0.74000

  284.0   0.70795

  285.0   0.66903

  286.0   0.63395

  287.0   0.59967

  288.0   0.56364

  289.0   0.53268

  290.0   0.50415

  291.0   0.47683

  292.0   0.44956

  293.0   0.42475

  294.0   0.39996

  295.0   0.37353

  296.0   0.35013

  297.0   0.32767

  298.0   0.30606

  299.0   0.28413

  300.0   0.26631

  301.0   0.25095

  302.0   0.23507

  303.0   0.22303

  304.0   0.21098

  305.0   0.20013

  306.0   0.19071

  307.0   0.18141

  308.0   0.17292

  309.0   0.16559

  310.0   0.15923

  311.0   0.15223

  312.0   0.14537

  313.0   0.13942

  314.0   0.13491

  315.0   0.13115

  316.0   0.12692

  317.0   0.12344

  318.0   0.12068

  319.0   0.11748

  320.0   0.11455

  321.0   0.11386

  322.0   0.11150

  323.0   0.11167

  324.0   0.11257

  325.0   0.11314

  326.0   0.11344

  327.0   0.11447

  328.0   0.11578

  329.0   0.11814

  330.0   0.12070

  331.0   0.12324

  332.0   0.12638

  333.0   0.12915

  334.0   0.13392

  335.0   0.13707

  336.0   0.14100

  337.0   0.14561

  338.0   0.14900

  339.0   0.15310

  340.0   0.15861

  341.0   0.16403

  342.0   0.16751

  343.0   0.17314

  344.0   0.17817

  345.0   0.18182

  346.0   0.18534

  347.0   0.18944

  348.0   0.19318

  349.0   0.19768

  350.0   0.20050

  351.0   0.20378

  352.0   0.20625

  353.0   0.20770

  354.0   0.20929

  355.0   0.20937

  356.0   0.21073

  357.0   0.21190

  358.0   0.21239

  359.0   0.21036

  360.0   0.20912

  361.0   0.20669

  362.0   0.20379

  363.0   0.20202

  364.0   0.19998

  365.0   0.19715

  366.0   0.19358

  367.0   0.19054

  368.0   0.18608

  369.0   0.18264

  370.0   0.17860

  371.0   0.17633

  372.0   0.17191

  373.0   0.16787

  374.0   0.16441

  375.0   0.16061

  376.0   0.15630

  377.0   0.15273

  378.0   0.14872

  379.0   0.14499

  380.0   0.14140

  381.0   0.13746

  382.0   0.13401

  383.0   0.13029

  384.0   0.12668

  385.0   0.12271

  386.0   0.11903

  387.0   0.11574

  388.0   0.11238

  389.0   0.10863

  390.0   0.10564

  391.0   0.10273

  392.0   0.09999

  393.0   0.09676

  394.0   0.09389

  395.0   0.09133

  396.0   0.08885

  397.0   0.08655

  398.0   0.08475

  399.0   0.08249

  400.0   0.08042

  401.0   0.07860

  402.0   0.07655

  403.0   0.07472

  404.0   0.07285

  405.0   0.07166

  406.0   0.07026

  407.0   0.06827

  408.0   0.06688

  409.0   0.06533

  410.0   0.06387

  411.0   0.06238

  412.0   0.06078

  413.0   0.05937

  414.0   0.05774

  415.0   0.05719

  416.0   0.05472

  417.0   0.05294

  418.0   0.05141

  419.0   0.04957

  420.0   0.04809

  421.0   0.04643

  422.0   0.04457

  423.0   0.04297

  424.0   0.04118

  425.0   0.03965

  426.0   0.03779

  427.0   0.03659

  428.0   0.03504

  429.0   0.03325

  430.0   0.03194

  431.0   0.03029

  432.0   0.02908

  433.0   0.02767

  434.0   0.02649

  435.0   0.02530

  436.0   0.02393

  437.0   0.02292

  438.0   0.02197

  439.0   0.02126

  440.0   0.01950

  441.0   0.01849

  442.0   0.01750

  443.0   0.01658

  444.0   0.01589

  445.0   0.01511

  446.0   0.01439

  447.0   0.01354

  448.0   0.01278

  449.0   0.01207

  450.0   0.01136

  451.0   0.01053

  452.0   0.01004

  453.0   0.00930

  454.0   0.00872

  455.0   0.00806

  456.0   0.00755

  457.0   0.00729

  458.0   0.00695

  459.0   0.00638

  460.0   0.00581

  461.0   0.00541

  462.0   0.00492

  463.0   0.00451

  464.0   0.00422

  465.0   0.00393

  466.0   0.00351

  467.0   0.00322

  468.0   0.00300

  469.0   0.00276

  470.0   0.00244

  471.0   0.00231

  472.0   0.00205

  473.0   0.00193

  474.0   0.00170

  475.0   0.00150

  476.0   0.00129

  477.0   0.00104

  478.0   0.00076

  479.0   0.00059

  480.0   0.00047

  481.0   0.00033

  482.0   0.00018

  483.0  -0.00000

  484.0  -0.00017

  485.0  -0.00033

  486.0  -0.00049

  487.0  -0.00058

  488.0  -0.00071

  489.0  -0.00079

  490.0  -0.00095

  491.0  -0.00099

  492.0  -0.00111

  493.0  -0.00124

  494.0  -0.00127

  495.0  -0.00132

  496.0  -0.00139

  497.0  -0.00150

  498.0  -0.00157

  499.0  -0.00160

  500.0  -0.00160

  501.0  -0.00169

  502.0  -0.00173

  503.0  -0.00174

  504.0  -0.00181

  505.0  -0.00183

  506.0  -0.00184

  507.0  -0.00190

  508.0  -0.00197

  509.0  -0.00201

  510.0  -0.00200

  511.0  -0.00205

  512.0  -0.00210

  513.0  -0.00210

  514.0  -0.00217

  515.0  -0.00222

  516.0  -0.00230

  517.0  -0.00238

  518.0  -0.00239

  519.0  -0.00242

  520.0  -0.00240

  521.0  -0.00238

  522.0  -0.00236

  523.0  -0.00241

  524.0  -0.00244

  525.0  -0.00242

  526.0  -0.00240

  527.0  -0.00240

  528.0  -0.00240

  529.0  -0.00239

  530.0  -0.00241

  531.0  -0.00246

  532.0  -0.00249

  533.0  -0.00247

  534.0  -0.00250

  535.0  -0.00250

  536.0  -0.00251

  537.0  -0.00257

  538.0  -0.00258

  539.0  -0.00253

  540.0  -0.00256

  541.0  -0.00253

  542.0  -0.00250

  543.0  -0.00248

  544.0  -0.00248

  545.0  -0.00248

  546.0  -0.00248

  547.0  -0.00254

  548.0  -0.00252

  549.0  -0.00254

  550.0  -0.00259

  551.0  -0.00264

  552.0  -0.00266

  553.0  -0.00273

  554.0  -0.00273

  555.0  -0.00273

  556.0  -0.00274

  557.0  -0.00263

  558.0  -0.00271

  559.0  -0.00268

  560.0  -0.00274

  561.0  -0.00273

  562.0  -0.00276

  563.0  -0.00279

  564.0  -0.00277

  565.0  -0.00277

  566.0  -0.00277

  567.0  -0.00280

  568.0  -0.00282

  569.0  -0.00286

  570.0  -0.00282

  571.0  -0.00288

  572.0  -0.00290

  573.0  -0.00295

  574.0  -0.00293

  575.0  -0.00295

  576.0  -0.00299

  577.0  -0.00291

  578.0  -0.00295

  579.0  -0.00293

  580.0  -0.00291

  581.0  -0.00299

  582.0  -0.00296

  583.0  -0.00300

  584.0  -0.00300

  585.0  -0.00301

  586.0  -0.00297

  587.0  -0.00292

  588.0  -0.00290

  589.0  -0.00291

  590.0  -0.00297

  591.0  -0.00295

  592.0  -0.00292

  593.0  -0.00296

  594.0  -0.00297

  595.0  -0.00299

  596.0  -0.00299

  597.0  -0.00300

  598.0  -0.00297

  599.0  -0.00303

  600.0  -0.00301

  601.0  -0.00304

  602.0  -0.00304

  603.0  -0.00307

  604.0  -0.00311

  605.0  -0.00312

  606.0  -0.00316

  607.0  -0.00318

  608.0  -0.00317

  609.0  -0.00320

  610.0  -0.00321

  611.0  -0.00320

  612.0  -0.00317

  613.0  -0.00317

  614.0  -0.00317

  615.0  -0.00318

  616.0  -0.00316

  617.0  -0.00319

  618.0  -0.00323

  619.0  -0.00316

  620.0  -0.00318

  621.0  -0.00318

  622.0  -0.00319

  623.0  -0.00321

  624.0  -0.00321

  625.0  -0.00322

  626.0  -0.00327

  627.0  -0.00326

  628.0  -0.00327

  629.0  -0.00327

  630.0  -0.00327

  631.0  -0.00325

  632.0  -0.00324

  633.0  -0.00326

  634.0  -0.00325

  635.0  -0.00322

  636.0  -0.00321

  637.0  -0.00323

  638.0  -0.00319

  639.0  -0.00319

  640.0  -0.00317

  641.0  -0.00319

  642.0  -0.00317

  643.0  -0.00319

  644.0  -0.00322

  645.0  -0.00321

  646.0  -0.00319

  647.0  -0.00316

  648.0  -0.00311

  649.0  -0.00309

  650.0  -0.00313

  651.0  -0.00318

  652.0  -0.00321

  653.0  -0.00323

  654.0  -0.00325

  655.0  -0.00324

  656.0  -0.00324

  657.0  -0.00323

  658.0  -0.00312

  659.0  -0.00309

  660.0  -0.00311

  661.0  -0.00308

  662.0  -0.00313

  663.0  -0.00314

  664.0  -0.00314

  665.0  -0.00313

  666.0  -0.00310

  667.0  -0.00314

  668.0  -0.00318

  669.0  -0.00317

  670.0  -0.00316

  671.0  -0.00313

  672.0  -0.00305

  673.0  -0.00306

  674.0  -0.00305

  675.0  -0.00302

  676.0  -0.00303

  677.0  -0.00305

  678.0  -0.00304

  679.0  -0.00306

  680.0  -0.00305

  681.0  -0.00299

  682.0  -0.00300

  683.0  -0.00300

  684.0  -0.00301

  685.0  -0.00296

  686.0  -0.00296

  687.0  -0.00292

  688.0  -0.00295

  689.0  -0.00290

  690.0  -0.00288

  691.0  -0.00289

  692.0  -0.00283

  693.0  -0.00282

  694.0  -0.00282

  695.0  -0.00278

  696.0  -0.00283

  697.0  -0.00282

  698.0  -0.00284

  699.0  -0.00287

  700.0  -0.00285

  701.0  -0.00286

  702.0  -0.00288

  703.0  -0.00285

  704.0  -0.00287

  705.0  -0.00287

  706.0  -0.00288

  707.0  -0.00288

  708.0  -0.00284

  709.0  -0.00287

  710.0  -0.00287

  711.0  -0.00281

  712.0  -0.00279

  713.0  -0.00283

  714.0  -0.00285

  715.0  -0.00284

  716.0  -0.00284

  717.0  -0.00288

  718.0  -0.00286

  719.0  -0.00290

  720.0  -0.00286

  721.0  -0.00286

  722.0  -0.00282

  723.0  -0.00284

  724.0  -0.00289

  725.0  -0.00291

  726.0  -0.00296

  727.0  -0.00292

  728.0  -0.00296

  729.0  -0.00287

  730.0  -0.00290

  731.0  -0.00287

  732.0  -0.00287

  733.0  -0.00286

  734.0  -0.00288

  735.0  -0.00290

  736.0  -0.00234

  737.0  -0.00239

  738.0  -0.00238

  739.0  -0.00241

  740.0  -0.00251

  741.0  -0.00256

  742.0  -0.00253

  743.0  -0.00263

  744.0  -0.00268

  745.0  -0.00273

  746.0  -0.00273

  747.0  -0.00276

  748.0  -0.00273

  749.0  -0.00278

  750.0  -0.00281

  751.0  -0.00284

  752.0  -0.00289

  753.0  -0.00289

  754.0  -0.00289

  755.0  -0.00295

  756.0  -0.00292

  757.0  -0.00295

  758.0  -0.00293

  759.0  -0.00288

  760.0  -0.00280

  761.0  -0.00280

  762.0  -0.00286

  763.0  -0.00294

  764.0  -0.00300

  765.0  -0.00306

  766.0  -0.00306

  767.0  -0.00304

  768.0  -0.00299

  769.0  -0.00302

  770.0  -0.00313

  771.0  -0.00308

  772.0  -0.00308

  773.0  -0.00306

  774.0  -0.00304

  775.0  -0.00280

  776.0  -0.00258

  777.0  -0.00267

  778.0  -0.00264

  779.0  -0.00262

  780.0  -0.00262

  781.0  -0.00269

  782.0  -0.00266

  783.0  -0.00258

  784.0  -0.00259

  785.0  -0.00259

  786.0  -0.00254

  787.0  -0.00260

  788.0  -0.00264

  789.0  -0.00267

  790.0  -0.00265

  791.0  -0.00265

  792.0  -0.00266

  793.0  -0.00272

  794.0  -0.00276

  795.0  -0.00279

  796.0  -0.00277

  797.0  -0.00274

  798.0  -0.00283

  799.0  -0.00283

  800.0  -0.00289

 
