ser ID: DU600

Method ID: A:\DEFAULT

Date: 08/08/00

Time: 09:02

 200.0   2.54220

  201.0   2.91381

  202.0   2.55534

  203.0   2.99056

  204.0   2.72774

  205.0   3.36511

  206.0   3.09604

  207.0   2.95085

  208.0   3.45894

  209.0   3.49192

  210.0   3.52022

  211.0   3.24711

  212.0   3.57588

  213.0   3.00443

  214.0   3.63155

  215.0   3.65495

  216.0   3.37639

  217.0   2.70252

  218.0   3.02449

  219.0   2.89708

  220.0   3.28179

  221.0   2.87128

  222.0   2.88670

  223.0   3.50195

  224.0   3.81591

  225.0   3.52827

  226.0   3.84292

  227.0   3.37803

  228.0   3.86729

  229.0   3.87852

  230.0   3.89081

  231.0   3.60021

  232.0   3.13221

  233.0   3.91887

  234.0   3.32444

  235.0   3.08687

  236.0   3.03317

  237.0   3.33766

  238.0   3.46513

  239.0   3.64276

  240.0   3.34272

  241.0   3.34198

  242.0   3.46603

  243.0   3.94156

  244.0   3.46225

  245.0   3.63604

  246.0   3.33173

  247.0   3.23081

  248.0   3.22691

  249.0   2.74570

  250.0   2.57435

  251.0   2.48065

  252.0   2.27357

  253.0   2.15376

  254.0   2.01053

  255.0   1.88244

  256.0   1.75820

  257.0   1.63715

  258.0   1.52939

  259.0   1.42656

  260.0   1.33737

  261.0   1.25698

  262.0   1.18406

  263.0   1.12573

  264.0   1.07414

  265.0   1.02936

  266.0   0.98008

  267.0   0.94519

  268.0   0.91171

  269.0   0.87895

  270.0   0.84917

  271.0   0.82045

  272.0   0.79616

  273.0   0.77080

  274.0   0.74239

  275.0   0.71302

  276.0   0.69005

  277.0   0.66409

  278.0   0.63872

  279.0   0.61327

  280.0   0.58979

  281.0   0.56644

  282.0   0.54421

  283.0   0.52423

  284.0   0.50342

  285.0   0.47908

  286.0   0.45631

  287.0   0.43538

  288.0   0.41213

  289.0   0.39427

  290.0   0.37577

  291.0   0.35778

  292.0   0.34005

  293.0   0.32539

  294.0   0.30954

  295.0   0.29268

  296.0   0.27855

  297.0   0.26436

  298.0   0.25147

  299.0   0.23774

  300.0   0.22739

  301.0   0.21849

  302.0   0.21021

  303.0   0.20498

  304.0   0.19975

  305.0   0.19398

  306.0   0.18930

  307.0   0.18480

  308.0   0.18191

  309.0   0.17865

  310.0   0.17474

  311.0   0.17057

  312.0   0.16649

  313.0   0.16192

  314.0   0.15886

  315.0   0.15645

  316.0   0.15237

  317.0   0.14934

  318.0   0.14570

  319.0   0.14314

  320.0   0.14005

  321.0   0.13939

  322.0   0.13603

  323.0   0.13392

  324.0   0.13256

  325.0   0.13035

  326.0   0.12862

  327.0   0.12773

  328.0   0.12566

  329.0   0.12386

  330.0   0.12344

  331.0   0.12181

  332.0   0.12143

  333.0   0.11929

  334.0   0.11823

  335.0   0.11602

  336.0   0.11561

  337.0   0.11473

  338.0   0.11247

  339.0   0.11112

  340.0   0.10965

  341.0   0.10788

  342.0   0.10580

  343.0   0.10474

  344.0   0.10346

  345.0   0.10222

  346.0   0.10065

  347.0   0.09867

  348.0   0.09741

  349.0   0.09548

  350.0   0.09275

  351.0   0.09161

  352.0   0.09016

  353.0   0.08764

  354.0   0.08650

  355.0   0.08395

  356.0   0.08315

  357.0   0.08177

  358.0   0.07948

  359.0   0.07743

  360.0   0.07555

  361.0   0.07370

  362.0   0.07125

  363.0   0.06893

  364.0   0.06789

  365.0   0.06620

  366.0   0.06404

  367.0   0.06261

  368.0   0.06022

  369.0   0.05887

  370.0   0.05729

  371.0   0.05580

  372.0   0.05456

  373.0   0.05228

  374.0   0.05065

  375.0   0.04951

  376.0   0.04801

  377.0   0.04725

  378.0   0.04583

  379.0   0.04450

  380.0   0.04298

  381.0   0.04175

  382.0   0.04067

  383.0   0.03947

  384.0   0.03869

  385.0   0.03731

  386.0   0.03649

  387.0   0.03501

  388.0   0.03433

  389.0   0.03331

  390.0   0.03289

  391.0   0.03230

  392.0   0.03147

  393.0   0.03073

  394.0   0.02996

  395.0   0.02929

  396.0   0.02865

  397.0   0.02825

  398.0   0.02784

  399.0   0.02720

  400.0   0.02658

  401.0   0.02630

  402.0   0.02559

  403.0   0.02536

  404.0   0.02475

  405.0   0.02454

  406.0   0.02422

  407.0   0.02335

  408.0   0.02312

  409.0   0.02252

  410.0   0.02203

  411.0   0.02160

  412.0   0.02095

  413.0   0.02048

  414.0   0.01996

  415.0   0.01963

  416.0   0.01884

  417.0   0.01820

  418.0   0.01763

  419.0   0.01672

  420.0   0.01622

  421.0   0.01550

  422.0   0.01469

  423.0   0.01403

  424.0   0.01330

  425.0   0.01262

  426.0   0.01195

  427.0   0.01154

  428.0   0.01087

  429.0   0.01028

  430.0   0.00992

  431.0   0.00936

  432.0   0.00897

  433.0   0.00857

  434.0   0.00821

  435.0   0.00780

  436.0   0.00739

  437.0   0.00707

  438.0   0.00703

  439.0   0.00725

  440.0   0.00635

  441.0   0.00604

  442.0   0.00574

  443.0   0.00551

  444.0   0.00533

  445.0   0.00529

  446.0   0.00499

  447.0   0.00483

  448.0   0.00455

  449.0   0.00440

  450.0   0.00418

  451.0   0.00396

  452.0   0.00384

  453.0   0.00350

  454.0   0.00322

  455.0   0.00307

  456.0   0.00281

  457.0   0.00287

  458.0   0.00289

  459.0   0.00271

  460.0   0.00257

  461.0   0.00235

  462.0   0.00225

  463.0   0.00207

  464.0   0.00189

  465.0   0.00194

  466.0   0.00172

  467.0   0.00176

  468.0   0.00164

  469.0   0.00167

  470.0   0.00159

  471.0   0.00165

  472.0   0.00163

  473.0   0.00165

  474.0   0.00157

  475.0   0.00156

  476.0   0.00149

  477.0   0.00143

  478.0   0.00131

  479.0   0.00126

  480.0   0.00128

  481.0   0.00123

  482.0   0.00120

  483.0   0.00113

  484.0   0.00104

  485.0   0.00100

  486.0   0.00094

  487.0   0.00093

  488.0   0.00091

  489.0   0.00086

  490.0   0.00080

  491.0   0.00081

  492.0   0.00072

  493.0   0.00067

  494.0   0.00068

  495.0   0.00067

  496.0   0.00065

  497.0   0.00068

  498.0   0.00076

  499.0   0.00075

  500.0   0.00074

  501.0   0.00078

  502.0   0.00085

  503.0   0.00084

  504.0   0.00084

  505.0   0.00089

  506.0   0.00092

  507.0   0.00090

  508.0   0.00093

  509.0   0.00093

  510.0   0.00105

  511.0   0.00110

  512.0   0.00115

  513.0   0.00120

  514.0   0.00127

  515.0   0.00127

  516.0   0.00125

  517.0   0.00124

  518.0   0.00126

  519.0   0.00127

  520.0   0.00132

  521.0   0.00138

  522.0   0.00143

  523.0   0.00148

  524.0   0.00150

  525.0   0.00159

  526.0   0.00166

  527.0   0.00176

  528.0   0.00186

  529.0   0.00191

  530.0   0.00193

  531.0   0.00199

  532.0   0.00203

  533.0   0.00212

  534.0   0.00215

  535.0   0.00221

  536.0   0.00223

  537.0   0.00227

  538.0   0.00232

  539.0   0.00236

  540.0   0.00239

  541.0   0.00251

  542.0   0.00262

  543.0   0.00270

  544.0   0.00282

  545.0   0.00291

  546.0   0.00302

  547.0   0.00308

  548.0   0.00317

  549.0   0.00325

  550.0   0.00332

  551.0   0.00334

  552.0   0.00340

  553.0   0.00334

  554.0   0.00337

  555.0   0.00335

  556.0   0.00336

  557.0   0.00516

  558.0   0.00506

  559.0   0.00496

  560.0   0.00487

  561.0   0.00481

  562.0   0.00472

  563.0   0.00466

  564.0   0.00465

  565.0   0.00459

  566.0   0.00458

  567.0   0.00453

  568.0   0.00452

  569.0   0.00442

  570.0   0.00441

  571.0   0.00428

  572.0   0.00433

  573.0   0.00428

  574.0   0.00425

  575.0   0.00422

  576.0   0.00419

  577.0   0.00423

  578.0   0.00418

  579.0   0.00421

  580.0   0.00421

  581.0   0.00420

  582.0   0.00422

  583.0   0.00421

  584.0   0.00425

  585.0   0.00429

  586.0   0.00440

  587.0   0.00449

  588.0   0.00456

  589.0   0.00456

  590.0   0.00454

  591.0   0.00453

  592.0   0.00458

  593.0   0.00462

  594.0   0.00465

  595.0   0.00469

  596.0   0.00476

  597.0   0.00483

  598.0   0.00488

  599.0   0.00490

  600.0   0.00495

  601.0   0.00495

  602.0   0.00498

  603.0   0.00502

  604.0   0.00502

  605.0   0.00506

  606.0   0.00500

  607.0   0.00502

  608.0   0.00502

  609.0   0.00499

  610.0   0.00492

  611.0   0.00493

  612.0   0.00493

  613.0   0.00490

  614.0   0.00491

  615.0   0.00493

  616.0   0.00497

  617.0   0.00500

  618.0   0.00497

  619.0   0.00501

  620.0   0.00501

  621.0   0.00504

  622.0   0.00503

  623.0   0.00504

  624.0   0.00503

  625.0   0.00499

  626.0   0.00493

  627.0   0.00489

  628.0   0.00485

  629.0   0.00486

  630.0   0.00487

  631.0   0.00486

  632.0   0.00486

  633.0   0.00480

  634.0   0.00480

  635.0   0.00479

  636.0   0.00479

  637.0   0.00479

  638.0   0.00482

  639.0   0.00485

  640.0   0.00490

  641.0   0.00488

  642.0   0.00488

  643.0   0.00486

  644.0   0.00486

  645.0   0.00486

  646.0   0.00488

  647.0   0.00495

  648.0   0.00497

  649.0   0.00498

  650.0   0.00500

  651.0   0.00495

  652.0   0.00494

  653.0   0.00491

  654.0   0.00493

  655.0   0.00492

  656.0   0.00484

  657.0   0.00478

  658.0   0.00482

  659.0   0.00486

  660.0   0.00478

  661.0   0.00482

  662.0   0.00473

  663.0   0.00473

  664.0   0.00467

  665.0   0.00463

  666.0   0.00460

  667.0   0.00456

  668.0   0.00450

  669.0   0.00451

  670.0   0.00448

  671.0   0.00446

  672.0   0.00448

  673.0   0.00444

  674.0   0.00445

  675.0   0.00444

  676.0   0.00438

  677.0   0.00432

  678.0   0.00423

  679.0   0.00420

  680.0   0.00414

  681.0   0.00416

  682.0   0.00416

  683.0   0.00410

  684.0   0.00411

  685.0   0.00411

  686.0   0.00411

  687.0   0.00409

  688.0   0.00403

  689.0   0.00399

  690.0   0.00394

  691.0   0.00386

  692.0   0.00388

  693.0   0.00389

  694.0   0.00384

  695.0   0.00382

  696.0   0.00376

  697.0   0.00372

  698.0   0.00369

  699.0   0.00363

  700.0   0.00359

  701.0   0.00355

  702.0   0.00347

  703.0   0.00345

  704.0   0.00340

  705.0   0.00334

  706.0   0.00334

  707.0   0.00333

  708.0   0.00329

  709.0   0.00325

  710.0   0.00319

  711.0   0.00311

  712.0   0.00309

  713.0   0.00303

  714.0   0.00293

  715.0   0.00291

  716.0   0.00284

  717.0   0.00282

  718.0   0.00282

  719.0   0.00275

  720.0   0.00269

  721.0   0.00266

  722.0   0.00262

  723.0   0.00249

  724.0   0.00246

  725.0   0.00244

  726.0   0.00239

  727.0   0.00244

  728.0   0.00227

  729.0   0.00229

  730.0   0.00226

  731.0   0.00216

  732.0   0.00213

  733.0   0.00214

  734.0   0.00206

  735.0   0.00205

  736.0   0.00419

  737.0   0.00387

  738.0   0.00375

  739.0   0.00358

  740.0   0.00340

  741.0   0.00326

  742.0   0.00317

  743.0   0.00303

  744.0   0.00295

  745.0   0.00281

  746.0   0.00272

  747.0   0.00261

  748.0   0.00250

  749.0   0.00242

  750.0   0.00234

  751.0   0.00231

  752.0   0.00220

  753.0   0.00212

  754.0   0.00215

  755.0   0.00204

  756.0   0.00201

  757.0   0.00196

  758.0   0.00185

  759.0   0.00186

  760.0   0.00177

  761.0   0.00175

  762.0   0.00161

  763.0   0.00162

  764.0   0.00159

  765.0   0.00148

  766.0   0.00146

  767.0   0.00143

  768.0   0.00143

  769.0   0.00135

  770.0   0.00130

  771.0   0.00130

  772.0   0.00136

  773.0   0.00136

  774.0   0.00136

  775.0   0.00131

  776.0   0.00131

  777.0   0.00128

  778.0   0.00129

  779.0   0.00129

  780.0   0.00129

  781.0   0.00124

  782.0   0.00121

  783.0   0.00124

  784.0   0.00127

  785.0   0.00127

  786.0   0.00133

  787.0   0.00122

  788.0   0.00120

  789.0   0.00114

  790.0   0.00112

  791.0   0.00112

  792.0   0.00112

  793.0   0.00106

  794.0   0.00104

  795.0   0.00098

  796.0   0.00101

  797.0   0.00107

  798.0   0.00102

  799.0   0.00096

  800.0   0.00084

 
