ser ID: DU600

Method ID: A:\DEFAULT

Date: 08/08/00

Time: 05:01

 200.0   3.14426

  201.0   3.21484

  202.0   3.25431

  203.0   3.29159

  204.0   3.32980

  205.0   3.36511

  206.0   3.39707

  207.0   3.42797

  208.0   3.45894

  209.0   3.49192

  210.0   3.52022

  211.0   3.54814

  212.0   3.57588

  213.0   3.12937

  214.0   3.63155

  215.0   3.65495

  216.0   3.67742

  217.0   3.70252

  218.0   3.72346

  219.0   3.74217

  220.0   3.75891

  221.0   3.17231

  222.0   3.78979

  223.0   3.80298

  224.0   3.81591

  225.0   3.82930

  226.0   3.84292

  227.0   3.85516

  228.0   3.86729

  229.0   3.87852

  230.0   3.89081

  231.0   3.90124

  232.0   3.91036

  233.0   3.91887

  234.0   3.92650

  235.0   3.63094

  236.0   3.63523

  237.0   3.93972

  238.0   3.94226

  239.0   3.94379

  240.0   3.94478

  241.0   3.94404

  242.0   3.64212

  243.0   3.64053

  244.0   3.63834

  245.0   3.45994

  246.0   3.93379

  247.0   3.92978

  248.0   3.92588

  249.0   3.62076

  250.0   3.91677

  251.0   3.30995

  252.0   2.86564

  253.0   2.57973

  254.0   2.57480

  255.0   2.34697

  256.0   2.22255

  257.0   2.12431

  258.0   1.96530

  259.0   1.82214

  260.0   1.72124

  261.0   1.62422

  262.0   1.54890

  263.0   1.46516

  264.0   1.40150

  265.0   1.33871

  266.0   1.28866

  267.0   1.23983

  268.0   1.20298

  269.0   1.16881

  270.0   1.12934

  271.0   1.09691

  272.0   1.06676

  273.0   1.03858

  274.0   0.99979

  275.0   0.96734

  276.0   0.93467

  277.0   0.90359

  278.0   0.86982

  279.0   0.83748

  280.0   0.80387

  281.0   0.76754

  282.0   0.73745

  283.0   0.70530

  284.0   0.67254

  285.0   0.63711

  286.0   0.60351

  287.0   0.57200

  288.0   0.53863

  289.0   0.50916

  290.0   0.48323

  291.0   0.45737

  292.0   0.43128

  293.0   0.40858

  294.0   0.38573

  295.0   0.36079

  296.0   0.33929

  297.0   0.31796

  298.0   0.29735

  299.0   0.27678

  300.0   0.26068

  301.0   0.24692

  302.0   0.23242

  303.0   0.22205

  304.0   0.21135

  305.0   0.20108

  306.0   0.19153

  307.0   0.18387

  308.0   0.17594

  309.0   0.16963

  310.0   0.16372

  311.0   0.15799

  312.0   0.15125

  313.0   0.14566

  314.0   0.14107

  315.0   0.13793

  316.0   0.13385

  317.0   0.13019

  318.0   0.12701

  319.0   0.12375

  320.0   0.12112

  321.0   0.12121

  322.0   0.11893

  323.0   0.11811

  324.0   0.11828

  325.0   0.11837

  326.0   0.11935

  327.0   0.11911

  328.0   0.12082

  329.0   0.12190

  330.0   0.12344

  331.0   0.12546

  332.0   0.12795

  333.0   0.12994

  334.0   0.13247

  335.0   0.13575

  336.0   0.13954

  337.0   0.14229

  338.0   0.14448

  339.0   0.14762

  340.0   0.15110

  341.0   0.15513

  342.0   0.15776

  343.0   0.16224

  344.0   0.16585

  345.0   0.16917

  346.0   0.17222

  347.0   0.17527

  348.0   0.17851

  349.0   0.18098

  350.0   0.18259

  351.0   0.18448

  352.0   0.18628

  353.0   0.18734

  354.0   0.18839

  355.0   0.18910

  356.0   0.18862

  357.0   0.18974

  358.0   0.18904

  359.0   0.18787

  360.0   0.18628

  361.0   0.18451

  362.0   0.18194

  363.0   0.18003

  364.0   0.17836

  365.0   0.17525

  366.0   0.17242

  367.0   0.16887

  368.0   0.16527

  369.0   0.16222

  370.0   0.15827

  371.0   0.15575

  372.0   0.15262

  373.0   0.14889

  374.0   0.14549

  375.0   0.14204

  376.0   0.13869

  377.0   0.13579

  378.0   0.13197

  379.0   0.12882

  380.0   0.12501

  381.0   0.12157

  382.0   0.11819

  383.0   0.11501

  384.0   0.11211

  385.0   0.10911

  386.0   0.10590

  387.0   0.10281

  388.0   0.09979

  389.0   0.09658

  390.0   0.09399

  391.0   0.09158

  392.0   0.08876

  393.0   0.08643

  394.0   0.08373

  395.0   0.08179

  396.0   0.07942

  397.0   0.07766

  398.0   0.07605

  399.0   0.07399

  400.0   0.07220

  401.0   0.07080

  402.0   0.06883

  403.0   0.06757

  404.0   0.06597

  405.0   0.06466

  406.0   0.06333

  407.0   0.06175

  408.0   0.06043

  409.0   0.05905

  410.0   0.05774

  411.0   0.05637

  412.0   0.05500

  413.0   0.05390

  414.0   0.05240

  415.0   0.05143

  416.0   0.04923

  417.0   0.04753

  418.0   0.04616

  419.0   0.04448

  420.0   0.04305

  421.0   0.04162

  422.0   0.03998

  423.0   0.03851

  424.0   0.03685

  425.0   0.03543

  426.0   0.03370

  427.0   0.03246

  428.0   0.03108

  429.0   0.02948

  430.0   0.02832

  431.0   0.02697

  432.0   0.02591

  433.0   0.02465

  434.0   0.02348

  435.0   0.02230

  436.0   0.02130

  437.0   0.02035

  438.0   0.01935

  439.0   0.01902

  440.0   0.01746

  441.0   0.01649

  442.0   0.01569

  443.0   0.01485

  444.0   0.01419

  445.0   0.01368

  446.0   0.01298

  447.0   0.01220

  448.0   0.01159

  449.0   0.01095

  450.0   0.01039

  451.0   0.00974

  452.0   0.00917

  453.0   0.00853

  454.0   0.00800

  455.0   0.00747

  456.0   0.00701

  457.0   0.00675

  458.0   0.00650

  459.0   0.00601

  460.0   0.00552

  461.0   0.00512

  462.0   0.00468

  463.0   0.00431

  464.0   0.00402

  465.0   0.00381

  466.0   0.00348

  467.0   0.00341

  468.0   0.00315

  469.0   0.00300

  470.0   0.00275

  471.0   0.00278

  472.0   0.00257

  473.0   0.00237

  474.0   0.00218

  475.0   0.00198

  476.0   0.00178

  477.0   0.00154

  478.0   0.00134

  479.0   0.00117

  480.0   0.00107

  481.0   0.00092

  482.0   0.00078

  483.0   0.00057

  484.0   0.00036

  485.0   0.00031

  486.0   0.00016

  487.0   0.00012

  488.0  -0.00000

  489.0  -0.00011

  490.0  -0.00020

  491.0  -0.00026

  492.0  -0.00039

  493.0  -0.00052

  494.0  -0.00049

  495.0  -0.00053

  496.0  -0.00058

  497.0  -0.00058

  498.0  -0.00057

  499.0  -0.00059

  500.0  -0.00066

  501.0  -0.00072

  502.0  -0.00073

  503.0  -0.00078

  504.0  -0.00088

  505.0  -0.00089

  506.0  -0.00090

  507.0  -0.00097

  508.0  -0.00104

  509.0  -0.00109

  510.0  -0.00109

  511.0  -0.00108

  512.0  -0.00111

  513.0  -0.00109

  514.0  -0.00109

  515.0  -0.00112

  516.0  -0.00115

  517.0  -0.00124

  518.0  -0.00127

  519.0  -0.00132

  520.0  -0.00132

  521.0  -0.00133

  522.0  -0.00130

  523.0  -0.00133

  524.0  -0.00131

  525.0  -0.00126

  526.0  -0.00122

  527.0  -0.00122

  528.0  -0.00117

  529.0  -0.00120

  530.0  -0.00120

  531.0  -0.00122

  532.0  -0.00124

  533.0  -0.00128

  534.0  -0.00127

  535.0  -0.00127

  536.0  -0.00127

  537.0  -0.00126

  538.0  -0.00125

  539.0  -0.00125

  540.0  -0.00129

  541.0  -0.00126

  542.0  -0.00119

  543.0  -0.00119

  544.0  -0.00113

  545.0  -0.00113

  546.0  -0.00117

  547.0  -0.00117

  548.0  -0.00115

  549.0  -0.00112

  550.0  -0.00114

  551.0  -0.00114

  552.0  -0.00110

  553.0  -0.00119

  554.0  -0.00118

  555.0  -0.00124

  556.0  -0.00119

  557.0  -0.00041

  558.0  -0.00045

  559.0  -0.00050

  560.0  -0.00052

  561.0  -0.00054

  562.0  -0.00056

  563.0  -0.00060

  564.0  -0.00059

  565.0  -0.00061

  566.0  -0.00059

  567.0  -0.00063

  568.0  -0.00060

  569.0  -0.00068

  570.0  -0.00063

  571.0  -0.00073

  572.0  -0.00073

  573.0  -0.00079

  574.0  -0.00080

  575.0  -0.00086

  576.0  -0.00089

  577.0  -0.00086

  578.0  -0.00088

  579.0  -0.00085

  580.0  -0.00087

  581.0  -0.00090

  582.0  -0.00092

  583.0  -0.00091

  584.0  -0.00096

  585.0  -0.00092

  586.0  -0.00090

  587.0  -0.00082

  588.0  -0.00076

  589.0  -0.00081

  590.0  -0.00079

  591.0  -0.00080

  592.0  -0.00078

  593.0  -0.00079

  594.0  -0.00077

  595.0  -0.00080

  596.0  -0.00075

  597.0  -0.00072

  598.0  -0.00067

  599.0  -0.00068

  600.0  -0.00066

  601.0  -0.00068

  602.0  -0.00060

  603.0  -0.00060

  604.0  -0.00060

  605.0  -0.00061

  606.0  -0.00065

  607.0  -0.00063

  608.0  -0.00061

  609.0  -0.00068

  610.0  -0.00071

  611.0  -0.00072

  612.0  -0.00069

  613.0  -0.00067

  614.0  -0.00068

  615.0  -0.00068

  616.0  -0.00068

  617.0  -0.00068

  618.0  -0.00070

  619.0  -0.00068

  620.0  -0.00066

  621.0  -0.00066

  622.0  -0.00069

  623.0  -0.00071

  624.0  -0.00070

  625.0  -0.00074

  626.0  -0.00075

  627.0  -0.00078

  628.0  -0.00077

  629.0  -0.00070

  630.0  -0.00070

  631.0  -0.00068

  632.0  -0.00071

  633.0  -0.00073

  634.0  -0.00074

  635.0  -0.00073

  636.0  -0.00074

  637.0  -0.00074

  638.0  -0.00071

  639.0  -0.00066

  640.0  -0.00068

  641.0  -0.00069

  642.0  -0.00071

  643.0  -0.00071

  644.0  -0.00071

  645.0  -0.00069

  646.0  -0.00069

  647.0  -0.00064

  648.0  -0.00063

  649.0  -0.00063

  650.0  -0.00061

  651.0  -0.00063

  652.0  -0.00066

  653.0  -0.00068

  654.0  -0.00063

  655.0  -0.00063

  656.0  -0.00065

  657.0  -0.00070

  658.0  -0.00060

  659.0  -0.00055

  660.0  -0.00057

  661.0  -0.00052

  662.0  -0.00057

  663.0  -0.00055

  664.0  -0.00055

  665.0  -0.00057

  666.0  -0.00057

  667.0  -0.00059

  668.0  -0.00066

  669.0  -0.00061

  670.0  -0.00063

  671.0  -0.00061

  672.0  -0.00060

  673.0  -0.00061

  674.0  -0.00055

  675.0  -0.00048

  676.0  -0.00050

  677.0  -0.00052

  678.0  -0.00055

  679.0  -0.00054

  680.0  -0.00052

  681.0  -0.00051

  682.0  -0.00051

  683.0  -0.00053

  684.0  -0.00053

  685.0  -0.00048

  686.0  -0.00052

  687.0  -0.00052

  688.0  -0.00050

  689.0  -0.00047

  690.0  -0.00047

  691.0  -0.00049

  692.0  -0.00047

  693.0  -0.00044

  694.0  -0.00048

  695.0  -0.00046

  696.0  -0.00048

  697.0  -0.00047

  698.0  -0.00047

  699.0  -0.00049

  700.0  -0.00051

  701.0  -0.00048

  702.0  -0.00050

  703.0  -0.00048

  704.0  -0.00048

  705.0  -0.00049

  706.0  -0.00045

  707.0  -0.00043

  708.0  -0.00045

  709.0  -0.00048

  710.0  -0.00052

  711.0  -0.00054

  712.0  -0.00053

  713.0  -0.00057

  714.0  -0.00060

  715.0  -0.00058

  716.0  -0.00062

  717.0  -0.00061

  718.0  -0.00063

  719.0  -0.00068

  720.0  -0.00069

  721.0  -0.00071

  722.0  -0.00070

  723.0  -0.00072

  724.0  -0.00071

  725.0  -0.00069

  726.0  -0.00074

  727.0  -0.00068

  728.0  -0.00073

  729.0  -0.00069

  730.0  -0.00070

  731.0  -0.00073

  732.0  -0.00071

  733.0  -0.00076

  734.0  -0.00079

  735.0  -0.00079

  736.0   0.00047

  737.0   0.00033

  738.0   0.00027

  739.0   0.00022

  740.0   0.00011

  741.0  -0.00000

  742.0  -0.00008

  743.0  -0.00016

  744.0  -0.00024

  745.0  -0.00035

  746.0  -0.00038

  747.0  -0.00038

  748.0  -0.00043

  749.0  -0.00043

  750.0  -0.00046

  751.0  -0.00046

  752.0  -0.00057

  753.0  -0.00065

  754.0  -0.00060

  755.0  -0.00068

  756.0  -0.00065

  757.0  -0.00071

  758.0  -0.00071

  759.0  -0.00068

  760.0  -0.00071

  761.0  -0.00076

  762.0  -0.00085

  763.0  -0.00090

  764.0  -0.00093

  765.0  -0.00101

  766.0  -0.00107

  767.0  -0.00107

  768.0  -0.00102

  769.0  -0.00107

  770.0  -0.00110

  771.0  -0.00108

  772.0  -0.00102

  773.0  -0.00100

  774.0  -0.00105

  775.0  -0.00105

  776.0  -0.00100

  777.0  -0.00103

  778.0  -0.00100

  779.0  -0.00103

  780.0  -0.00106

  781.0  -0.00112

  782.0  -0.00118

  783.0  -0.00112

  784.0  -0.00107

  785.0  -0.00107

  786.0  -0.00110

  787.0  -0.00116

  788.0  -0.00114

  789.0  -0.00114

  790.0  -0.00123

  791.0  -0.00120

  792.0  -0.00123

  793.0  -0.00129

  794.0  -0.00129

  795.0  -0.00133

  796.0  -0.00130

  797.0  -0.00124

  798.0  -0.00127

  799.0  -0.00119

  800.0  -0.00130

 
