ser ID: DU600

Method ID: A:\DEFAULT

Date: 08/08/00

Time: 04:44

 200.0   3.14426

  201.0   3.21484

  202.0   3.25431

  203.0   3.29159

  204.0   3.32980

  205.0   3.36511

  206.0   3.39707

  207.0   3.42797

  208.0   2.98182

  209.0   3.49192

  210.0   2.82125

  211.0   3.24711

  212.0   3.57588

  213.0   3.60649

  214.0   3.63155

  215.0   3.65495

  216.0   3.67742

  217.0   3.70252

  218.0   3.42243

  219.0   3.44114

  220.0   3.75891

  221.0   3.77437

  222.0   3.48876

  223.0   3.80298

  224.0   3.81591

  225.0   3.82930

  226.0   3.84292

  227.0   3.85516

  228.0   3.56626

  229.0   3.17955

  230.0   3.58978

  231.0   3.60021

  232.0   3.91036

  233.0   3.91887

  234.0   3.92650

  235.0   3.93197

  236.0   3.93626

  237.0   3.24075

  238.0   3.94226

  239.0   3.94379

  240.0   3.94478

  241.0   3.94404

  242.0   3.94315

  243.0   3.94156

  244.0   3.93937

  245.0   3.93707

  246.0   3.63276

  247.0   3.45266

  248.0   3.22691

  249.0   3.44467

  250.0   3.91677

  251.0   3.13386

  252.0   3.06194

  253.0   2.90195

  254.0   2.51681

  255.0   2.47606

  256.0   2.28324

  257.0   2.13200

  258.0   2.00455

  259.0   1.86747

  260.0   1.76421

  261.0   1.67858

  262.0   1.58059

  263.0   1.50930

  264.0   1.43987

  265.0   1.38137

  266.0   1.31754

  267.0   1.27335

  268.0   1.23525

  269.0   1.19999

  270.0   1.16503

  271.0   1.13407

  272.0   1.10693

  273.0   1.07142

  274.0   1.03603

  275.0   1.00029

  276.0   0.96790

  277.0   0.93759

  278.0   0.90066

  279.0   0.86607

  280.0   0.83373

  281.0   0.79588

  282.0   0.76346

  283.0   0.72825

  284.0   0.69594

  285.0   0.65967

  286.0   0.62591

  287.0   0.59252

  288.0   0.55680

  289.0   0.52680

  290.0   0.49934

  291.0   0.47231

  292.0   0.44391

  293.0   0.41980

  294.0   0.39564

  295.0   0.37014

  296.0   0.34804

  297.0   0.32599

  298.0   0.30474

  299.0   0.28343

  300.0   0.26563

  301.0   0.25069

  302.0   0.23495

  303.0   0.22316

  304.0   0.21208

  305.0   0.20192

  306.0   0.19130

  307.0   0.18281

  308.0   0.17512

  309.0   0.16789

  310.0   0.16096

  311.0   0.15441

  312.0   0.14790

  313.0   0.14195

  314.0   0.13665

  315.0   0.13359

  316.0   0.12914

  317.0   0.12639

  318.0   0.12341

  319.0   0.12000

  320.0   0.11782

  321.0   0.11764

  322.0   0.11413

  323.0   0.11419

  324.0   0.11434

  325.0   0.11479

  326.0   0.11536

  327.0   0.11653

  328.0   0.11707

  329.0   0.11930

  330.0   0.12148

  331.0   0.12402

  332.0   0.12716

  333.0   0.12981

  334.0   0.13366

  335.0   0.13641

  336.0   0.14086

  337.0   0.14481

  338.0   0.14834

  339.0   0.15162

  340.0   0.15591

  341.0   0.16050

  342.0   0.16424

  343.0   0.16970

  344.0   0.17402

  345.0   0.17835

  346.0   0.18226

  347.0   0.18606

  348.0   0.18922

  349.0   0.19214

  350.0   0.19464

  351.0   0.19758

  352.0   0.20002

  353.0   0.20115

  354.0   0.20314

  355.0   0.20392

  356.0   0.20495

  357.0   0.20515

  358.0   0.20487

  359.0   0.20346

  360.0   0.20266

  361.0   0.20066

  362.0   0.19806

  363.0   0.19549

  364.0   0.19428

  365.0   0.19089

  366.0   0.18738

  367.0   0.18335

  368.0   0.17967

  369.0   0.17675

  370.0   0.17282

  371.0   0.17032

  372.0   0.16631

  373.0   0.16231

  374.0   0.15905

  375.0   0.15518

  376.0   0.15171

  377.0   0.14798

  378.0   0.14384

  379.0   0.14014

  380.0   0.13665

  381.0   0.13303

  382.0   0.12939

  383.0   0.12597

  384.0   0.12283

  385.0   0.11931

  386.0   0.11583

  387.0   0.11178

  388.0   0.10864

  389.0   0.10500

  390.0   0.10207

  391.0   0.09972

  392.0   0.09691

  393.0   0.09403

  394.0   0.09136

  395.0   0.08894

  396.0   0.08656

  397.0   0.08401

  398.0   0.08223

  399.0   0.08005

  400.0   0.07772

  401.0   0.07619

  402.0   0.07435

  403.0   0.07258

  404.0   0.07103

  405.0   0.06978

  406.0   0.06828

  407.0   0.06646

  408.0   0.06510

  409.0   0.06350

  410.0   0.06203

  411.0   0.06066

  412.0   0.05916

  413.0   0.05780

  414.0   0.05644

  415.0   0.05550

  416.0   0.05332

  417.0   0.05158

  418.0   0.05000

  419.0   0.04811

  420.0   0.04667

  421.0   0.04496

  422.0   0.04339

  423.0   0.04183

  424.0   0.04023

  425.0   0.03872

  426.0   0.03682

  427.0   0.03557

  428.0   0.03390

  429.0   0.03229

  430.0   0.03093

  431.0   0.02944

  432.0   0.02826

  433.0   0.02687

  434.0   0.02570

  435.0   0.02447

  436.0   0.02336

  437.0   0.02225

  438.0   0.02132

  439.0   0.02078

  440.0   0.01918

  441.0   0.01803

  442.0   0.01699

  443.0   0.01619

  444.0   0.01550

  445.0   0.01483

  446.0   0.01406

  447.0   0.01331

  448.0   0.01264

  449.0   0.01194

  450.0   0.01119

  451.0   0.01049

  452.0   0.00987

  453.0   0.00913

  454.0   0.00847

  455.0   0.00789

  456.0   0.00738

  457.0   0.00717

  458.0   0.00691

  459.0   0.00634

  460.0   0.00589

  461.0   0.00541

  462.0   0.00500

  463.0   0.00463

  464.0   0.00433

  465.0   0.00404

  466.0   0.00363

  467.0   0.00345

  468.0   0.00318

  469.0   0.00297

  470.0   0.00275

  471.0   0.00264

  472.0   0.00231

  473.0   0.00222

  474.0   0.00194

  475.0   0.00177

  476.0   0.00149

  477.0   0.00126

  478.0   0.00104

  479.0   0.00085

  480.0   0.00076

  481.0   0.00059

  482.0   0.00048

  483.0   0.00030

  484.0   0.00012

  485.0  -0.00000

  486.0  -0.00014

  487.0  -0.00023

  488.0  -0.00036

  489.0  -0.00047

  490.0  -0.00058

  491.0  -0.00066

  492.0  -0.00085

  493.0  -0.00088

  494.0  -0.00095

  495.0  -0.00105

  496.0  -0.00116

  497.0  -0.00124

  498.0  -0.00124

  499.0  -0.00129

  500.0  -0.00132

  501.0  -0.00131

  502.0  -0.00134

  503.0  -0.00139

  504.0  -0.00148

  505.0  -0.00154

  506.0  -0.00153

  507.0  -0.00164

  508.0  -0.00167

  509.0  -0.00169

  510.0  -0.00163

  511.0  -0.00168

  512.0  -0.00171

  513.0  -0.00175

  514.0  -0.00173

  515.0  -0.00178

  516.0  -0.00179

  517.0  -0.00186

  518.0  -0.00198

  519.0  -0.00201

  520.0  -0.00195

  521.0  -0.00196

  522.0  -0.00198

  523.0  -0.00199

  524.0  -0.00205

  525.0  -0.00197

  526.0  -0.00194

  527.0  -0.00194

  528.0  -0.00194

  529.0  -0.00196

  530.0  -0.00201

  531.0  -0.00205

  532.0  -0.00209

  533.0  -0.00208

  534.0  -0.00212

  535.0  -0.00209

  536.0  -0.00211

  537.0  -0.00210

  538.0  -0.00211

  539.0  -0.00213

  540.0  -0.00214

  541.0  -0.00216

  542.0  -0.00213

  543.0  -0.00215

  544.0  -0.00211

  545.0  -0.00208

  546.0  -0.00210

  547.0  -0.00208

  548.0  -0.00206

  549.0  -0.00208

  550.0  -0.00207

  551.0  -0.00212

  552.0  -0.00215

  553.0  -0.00231

  554.0  -0.00231

  555.0  -0.00232

  556.0  -0.00230

  557.0  -0.00197

  558.0  -0.00206

  559.0  -0.00203

  560.0  -0.00205

  561.0  -0.00208

  562.0  -0.00212

  563.0  -0.00219

  564.0  -0.00218

  565.0  -0.00218

  566.0  -0.00214

  567.0  -0.00219

  568.0  -0.00218

  569.0  -0.00223

  570.0  -0.00219

  571.0  -0.00228

  572.0  -0.00224

  573.0  -0.00225

  574.0  -0.00225

  575.0  -0.00230

  576.0  -0.00230

  577.0  -0.00233

  578.0  -0.00228

  579.0  -0.00228

  580.0  -0.00229

  581.0  -0.00233

  582.0  -0.00236

  583.0  -0.00238

  584.0  -0.00235

  585.0  -0.00238

  586.0  -0.00236

  587.0  -0.00231

  588.0  -0.00228

  589.0  -0.00229

  590.0  -0.00235

  591.0  -0.00232

  592.0  -0.00229

  593.0  -0.00232

  594.0  -0.00233

  595.0  -0.00237

  596.0  -0.00236

  597.0  -0.00235

  598.0  -0.00234

  599.0  -0.00237

  600.0  -0.00236

  601.0  -0.00235

  602.0  -0.00234

  603.0  -0.00236

  604.0  -0.00237

  605.0  -0.00238

  606.0  -0.00243

  607.0  -0.00247

  608.0  -0.00248

  609.0  -0.00256

  610.0  -0.00259

  611.0  -0.00256

  612.0  -0.00254

  613.0  -0.00252

  614.0  -0.00254

  615.0  -0.00252

  616.0  -0.00248

  617.0  -0.00251

  618.0  -0.00261

  619.0  -0.00255

  620.0  -0.00256

  621.0  -0.00256

  622.0  -0.00257

  623.0  -0.00255

  624.0  -0.00256

  625.0  -0.00259

  626.0  -0.00262

  627.0  -0.00263

  628.0  -0.00264

  629.0  -0.00261

  630.0  -0.00259

  631.0  -0.00257

  632.0  -0.00262

  633.0  -0.00265

  634.0  -0.00263

  635.0  -0.00261

  636.0  -0.00264

  637.0  -0.00262

  638.0  -0.00257

  639.0  -0.00255

  640.0  -0.00255

  641.0  -0.00257

  642.0  -0.00260

  643.0  -0.00263

  644.0  -0.00265

  645.0  -0.00267

  646.0  -0.00265

  647.0  -0.00260

  648.0  -0.00257

  649.0  -0.00252

  650.0  -0.00249

  651.0  -0.00252

  652.0  -0.00256

  653.0  -0.00256

  654.0  -0.00254

  655.0  -0.00255

  656.0  -0.00257

  657.0  -0.00260

  658.0  -0.00252

  659.0  -0.00251

  660.0  -0.00254

  661.0  -0.00250

  662.0  -0.00255

  663.0  -0.00254

  664.0  -0.00258

  665.0  -0.00261

  666.0  -0.00258

  667.0  -0.00257

  668.0  -0.00258

  669.0  -0.00251

  670.0  -0.00248

  671.0  -0.00244

  672.0  -0.00238

  673.0  -0.00243

  674.0  -0.00242

  675.0  -0.00239

  676.0  -0.00241

  677.0  -0.00238

  678.0  -0.00239

  679.0  -0.00240

  680.0  -0.00236

  681.0  -0.00232

  682.0  -0.00231

  683.0  -0.00233

  684.0  -0.00229

  685.0  -0.00221

  686.0  -0.00220

  687.0  -0.00219

  688.0  -0.00214

  689.0  -0.00213

  690.0  -0.00216

  691.0  -0.00213

  692.0  -0.00207

  693.0  -0.00202

  694.0  -0.00205

  695.0  -0.00206

  696.0  -0.00211

  697.0  -0.00216

  698.0  -0.00209

  699.0  -0.00207

  700.0  -0.00209

  701.0  -0.00207

  702.0  -0.00208

  703.0  -0.00207

  704.0  -0.00210

  705.0  -0.00207

  706.0  -0.00205

  707.0  -0.00204

  708.0  -0.00205

  709.0  -0.00208

  710.0  -0.00212

  711.0  -0.00213

  712.0  -0.00212

  713.0  -0.00218

  714.0  -0.00219

  715.0  -0.00223

  716.0  -0.00222

  717.0  -0.00222

  718.0  -0.00217

  719.0  -0.00219

  720.0  -0.00224

  721.0  -0.00226

  722.0  -0.00224

  723.0  -0.00228

  724.0  -0.00230

  725.0  -0.00232

  726.0  -0.00231

  727.0  -0.00226

  728.0  -0.00235

  729.0  -0.00235

  730.0  -0.00223

  731.0  -0.00234

  732.0  -0.00240

  733.0  -0.00237

  734.0  -0.00234

  735.0  -0.00230

  736.0  -0.00141

  737.0  -0.00157

  738.0  -0.00159

  739.0  -0.00170

  740.0  -0.00175

  741.0  -0.00180

  742.0  -0.00166

  743.0  -0.00174

  744.0  -0.00166

  745.0  -0.00168

  746.0  -0.00168

  747.0  -0.00171

  748.0  -0.00168

  749.0  -0.00170

  750.0  -0.00173

  751.0  -0.00173

  752.0  -0.00181

  753.0  -0.00187

  754.0  -0.00187

  755.0  -0.00195

  756.0  -0.00198

  757.0  -0.00195

  758.0  -0.00198

  759.0  -0.00198

  760.0  -0.00204

  761.0  -0.00199

  762.0  -0.00204

  763.0  -0.00204

  764.0  -0.00205

  765.0  -0.00208

  766.0  -0.00216

  767.0  -0.00211

  768.0  -0.00211

  769.0  -0.00220

  770.0  -0.00220

  771.0  -0.00215

  772.0  -0.00218

  773.0  -0.00215

  774.0  -0.00221

  775.0  -0.00224

  776.0  -0.00222

  777.0  -0.00225

  778.0  -0.00223

  779.0  -0.00218

  780.0  -0.00215

  781.0  -0.00218

  782.0  -0.00219

  783.0  -0.00219

  784.0  -0.00214

  785.0  -0.00217

  786.0  -0.00217

  787.0  -0.00224

  788.0  -0.00218

  789.0  -0.00219

  790.0  -0.00225

  791.0  -0.00226

  792.0  -0.00229

  793.0  -0.00226

  794.0  -0.00227

  795.0  -0.00233

  796.0  -0.00228

  797.0  -0.00228

  798.0  -0.00225

  799.0  -0.00229

  800.0  -0.00237

 
