ser ID: DU600

Method ID: A:\DEFAULT

Date: 08/08/00

Time: 08:38

 200.0   2.66714

  201.0   3.21484

  202.0   3.25431

  203.0   3.29159

  204.0   3.32980

  205.0   3.36511

  206.0   3.09604

  207.0   3.42797

  208.0   3.45894

  209.0   3.49192

  210.0   3.52022

  211.0   3.54814

  212.0   3.57588

  213.0   3.60649

  214.0   3.63155

  215.0   3.35392

  216.0   3.20030

  217.0   3.70252

  218.0   3.72346

  219.0   3.26505

  220.0   3.75891

  221.0   3.77437

  222.0   3.78979

  223.0   3.20092

  224.0   3.51488

  225.0   3.82930

  226.0   3.84292

  227.0   3.07700

  228.0   3.86729

  229.0   3.87852

  230.0   3.28875

  231.0   3.90124

  232.0   3.91036

  233.0   3.14072

  234.0   3.02341

  235.0   3.15381

  236.0   3.63523

  237.0   3.93972

  238.0   3.16410

  239.0   3.24482

  240.0   3.46766

  241.0   3.34198

  242.0   3.34109

  243.0   2.98732

  244.0   3.93937

  245.0   3.23810

  246.0   2.97955

  247.0   2.88838

  248.0   2.72176

  249.0   2.71767

  250.0   2.68632

  251.0   2.46485

  252.0   2.29425

  253.0   2.18595

  254.0   2.03370

  255.0   1.91331

  256.0   1.79188

  257.0   1.66008

  258.0   1.53733

  259.0   1.43450

  260.0   1.34790

  261.0   1.26921

  262.0   1.19455

  263.0   1.14017

  264.0   1.08633

  265.0   1.03768

  266.0   0.99403

  267.0   0.95644

  268.0   0.92451

  269.0   0.89361

  270.0   0.86199

  271.0   0.83446

  272.0   0.80859

  273.0   0.78049

  274.0   0.75231

  275.0   0.72496

  276.0   0.69747

  277.0   0.67345

  278.0   0.64691

  279.0   0.62341

  280.0   0.60026

  281.0   0.57529

  282.0   0.55315

  283.0   0.53252

  284.0   0.51062

  285.0   0.48679

  286.0   0.46405

  287.0   0.44175

  288.0   0.41721

  289.0   0.39877

  290.0   0.38025

  291.0   0.36191

  292.0   0.34385

  293.0   0.32799

  294.0   0.31248

  295.0   0.29609

  296.0   0.28089

  297.0   0.26649

  298.0   0.25276

  299.0   0.23963

  300.0   0.22899

  301.0   0.22031

  302.0   0.21117

  303.0   0.20545

  304.0   0.20010

  305.0   0.19504

  306.0   0.18930

  307.0   0.18504

  308.0   0.18097

  309.0   0.17735

  310.0   0.17391

  311.0   0.16985

  312.0   0.16541

  313.0   0.16168

  314.0   0.15752

  315.0   0.15522

  316.0   0.15163

  317.0   0.14847

  318.0   0.14507

  319.0   0.14187

  320.0   0.13979

  321.0   0.13823

  322.0   0.13550

  323.0   0.13405

  324.0   0.13269

  325.0   0.12982

  326.0   0.12849

  327.0   0.12773

  328.0   0.12606

  329.0   0.12491

  330.0   0.12409

  331.0   0.12246

  332.0   0.12169

  333.0   0.12006

  334.0   0.11874

  335.0   0.11653

  336.0   0.11686

  337.0   0.11622

  338.0   0.11370

  339.0   0.11234

  340.0   0.11184

  341.0   0.10992

  342.0   0.10771

  343.0   0.10781

  344.0   0.10662

  345.0   0.10525

  346.0   0.10332

  347.0   0.10120

  348.0   0.09970

  349.0   0.09878

  350.0   0.09693

  351.0   0.09532

  352.0   0.09341

  353.0   0.09144

  354.0   0.09008

  355.0   0.08853

  356.0   0.08807

  357.0   0.08650

  358.0   0.08511

  359.0   0.08303

  360.0   0.08058

  361.0   0.07851

  362.0   0.07625

  363.0   0.07380

  364.0   0.07302

  365.0   0.07089

  366.0   0.06879

  367.0   0.06688

  368.0   0.06499

  369.0   0.06310

  370.0   0.06138

  371.0   0.06001

  372.0   0.05842

  373.0   0.05689

  374.0   0.05504

  375.0   0.05355

  376.0   0.05176

  377.0   0.05075

  378.0   0.04914

  379.0   0.04833

  380.0   0.04640

  381.0   0.04505

  382.0   0.04360

  383.0   0.04248

  384.0   0.04154

  385.0   0.04027

  386.0   0.03931

  387.0   0.03785

  388.0   0.03683

  389.0   0.03616

  390.0   0.03523

  391.0   0.03432

  392.0   0.03386

  393.0   0.03296

  394.0   0.03244

  395.0   0.03176

  396.0   0.03096

  397.0   0.03060

  398.0   0.03021

  399.0   0.02951

  400.0   0.02879

  401.0   0.02830

  402.0   0.02752

  403.0   0.02721

  404.0   0.02676

  405.0   0.02647

  406.0   0.02601

  407.0   0.02522

  408.0   0.02477

  409.0   0.02415

  410.0   0.02350

  411.0   0.02309

  412.0   0.02240

  413.0   0.02208

  414.0   0.02132

  415.0   0.02098

  416.0   0.02033

  417.0   0.01945

  418.0   0.01886

  419.0   0.01791

  420.0   0.01729

  421.0   0.01654

  422.0   0.01595

  423.0   0.01518

  424.0   0.01441

  425.0   0.01371

  426.0   0.01294

  427.0   0.01250

  428.0   0.01182

  429.0   0.01120

  430.0   0.01069

  431.0   0.01017

  432.0   0.00982

  433.0   0.00923

  434.0   0.00884

  435.0   0.00842

  436.0   0.00805

  437.0   0.00778

  438.0   0.00761

  439.0   0.00777

  440.0   0.00686

  441.0   0.00639

  442.0   0.00618

  443.0   0.00599

  444.0   0.00575

  445.0   0.00562

  446.0   0.00531

  447.0   0.00515

  448.0   0.00495

  449.0   0.00467

  450.0   0.00448

  451.0   0.00417

  452.0   0.00405

  453.0   0.00367

  454.0   0.00335

  455.0   0.00320

  456.0   0.00305

  457.0   0.00312

  458.0   0.00309

  459.0   0.00283

  460.0   0.00269

  461.0   0.00239

  462.0   0.00229

  463.0   0.00211

  464.0   0.00205

  465.0   0.00194

  466.0   0.00187

  467.0   0.00187

  468.0   0.00179

  469.0   0.00178

  470.0   0.00176

  471.0   0.00185

  472.0   0.00170

  473.0   0.00172

  474.0   0.00167

  475.0   0.00162

  476.0   0.00152

  477.0   0.00146

  478.0   0.00134

  479.0   0.00126

  480.0   0.00125

  481.0   0.00125

  482.0   0.00120

  483.0   0.00106

  484.0   0.00102

  485.0   0.00100

  486.0   0.00099

  487.0   0.00102

  488.0   0.00096

  489.0   0.00090

  490.0   0.00084

  491.0   0.00079

  492.0   0.00069

  493.0   0.00064

  494.0   0.00068

  495.0   0.00069

  496.0   0.00069

  497.0   0.00068

  498.0   0.00074

  499.0   0.00073

  500.0   0.00076

  501.0   0.00078

  502.0   0.00077

  503.0   0.00080

  504.0   0.00080

  505.0   0.00085

  506.0   0.00090

  507.0   0.00090

  508.0   0.00095

  509.0   0.00096

  510.0   0.00105

  511.0   0.00107

  512.0   0.00110

  513.0   0.00111

  514.0   0.00114

  515.0   0.00116

  516.0   0.00114

  517.0   0.00117

  518.0   0.00120

  519.0   0.00124

  520.0   0.00127

  521.0   0.00128

  522.0   0.00135

  523.0   0.00139

  524.0   0.00144

  525.0   0.00153

  526.0   0.00162

  527.0   0.00169

  528.0   0.00173

  529.0   0.00177

  530.0   0.00186

  531.0   0.00182

  532.0   0.00186

  533.0   0.00198

  534.0   0.00202

  535.0   0.00206

  536.0   0.00210

  537.0   0.00222

  538.0   0.00228

  539.0   0.00233

  540.0   0.00235

  541.0   0.00245

  542.0   0.00253

  543.0   0.00261

  544.0   0.00269

  545.0   0.00278

  546.0   0.00282

  547.0   0.00285

  548.0   0.00293

  549.0   0.00301

  550.0   0.00304

  551.0   0.00307

  552.0   0.00314

  553.0   0.00309

  554.0   0.00310

  555.0   0.00311

  556.0   0.00316

  557.0   0.00489

  558.0   0.00476

  559.0   0.00471

  560.0   0.00462

  561.0   0.00460

  562.0   0.00451

  563.0   0.00439

  564.0   0.00436

  565.0   0.00433

  566.0   0.00432

  567.0   0.00425

  568.0   0.00426

  569.0   0.00423

  570.0   0.00422

  571.0   0.00413

  572.0   0.00412

  573.0   0.00403

  574.0   0.00400

  575.0   0.00400

  576.0   0.00391

  577.0   0.00392

  578.0   0.00398

  579.0   0.00401

  580.0   0.00403

  581.0   0.00402

  582.0   0.00402

  583.0   0.00398

  584.0   0.00396

  585.0   0.00402

  586.0   0.00411

  587.0   0.00420

  588.0   0.00428

  589.0   0.00427

  590.0   0.00427

  591.0   0.00429

  592.0   0.00434

  593.0   0.00439

  594.0   0.00445

  595.0   0.00448

  596.0   0.00454

  597.0   0.00463

  598.0   0.00470

  599.0   0.00472

  600.0   0.00473

  601.0   0.00475

  602.0   0.00473

  603.0   0.00475

  604.0   0.00473

  605.0   0.00475

  606.0   0.00472

  607.0   0.00474

  608.0   0.00476

  609.0   0.00471

  610.0   0.00471

  611.0   0.00474

  612.0   0.00474

  613.0   0.00475

  614.0   0.00472

  615.0   0.00469

  616.0   0.00473

  617.0   0.00472

  618.0   0.00471

  619.0   0.00475

  620.0   0.00478

  621.0   0.00480

  622.0   0.00479

  623.0   0.00478

  624.0   0.00477

  625.0   0.00472

  626.0   0.00466

  627.0   0.00462

  628.0   0.00459

  629.0   0.00461

  630.0   0.00460

  631.0   0.00463

  632.0   0.00459

  633.0   0.00459

  634.0   0.00456

  635.0   0.00458

  636.0   0.00459

  637.0   0.00461

  638.0   0.00464

  639.0   0.00465

  640.0   0.00463

  641.0   0.00465

  642.0   0.00463

  643.0   0.00461

  644.0   0.00463

  645.0   0.00465

  646.0   0.00468

  647.0   0.00475

  648.0   0.00476

  649.0   0.00480

  650.0   0.00480

  651.0   0.00477

  652.0   0.00474

  653.0   0.00474

  654.0   0.00475

  655.0   0.00472

  656.0   0.00468

  657.0   0.00463

  658.0   0.00463

  659.0   0.00467

  660.0   0.00460

  661.0   0.00462

  662.0   0.00456

  663.0   0.00450

  664.0   0.00447

  665.0   0.00441

  666.0   0.00442

  667.0   0.00436

  668.0   0.00428

  669.0   0.00430

  670.0   0.00422

  671.0   0.00425

  672.0   0.00428

  673.0   0.00420

  674.0   0.00423

  675.0   0.00417

  676.0   0.00410

  677.0   0.00404

  678.0   0.00395

  679.0   0.00399

  680.0   0.00398

  681.0   0.00402

  682.0   0.00405

  683.0   0.00401

  684.0   0.00394

  685.0   0.00393

  686.0   0.00389

  687.0   0.00387

  688.0   0.00383

  689.0   0.00381

  690.0   0.00377

  691.0   0.00372

  692.0   0.00371

  693.0   0.00373

  694.0   0.00367

  695.0   0.00367

  696.0   0.00359

  697.0   0.00357

  698.0   0.00354

  699.0   0.00346

  700.0   0.00342

  701.0   0.00338

  702.0   0.00330

  703.0   0.00330

  704.0   0.00322

  705.0   0.00318

  706.0   0.00324

  707.0   0.00319

  708.0   0.00317

  709.0   0.00311

  710.0   0.00307

  711.0   0.00301

  712.0   0.00297

  713.0   0.00287

  714.0   0.00282

  715.0   0.00276

  716.0   0.00276

  717.0   0.00271

  718.0   0.00267

  719.0   0.00256

  720.0   0.00249

  721.0   0.00245

  722.0   0.00238

  723.0   0.00229

  724.0   0.00222

  725.0   0.00217

  726.0   0.00217

  727.0   0.00218

  728.0   0.00209

  729.0   0.00213

  730.0   0.00212

  731.0   0.00207

  732.0   0.00203

  733.0   0.00200

  734.0   0.00192

  735.0   0.00190

  736.0   0.00397

  737.0   0.00374

  738.0   0.00364

  739.0   0.00347

  740.0   0.00329

  741.0   0.00315

  742.0   0.00301

  743.0   0.00287

  744.0   0.00273

  745.0   0.00262

  746.0   0.00250

  747.0   0.00247

  748.0   0.00236

  749.0   0.00228

  750.0   0.00223

  751.0   0.00215

  752.0   0.00206

  753.0   0.00198

  754.0   0.00196

  755.0   0.00188

  756.0   0.00180

  757.0   0.00169

  758.0   0.00169

  759.0   0.00169

  760.0   0.00164

  761.0   0.00161

  762.0   0.00150

  763.0   0.00142

  764.0   0.00134

  765.0   0.00134

  766.0   0.00129

  767.0   0.00124

  768.0   0.00127

  769.0   0.00118

  770.0   0.00119

  771.0   0.00116

  772.0   0.00119

  773.0   0.00116

  774.0   0.00111

  775.0   0.00103

  776.0   0.00106

  777.0   0.00100

  778.0   0.00109

  779.0   0.00104

  780.0   0.00107

  781.0   0.00104

  782.0   0.00104

  783.0   0.00110

  784.0   0.00110

  785.0   0.00108

  786.0   0.00111

  787.0   0.00105

  788.0   0.00103

  789.0   0.00097

  790.0   0.00089

  791.0   0.00095

  792.0   0.00086

  793.0   0.00083

  794.0   0.00078

  795.0   0.00069

  796.0   0.00078

  797.0   0.00078

  798.0   0.00075

  799.0   0.00073

  800.0   0.00061

 
