ser ID: DU600

Method ID: A:\DEFAULT

Date: 08/08/00

Time: 05:04

 200.0   3.14426

  201.0   3.21484

  202.0   3.25431

  203.0   3.29159

  204.0   3.32980

  205.0   3.36511

  206.0   3.39707

  207.0   3.42797

  208.0   3.45894

  209.0   3.49192

  210.0   3.52022

  211.0   3.54814

  212.0   3.57588

  213.0   3.60649

  214.0   3.63155

  215.0   3.65495

  216.0   3.67742

  217.0   3.70252

  218.0   3.72346

  219.0   3.74217

  220.0   3.75891

  221.0   3.77437

  222.0   3.78979

  223.0   3.80298

  224.0   3.81591

  225.0   3.82930

  226.0   3.84292

  227.0   3.85516

  228.0   3.86729

  229.0   3.87852

  230.0   3.89081

  231.0   3.90124

  232.0   3.91036

  233.0   3.91887

  234.0   3.92650

  235.0   3.93197

  236.0   3.93626

  237.0   3.93972

  238.0   3.16410

  239.0   3.24482

  240.0   3.94478

  241.0   3.94404

  242.0   3.94315

  243.0   3.94156

  244.0   3.93937

  245.0   3.93707

  246.0   3.93379

  247.0   3.92978

  248.0   3.14773

  249.0   3.07669

  250.0   3.07167

  251.0   2.87062

  252.0   2.76091

  253.0   2.75582

  254.0   2.55460

  255.0   2.38589

  256.0   2.21321

  257.0   2.10933

  258.0   1.98169

  259.0   1.81056

  260.0   1.70275

  261.0   1.60916

  262.0   1.52348

  263.0   1.45434

  264.0   1.38428

  265.0   1.33315

  266.0   1.28236

  267.0   1.23983

  268.0   1.20191

  269.0   1.16184

  270.0   1.12565

  271.0   1.09431

  272.0   1.05867

  273.0   1.02942

  274.0   0.99485

  275.0   0.96078

  276.0   0.92856

  277.0   0.90073

  278.0   0.86506

  279.0   0.83208

  280.0   0.79886

  281.0   0.76292

  282.0   0.73235

  283.0   0.70056

  284.0   0.66814

  285.0   0.63367

  286.0   0.60003

  287.0   0.56877

  288.0   0.53464

  289.0   0.50637

  290.0   0.48082

  291.0   0.45489

  292.0   0.42896

  293.0   0.40601

  294.0   0.38416

  295.0   0.35963

  296.0   0.33788

  297.0   0.31766

  298.0   0.29678

  299.0   0.27637

  300.0   0.26015

  301.0   0.24589

  302.0   0.23167

  303.0   0.22131

  304.0   0.21135

  305.0   0.20216

  306.0   0.19283

  307.0   0.18504

  308.0   0.17663

  309.0   0.17044

  310.0   0.16430

  311.0   0.15868

  312.0   0.15195

  313.0   0.14636

  314.0   0.14224

  315.0   0.13863

  316.0   0.13492

  317.0   0.13186

  318.0   0.12870

  319.0   0.12570

  320.0   0.12346

  321.0   0.12270

  322.0   0.11994

  323.0   0.11926

  324.0   0.11930

  325.0   0.11837

  326.0   0.11948

  327.0   0.12027

  328.0   0.12160

  329.0   0.12320

  330.0   0.12500

  331.0   0.12691

  332.0   0.12900

  333.0   0.13033

  334.0   0.13300

  335.0   0.13588

  336.0   0.13848

  337.0   0.14123

  338.0   0.14461

  339.0   0.14789

  340.0   0.15110

  341.0   0.15473

  342.0   0.15749

  343.0   0.16184

  344.0   0.16517

  345.0   0.16903

  346.0   0.17100

  347.0   0.17391

  348.0   0.17618

  349.0   0.17919

  350.0   0.18079

  351.0   0.18268

  352.0   0.18489

  353.0   0.18552

  354.0   0.18671

  355.0   0.18811

  356.0   0.18763

  357.0   0.18856

  358.0   0.18703

  359.0   0.18591

  360.0   0.18381

  361.0   0.18224

  362.0   0.17946

  363.0   0.17710

  364.0   0.17601

  365.0   0.17310

  366.0   0.16986

  367.0   0.16662

  368.0   0.16340

  369.0   0.16052

  370.0   0.15704

  371.0   0.15455

  372.0   0.15022

  373.0   0.14650

  374.0   0.14318

  375.0   0.13956

  376.0   0.13599

  377.0   0.13343

  378.0   0.13000

  379.0   0.12691

  380.0   0.12359

  381.0   0.12028

  382.0   0.11681

  383.0   0.11400

  384.0   0.11095

  385.0   0.10740

  386.0   0.10437

  387.0   0.10122

  388.0   0.09840

  389.0   0.09522

  390.0   0.09268

  391.0   0.09069

  392.0   0.08804

  393.0   0.08554

  394.0   0.08305

  395.0   0.08102

  396.0   0.07898

  397.0   0.07689

  398.0   0.07537

  399.0   0.07327

  400.0   0.07133

  401.0   0.06970

  402.0   0.06787

  403.0   0.06640

  404.0   0.06502

  405.0   0.06403

  406.0   0.06265

  407.0   0.06098

  408.0   0.05982

  409.0   0.05842

  410.0   0.05710

  411.0   0.05590

  412.0   0.05457

  413.0   0.05316

  414.0   0.05170

  415.0   0.05083

  416.0   0.04873

  417.0   0.04705

  418.0   0.04569

  419.0   0.04394

  420.0   0.04261

  421.0   0.04128

  422.0   0.03957

  423.0   0.03810

  424.0   0.03646

  425.0   0.03513

  426.0   0.03355

  427.0   0.03239

  428.0   0.03087

  429.0   0.02941

  430.0   0.02812

  431.0   0.02684

  432.0   0.02566

  433.0   0.02434

  434.0   0.02336

  435.0   0.02219

  436.0   0.02108

  437.0   0.02013

  438.0   0.01935

  439.0   0.01891

  440.0   0.01730

  441.0   0.01644

  442.0   0.01559

  443.0   0.01481

  444.0   0.01414

  445.0   0.01354

  446.0   0.01284

  447.0   0.01215

  448.0   0.01159

  449.0   0.01104

  450.0   0.01043

  451.0   0.00974

  452.0   0.00930

  453.0   0.00857

  454.0   0.00808

  455.0   0.00747

  456.0   0.00709

  457.0   0.00688

  458.0   0.00662

  459.0   0.00610

  460.0   0.00569

  461.0   0.00524

  462.0   0.00484

  463.0   0.00447

  464.0   0.00410

  465.0   0.00389

  466.0   0.00359

  467.0   0.00341

  468.0   0.00322

  469.0   0.00304

  470.0   0.00282

  471.0   0.00268

  472.0   0.00250

  473.0   0.00240

  474.0   0.00218

  475.0   0.00195

  476.0   0.00175

  477.0   0.00157

  478.0   0.00134

  479.0   0.00120

  480.0   0.00112

  481.0   0.00100

  482.0   0.00080

  483.0   0.00064

  484.0   0.00041

  485.0   0.00036

  486.0   0.00023

  487.0   0.00021

  488.0   0.00018

  489.0   0.00005

  490.0  -0.00004

  491.0  -0.00015

  492.0  -0.00033

  493.0  -0.00045

  494.0  -0.00049

  495.0  -0.00053

  496.0  -0.00058

  497.0  -0.00062

  498.0  -0.00057

  499.0  -0.00065

  500.0  -0.00068

  501.0  -0.00072

  502.0  -0.00071

  503.0  -0.00074

  504.0  -0.00080

  505.0  -0.00077

  506.0  -0.00083

  507.0  -0.00092

  508.0  -0.00099

  509.0  -0.00102

  510.0  -0.00099

  511.0  -0.00097

  512.0  -0.00100

  513.0  -0.00102

  514.0  -0.00103

  515.0  -0.00105

  516.0  -0.00108

  517.0  -0.00111

  518.0  -0.00111

  519.0  -0.00114

  520.0  -0.00112

  521.0  -0.00114

  522.0  -0.00112

  523.0  -0.00115

  524.0  -0.00120

  525.0  -0.00115

  526.0  -0.00115

  527.0  -0.00113

  528.0  -0.00113

  529.0  -0.00113

  530.0  -0.00113

  531.0  -0.00113

  532.0  -0.00114

  533.0  -0.00112

  534.0  -0.00112

  535.0  -0.00114

  536.0  -0.00118

  537.0  -0.00115

  538.0  -0.00114

  539.0  -0.00116

  540.0  -0.00118

  541.0  -0.00120

  542.0  -0.00113

  543.0  -0.00113

  544.0  -0.00110

  545.0  -0.00106

  546.0  -0.00104

  547.0  -0.00104

  548.0  -0.00100

  549.0  -0.00097

  550.0  -0.00097

  551.0  -0.00101

  552.0  -0.00102

  553.0  -0.00109

  554.0  -0.00109

  555.0  -0.00114

  556.0  -0.00113

  557.0  -0.00036

  558.0  -0.00045

  559.0  -0.00050

  560.0  -0.00054

  561.0  -0.00056

  562.0  -0.00060

  563.0  -0.00062

  564.0  -0.00064

  565.0  -0.00063

  566.0  -0.00059

  567.0  -0.00060

  568.0  -0.00064

  569.0  -0.00070

  570.0  -0.00070

  571.0  -0.00078

  572.0  -0.00077

  573.0  -0.00083

  574.0  -0.00082

  575.0  -0.00086

  576.0  -0.00091

  577.0  -0.00090

  578.0  -0.00090

  579.0  -0.00093

  580.0  -0.00097

  581.0  -0.00102

  582.0  -0.00099

  583.0  -0.00101

  584.0  -0.00100

  585.0  -0.00098

  586.0  -0.00094

  587.0  -0.00087

  588.0  -0.00083

  589.0  -0.00083

  590.0  -0.00088

  591.0  -0.00089

  592.0  -0.00085

  593.0  -0.00087

  594.0  -0.00086

  595.0  -0.00089

  596.0  -0.00084

  597.0  -0.00078

  598.0  -0.00078

  599.0  -0.00077

  600.0  -0.00077

  601.0  -0.00077

  602.0  -0.00071

  603.0  -0.00076

  604.0  -0.00078

  605.0  -0.00077

  606.0  -0.00082

  607.0  -0.00082

  608.0  -0.00082

  609.0  -0.00087

  610.0  -0.00088

  611.0  -0.00090

  612.0  -0.00084

  613.0  -0.00087

  614.0  -0.00086

  615.0  -0.00090

  616.0  -0.00087

  617.0  -0.00085

  618.0  -0.00088

  619.0  -0.00083

  620.0  -0.00081

  621.0  -0.00081

  622.0  -0.00082

  623.0  -0.00086

  624.0  -0.00087

  625.0  -0.00092

  626.0  -0.00095

  627.0  -0.00098

  628.0  -0.00100

  629.0  -0.00092

  630.0  -0.00091

  631.0  -0.00090

  632.0  -0.00091

  633.0  -0.00093

  634.0  -0.00094

  635.0  -0.00093

  636.0  -0.00094

  637.0  -0.00093

  638.0  -0.00092

  639.0  -0.00092

  640.0  -0.00094

  641.0  -0.00092

  642.0  -0.00094

  643.0  -0.00094

  644.0  -0.00094

  645.0  -0.00097

  646.0  -0.00094

  647.0  -0.00089

  648.0  -0.00087

  649.0  -0.00086

  650.0  -0.00084

  651.0  -0.00086

  652.0  -0.00089

  653.0  -0.00089

  654.0  -0.00091

  655.0  -0.00091

  656.0  -0.00093

  657.0  -0.00095

  658.0  -0.00088

  659.0  -0.00083

  660.0  -0.00085

  661.0  -0.00080

  662.0  -0.00084

  663.0  -0.00082

  664.0  -0.00082

  665.0  -0.00084

  666.0  -0.00082

  667.0  -0.00086

  668.0  -0.00093

  669.0  -0.00095

  670.0  -0.00098

  671.0  -0.00098

  672.0  -0.00095

  673.0  -0.00094

  674.0  -0.00089

  675.0  -0.00089

  676.0  -0.00089

  677.0  -0.00091

  678.0  -0.00091

  679.0  -0.00092

  680.0  -0.00090

  681.0  -0.00089

  682.0  -0.00089

  683.0  -0.00090

  684.0  -0.00092

  685.0  -0.00092

  686.0  -0.00092

  687.0  -0.00093

  688.0  -0.00093

  689.0  -0.00093

  690.0  -0.00090

  691.0  -0.00094

  692.0  -0.00089

  693.0  -0.00082

  694.0  -0.00084

  695.0  -0.00079

  696.0  -0.00083

  697.0  -0.00080

  698.0  -0.00080

  699.0  -0.00081

  700.0  -0.00079

  701.0  -0.00080

  702.0  -0.00086

  703.0  -0.00088

  704.0  -0.00091

  705.0  -0.00091

  706.0  -0.00092

  707.0  -0.00094

  708.0  -0.00091

  709.0  -0.00091

  710.0  -0.00094

  711.0  -0.00093

  712.0  -0.00089

  713.0  -0.00100

  714.0  -0.00103

  715.0  -0.00101

  716.0  -0.00100

  717.0  -0.00101

  718.0  -0.00103

  719.0  -0.00106

  720.0  -0.00107

  721.0  -0.00108

  722.0  -0.00104

  723.0  -0.00107

  724.0  -0.00106

  725.0  -0.00111

  726.0  -0.00115

  727.0  -0.00111

  728.0  -0.00117

  729.0  -0.00117

  730.0  -0.00118

  731.0  -0.00119

  732.0  -0.00120

  733.0  -0.00119

  734.0  -0.00119

  735.0  -0.00120

  736.0  -0.00003

  737.0  -0.00014

  738.0  -0.00022

  739.0  -0.00036

  740.0  -0.00044

  741.0  -0.00049

  742.0  -0.00057

  743.0  -0.00060

  744.0  -0.00065

  745.0  -0.00071

  746.0  -0.00079

  747.0  -0.00076

  748.0  -0.00087

  749.0  -0.00089

  750.0  -0.00092

  751.0  -0.00089

  752.0  -0.00097

  753.0  -0.00103

  754.0  -0.00100

  755.0  -0.00108

  756.0  -0.00114

  757.0  -0.00117

  758.0  -0.00125

  759.0  -0.00120

  760.0  -0.00122

  761.0  -0.00123

  762.0  -0.00131

  763.0  -0.00134

  764.0  -0.00139

  765.0  -0.00139

  766.0  -0.00145

  767.0  -0.00145

  768.0  -0.00148

  769.0  -0.00151

  770.0  -0.00151

  771.0  -0.00152

  772.0  -0.00152

  773.0  -0.00144

  774.0  -0.00147

  775.0  -0.00147

  776.0  -0.00150

  777.0  -0.00150

  778.0  -0.00153

  779.0  -0.00156

  780.0  -0.00162

  781.0  -0.00168

  782.0  -0.00166

  783.0  -0.00160

  784.0  -0.00158

  785.0  -0.00158

  786.0  -0.00161

  787.0  -0.00164

  788.0  -0.00165

  789.0  -0.00168

  790.0  -0.00171

  791.0  -0.00174

  792.0  -0.00177

  793.0  -0.00175

  794.0  -0.00178

  795.0  -0.00181

  796.0  -0.00179

  797.0  -0.00188

  798.0  -0.00191

  799.0  -0.00191

  800.0  -0.00197

 
