ser ID: DU600

Method ID: A:\DEFAULT

Date: 08/08/00

Time: 05:03

 200.0   3.14426

  201.0   3.21484

  202.0   3.25431

  203.0   3.29159

  204.0   3.32980

  205.0   3.36511

  206.0   3.39707

  207.0   3.42797

  208.0   3.45894

  209.0   3.49192

  210.0   3.04310

  211.0   3.07102

  212.0   2.97382

  213.0   3.12937

  214.0   3.63155

  215.0   3.65495

  216.0   3.67742

  217.0   3.70252

  218.0   3.72346

  219.0   3.74217

  220.0   3.75891

  221.0   3.77437

  222.0   3.78979

  223.0   3.50195

  224.0   3.81591

  225.0   3.82930

  226.0   3.84292

  227.0   3.85516

  228.0   3.86729

  229.0   3.87852

  230.0   3.89081

  231.0   3.90124

  232.0   3.60933

  233.0   3.44175

  234.0   3.62547

  235.0   3.63094

  236.0   3.63523

  237.0   3.93972

  238.0   3.94226

  239.0   3.94379

  240.0   3.94478

  241.0   3.94404

  242.0   3.94315

  243.0   3.94156

  244.0   3.93937

  245.0   3.63604

  246.0   3.23482

  247.0   3.45266

  248.0   3.32382

  249.0   3.07669

  250.0   3.21780

  251.0   2.95777

  252.0   2.90704

  253.0   2.82277

  254.0   2.66657

  255.0   2.38589

  256.0   2.22255

  257.0   2.06064

  258.0   1.92930

  259.0   1.79928

  260.0   1.70275

  261.0   1.62936

  262.0   1.53389

  263.0   1.46152

  264.0   1.39832

  265.0   1.34012

  266.0   1.28487

  267.0   1.23983

  268.0   1.19871

  269.0   1.15694

  270.0   1.11927

  271.0   1.09173

  272.0   1.06189

  273.0   1.03397

  274.0   0.99837

  275.0   0.96602

  276.0   0.93283

  277.0   0.90302

  278.0   0.86717

  279.0   0.83403

  280.0   0.79841

  281.0   0.76251

  282.0   0.73041

  283.0   0.70020

  284.0   0.67016

  285.0   0.63429

  286.0   0.60206

  287.0   0.56957

  288.0   0.53738

  289.0   0.50823

  290.0   0.48235

  291.0   0.45633

  292.0   0.43070

  293.0   0.40729

  294.0   0.38381

  295.0   0.35930

  296.0   0.33756

  297.0   0.31811

  298.0   0.29750

  299.0   0.27719

  300.0   0.26055

  301.0   0.24666

  302.0   0.23255

  303.0   0.22168

  304.0   0.21220

  305.0   0.20168

  306.0   0.19212

  307.0   0.18398

  308.0   0.17663

  309.0   0.17021

  310.0   0.16384

  311.0   0.15845

  312.0   0.15207

  313.0   0.14683

  314.0   0.14236

  315.0   0.13863

  316.0   0.13480

  317.0   0.13198

  318.0   0.12809

  319.0   0.12485

  320.0   0.12235

  321.0   0.12196

  322.0   0.11931

  323.0   0.11875

  324.0   0.11866

  325.0   0.11863

  326.0   0.11922

  327.0   0.12040

  328.0   0.12134

  329.0   0.12307

  330.0   0.12448

  331.0   0.12638

  332.0   0.12900

  333.0   0.13033

  334.0   0.13274

  335.0   0.13549

  336.0   0.13848

  337.0   0.14189

  338.0   0.14395

  339.0   0.14789

  340.0   0.15110

  341.0   0.15526

  342.0   0.15763

  343.0   0.16184

  344.0   0.16531

  345.0   0.16863

  346.0   0.17141

  347.0   0.17431

  348.0   0.17673

  349.0   0.17933

  350.0   0.18134

  351.0   0.18323

  352.0   0.18587

  353.0   0.18636

  354.0   0.18727

  355.0   0.18811

  356.0   0.18820

  357.0   0.18871

  358.0   0.18818

  359.0   0.18759

  360.0   0.18531

  361.0   0.18291

  362.0   0.18037

  363.0   0.17825

  364.0   0.17626

  365.0   0.17357

  366.0   0.17021

  367.0   0.16696

  368.0   0.16384

  369.0   0.16084

  370.0   0.15755

  371.0   0.15475

  372.0   0.15090

  373.0   0.14742

  374.0   0.14443

  375.0   0.14059

  376.0   0.13713

  377.0   0.13398

  378.0   0.13045

  379.0   0.12706

  380.0   0.12374

  381.0   0.12021

  382.0   0.11713

  383.0   0.11444

  384.0   0.11138

  385.0   0.10822

  386.0   0.10510

  387.0   0.10193

  388.0   0.09888

  389.0   0.09574

  390.0   0.09344

  391.0   0.09069

  392.0   0.08833

  393.0   0.08582

  394.0   0.08332

  395.0   0.08125

  396.0   0.07898

  397.0   0.07714

  398.0   0.07558

  399.0   0.07340

  400.0   0.07187

  401.0   0.07027

  402.0   0.06851

  403.0   0.06675

  404.0   0.06525

  405.0   0.06421

  406.0   0.06283

  407.0   0.06129

  408.0   0.06002

  409.0   0.05865

  410.0   0.05723

  411.0   0.05615

  412.0   0.05476

  413.0   0.05333

  414.0   0.05185

  415.0   0.05129

  416.0   0.04873

  417.0   0.04715

  418.0   0.04588

  419.0   0.04412

  420.0   0.04270

  421.0   0.04128

  422.0   0.03973

  423.0   0.03827

  424.0   0.03677

  425.0   0.03528

  426.0   0.03377

  427.0   0.03253

  428.0   0.03080

  429.0   0.02934

  430.0   0.02812

  431.0   0.02684

  432.0   0.02559

  433.0   0.02434

  434.0   0.02336

  435.0   0.02224

  436.0   0.02113

  437.0   0.02013

  438.0   0.01925

  439.0   0.01886

  440.0   0.01741

  441.0   0.01649

  442.0   0.01559

  443.0   0.01485

  444.0   0.01419

  445.0   0.01354

  446.0   0.01294

  447.0   0.01215

  448.0   0.01159

  449.0   0.01104

  450.0   0.01043

  451.0   0.00970

  452.0   0.00926

  453.0   0.00862

  454.0   0.00804

  455.0   0.00751

  456.0   0.00701

  457.0   0.00671

  458.0   0.00646

  459.0   0.00597

  460.0   0.00552

  461.0   0.00516

  462.0   0.00472

  463.0   0.00439

  464.0   0.00410

  465.0   0.00385

  466.0   0.00351

  467.0   0.00341

  468.0   0.00311

  469.0   0.00297

  470.0   0.00275

  471.0   0.00261

  472.0   0.00241

  473.0   0.00231

  474.0   0.00203

  475.0   0.00192

  476.0   0.00169

  477.0   0.00154

  478.0   0.00131

  479.0   0.00117

  480.0   0.00107

  481.0   0.00095

  482.0   0.00080

  483.0   0.00062

  484.0   0.00041

  485.0   0.00033

  486.0   0.00021

  487.0   0.00016

  488.0   0.00007

  489.0  -0.00011

  490.0  -0.00020

  491.0  -0.00029

  492.0  -0.00033

  493.0  -0.00045

  494.0  -0.00049

  495.0  -0.00048

  496.0  -0.00052

  497.0  -0.00060

  498.0  -0.00059

  499.0  -0.00065

  500.0  -0.00072

  501.0  -0.00074

  502.0  -0.00083

  503.0  -0.00084

  504.0  -0.00095

  505.0  -0.00095

  506.0  -0.00094

  507.0  -0.00097

  508.0  -0.00102

  509.0  -0.00107

  510.0  -0.00107

  511.0  -0.00106

  512.0  -0.00106

  513.0  -0.00105

  514.0  -0.00103

  515.0  -0.00110

  516.0  -0.00113

  517.0  -0.00118

  518.0  -0.00120

  519.0  -0.00125

  520.0  -0.00125

  521.0  -0.00124

  522.0  -0.00122

  523.0  -0.00129

  524.0  -0.00128

  525.0  -0.00120

  526.0  -0.00120

  527.0  -0.00118

  528.0  -0.00117

  529.0  -0.00113

  530.0  -0.00117

  531.0  -0.00117

  532.0  -0.00117

  533.0  -0.00117

  534.0  -0.00116

  535.0  -0.00118

  536.0  -0.00120

  537.0  -0.00122

  538.0  -0.00119

  539.0  -0.00125

  540.0  -0.00127

  541.0  -0.00120

  542.0  -0.00119

  543.0  -0.00115

  544.0  -0.00115

  545.0  -0.00108

  546.0  -0.00108

  547.0  -0.00108

  548.0  -0.00106

  549.0  -0.00110

  550.0  -0.00110

  551.0  -0.00112

  552.0  -0.00110

  553.0  -0.00117

  554.0  -0.00113

  555.0  -0.00116

  556.0  -0.00115

  557.0  -0.00041

  558.0  -0.00050

  559.0  -0.00054

  560.0  -0.00059

  561.0  -0.00058

  562.0  -0.00065

  563.0  -0.00069

  564.0  -0.00066

  565.0  -0.00070

  566.0  -0.00065

  567.0  -0.00069

  568.0  -0.00071

  569.0  -0.00074

  570.0  -0.00074

  571.0  -0.00080

  572.0  -0.00079

  573.0  -0.00087

  574.0  -0.00090

  575.0  -0.00096

  576.0  -0.00095

  577.0  -0.00092

  578.0  -0.00094

  579.0  -0.00091

  580.0  -0.00089

  581.0  -0.00096

  582.0  -0.00096

  583.0  -0.00099

  584.0  -0.00102

  585.0  -0.00104

  586.0  -0.00101

  587.0  -0.00093

  588.0  -0.00091

  589.0  -0.00096

  590.0  -0.00097

  591.0  -0.00097

  592.0  -0.00093

  593.0  -0.00088

  594.0  -0.00090

  595.0  -0.00088

  596.0  -0.00085

  597.0  -0.00081

  598.0  -0.00079

  599.0  -0.00084

  600.0  -0.00082

  601.0  -0.00082

  602.0  -0.00080

  603.0  -0.00081

  604.0  -0.00079

  605.0  -0.00077

  606.0  -0.00082

  607.0  -0.00082

  608.0  -0.00082

  609.0  -0.00087

  610.0  -0.00088

  611.0  -0.00088

  612.0  -0.00088

  613.0  -0.00086

  614.0  -0.00087

  615.0  -0.00087

  616.0  -0.00085

  617.0  -0.00088

  618.0  -0.00092

  619.0  -0.00086

  620.0  -0.00088

  621.0  -0.00084

  622.0  -0.00084

  623.0  -0.00091

  624.0  -0.00092

  625.0  -0.00097

  626.0  -0.00100

  627.0  -0.00100

  628.0  -0.00102

  629.0  -0.00098

  630.0  -0.00095

  631.0  -0.00093

  632.0  -0.00095

  633.0  -0.00094

  634.0  -0.00098

  635.0  -0.00096

  636.0  -0.00096

  637.0  -0.00094

  638.0  -0.00094

  639.0  -0.00089

  640.0  -0.00089

  641.0  -0.00089

  642.0  -0.00091

  643.0  -0.00094

  644.0  -0.00094

  645.0  -0.00096

  646.0  -0.00096

  647.0  -0.00094

  648.0  -0.00089

  649.0  -0.00087

  650.0  -0.00086

  651.0  -0.00089

  652.0  -0.00088

  653.0  -0.00089

  654.0  -0.00088

  655.0  -0.00086

  656.0  -0.00090

  657.0  -0.00091

  658.0  -0.00085

  659.0  -0.00080

  660.0  -0.00083

  661.0  -0.00078

  662.0  -0.00082

  663.0  -0.00082

  664.0  -0.00065

  665.0  -0.00067

  666.0  -0.00044

  667.0  -0.00035

  668.0  -0.00047

  669.0  -0.00049

  670.0  -0.00051

  671.0  -0.00051

  672.0  -0.00046

  673.0  -0.00046

  674.0  -0.00041

  675.0  -0.00036

  676.0  -0.00038

  677.0  -0.00041

  678.0  -0.00048

  679.0  -0.00043

  680.0  -0.00043

  681.0  -0.00042

  682.0  -0.00040

  683.0  -0.00044

  684.0  -0.00044

  685.0  -0.00041

  686.0  -0.00037

  687.0  -0.00039

  688.0  -0.00038

  689.0  -0.00036

  690.0  -0.00036

  691.0  -0.00038

  692.0  -0.00033

  693.0  -0.00031

  694.0  -0.00035

  695.0  -0.00031

  696.0  -0.00035

  697.0  -0.00035

  698.0  -0.00036

  699.0  -0.00038

  700.0  -0.00040

  701.0  -0.00034

  702.0  -0.00044

  703.0  -0.00044

  704.0  -0.00048

  705.0  -0.00047

  706.0  -0.00043

  707.0  -0.00039

  708.0  -0.00038

  709.0  -0.00042

  710.0  -0.00040

  711.0  -0.00042

  712.0  -0.00041

  713.0  -0.00047

  714.0  -0.00051

  715.0  -0.00052

  716.0  -0.00052

  717.0  -0.00054

  718.0  -0.00055

  719.0  -0.00060

  720.0  -0.00060

  721.0  -0.00060

  722.0  -0.00061

  723.0  -0.00066

  724.0  -0.00069

  725.0  -0.00074

  726.0  -0.00074

  727.0  -0.00068

  728.0  -0.00073

  729.0  -0.00071

  730.0  -0.00070

  731.0  -0.00070

  732.0  -0.00068

  733.0  -0.00064

  734.0  -0.00069

  735.0  -0.00072

  736.0   0.00055

  737.0   0.00041

  738.0   0.00036

  739.0   0.00025

  740.0   0.00014

  741.0   0.00005

  742.0  -0.00000

  743.0  -0.00011

  744.0  -0.00011

  745.0  -0.00016

  746.0  -0.00024

  747.0  -0.00024

  748.0  -0.00030

  749.0  -0.00038

  750.0  -0.00043

  751.0  -0.00041

  752.0  -0.00046

  753.0  -0.00051

  754.0  -0.00046

  755.0  -0.00057

  756.0  -0.00054

  757.0  -0.00060

  758.0  -0.00060

  759.0  -0.00063

  760.0  -0.00065

  761.0  -0.00065

  762.0  -0.00071

  763.0  -0.00079

  764.0  -0.00085

  765.0  -0.00088

  766.0  -0.00090

  767.0  -0.00090

  768.0  -0.00091

  769.0  -0.00099

  770.0  -0.00099

  771.0  -0.00102

  772.0  -0.00094

  773.0  -0.00097

  774.0  -0.00100

  775.0  -0.00105

  776.0  -0.00100

  777.0  -0.00106

  778.0  -0.00098

  779.0  -0.00103

  780.0  -0.00103

  781.0  -0.00109

  782.0  -0.00109

  783.0  -0.00101

  784.0  -0.00099

  785.0  -0.00104

  786.0  -0.00107

  787.0  -0.00111

  788.0  -0.00114

  789.0  -0.00111

  790.0  -0.00123

  791.0  -0.00120

  792.0  -0.00126

  793.0  -0.00126

  794.0  -0.00129

  795.0  -0.00133

  796.0  -0.00127

  797.0  -0.00124

  798.0  -0.00130

  799.0  -0.00127

  800.0  -0.00139

 
