ser ID: DU600

Method ID: A:\DEFAULT

Date: 08/08/00

Time: 04:59

 200.0   3.14426

  201.0   2.73772

  202.0   3.25431

  203.0   2.59262

  204.0   3.32980

  205.0   3.36511

  206.0   2.79501

  207.0   3.42797

  208.0   3.45894

  209.0   3.49192

  210.0   3.52022

  211.0   3.54814

  212.0   3.57588

  213.0   3.60649

  214.0   3.02949

  215.0   3.35392

  216.0   3.67742

  217.0   3.70252

  218.0   3.72346

  219.0   3.74217

  220.0   3.75891

  221.0   3.77437

  222.0   3.78979

  223.0   3.80298

  224.0   3.81591

  225.0   3.82930

  226.0   3.36580

  227.0   3.85516

  228.0   3.86729

  229.0   3.87852

  230.0   3.89081

  231.0   3.90124

  232.0   3.91036

  233.0   3.91887

  234.0   3.92650

  235.0   3.93197

  236.0   3.45914

  237.0   3.93972

  238.0   3.94226

  239.0   3.94379

  240.0   3.94478

  241.0   3.94404

  242.0   3.94315

  243.0   3.94156

  244.0   3.63834

  245.0   3.33501

  246.0   3.45667

  247.0   3.32772

  248.0   3.22691

  249.0   3.92179

  250.0   3.31471

  251.0   3.30995

  252.0   3.30498

  253.0   2.99886

  254.0   2.51681

  255.0   2.34697

  256.0   2.21321

  257.0   2.08779

  258.0   1.95997

  259.0   1.83404

  260.0   1.73078

  261.0   1.63195

  262.0   1.54673

  263.0   1.47252

  264.0   1.39674

  265.0   1.34578

  266.0   1.29121

  267.0   1.24099

  268.0   1.20405

  269.0   1.17082

  270.0   1.13775

  271.0   1.10391

  272.0   1.07417

  273.0   1.04323

  274.0   1.00766

  275.0   0.97400

  276.0   0.94024

  277.0   0.90705

  278.0   0.87142

  279.0   0.84045

  280.0   0.80709

  281.0   0.76923

  282.0   0.73982

  283.0   0.70714

  284.0   0.67698

  285.0   0.64090

  286.0   0.60731

  287.0   0.57499

  288.0   0.54139

  289.0   0.51150

  290.0   0.48477

  291.0   0.45944

  292.0   0.43304

  293.0   0.40932

  294.0   0.38748

  295.0   0.36294

  296.0   0.34134

  297.0   0.31961

  298.0   0.29922

  299.0   0.27871

  300.0   0.26121

  301.0   0.24718

  302.0   0.23255

  303.0   0.22155

  304.0   0.21171

  305.0   0.20216

  306.0   0.19224

  307.0   0.18422

  308.0   0.17652

  309.0   0.16951

  310.0   0.16361

  311.0   0.15764

  312.0   0.15102

  313.0   0.14555

  314.0   0.14154

  315.0   0.13710

  316.0   0.13350

  317.0   0.13043

  318.0   0.12773

  319.0   0.12436

  320.0   0.12161

  321.0   0.12084

  322.0   0.11867

  323.0   0.11748

  324.0   0.11841

  325.0   0.11799

  326.0   0.11793

  327.0   0.11872

  328.0   0.11991

  329.0   0.12177

  330.0   0.12370

  331.0   0.12533

  332.0   0.12821

  333.0   0.12981

  334.0   0.13313

  335.0   0.13562

  336.0   0.13941

  337.0   0.14282

  338.0   0.14620

  339.0   0.14802

  340.0   0.15149

  341.0   0.15593

  342.0   0.15883

  343.0   0.16345

  344.0   0.16666

  345.0   0.17025

  346.0   0.17331

  347.0   0.17678

  348.0   0.17934

  349.0   0.18222

  350.0   0.18411

  351.0   0.18642

  352.0   0.18740

  353.0   0.18888

  354.0   0.19065

  355.0   0.19165

  356.0   0.19090

  357.0   0.19254

  358.0   0.19149

  359.0   0.19027

  360.0   0.18807

  361.0   0.18626

  362.0   0.18351

  363.0   0.18169

  364.0   0.18035

  365.0   0.17693

  366.0   0.17371

  367.0   0.17057

  368.0   0.16769

  369.0   0.16425

  370.0   0.16096

  371.0   0.15774

  372.0   0.15388

  373.0   0.14972

  374.0   0.14683

  375.0   0.14393

  376.0   0.14009

  377.0   0.13706

  378.0   0.13350

  379.0   0.13000

  380.0   0.12700

  381.0   0.12348

  382.0   0.11977

  383.0   0.11648

  384.0   0.11315

  385.0   0.11011

  386.0   0.10686

  387.0   0.10353

  388.0   0.10092

  389.0   0.09752

  390.0   0.09491

  391.0   0.09286

  392.0   0.09010

  393.0   0.08755

  394.0   0.08493

  395.0   0.08246

  396.0   0.08026

  397.0   0.07827

  398.0   0.07652

  399.0   0.07441

  400.0   0.07283

  401.0   0.07117

  402.0   0.06939

  403.0   0.06816

  404.0   0.06666

  405.0   0.06536

  406.0   0.06377

  407.0   0.06231

  408.0   0.06097

  409.0   0.05941

  410.0   0.05809

  411.0   0.05702

  412.0   0.05536

  413.0   0.05417

  414.0   0.05281

  415.0   0.05207

  416.0   0.04963

  417.0   0.04801

  418.0   0.04653

  419.0   0.04475

  420.0   0.04349

  421.0   0.04187

  422.0   0.04031

  423.0   0.03891

  424.0   0.03732

  425.0   0.03574

  426.0   0.03422

  427.0   0.03289

  428.0   0.03143

  429.0   0.02989

  430.0   0.02879

  431.0   0.02735

  432.0   0.02622

  433.0   0.02489

  434.0   0.02390

  435.0   0.02271

  436.0   0.02153

  437.0   0.02052

  438.0   0.01957

  439.0   0.01907

  440.0   0.01751

  441.0   0.01665

  442.0   0.01579

  443.0   0.01500

  444.0   0.01439

  445.0   0.01368

  446.0   0.01303

  447.0   0.01234

  448.0   0.01168

  449.0   0.01104

  450.0   0.01047

  451.0   0.00979

  452.0   0.00935

  453.0   0.00875

  454.0   0.00812

  455.0   0.00756

  456.0   0.00705

  457.0   0.00683

  458.0   0.00662

  459.0   0.00601

  460.0   0.00557

  461.0   0.00516

  462.0   0.00480

  463.0   0.00439

  464.0   0.00410

  465.0   0.00389

  466.0   0.00359

  467.0   0.00334

  468.0   0.00318

  469.0   0.00304

  470.0   0.00282

  471.0   0.00264

  472.0   0.00241

  473.0   0.00237

  474.0   0.00209

  475.0   0.00195

  476.0   0.00175

  477.0   0.00154

  478.0   0.00128

  479.0   0.00112

  480.0   0.00102

  481.0   0.00087

  482.0   0.00073

  483.0   0.00054

  484.0   0.00039

  485.0   0.00029

  486.0   0.00019

  487.0   0.00016

  488.0   0.00009

  489.0  -0.00007

  490.0  -0.00018

  491.0  -0.00026

  492.0  -0.00039

  493.0  -0.00049

  494.0  -0.00055

  495.0  -0.00057

  496.0  -0.00067

  497.0  -0.00074

  498.0  -0.00073

  499.0  -0.00077

  500.0  -0.00082

  501.0  -0.00082

  502.0  -0.00085

  503.0  -0.00086

  504.0  -0.00091

  505.0  -0.00089

  506.0  -0.00094

  507.0  -0.00099

  508.0  -0.00104

  509.0  -0.00107

  510.0  -0.00107

  511.0  -0.00106

  512.0  -0.00110

  513.0  -0.00109

  514.0  -0.00110

  515.0  -0.00114

  516.0  -0.00121

  517.0  -0.00129

  518.0  -0.00129

  519.0  -0.00132

  520.0  -0.00132

  521.0  -0.00139

  522.0  -0.00139

  523.0  -0.00140

  524.0  -0.00144

  525.0  -0.00140

  526.0  -0.00135

  527.0  -0.00135

  528.0  -0.00135

  529.0  -0.00137

  530.0  -0.00133

  531.0  -0.00133

  532.0  -0.00135

  533.0  -0.00134

  534.0  -0.00138

  535.0  -0.00134

  536.0  -0.00138

  537.0  -0.00137

  538.0  -0.00137

  539.0  -0.00136

  540.0  -0.00138

  541.0  -0.00135

  542.0  -0.00133

  543.0  -0.00132

  544.0  -0.00132

  545.0  -0.00126

  546.0  -0.00124

  547.0  -0.00124

  548.0  -0.00121

  549.0  -0.00121

  550.0  -0.00121

  551.0  -0.00122

  552.0  -0.00121

  553.0  -0.00128

  554.0  -0.00128

  555.0  -0.00124

  556.0  -0.00127

  557.0  -0.00050

  558.0  -0.00059

  559.0  -0.00063

  560.0  -0.00070

  561.0  -0.00067

  562.0  -0.00071

  563.0  -0.00078

  564.0  -0.00077

  565.0  -0.00076

  566.0  -0.00076

  567.0  -0.00078

  568.0  -0.00079

  569.0  -0.00081

  570.0  -0.00078

  571.0  -0.00088

  572.0  -0.00087

  573.0  -0.00091

  574.0  -0.00092

  575.0  -0.00098

  576.0  -0.00103

  577.0  -0.00101

  578.0  -0.00104

  579.0  -0.00103

  580.0  -0.00101

  581.0  -0.00106

  582.0  -0.00103

  583.0  -0.00107

  584.0  -0.00104

  585.0  -0.00106

  586.0  -0.00101

  587.0  -0.00095

  588.0  -0.00091

  589.0  -0.00096

  590.0  -0.00099

  591.0  -0.00097

  592.0  -0.00094

  593.0  -0.00094

  594.0  -0.00094

  595.0  -0.00091

  596.0  -0.00087

  597.0  -0.00080

  598.0  -0.00074

  599.0  -0.00070

  600.0  -0.00070

  601.0  -0.00071

  602.0  -0.00073

  603.0  -0.00074

  604.0  -0.00078

  605.0  -0.00076

  606.0  -0.00080

  607.0  -0.00082

  608.0  -0.00080

  609.0  -0.00083

  610.0  -0.00088

  611.0  -0.00086

  612.0  -0.00084

  613.0  -0.00081

  614.0  -0.00087

  615.0  -0.00089

  616.0  -0.00082

  617.0  -0.00085

  618.0  -0.00090

  619.0  -0.00085

  620.0  -0.00084

  621.0  -0.00083

  622.0  -0.00086

  623.0  -0.00087

  624.0  -0.00085

  625.0  -0.00089

  626.0  -0.00090

  627.0  -0.00085

  628.0  -0.00083

  629.0  -0.00082

  630.0  -0.00081

  631.0  -0.00081

  632.0  -0.00088

  633.0  -0.00089

  634.0  -0.00091

  635.0  -0.00089

  636.0  -0.00094

  637.0  -0.00094

  638.0  -0.00091

  639.0  -0.00087

  640.0  -0.00084

  641.0  -0.00079

  642.0  -0.00079

  643.0  -0.00081

  644.0  -0.00078

  645.0  -0.00079

  646.0  -0.00079

  647.0  -0.00076

  648.0  -0.00078

  649.0  -0.00076

  650.0  -0.00076

  651.0  -0.00079

  652.0  -0.00081

  653.0  -0.00081

  654.0  -0.00078

  655.0  -0.00081

  656.0  -0.00086

  657.0  -0.00088

  658.0  -0.00080

  659.0  -0.00077

  660.0  -0.00078

  661.0  -0.00073

  662.0  -0.00077

  663.0  -0.00079

  664.0  -0.00074

  665.0  -0.00077

  666.0  -0.00074

  667.0  -0.00076

  668.0  -0.00083

  669.0  -0.00085

  670.0  -0.00086

  671.0  -0.00085

  672.0  -0.00077

  673.0  -0.00077

  674.0  -0.00075

  675.0  -0.00068

  676.0  -0.00070

  677.0  -0.00072

  678.0  -0.00076

  679.0  -0.00076

  680.0  -0.00075

  681.0  -0.00070

  682.0  -0.00063

  683.0  -0.00065

  684.0  -0.00062

  685.0  -0.00060

  686.0  -0.00060

  687.0  -0.00061

  688.0  -0.00059

  689.0  -0.00061

  690.0  -0.00063

  691.0  -0.00065

  692.0  -0.00064

  693.0  -0.00062

  694.0  -0.00064

  695.0  -0.00065

  696.0  -0.00069

  697.0  -0.00069

  698.0  -0.00067

  699.0  -0.00070

  700.0  -0.00068

  701.0  -0.00065

  702.0  -0.00067

  703.0  -0.00067

  704.0  -0.00071

  705.0  -0.00072

  706.0  -0.00068

  707.0  -0.00065

  708.0  -0.00063

  709.0  -0.00066

  710.0  -0.00068

  711.0  -0.00064

  712.0  -0.00061

  713.0  -0.00069

  714.0  -0.00068

  715.0  -0.00068

  716.0  -0.00071

  717.0  -0.00073

  718.0  -0.00072

  719.0  -0.00079

  720.0  -0.00079

  721.0  -0.00084

  722.0  -0.00080

  723.0  -0.00086

  724.0  -0.00084

  725.0  -0.00085

  726.0  -0.00090

  727.0  -0.00082

  728.0  -0.00094

  729.0  -0.00094

  730.0  -0.00095

  731.0  -0.00098

  732.0  -0.00099

  733.0  -0.00097

  734.0  -0.00098

  735.0  -0.00098

  736.0   0.00017

  737.0   0.00006

  738.0  -0.00000

  739.0  -0.00008

  740.0  -0.00014

  741.0  -0.00019

  742.0  -0.00025

  743.0  -0.00024

  744.0  -0.00030

  745.0  -0.00038

  746.0  -0.00046

  747.0  -0.00049

  748.0  -0.00054

  749.0  -0.00060

  750.0  -0.00060

  751.0  -0.00060

  752.0  -0.00070

  753.0  -0.00076

  754.0  -0.00070

  755.0  -0.00076

  756.0  -0.00076

  757.0  -0.00079

  758.0  -0.00084

  759.0  -0.00076

  760.0  -0.00082

  761.0  -0.00082

  762.0  -0.00095

  763.0  -0.00096

  764.0  -0.00098

  765.0  -0.00101

  766.0  -0.00104

  767.0  -0.00101

  768.0  -0.00102

  769.0  -0.00113

  770.0  -0.00118

  771.0  -0.00116

  772.0  -0.00119

  773.0  -0.00116

  774.0  -0.00116

  775.0  -0.00116

  776.0  -0.00114

  777.0  -0.00122

  778.0  -0.00123

  779.0  -0.00117

  780.0  -0.00117

  781.0  -0.00120

  782.0  -0.00121

  783.0  -0.00118

  784.0  -0.00121

  785.0  -0.00121

  786.0  -0.00124

  787.0  -0.00130

  788.0  -0.00131

  789.0  -0.00131

  790.0  -0.00134

  791.0  -0.00134

  792.0  -0.00135

  793.0  -0.00141

  794.0  -0.00141

  795.0  -0.00147

  796.0  -0.00144

  797.0  -0.00144

  798.0  -0.00150

  799.0  -0.00154

  800.0  -0.00162

 
