ser ID: DU600

Method ID: A:\DEFAULT

Date: 08/08/00

Time: 04:50

 200.0   3.14426

  201.0   3.21484

  202.0   3.25431

  203.0   3.29159

  204.0   3.32980

  205.0   3.36511

  206.0   3.39707

  207.0   3.12694

  208.0   3.45894

  209.0   3.19089

  210.0   3.52022

  211.0   3.54814

  212.0   3.57588

  213.0   3.60649

  214.0   3.63155

  215.0   3.65495

  216.0   3.07536

  217.0   3.40149

  218.0   3.72346

  219.0   3.74217

  220.0   3.75891

  221.0   3.77437

  222.0   3.78979

  223.0   3.50195

  224.0   3.21385

  225.0   3.35218

  226.0   3.54189

  227.0   3.85516

  228.0   3.86729

  229.0   3.87852

  230.0   3.89081

  231.0   3.90124

  232.0   3.21139

  233.0   3.31681

  234.0   3.44938

  235.0   3.63094

  236.0   3.63523

  237.0   3.63869

  238.0   3.94226

  239.0   3.94379

  240.0   3.94478

  241.0   3.34198

  242.0   3.64212

  243.0   3.94156

  244.0   3.93937

  245.0   3.93707

  246.0   3.93379

  247.0   3.92978

  248.0   3.92588

  249.0   3.31973

  250.0   2.87538

  251.0   2.76588

  252.0   2.79309

  253.0   2.72586

  254.0   2.51681

  255.0   2.38589

  256.0   2.24185

  257.0   2.12431

  258.0   1.97070

  259.0   1.84628

  260.0   1.73726

  261.0   1.63719

  262.0   1.55772

  263.0   1.48955

  264.0   1.42110

  265.0   1.36321

  266.0   1.31484

  267.0   1.27087

  268.0   1.22497

  269.0   1.18516

  270.0   1.15313

  271.0   1.12102

  272.0   1.09110

  273.0   1.05750

  274.0   1.02386

  275.0   0.99251

  276.0   0.96000

  277.0   0.92536

  278.0   0.88939

  279.0   0.85461

  280.0   0.82164

  281.0   0.78520

  282.0   0.75434

  283.0   0.72250

  284.0   0.68882

  285.0   0.65213

  286.0   0.61922

  287.0   0.58548

  288.0   0.55057

  289.0   0.52148

  290.0   0.49278

  291.0   0.46678

  292.0   0.44032

  293.0   0.41734

  294.0   0.39368

  295.0   0.36762

  296.0   0.34500

  297.0   0.32309

  298.0   0.30226

  299.0   0.28120

  300.0   0.26429

  301.0   0.24991

  302.0   0.23482

  303.0   0.22353

  304.0   0.21329

  305.0   0.20335

  306.0   0.19248

  307.0   0.18387

  308.0   0.17582

  309.0   0.16893

  310.0   0.16257

  311.0   0.15683

  312.0   0.15009

  313.0   0.14415

  314.0   0.13978

  315.0   0.13558

  316.0   0.13220

  317.0   0.12840

  318.0   0.12473

  319.0   0.12169

  320.0   0.12002

  321.0   0.11899

  322.0   0.11665

  323.0   0.11633

  324.0   0.11624

  325.0   0.11658

  326.0   0.11677

  327.0   0.11807

  328.0   0.11926

  329.0   0.12138

  330.0   0.12304

  331.0   0.12455

  332.0   0.12769

  333.0   0.13060

  334.0   0.13326

  335.0   0.13654

  336.0   0.14047

  337.0   0.14441

  338.0   0.14740

  339.0   0.15069

  340.0   0.15510

  341.0   0.15888

  342.0   0.16220

  343.0   0.16765

  344.0   0.17155

  345.0   0.17545

  346.0   0.17880

  347.0   0.18299

  348.0   0.18613

  349.0   0.18834

  350.0   0.19054

  351.0   0.19289

  352.0   0.19558

  353.0   0.19683

  354.0   0.19807

  355.0   0.19926

  356.0   0.19924

  357.0   0.20015

  358.0   0.19982

  359.0   0.19796

  360.0   0.19656

  361.0   0.19470

  362.0   0.19239

  363.0   0.18984

  364.0   0.18891

  365.0   0.18557

  366.0   0.18174

  367.0   0.17882

  368.0   0.17583

  369.0   0.17193

  370.0   0.16837

  371.0   0.16500

  372.0   0.16088

  373.0   0.15748

  374.0   0.15385

  375.0   0.15079

  376.0   0.14665

  377.0   0.14385

  378.0   0.13957

  379.0   0.13623

  380.0   0.13244

  381.0   0.12920

  382.0   0.12549

  383.0   0.12207

  384.0   0.11859

  385.0   0.11553

  386.0   0.11213

  387.0   0.10875

  388.0   0.10574

  389.0   0.10256

  390.0   0.09955

  391.0   0.09672

  392.0   0.09405

  393.0   0.09132

  394.0   0.08866

  395.0   0.08644

  396.0   0.08406

  397.0   0.08204

  398.0   0.08033

  399.0   0.07813

  400.0   0.07633

  401.0   0.07429

  402.0   0.07241

  403.0   0.07080

  404.0   0.06926

  405.0   0.06813

  406.0   0.06660

  407.0   0.06512

  408.0   0.06369

  409.0   0.06221

  410.0   0.06077

  411.0   0.05935

  412.0   0.05800

  413.0   0.05661

  414.0   0.05500

  415.0   0.05422

  416.0   0.05172

  417.0   0.05023

  418.0   0.04878

  419.0   0.04684

  420.0   0.04552

  421.0   0.04385

  422.0   0.04223

  423.0   0.04069

  424.0   0.03897

  425.0   0.03757

  426.0   0.03578

  427.0   0.03448

  428.0   0.03298

  429.0   0.03126

  430.0   0.03013

  431.0   0.02879

  432.0   0.02749

  433.0   0.02606

  434.0   0.02492

  435.0   0.02371

  436.0   0.02256

  437.0   0.02152

  438.0   0.02055

  439.0   0.02014

  440.0   0.01856

  441.0   0.01762

  442.0   0.01669

  443.0   0.01589

  444.0   0.01516

  445.0   0.01444

  446.0   0.01373

  447.0   0.01289

  448.0   0.01232

  449.0   0.01171

  450.0   0.01101

  451.0   0.01036

  452.0   0.00978

  453.0   0.00909

  454.0   0.00842

  455.0   0.00781

  456.0   0.00730

  457.0   0.00704

  458.0   0.00671

  459.0   0.00630

  460.0   0.00589

  461.0   0.00545

  462.0   0.00508

  463.0   0.00467

  464.0   0.00433

  465.0   0.00400

  466.0   0.00363

  467.0   0.00345

  468.0   0.00318

  469.0   0.00297

  470.0   0.00272

  471.0   0.00264

  472.0   0.00237

  473.0   0.00225

  474.0   0.00206

  475.0   0.00195

  476.0   0.00166

  477.0   0.00143

  478.0   0.00126

  479.0   0.00107

  480.0   0.00094

  481.0   0.00077

  482.0   0.00063

  483.0   0.00044

  484.0   0.00024

  485.0   0.00014

  486.0   0.00005

  487.0  -0.00007

  488.0  -0.00023

  489.0  -0.00029

  490.0  -0.00038

  491.0  -0.00055

  492.0  -0.00069

  493.0  -0.00077

  494.0  -0.00081

  495.0  -0.00082

  496.0  -0.00085

  497.0  -0.00091

  498.0  -0.00090

  499.0  -0.00093

  500.0  -0.00100

  501.0  -0.00103

  502.0  -0.00109

  503.0  -0.00115

  504.0  -0.00132

  505.0  -0.00133

  506.0  -0.00132

  507.0  -0.00139

  508.0  -0.00140

  509.0  -0.00143

  510.0  -0.00141

  511.0  -0.00142

  512.0  -0.00145

  513.0  -0.00148

  514.0  -0.00153

  515.0  -0.00156

  516.0  -0.00163

  517.0  -0.00169

  518.0  -0.00167

  519.0  -0.00170

  520.0  -0.00170

  521.0  -0.00175

  522.0  -0.00169

  523.0  -0.00174

  524.0  -0.00180

  525.0  -0.00178

  526.0  -0.00176

  527.0  -0.00170

  528.0  -0.00167

  529.0  -0.00169

  530.0  -0.00165

  531.0  -0.00167

  532.0  -0.00173

  533.0  -0.00173

  534.0  -0.00177

  535.0  -0.00180

  536.0  -0.00180

  537.0  -0.00183

  538.0  -0.00181

  539.0  -0.00186

  540.0  -0.00190

  541.0  -0.00189

  542.0  -0.00182

  543.0  -0.00182

  544.0  -0.00182

  545.0  -0.00182

  546.0  -0.00184

  547.0  -0.00182

  548.0  -0.00180

  549.0  -0.00182

  550.0  -0.00181

  551.0  -0.00187

  552.0  -0.00189

  553.0  -0.00193

  554.0  -0.00196

  555.0  -0.00195

  556.0  -0.00199

  557.0  -0.00150

  558.0  -0.00158

  559.0  -0.00162

  560.0  -0.00166

  561.0  -0.00170

  562.0  -0.00174

  563.0  -0.00182

  564.0  -0.00180

  565.0  -0.00179

  566.0  -0.00173

  567.0  -0.00172

  568.0  -0.00169

  569.0  -0.00168

  570.0  -0.00156

  571.0  -0.00159

  572.0  -0.00158

  573.0  -0.00165

  574.0  -0.00170

  575.0  -0.00177

  576.0  -0.00186

  577.0  -0.00181

  578.0  -0.00184

  579.0  -0.00181

  580.0  -0.00181

  581.0  -0.00180

  582.0  -0.00179

  583.0  -0.00182

  584.0  -0.00181

  585.0  -0.00184

  586.0  -0.00181

  587.0  -0.00176

  588.0  -0.00170

  589.0  -0.00175

  590.0  -0.00181

  591.0  -0.00182

  592.0  -0.00181

  593.0  -0.00184

  594.0  -0.00185

  595.0  -0.00186

  596.0  -0.00180

  597.0  -0.00175

  598.0  -0.00171

  599.0  -0.00172

  600.0  -0.00173

  601.0  -0.00174

  602.0  -0.00174

  603.0  -0.00177

  604.0  -0.00174

  605.0  -0.00177

  606.0  -0.00184

  607.0  -0.00183

  608.0  -0.00179

  609.0  -0.00183

  610.0  -0.00185

  611.0  -0.00186

  612.0  -0.00184

  613.0  -0.00183

  614.0  -0.00186

  615.0  -0.00183

  616.0  -0.00180

  617.0  -0.00180

  618.0  -0.00186

  619.0  -0.00183

  620.0  -0.00180

  621.0  -0.00178

  622.0  -0.00181

  623.0  -0.00181

  624.0  -0.00184

  625.0  -0.00189

  626.0  -0.00189

  627.0  -0.00190

  628.0  -0.00191

  629.0  -0.00193

  630.0  -0.00191

  631.0  -0.00191

  632.0  -0.00195

  633.0  -0.00199

  634.0  -0.00200

  635.0  -0.00197

  636.0  -0.00196

  637.0  -0.00193

  638.0  -0.00191

  639.0  -0.00188

  640.0  -0.00185

  641.0  -0.00184

  642.0  -0.00184

  643.0  -0.00189

  644.0  -0.00194

  645.0  -0.00194

  646.0  -0.00194

  647.0  -0.00189

  648.0  -0.00191

  649.0  -0.00190

  650.0  -0.00190

  651.0  -0.00191

  652.0  -0.00191

  653.0  -0.00193

  654.0  -0.00193

  655.0  -0.00195

  656.0  -0.00197

  657.0  -0.00197

  658.0  -0.00191

  659.0  -0.00185

  660.0  -0.00186

  661.0  -0.00180

  662.0  -0.00185

  663.0  -0.00182

  664.0  -0.00184

  665.0  -0.00184

  666.0  -0.00185

  667.0  -0.00185

  668.0  -0.00189

  669.0  -0.00187

  670.0  -0.00186

  671.0  -0.00185

  672.0  -0.00180

  673.0  -0.00182

  674.0  -0.00181

  675.0  -0.00180

  676.0  -0.00182

  677.0  -0.00180

  678.0  -0.00181

  679.0  -0.00180

  680.0  -0.00179

  681.0  -0.00176

  682.0  -0.00173

  683.0  -0.00177

  684.0  -0.00176

  685.0  -0.00177

  686.0  -0.00177

  687.0  -0.00176

  688.0  -0.00177

  689.0  -0.00176

  690.0  -0.00177

  691.0  -0.00177

  692.0  -0.00174

  693.0  -0.00172

  694.0  -0.00169

  695.0  -0.00166

  696.0  -0.00165

  697.0  -0.00169

  698.0  -0.00170

  699.0  -0.00173

  700.0  -0.00176

  701.0  -0.00173

  702.0  -0.00176

  703.0  -0.00176

  704.0  -0.00177

  705.0  -0.00177

  706.0  -0.00170

  707.0  -0.00167

  708.0  -0.00166

  709.0  -0.00169

  710.0  -0.00174

  711.0  -0.00173

  712.0  -0.00170

  713.0  -0.00173

  714.0  -0.00174

  715.0  -0.00173

  716.0  -0.00175

  717.0  -0.00172

  718.0  -0.00171

  719.0  -0.00174

  720.0  -0.00173

  721.0  -0.00179

  722.0  -0.00180

  723.0  -0.00182

  724.0  -0.00186

  725.0  -0.00185

  726.0  -0.00189

  727.0  -0.00183

  728.0  -0.00187

  729.0  -0.00186

  730.0  -0.00181

  731.0  -0.00180

  732.0  -0.00181

  733.0  -0.00180

  734.0  -0.00181

  735.0  -0.00182

  736.0  -0.00091

  737.0  -0.00102

  738.0  -0.00104

  739.0  -0.00120

  740.0  -0.00126

  741.0  -0.00128

  742.0  -0.00133

  743.0  -0.00141

  744.0  -0.00144

  745.0  -0.00152

  746.0  -0.00149

  747.0  -0.00149

  748.0  -0.00154

  749.0  -0.00157

  750.0  -0.00160

  751.0  -0.00162

  752.0  -0.00176

  753.0  -0.00184

  754.0  -0.00184

  755.0  -0.00187

  756.0  -0.00187

  757.0  -0.00187

  758.0  -0.00190

  759.0  -0.00185

  760.0  -0.00179

  761.0  -0.00180

  762.0  -0.00185

  763.0  -0.00191

  764.0  -0.00194

  765.0  -0.00197

  766.0  -0.00202

  767.0  -0.00200

  768.0  -0.00200

  769.0  -0.00211

  770.0  -0.00212

  771.0  -0.00209

  772.0  -0.00207

  773.0  -0.00207

  774.0  -0.00213

  775.0  -0.00211

  776.0  -0.00211

  777.0  -0.00211

  778.0  -0.00209

  779.0  -0.00212

  780.0  -0.00212

  781.0  -0.00213

  782.0  -0.00199

  783.0  -0.00183

  784.0  -0.00169

  785.0  -0.00166

  786.0  -0.00170

  787.0  -0.00176

  788.0  -0.00176

  789.0  -0.00176

  790.0  -0.00182

  791.0  -0.00186

  792.0  -0.00183

  793.0  -0.00186

  794.0  -0.00190

  795.0  -0.00193

  796.0  -0.00190

  797.0  -0.00194

  798.0  -0.00197

  799.0  -0.00194

  800.0  -0.00200

 
