ser ID: DU600

Method ID: A:\DEFAULT

Date: 08/08/00

Time: 09:50

 200.0   3.14426

  201.0   3.21484

  202.0   3.25431

  203.0   3.29159

  204.0   2.48471

  205.0   2.88799

  206.0   3.39707

  207.0   3.42797

  208.0   3.45894

  209.0   3.19089

  210.0   3.52022

  211.0   3.54814

  212.0   2.87691

  213.0   3.00443

  214.0   3.33052

  215.0   2.87680

  216.0   3.67742

  217.0   3.70252

  218.0   3.72346

  219.0   3.74217

  220.0   3.75891

  221.0   3.77437

  222.0   3.78979

  223.0   3.80298

  224.0   3.21385

  225.0   3.82930

  226.0   3.84292

  227.0   3.25310

  228.0   3.16832

  229.0   3.57749

  230.0   3.19184

  231.0   3.42412

  232.0   3.43324

  233.0   3.91887

  234.0   3.92650

  235.0   3.93197

  236.0   3.93626

  237.0   3.93972

  238.0   3.94226

  239.0   3.46667

  240.0   3.94478

  241.0   3.09894

  242.0   3.24418

  243.0   3.03847

  244.0   3.63834

  245.0   3.93707

  246.0   2.97955

  247.0   3.45266

  248.0   3.02279

  249.0   2.84261

  250.0   2.71265

  251.0   2.44961

  252.0   2.27357

  253.0   2.12380

  254.0   1.99939

  255.0   1.85761

  256.0   1.73609

  257.0   1.60603

  258.0   1.50643

  259.0   1.39765

  260.0   1.30723

  261.0   1.23558

  262.0   1.16112

  263.0   1.10137

  264.0   1.05145

  265.0   1.00271

  266.0   0.95818

  267.0   0.92352

  268.0   0.88979

  269.0   0.85934

  270.0   0.82877

  271.0   0.80554

  272.0   0.77773

  273.0   0.75246

  274.0   0.72246

  275.0   0.69641

  276.0   0.67053

  277.0   0.64502

  278.0   0.61858

  279.0   0.59678

  280.0   0.57466

  281.0   0.55079

  282.0   0.53077

  283.0   0.51138

  284.0   0.49115

  285.0   0.46916

  286.0   0.44768

  287.0   0.42638

  288.0   0.40378

  289.0   0.38522

  290.0   0.36762

  291.0   0.35044

  292.0   0.33271

  293.0   0.31739

  294.0   0.30356

  295.0   0.28776

  296.0   0.27379

  297.0   0.26053

  298.0   0.24748

  299.0   0.23499

  300.0   0.22517

  301.0   0.21655

  302.0   0.20818

  303.0   0.20285

  304.0   0.19798

  305.0   0.19328

  306.0   0.18883

  307.0   0.18445

  308.0   0.18073

  309.0   0.17770

  310.0   0.17522

  311.0   0.17093

  312.0   0.16661

  313.0   0.16228

  314.0   0.15898

  315.0   0.15645

  316.0   0.15274

  317.0   0.14972

  318.0   0.14658

  319.0   0.14365

  320.0   0.13992

  321.0   0.14042

  322.0   0.13563

  323.0   0.13471

  324.0   0.13242

  325.0   0.13035

  326.0   0.12783

  327.0   0.12615

  328.0   0.12514

  329.0   0.12347

  330.0   0.12278

  331.0   0.12090

  332.0   0.11962

  333.0   0.11750

  334.0   0.11620

  335.0   0.11464

  336.0   0.11336

  337.0   0.11151

  338.0   0.10965

  339.0   0.10760

  340.0   0.10604

  341.0   0.10466

  342.0   0.10143

  343.0   0.10192

  344.0   0.09985

  345.0   0.09725

  346.0   0.09504

  347.0   0.09298

  348.0   0.09107

  349.0   0.08975

  350.0   0.08684

  351.0   0.08417

  352.0   0.08307

  353.0   0.08068

  354.0   0.07944

  355.0   0.07734

  356.0   0.07620

  357.0   0.07495

  358.0   0.07293

  359.0   0.07062

  360.0   0.06847

  361.0   0.06627

  362.0   0.06382

  363.0   0.06188

  364.0   0.06064

  365.0   0.05935

  366.0   0.05736

  367.0   0.05516

  368.0   0.05363

  369.0   0.05203

  370.0   0.05017

  371.0   0.04929

  372.0   0.04725

  373.0   0.04603

  374.0   0.04468

  375.0   0.04380

  376.0   0.04250

  377.0   0.04142

  378.0   0.03970

  379.0   0.03866

  380.0   0.03756

  381.0   0.03657

  382.0   0.03503

  383.0   0.03405

  384.0   0.03330

  385.0   0.03259

  386.0   0.03187

  387.0   0.03092

  388.0   0.03014

  389.0   0.02927

  390.0   0.02839

  391.0   0.02808

  392.0   0.02759

  393.0   0.02683

  394.0   0.02617

  395.0   0.02556

  396.0   0.02510

  397.0   0.02514

  398.0   0.02483

  399.0   0.02430

  400.0   0.02356

  401.0   0.02310

  402.0   0.02259

  403.0   0.02228

  404.0   0.02202

  405.0   0.02180

  406.0   0.02141

  407.0   0.02096

  408.0   0.02054

  409.0   0.02008

  410.0   0.01963

  411.0   0.01921

  412.0   0.01872

  413.0   0.01821

  414.0   0.01762

  415.0   0.01720

  416.0   0.01672

  417.0   0.01596

  418.0   0.01554

  419.0   0.01469

  420.0   0.01440

  421.0   0.01381

  422.0   0.01305

  423.0   0.01243

  424.0   0.01182

  425.0   0.01125

  426.0   0.01048

  427.0   0.01016

  428.0   0.00960

  429.0   0.00904

  430.0   0.00871

  431.0   0.00818

  432.0   0.00800

  433.0   0.00751

  434.0   0.00734

  435.0   0.00684

  436.0   0.00656

  437.0   0.00621

  438.0   0.00613

  439.0   0.00642

  440.0   0.00564

  441.0   0.00535

  442.0   0.00505

  443.0   0.00483

  444.0   0.00471

  445.0   0.00464

  446.0   0.00444

  447.0   0.00429

  448.0   0.00414

  449.0   0.00409

  450.0   0.00387

  451.0   0.00357

  452.0   0.00349

  453.0   0.00325

  454.0   0.00297

  455.0   0.00278

  456.0   0.00256

  457.0   0.00258

  458.0   0.00269

  459.0   0.00251

  460.0   0.00241

  461.0   0.00219

  462.0   0.00206

  463.0   0.00192

  464.0   0.00181

  465.0   0.00171

  466.0   0.00164

  467.0   0.00161

  468.0   0.00164

  469.0   0.00164

  470.0   0.00159

  471.0   0.00162

  472.0   0.00163

  473.0   0.00165

  474.0   0.00154

  475.0   0.00156

  476.0   0.00146

  477.0   0.00134

  478.0   0.00134

  479.0   0.00126

  480.0   0.00125

  481.0   0.00120

  482.0   0.00118

  483.0   0.00111

  484.0   0.00097

  485.0   0.00095

  486.0   0.00096

  487.0   0.00097

  488.0   0.00094

  489.0   0.00092

  490.0   0.00087

  491.0   0.00088

  492.0   0.00078

  493.0   0.00075

  494.0   0.00079

  495.0   0.00084

  496.0   0.00085

  497.0   0.00089

  498.0   0.00092

  499.0   0.00093

  500.0   0.00096

  501.0   0.00096

  502.0   0.00101

  503.0   0.00100

  504.0   0.00099

  505.0   0.00106

  506.0   0.00106

  507.0   0.00107

  508.0   0.00106

  509.0   0.00108

  510.0   0.00115

  511.0   0.00120

  512.0   0.00125

  513.0   0.00122

  514.0   0.00135

  515.0   0.00140

  516.0   0.00139

  517.0   0.00137

  518.0   0.00142

  519.0   0.00142

  520.0   0.00147

  521.0   0.00154

  522.0   0.00161

  523.0   0.00166

  524.0   0.00169

  525.0   0.00178

  526.0   0.00191

  527.0   0.00198

  528.0   0.00205

  529.0   0.00215

  530.0   0.00224

  531.0   0.00230

  532.0   0.00234

  533.0   0.00239

  534.0   0.00240

  535.0   0.00250

  536.0   0.00252

  537.0   0.00257

  538.0   0.00265

  539.0   0.00270

  540.0   0.00274

  541.0   0.00281

  542.0   0.00291

  543.0   0.00296

  544.0   0.00306

  545.0   0.00315

  546.0   0.00323

  547.0   0.00332

  548.0   0.00345

  549.0   0.00351

  550.0   0.00360

  551.0   0.00362

  552.0   0.00367

  553.0   0.00365

  554.0   0.00367

  555.0   0.00367

  556.0   0.00372

  557.0   0.00553

  558.0   0.00540

  559.0   0.00532

  560.0   0.00526

  561.0   0.00519

  562.0   0.00510

  563.0   0.00502

  564.0   0.00496

  565.0   0.00493

  566.0   0.00494

  567.0   0.00486

  568.0   0.00484

  569.0   0.00479

  570.0   0.00480

  571.0   0.00472

  572.0   0.00471

  573.0   0.00466

  574.0   0.00462

  575.0   0.00459

  576.0   0.00452

  577.0   0.00453

  578.0   0.00451

  579.0   0.00454

  580.0   0.00453

  581.0   0.00450

  582.0   0.00453

  583.0   0.00451

  584.0   0.00456

  585.0   0.00462

  586.0   0.00475

  587.0   0.00486

  588.0   0.00489

  589.0   0.00490

  590.0   0.00491

  591.0   0.00497

  592.0   0.00505

  593.0   0.00512

  594.0   0.00517

  595.0   0.00522

  596.0   0.00527

  597.0   0.00534

  598.0   0.00541

  599.0   0.00537

  600.0   0.00540

  601.0   0.00542

  602.0   0.00545

  603.0   0.00545

  604.0   0.00548

  605.0   0.00546

  606.0   0.00543

  607.0   0.00544

  608.0   0.00544

  609.0   0.00539

  610.0   0.00540

  611.0   0.00545

  612.0   0.00544

  613.0   0.00546

  614.0   0.00543

  615.0   0.00542

  616.0   0.00544

  617.0   0.00544

  618.0   0.00538

  619.0   0.00542

  620.0   0.00543

  621.0   0.00543

  622.0   0.00542

  623.0   0.00541

  624.0   0.00540

  625.0   0.00539

  626.0   0.00533

  627.0   0.00533

  628.0   0.00530

  629.0   0.00530

  630.0   0.00532

  631.0   0.00532

  632.0   0.00528

  633.0   0.00526

  634.0   0.00523

  635.0   0.00525

  636.0   0.00526

  637.0   0.00527

  638.0   0.00534

  639.0   0.00537

  640.0   0.00538

  641.0   0.00540

  642.0   0.00541

  643.0   0.00536

  644.0   0.00533

  645.0   0.00533

  646.0   0.00533

  647.0   0.00537

  648.0   0.00538

  649.0   0.00538

  650.0   0.00537

  651.0   0.00534

  652.0   0.00536

  653.0   0.00535

  654.0   0.00535

  655.0   0.00532

  656.0   0.00525

  657.0   0.00524

  658.0   0.00524

  659.0   0.00523

  660.0   0.00525

  661.0   0.00523

  662.0   0.00518

  663.0   0.00514

  664.0   0.00513

  665.0   0.00507

  666.0   0.00508

  667.0   0.00502

  668.0   0.00494

  669.0   0.00488

  670.0   0.00484

  671.0   0.00482

  672.0   0.00484

  673.0   0.00480

  674.0   0.00482

  675.0   0.00482

  676.0   0.00478

  677.0   0.00472

  678.0   0.00461

  679.0   0.00460

  680.0   0.00460

  681.0   0.00462

  682.0   0.00460

  683.0   0.00454

  684.0   0.00454

  685.0   0.00452

  686.0   0.00448

  687.0   0.00447

  688.0   0.00443

  689.0   0.00437

  690.0   0.00434

  691.0   0.00426

  692.0   0.00425

  693.0   0.00423

  694.0   0.00415

  695.0   0.00417

  696.0   0.00410

  697.0   0.00404

  698.0   0.00403

  699.0   0.00393

  700.0   0.00393

  701.0   0.00392

  702.0   0.00382

  703.0   0.00378

  704.0   0.00373

  705.0   0.00369

  706.0   0.00369

  707.0   0.00367

  708.0   0.00365

  709.0   0.00362

  710.0   0.00354

  711.0   0.00348

  712.0   0.00346

  713.0   0.00334

  714.0   0.00326

  715.0   0.00322

  716.0   0.00311

  717.0   0.00309

  718.0   0.00303

  719.0   0.00297

  720.0   0.00292

  721.0   0.00288

  722.0   0.00288

  723.0   0.00282

  724.0   0.00273

  725.0   0.00266

  726.0   0.00262

  727.0   0.00262

  728.0   0.00245

  729.0   0.00245

  730.0   0.00245

  731.0   0.00242

  732.0   0.00239

  733.0   0.00240

  734.0   0.00235

  735.0   0.00234

  736.0   0.00450

  737.0   0.00424

  738.0   0.00406

  739.0   0.00385

  740.0   0.00368

  741.0   0.00348

  742.0   0.00334

  743.0   0.00322

  744.0   0.00317

  745.0   0.00308

  746.0   0.00300

  747.0   0.00294

  748.0   0.00283

  749.0   0.00272

  750.0   0.00266

  751.0   0.00258

  752.0   0.00242

  753.0   0.00228

  754.0   0.00228

  755.0   0.00220

  756.0   0.00212

  757.0   0.00207

  758.0   0.00202

  759.0   0.00202

  760.0   0.00197

  761.0   0.00191

  762.0   0.00183

  763.0   0.00175

  764.0   0.00167

  765.0   0.00162

  766.0   0.00159

  767.0   0.00162

  768.0   0.00160

  769.0   0.00157

  770.0   0.00152

  771.0   0.00152

  772.0   0.00155

  773.0   0.00152

  774.0   0.00150

  775.0   0.00153

  776.0   0.00156

  777.0   0.00154

  778.0   0.00157

  779.0   0.00154

  780.0   0.00151

  781.0   0.00149

  782.0   0.00144

  783.0   0.00147

  784.0   0.00147

  785.0   0.00144

  786.0   0.00147

  787.0   0.00139

  788.0   0.00140

  789.0   0.00137

  790.0   0.00129

  791.0   0.00129

  792.0   0.00129

  793.0   0.00124

  794.0   0.00118

  795.0   0.00116

  796.0   0.00124

  797.0   0.00119

  798.0   0.00119

  799.0   0.00113

  800.0   0.00105

 
