ser ID: DU600

Method ID: A:\DEFAULT

Date: 08/08/00

Time: 05:49

 200.0   3.14426

  201.0   3.21484

  202.0   3.25431

  203.0   3.29159

  204.0   3.32980

  205.0   3.36511

  206.0   3.39707

  207.0   3.42797

  208.0   3.15791

  209.0   3.49192

  210.0   3.52022

  211.0   3.54814

  212.0   3.57588

  213.0   3.60649

  214.0   3.63155

  215.0   3.35392

  216.0   3.07536

  217.0   3.70252

  218.0   3.72346

  219.0   3.74217

  220.0   3.75891

  221.0   3.77437

  222.0   3.78979

  223.0   3.80298

  224.0   3.81591

  225.0   3.52827

  226.0   3.84292

  227.0   3.85516

  228.0   3.86729

  229.0   3.87852

  230.0   3.89081

  231.0   3.90124

  232.0   3.91036

  233.0   3.91887

  234.0   3.92650

  235.0   3.93197

  236.0   3.93626

  237.0   3.93972

  238.0   3.94226

  239.0   3.94379

  240.0   3.94478

  241.0   3.34198

  242.0   3.34109

  243.0   3.94156

  244.0   3.93937

  245.0   3.23810

  246.0   3.45667

  247.0   3.23081

  248.0   3.44876

  249.0   3.22282

  250.0   2.80283

  251.0   2.76588

  252.0   2.62828

  253.0   2.50401

  254.0   2.32882

  255.0   2.18347

  256.0   2.04646

  257.0   1.92114

  258.0   1.79100

  259.0   1.67714

  260.0   1.57781

  261.0   1.49674

  262.0   1.41001

  263.0   1.34897

  264.0   1.28953

  265.0   1.23128

  266.0   1.18122

  267.0   1.13857

  268.0   1.10543

  269.0   1.06890

  270.0   1.03484

  271.0   1.00279

  272.0   0.97643

  273.0   0.94523

  274.0   0.91090

  275.0   0.87965

  276.0   0.84898

  277.0   0.81890

  278.0   0.78773

  279.0   0.75863

  280.0   0.72683

  281.0   0.69431

  282.0   0.66663

  283.0   0.63851

  284.0   0.61082

  285.0   0.57955

  286.0   0.54965

  287.0   0.52218

  288.0   0.49209

  289.0   0.46711

  290.0   0.44218

  291.0   0.41954

  292.0   0.39654

  293.0   0.37641

  294.0   0.35614

  295.0   0.33402

  296.0   0.31569

  297.0   0.29643

  298.0   0.27935

  299.0   0.26111

  300.0   0.24654

  301.0   0.23492

  302.0   0.22234

  303.0   0.21337

  304.0   0.20545

  305.0   0.19728

  306.0   0.18895

  307.0   0.18165

  308.0   0.17594

  309.0   0.17067

  310.0   0.16581

  311.0   0.16089

  312.0   0.15498

  313.0   0.14976

  314.0   0.14577

  315.0   0.14290

  316.0   0.13886

  317.0   0.13656

  318.0   0.13368

  319.0   0.13024

  320.0   0.12792

  321.0   0.12694

  322.0   0.12455

  323.0   0.12336

  324.0   0.12303

  325.0   0.12224

  326.0   0.12233

  327.0   0.12183

  328.0   0.12252

  329.0   0.12333

  330.0   0.12474

  331.0   0.12507

  332.0   0.12572

  333.0   0.12666

  334.0   0.12724

  335.0   0.12830

  336.0   0.13051

  337.0   0.13273

  338.0   0.13337

  339.0   0.13571

  340.0   0.13697

  341.0   0.13889

  342.0   0.13978

  343.0   0.14251

  344.0   0.14374

  345.0   0.14569

  346.0   0.14763

  347.0   0.14864

  348.0   0.14929

  349.0   0.15104

  350.0   0.15139

  351.0   0.15212

  352.0   0.15277

  353.0   0.15262

  354.0   0.15249

  355.0   0.15210

  356.0   0.15219

  357.0   0.15217

  358.0   0.15156

  359.0   0.15008

  360.0   0.14765

  361.0   0.14513

  362.0   0.14306

  363.0   0.14077

  364.0   0.13924

  365.0   0.13680

  366.0   0.13403

  367.0   0.13173

  368.0   0.12833

  369.0   0.12602

  370.0   0.12301

  371.0   0.12104

  372.0   0.11795

  373.0   0.11564

  374.0   0.11260

  375.0   0.10983

  376.0   0.10669

  377.0   0.10475

  378.0   0.10200

  379.0   0.09920

  380.0   0.09649

  381.0   0.09418

  382.0   0.09138

  383.0   0.08897

  384.0   0.08656

  385.0   0.08394

  386.0   0.08162

  387.0   0.07910

  388.0   0.07718

  389.0   0.07471

  390.0   0.07271

  391.0   0.07103

  392.0   0.06922

  393.0   0.06737

  394.0   0.06556

  395.0   0.06409

  396.0   0.06222

  397.0   0.06070

  398.0   0.05975

  399.0   0.05816

  400.0   0.05698

  401.0   0.05576

  402.0   0.05437

  403.0   0.05309

  404.0   0.05214

  405.0   0.05141

  406.0   0.05039

  407.0   0.04912

  408.0   0.04816

  409.0   0.04691

  410.0   0.04586

  411.0   0.04491

  412.0   0.04375

  413.0   0.04279

  414.0   0.04160

  415.0   0.04085

  416.0   0.03931

  417.0   0.03813

  418.0   0.03684

  419.0   0.03544

  420.0   0.03426

  421.0   0.03307

  422.0   0.03168

  423.0   0.03051

  424.0   0.02924

  425.0   0.02802

  426.0   0.02665

  427.0   0.02566

  428.0   0.02445

  429.0   0.02323

  430.0   0.02230

  431.0   0.02117

  432.0   0.02031

  433.0   0.01926

  434.0   0.01835

  435.0   0.01759

  436.0   0.01671

  437.0   0.01597

  438.0   0.01540

  439.0   0.01515

  440.0   0.01388

  441.0   0.01318

  442.0   0.01255

  443.0   0.01196

  444.0   0.01139

  445.0   0.01093

  446.0   0.01036

  447.0   0.00990

  448.0   0.00946

  449.0   0.00907

  450.0   0.00862

  451.0   0.00804

  452.0   0.00766

  453.0   0.00708

  454.0   0.00664

  455.0   0.00625

  456.0   0.00592

  457.0   0.00580

  458.0   0.00555

  459.0   0.00507

  460.0   0.00479

  461.0   0.00444

  462.0   0.00412

  463.0   0.00392

  464.0   0.00363

  465.0   0.00347

  466.0   0.00318

  467.0   0.00304

  468.0   0.00286

  469.0   0.00279

  470.0   0.00265

  471.0   0.00261

  472.0   0.00244

  473.0   0.00237

  474.0   0.00218

  475.0   0.00210

  476.0   0.00192

  477.0   0.00179

  478.0   0.00164

  479.0   0.00155

  480.0   0.00141

  481.0   0.00133

  482.0   0.00123

  483.0   0.00108

  484.0   0.00094

  485.0   0.00086

  486.0   0.00075

  487.0   0.00072

  488.0   0.00064

  489.0   0.00056

  490.0   0.00051

  491.0   0.00046

  492.0   0.00033

  493.0   0.00026

  494.0   0.00028

  495.0   0.00023

  496.0   0.00017

  497.0   0.00014

  498.0   0.00014

  499.0   0.00012

  500.0   0.00008

  501.0   0.00006

  502.0   0.00006

  503.0   0.00004

  504.0  -0.00000

  505.0   0.00002

  506.0   0.00004

  507.0   0.00002

  508.0  -0.00000

  509.0  -0.00004

  510.0  -0.00004

  511.0  -0.00002

  512.0  -0.00000

  513.0  -0.00000

  514.0  -0.00000

  515.0  -0.00002

  516.0  -0.00005

  517.0  -0.00009

  518.0  -0.00009

  519.0  -0.00009

  520.0  -0.00005

  521.0  -0.00004

  522.0   0.00002

  523.0  -0.00000

  524.0   0.00005

  525.0   0.00014

  526.0   0.00018

  527.0   0.00023

  528.0   0.00031

  529.0   0.00032

  530.0   0.00032

  531.0   0.00031

  532.0   0.00025

  533.0   0.00022

  534.0   0.00022

  535.0   0.00024

  536.0   0.00022

  537.0   0.00027

  538.0   0.00029

  539.0   0.00031

  540.0   0.00031

  541.0   0.00039

  542.0   0.00045

  543.0   0.00052

  544.0   0.00054

  545.0   0.00063

  546.0   0.00063

  547.0   0.00069

  548.0   0.00074

  549.0   0.00075

  550.0   0.00077

  551.0   0.00077

  552.0   0.00080

  553.0   0.00069

  554.0   0.00074

  555.0   0.00077

  556.0   0.00074

  557.0   0.00212

  558.0   0.00204

  559.0   0.00195

  560.0   0.00187

  561.0   0.00180

  562.0   0.00177

  563.0   0.00169

  564.0   0.00166

  565.0   0.00167

  566.0   0.00168

  567.0   0.00162

  568.0   0.00161

  569.0   0.00153

  570.0   0.00154

  571.0   0.00141

  572.0   0.00142

  573.0   0.00137

  574.0   0.00132

  575.0   0.00129

  576.0   0.00126

  577.0   0.00129

  578.0   0.00126

  579.0   0.00125

  580.0   0.00123

  581.0   0.00122

  582.0   0.00125

  583.0   0.00119

  584.0   0.00122

  585.0   0.00127

  586.0   0.00134

  587.0   0.00147

  588.0   0.00150

  589.0   0.00151

  590.0   0.00146

  591.0   0.00147

  592.0   0.00154

  593.0   0.00155

  594.0   0.00156

  595.0   0.00156

  596.0   0.00162

  597.0   0.00165

  598.0   0.00172

  599.0   0.00173

  600.0   0.00174

  601.0   0.00177

  602.0   0.00178

  603.0   0.00179

  604.0   0.00180

  605.0   0.00180

  606.0   0.00176

  607.0   0.00178

  608.0   0.00178

  609.0   0.00172

  610.0   0.00173

  611.0   0.00178

  612.0   0.00178

  613.0   0.00177

  614.0   0.00172

  615.0   0.00170

  616.0   0.00173

  617.0   0.00167

  618.0   0.00165

  619.0   0.00171

  620.0   0.00173

  621.0   0.00176

  622.0   0.00172

  623.0   0.00172

  624.0   0.00171

  625.0   0.00168

  626.0   0.00163

  627.0   0.00161

  628.0   0.00162

  629.0   0.00164

  630.0   0.00163

  631.0   0.00165

  632.0   0.00165

  633.0   0.00161

  634.0   0.00163

  635.0   0.00163

  636.0   0.00161

  637.0   0.00161

  638.0   0.00161

  639.0   0.00165

  640.0   0.00167

  641.0   0.00167

  642.0   0.00162

  643.0   0.00160

  644.0   0.00159

  645.0   0.00160

  646.0   0.00159

  647.0   0.00167

  648.0   0.00167

  649.0   0.00169

  650.0   0.00167

  651.0   0.00164

  652.0   0.00162

  653.0   0.00161

  654.0   0.00163

  655.0   0.00161

  656.0   0.00160

  657.0   0.00157

  658.0   0.00163

  659.0   0.00169

  660.0   0.00169

  661.0   0.00174

  662.0   0.00174

  663.0   0.00173

  664.0   0.00175

  665.0   0.00172

  666.0   0.00174

  667.0   0.00166

  668.0   0.00157

  669.0   0.00154

  670.0   0.00153

  671.0   0.00153

  672.0   0.00159

  673.0   0.00156

  674.0   0.00158

  675.0   0.00160

  676.0   0.00151

  677.0   0.00146

  678.0   0.00142

  679.0   0.00142

  680.0   0.00145

  681.0   0.00147

  682.0   0.00151

  683.0   0.00146

  684.0   0.00148

  685.0   0.00147

  686.0   0.00144

  687.0   0.00147

  688.0   0.00144

  689.0   0.00139

  690.0   0.00137

  691.0   0.00134

  692.0   0.00137

  693.0   0.00137

  694.0   0.00136

  695.0   0.00137

  696.0   0.00134

  697.0   0.00131

  698.0   0.00129

  699.0   0.00123

  700.0   0.00121

  701.0   0.00124

  702.0   0.00119

  703.0   0.00115

  704.0   0.00112

  705.0   0.00111

  706.0   0.00112

  707.0   0.00112

  708.0   0.00115

  709.0   0.00112

  710.0   0.00110

  711.0   0.00111

  712.0   0.00114

  713.0   0.00104

  714.0   0.00103

  715.0   0.00097

  716.0   0.00094

  717.0   0.00086

  718.0   0.00089

  719.0   0.00083

  720.0   0.00077

  721.0   0.00073

  722.0   0.00074

  723.0   0.00066

  724.0   0.00066

  725.0   0.00060

  726.0   0.00054

  727.0   0.00055

  728.0   0.00043

  729.0   0.00048

  730.0   0.00044

  731.0   0.00045

  732.0   0.00047

  733.0   0.00050

  734.0   0.00041

  735.0   0.00046

  736.0   0.00227

  737.0   0.00210

  738.0   0.00201

  739.0   0.00184

  740.0   0.00170

  741.0   0.00156

  742.0   0.00145

  743.0   0.00136

  744.0   0.00133

  745.0   0.00120

  746.0   0.00111

  747.0   0.00109

  748.0   0.00098

  749.0   0.00090

  750.0   0.00090

  751.0   0.00087

  752.0   0.00076

  753.0   0.00073

  754.0   0.00071

  755.0   0.00062

  756.0   0.00060

  757.0   0.00049

  758.0   0.00046

  759.0   0.00046

  760.0   0.00046

  761.0   0.00046

  762.0   0.00027

  763.0   0.00022

  764.0   0.00022

  765.0   0.00022

  766.0   0.00014

  767.0   0.00014

  768.0   0.00016

  769.0   0.00011

  770.0   0.00006

  771.0  -0.00000

  772.0   0.00006

  773.0   0.00006

  774.0  -0.00003

  775.0  -0.00006

  776.0  -0.00003

  777.0  -0.00006

  778.0  -0.00003

  779.0  -0.00006

  780.0  -0.00006

  781.0  -0.00008

  782.0  -0.00008

  783.0  -0.00006

  784.0  -0.00006

  785.0  -0.00011

  786.0  -0.00014

  787.0  -0.00020

  788.0  -0.00023

  789.0  -0.00023

  790.0  -0.00029

  791.0  -0.00029

  792.0  -0.00029

  793.0  -0.00034

  794.0  -0.00035

  795.0  -0.00043

  796.0  -0.00035

  797.0  -0.00038

  798.0  -0.00038

  799.0  -0.00038

  800.0  -0.00046

 
