ser ID: DU600

Method ID: A:\DEFAULT

Date: 08/08/00

Time: 04:47

 200.0   3.14426

  201.0   3.21484

  202.0   3.25431

  203.0   3.29159

  204.0   3.32980

  205.0   3.36511

  206.0   3.39707

  207.0   3.42797

  208.0   3.15791

  209.0   3.49192

  210.0   3.52022

  211.0   3.54814

  212.0   3.57588

  213.0   3.60649

  214.0   3.63155

  215.0   3.65495

  216.0   3.67742

  217.0   3.22540

  218.0   3.12140

  219.0   3.14012

  220.0   3.75891

  221.0   3.77437

  222.0   3.78979

  223.0   3.80298

  224.0   3.81591

  225.0   3.82930

  226.0   3.84292

  227.0   3.25310

  228.0   3.86729

  229.0   3.87852

  230.0   3.89081

  231.0   3.90124

  232.0   3.91036

  233.0   3.91887

  234.0   3.92650

  235.0   3.93197

  236.0   3.93626

  237.0   3.24075

  238.0   3.94226

  239.0   3.94379

  240.0   3.94478

  241.0   3.94404

  242.0   3.94315

  243.0   3.94156

  244.0   3.93937

  245.0   3.93707

  246.0   3.45667

  247.0   3.32772

  248.0   3.02279

  249.0   3.31973

  250.0   3.61574

  251.0   2.95777

  252.0   2.82785

  253.0   2.78801

  254.0   2.66657

  255.0   2.42864

  256.0   2.28324

  257.0   2.11676

  258.0   1.97616

  259.0   1.86315

  260.0   1.76421

  261.0   1.66715

  262.0   1.56900

  263.0   1.50728

  264.0   1.43987

  265.0   1.37523

  266.0   1.31484

  267.0   1.27087

  268.0   1.22837

  269.0   1.18935

  270.0   1.15805

  271.0   1.12843

  272.0   1.09544

  273.0   1.06481

  274.0   1.03066

  275.0   1.00029

  276.0   0.96393

  277.0   0.92777

  278.0   0.89274

  279.0   0.86187

  280.0   0.82740

  281.0   0.78962

  282.0   0.75722

  283.0   0.72556

  284.0   0.69344

  285.0   0.65637

  286.0   0.62195

  287.0   0.58828

  288.0   0.55393

  289.0   0.52317

  290.0   0.49616

  291.0   0.46996

  292.0   0.44271

  293.0   0.41942

  294.0   0.39600

  295.0   0.36913

  296.0   0.34708

  297.0   0.32477

  298.0   0.30328

  299.0   0.28190

  300.0   0.26429

  301.0   0.25056

  302.0   0.23520

  303.0   0.22365

  304.0   0.21305

  305.0   0.20312

  306.0   0.19236

  307.0   0.18316

  308.0   0.17512

  309.0   0.16812

  310.0   0.16245

  311.0   0.15625

  312.0   0.14929

  313.0   0.14345

  314.0   0.13897

  315.0   0.13511

  316.0   0.13149

  317.0   0.12864

  318.0   0.12425

  319.0   0.12109

  320.0   0.11843

  321.0   0.11801

  322.0   0.11576

  323.0   0.11583

  324.0   0.11574

  325.0   0.11645

  326.0   0.11677

  327.0   0.11691

  328.0   0.11862

  329.0   0.12086

  330.0   0.12317

  331.0   0.12468

  332.0   0.12782

  333.0   0.13047

  334.0   0.13392

  335.0   0.13747

  336.0   0.14073

  337.0   0.14441

  338.0   0.14780

  339.0   0.15109

  340.0   0.15537

  341.0   0.15983

  342.0   0.16356

  343.0   0.16861

  344.0   0.17306

  345.0   0.17710

  346.0   0.18060

  347.0   0.18466

  348.0   0.18754

  349.0   0.19073

  350.0   0.19322

  351.0   0.19544

  352.0   0.19787

  353.0   0.19985

  354.0   0.20110

  355.0   0.20158

  356.0   0.20201

  357.0   0.20302

  358.0   0.20367

  359.0   0.20216

  360.0   0.20066

  361.0   0.19802

  362.0   0.19535

  363.0   0.19246

  364.0   0.19082

  365.0   0.18828

  366.0   0.18485

  367.0   0.18149

  368.0   0.17809

  369.0   0.17488

  370.0   0.17122

  371.0   0.16817

  372.0   0.16354

  373.0   0.15993

  374.0   0.15630

  375.0   0.15316

  376.0   0.14917

  377.0   0.14595

  378.0   0.14197

  379.0   0.13825

  380.0   0.13512

  381.0   0.13142

  382.0   0.12771

  383.0   0.12395

  384.0   0.12064

  385.0   0.11727

  386.0   0.11386

  387.0   0.11066

  388.0   0.10754

  389.0   0.10399

  390.0   0.10124

  391.0   0.09837

  392.0   0.09579

  393.0   0.09313

  394.0   0.09029

  395.0   0.08780

  396.0   0.08513

  397.0   0.08300

  398.0   0.08132

  399.0   0.07920

  400.0   0.07730

  401.0   0.07541

  402.0   0.07342

  403.0   0.07202

  404.0   0.07045

  405.0   0.06899

  406.0   0.06755

  407.0   0.06583

  408.0   0.06431

  409.0   0.06264

  410.0   0.06132

  411.0   0.06019

  412.0   0.05876

  413.0   0.05748

  414.0   0.05594

  415.0   0.05506

  416.0   0.05262

  417.0   0.05100

  418.0   0.04953

  419.0   0.04757

  420.0   0.04623

  421.0   0.04462

  422.0   0.04298

  423.0   0.04142

  424.0   0.03968

  425.0   0.03811

  426.0   0.03630

  427.0   0.03506

  428.0   0.03362

  429.0   0.03194

  430.0   0.03060

  431.0   0.02918

  432.0   0.02794

  433.0   0.02662

  434.0   0.02558

  435.0   0.02412

  436.0   0.02296

  437.0   0.02197

  438.0   0.02093

  439.0   0.02051

  440.0   0.01882

  441.0   0.01793

  442.0   0.01689

  443.0   0.01609

  444.0   0.01545

  445.0   0.01478

  446.0   0.01406

  447.0   0.01326

  448.0   0.01260

  449.0   0.01185

  450.0   0.01114

  451.0   0.01049

  452.0   0.01000

  453.0   0.00926

  454.0   0.00859

  455.0   0.00806

  456.0   0.00759

  457.0   0.00725

  458.0   0.00704

  459.0   0.00642

  460.0   0.00593

  461.0   0.00545

  462.0   0.00504

  463.0   0.00467

  464.0   0.00433

  465.0   0.00404

  466.0   0.00378

  467.0   0.00352

  468.0   0.00329

  469.0   0.00304

  470.0   0.00278

  471.0   0.00258

  472.0   0.00234

  473.0   0.00225

  474.0   0.00203

  475.0   0.00183

  476.0   0.00161

  477.0   0.00146

  478.0   0.00120

  479.0   0.00104

  480.0   0.00091

  481.0   0.00072

  482.0   0.00060

  483.0   0.00037

  484.0   0.00022

  485.0   0.00002

  486.0  -0.00007

  487.0  -0.00016

  488.0  -0.00025

  489.0  -0.00038

  490.0  -0.00049

  491.0  -0.00057

  492.0  -0.00072

  493.0  -0.00082

  494.0  -0.00089

  495.0  -0.00090

  496.0  -0.00096

  497.0  -0.00099

  498.0  -0.00102

  499.0  -0.00109

  500.0  -0.00114

  501.0  -0.00119

  502.0  -0.00120

  503.0  -0.00125

  504.0  -0.00126

  505.0  -0.00129

  506.0  -0.00125

  507.0  -0.00130

  508.0  -0.00136

  509.0  -0.00141

  510.0  -0.00148

  511.0  -0.00153

  512.0  -0.00156

  513.0  -0.00161

  514.0  -0.00164

  515.0  -0.00169

  516.0  -0.00170

  517.0  -0.00175

  518.0  -0.00176

  519.0  -0.00177

  520.0  -0.00179

  521.0  -0.00184

  522.0  -0.00180

  523.0  -0.00185

  524.0  -0.00185

  525.0  -0.00183

  526.0  -0.00185

  527.0  -0.00181

  528.0  -0.00181

  529.0  -0.00181

  530.0  -0.00187

  531.0  -0.00184

  532.0  -0.00184

  533.0  -0.00184

  534.0  -0.00183

  535.0  -0.00185

  536.0  -0.00187

  537.0  -0.00192

  538.0  -0.00192

  539.0  -0.00195

  540.0  -0.00201

  541.0  -0.00198

  542.0  -0.00196

  543.0  -0.00191

  544.0  -0.00193

  545.0  -0.00189

  546.0  -0.00187

  547.0  -0.00189

  548.0  -0.00191

  549.0  -0.00195

  550.0  -0.00194

  551.0  -0.00195

  552.0  -0.00193

  553.0  -0.00210

  554.0  -0.00207

  555.0  -0.00213

  556.0  -0.00210

  557.0  -0.00175

  558.0  -0.00181

  559.0  -0.00185

  560.0  -0.00189

  561.0  -0.00193

  562.0  -0.00196

  563.0  -0.00204

  564.0  -0.00200

  565.0  -0.00201

  566.0  -0.00199

  567.0  -0.00202

  568.0  -0.00199

  569.0  -0.00206

  570.0  -0.00202

  571.0  -0.00211

  572.0  -0.00210

  573.0  -0.00212

  574.0  -0.00215

  575.0  -0.00214

  576.0  -0.00218

  577.0  -0.00215

  578.0  -0.00222

  579.0  -0.00220

  580.0  -0.00223

  581.0  -0.00227

  582.0  -0.00228

  583.0  -0.00232

  584.0  -0.00233

  585.0  -0.00234

  586.0  -0.00229

  587.0  -0.00224

  588.0  -0.00221

  589.0  -0.00223

  590.0  -0.00226

  591.0  -0.00225

  592.0  -0.00220

  593.0  -0.00223

  594.0  -0.00224

  595.0  -0.00222

  596.0  -0.00223

  597.0  -0.00226

  598.0  -0.00225

  599.0  -0.00224

  600.0  -0.00228

  601.0  -0.00228

  602.0  -0.00229

  603.0  -0.00228

  604.0  -0.00229

  605.0  -0.00226

  606.0  -0.00229

  607.0  -0.00233

  608.0  -0.00232

  609.0  -0.00240

  610.0  -0.00242

  611.0  -0.00243

  612.0  -0.00240

  613.0  -0.00241

  614.0  -0.00243

  615.0  -0.00240

  616.0  -0.00238

  617.0  -0.00243

  618.0  -0.00245

  619.0  -0.00242

  620.0  -0.00243

  621.0  -0.00241

  622.0  -0.00242

  623.0  -0.00245

  624.0  -0.00246

  625.0  -0.00249

  626.0  -0.00252

  627.0  -0.00253

  628.0  -0.00250

  629.0  -0.00248

  630.0  -0.00247

  631.0  -0.00247

  632.0  -0.00252

  633.0  -0.00255

  634.0  -0.00256

  635.0  -0.00253

  636.0  -0.00254

  637.0  -0.00251

  638.0  -0.00250

  639.0  -0.00247

  640.0  -0.00247

  641.0  -0.00247

  642.0  -0.00247

  643.0  -0.00245

  644.0  -0.00242

  645.0  -0.00242

  646.0  -0.00239

  647.0  -0.00234

  648.0  -0.00232

  649.0  -0.00237

  650.0  -0.00239

  651.0  -0.00244

  652.0  -0.00247

  653.0  -0.00253

  654.0  -0.00251

  655.0  -0.00250

  656.0  -0.00252

  657.0  -0.00257

  658.0  -0.00247

  659.0  -0.00243

  660.0  -0.00243

  661.0  -0.00240

  662.0  -0.00242

  663.0  -0.00242

  664.0  -0.00244

  665.0  -0.00245

  666.0  -0.00247

  667.0  -0.00251

  668.0  -0.00251

  669.0  -0.00251

  670.0  -0.00250

  671.0  -0.00247

  672.0  -0.00244

  673.0  -0.00247

  674.0  -0.00244

  675.0  -0.00239

  676.0  -0.00241

  677.0  -0.00243

  678.0  -0.00241

  679.0  -0.00240

  680.0  -0.00239

  681.0  -0.00237

  682.0  -0.00232

  683.0  -0.00233

  684.0  -0.00236

  685.0  -0.00235

  686.0  -0.00232

  687.0  -0.00231

  688.0  -0.00234

  689.0  -0.00235

  690.0  -0.00236

  691.0  -0.00241

  692.0  -0.00238

  693.0  -0.00237

  694.0  -0.00240

  695.0  -0.00241

  696.0  -0.00244

  697.0  -0.00242

  698.0  -0.00243

  699.0  -0.00246

  700.0  -0.00241

  701.0  -0.00241

  702.0  -0.00244

  703.0  -0.00243

  704.0  -0.00247

  705.0  -0.00246

  706.0  -0.00242

  707.0  -0.00237

  708.0  -0.00239

  709.0  -0.00242

  710.0  -0.00243

  711.0  -0.00241

  712.0  -0.00239

  713.0  -0.00242

  714.0  -0.00242

  715.0  -0.00241

  716.0  -0.00241

  717.0  -0.00243

  718.0  -0.00240

  719.0  -0.00246

  720.0  -0.00242

  721.0  -0.00246

  722.0  -0.00247

  723.0  -0.00252

  724.0  -0.00254

  725.0  -0.00254

  726.0  -0.00254

  727.0  -0.00247

  728.0  -0.00255

  729.0  -0.00251

  730.0  -0.00253

  731.0  -0.00250

  732.0  -0.00252

  733.0  -0.00249

  734.0  -0.00248

  735.0  -0.00247

  736.0  -0.00171

  737.0  -0.00181

  738.0  -0.00181

  739.0  -0.00191

  740.0  -0.00196

  741.0  -0.00207

  742.0  -0.00207

  743.0  -0.00209

  744.0  -0.00203

  745.0  -0.00211

  746.0  -0.00214

  747.0  -0.00211

  748.0  -0.00216

  749.0  -0.00222

  750.0  -0.00222

  751.0  -0.00224

  752.0  -0.00232

  753.0  -0.00235

  754.0  -0.00224

  755.0  -0.00235

  756.0  -0.00238

  757.0  -0.00241

  758.0  -0.00236

  759.0  -0.00236

  760.0  -0.00236

  761.0  -0.00237

  762.0  -0.00245

  763.0  -0.00253

  764.0  -0.00248

  765.0  -0.00254

  766.0  -0.00257

  767.0  -0.00257

  768.0  -0.00255

  769.0  -0.00263

  770.0  -0.00267

  771.0  -0.00264

  772.0  -0.00265

  773.0  -0.00262

  774.0  -0.00265

  775.0  -0.00266

  776.0  -0.00263

  777.0  -0.00261

  778.0  -0.00262

  779.0  -0.00262

  780.0  -0.00268

  781.0  -0.00274

  782.0  -0.00280

  783.0  -0.00272

  784.0  -0.00276

  785.0  -0.00279

  786.0  -0.00279

  787.0  -0.00286

  788.0  -0.00278

  789.0  -0.00281

  790.0  -0.00290

  791.0  -0.00285

  792.0  -0.00289

  793.0  -0.00292

  794.0  -0.00293

  795.0  -0.00293

  796.0  -0.00288

  797.0  -0.00289

  798.0  -0.00292

  799.0  -0.00295

  800.0  -0.00304

 
