ser ID: DU600

Method ID: A:\DEFAULT

Date: 08/08/00

Time: 04:55

 200.0   3.14426

  201.0   2.91381

  202.0   2.95328

  203.0   2.68953

  204.0   2.85268

  205.0   2.88799

  206.0   3.09604

  207.0   3.42797

  208.0   3.45894

  209.0   3.49192

  210.0   3.52022

  211.0   3.54814

  212.0   3.57588

  213.0   3.60649

  214.0   3.63155

  215.0   3.17782

  216.0   3.67742

  217.0   3.70252

  218.0   3.72346

  219.0   3.74217

  220.0   3.75891

  221.0   3.77437

  222.0   3.78979

  223.0   3.80298

  224.0   3.21385

  225.0   3.22724

  226.0   3.24086

  227.0   3.85516

  228.0   3.86729

  229.0   3.87852

  230.0   3.89081

  231.0   3.90124

  232.0   3.91036

  233.0   3.91887

  234.0   3.22753

  235.0   3.32991

  236.0   3.93626

  237.0   3.93972

  238.0   3.94226

  239.0   3.94379

  240.0   3.94478

  241.0   3.94404

  242.0   3.34109

  243.0   3.94156

  244.0   3.46225

  245.0   3.09197

  246.0   3.45667

  247.0   3.92978

  248.0   3.92588

  249.0   3.62076

  250.0   3.61574

  251.0   3.21304

  252.0   2.79309

  253.0   2.62319

  254.0   2.43462

  255.0   2.33473

  256.0   2.22255

  257.0   2.09485

  258.0   1.97616

  259.0   1.83404

  260.0   1.75391

  261.0   1.63983

  262.0   1.53600

  263.0   1.48001

  264.0   1.40471

  265.0   1.35151

  266.0   1.28866

  267.0   1.25269

  268.0   1.21715

  269.0   1.18205

  270.0   1.14730

  271.0   1.10835

  272.0   1.07334

  273.0   1.04323

  274.0   1.00766

  275.0   0.97804

  276.0   0.94905

  277.0   0.91581

  278.0   0.87950

  279.0   0.84950

  280.0   0.81407

  281.0   0.77909

  282.0   0.74621

  283.0   0.71307

  284.0   0.68113

  285.0   0.64248

  286.0   0.61115

  287.0   0.57993

  288.0   0.54570

  289.0   0.51718

  290.0   0.48853

  291.0   0.46278

  292.0   0.43598

  293.0   0.41303

  294.0   0.38960

  295.0   0.36377

  296.0   0.34150

  297.0   0.32127

  298.0   0.30139

  299.0   0.28065

  300.0   0.26335

  301.0   0.24874

  302.0   0.23419

  303.0   0.22192

  304.0   0.21002

  305.0   0.20096

  306.0   0.19177

  307.0   0.18621

  308.0   0.18144

  309.0   0.16916

  310.0   0.16222

  311.0   0.15625

  312.0   0.14998

  313.0   0.14496

  314.0   0.14002

  315.0   0.13570

  316.0   0.13220

  317.0   0.12888

  318.0   0.12665

  319.0   0.12339

  320.0   0.12137

  321.0   0.12097

  322.0   0.11728

  323.0   0.11773

  324.0   0.11790

  325.0   0.11735

  326.0   0.11857

  327.0   0.11911

  328.0   0.12043

  329.0   0.12268

  330.0   0.12448

  331.0   0.12520

  332.0   0.12795

  333.0   0.13007

  334.0   0.13326

  335.0   0.13602

  336.0   0.13994

  337.0   0.14322

  338.0   0.14647

  339.0   0.15028

  340.0   0.15416

  341.0   0.15861

  342.0   0.16004

  343.0   0.16467

  344.0   0.16923

  345.0   0.17243

  346.0   0.17673

  347.0   0.17967

  348.0   0.18279

  349.0   0.18638

  350.0   0.18801

  351.0   0.19049

  352.0   0.19119

  353.0   0.19227

  354.0   0.19434

  355.0   0.19465

  356.0   0.19505

  357.0   0.19491

  358.0   0.19469

  359.0   0.19381

  360.0   0.19278

  361.0   0.19033

  362.0   0.18773

  363.0   0.18581

  364.0   0.18448

  365.0   0.18117

  366.0   0.17770

  367.0   0.17422

  368.0   0.17057

  369.0   0.16759

  370.0   0.16355

  371.0   0.16146

  372.0   0.15737

  373.0   0.15354

  374.0   0.15041

  375.0   0.14696

  376.0   0.14340

  377.0   0.13977

  378.0   0.13602

  379.0   0.13258

  380.0   0.12928

  381.0   0.12554

  382.0   0.12229

  383.0   0.11891

  384.0   0.11568

  385.0   0.11284

  386.0   0.10960

  387.0   0.10608

  388.0   0.10314

  389.0   0.09966

  390.0   0.09689

  391.0   0.09439

  392.0   0.09158

  393.0   0.08934

  394.0   0.08672

  395.0   0.08449

  396.0   0.08211

  397.0   0.08017

  398.0   0.07845

  399.0   0.07648

  400.0   0.07433

  401.0   0.07281

  402.0   0.07096

  403.0   0.06926

  404.0   0.06784

  405.0   0.06671

  406.0   0.06526

  407.0   0.06364

  408.0   0.06223

  409.0   0.06082

  410.0   0.05937

  411.0   0.05810

  412.0   0.05660

  413.0   0.05527

  414.0   0.05383

  415.0   0.05303

  416.0   0.05062

  417.0   0.04907

  418.0   0.04765

  419.0   0.04593

  420.0   0.04455

  421.0   0.04307

  422.0   0.04148

  423.0   0.03972

  424.0   0.03810

  425.0   0.03650

  426.0   0.03481

  427.0   0.03361

  428.0   0.03220

  429.0   0.03057

  430.0   0.02946

  431.0   0.02794

  432.0   0.02686

  433.0   0.02545

  434.0   0.02432

  435.0   0.02318

  436.0   0.02205

  437.0   0.02097

  438.0   0.02006

  439.0   0.01960

  440.0   0.01782

  441.0   0.01721

  442.0   0.01624

  443.0   0.01545

  444.0   0.01482

  445.0   0.01411

  446.0   0.01336

  447.0   0.01261

  448.0   0.01191

  449.0   0.01131

  450.0   0.01070

  451.0   0.01009

  452.0   0.00957

  453.0   0.00892

  454.0   0.00829

  455.0   0.00781

  456.0   0.00730

  457.0   0.00708

  458.0   0.00671

  459.0   0.00618

  460.0   0.00573

  461.0   0.00529

  462.0   0.00492

  463.0   0.00451

  464.0   0.00418

  465.0   0.00389

  466.0   0.00351

  467.0   0.00341

  468.0   0.00311

  469.0   0.00297

  470.0   0.00275

  471.0   0.00264

  472.0   0.00241

  473.0   0.00231

  474.0   0.00209

  475.0   0.00201

  476.0   0.00175

  477.0   0.00151

  478.0   0.00128

  479.0   0.00109

  480.0   0.00094

  481.0   0.00082

  482.0   0.00065

  483.0   0.00047

  484.0   0.00027

  485.0   0.00017

  486.0  -0.00000

  487.0  -0.00007

  488.0  -0.00011

  489.0  -0.00020

  490.0  -0.00027

  491.0  -0.00040

  492.0  -0.00054

  493.0  -0.00060

  494.0  -0.00064

  495.0  -0.00069

  496.0  -0.00075

  497.0  -0.00082

  498.0  -0.00086

  499.0  -0.00089

  500.0  -0.00094

  501.0  -0.00096

  502.0  -0.00099

  503.0  -0.00104

  504.0  -0.00107

  505.0  -0.00108

  506.0  -0.00113

  507.0  -0.00116

  508.0  -0.00121

  509.0  -0.00128

  510.0  -0.00127

  511.0  -0.00129

  512.0  -0.00134

  513.0  -0.00139

  514.0  -0.00140

  515.0  -0.00139

  516.0  -0.00142

  517.0  -0.00149

  518.0  -0.00149

  519.0  -0.00150

  520.0  -0.00148

  521.0  -0.00150

  522.0  -0.00146

  523.0  -0.00151

  524.0  -0.00156

  525.0  -0.00153

  526.0  -0.00151

  527.0  -0.00151

  528.0  -0.00149

  529.0  -0.00145

  530.0  -0.00147

  531.0  -0.00146

  532.0  -0.00150

  533.0  -0.00150

  534.0  -0.00156

  535.0  -0.00154

  536.0  -0.00157

  537.0  -0.00159

  538.0  -0.00165

  539.0  -0.00165

  540.0  -0.00168

  541.0  -0.00165

  542.0  -0.00163

  543.0  -0.00158

  544.0  -0.00158

  545.0  -0.00154

  546.0  -0.00154

  547.0  -0.00150

  548.0  -0.00147

  549.0  -0.00147

  550.0  -0.00149

  551.0  -0.00156

  552.0  -0.00153

  553.0  -0.00164

  554.0  -0.00167

  555.0  -0.00167

  556.0  -0.00163

  557.0  -0.00107

  558.0  -0.00113

  559.0  -0.00115

  560.0  -0.00119

  561.0  -0.00119

  562.0  -0.00123

  563.0  -0.00128

  564.0  -0.00132

  565.0  -0.00127

  566.0  -0.00128

  567.0  -0.00131

  568.0  -0.00130

  569.0  -0.00138

  570.0  -0.00135

  571.0  -0.00144

  572.0  -0.00148

  573.0  -0.00147

  574.0  -0.00148

  575.0  -0.00153

  576.0  -0.00156

  577.0  -0.00155

  578.0  -0.00158

  579.0  -0.00153

  580.0  -0.00160

  581.0  -0.00163

  582.0  -0.00162

  583.0  -0.00165

  584.0  -0.00168

  585.0  -0.00167

  586.0  -0.00160

  587.0  -0.00152

  588.0  -0.00153

  589.0  -0.00156

  590.0  -0.00159

  591.0  -0.00158

  592.0  -0.00154

  593.0  -0.00157

  594.0  -0.00160

  595.0  -0.00157

  596.0  -0.00153

  597.0  -0.00150

  598.0  -0.00150

  599.0  -0.00147

  600.0  -0.00150

  601.0  -0.00153

  602.0  -0.00151

  603.0  -0.00152

  604.0  -0.00151

  605.0  -0.00153

  606.0  -0.00156

  607.0  -0.00157

  608.0  -0.00156

  609.0  -0.00163

  610.0  -0.00167

  611.0  -0.00164

  612.0  -0.00162

  613.0  -0.00159

  614.0  -0.00164

  615.0  -0.00162

  616.0  -0.00160

  617.0  -0.00161

  618.0  -0.00166

  619.0  -0.00162

  620.0  -0.00164

  621.0  -0.00163

  622.0  -0.00165

  623.0  -0.00164

  624.0  -0.00164

  625.0  -0.00171

  626.0  -0.00172

  627.0  -0.00170

  628.0  -0.00173

  629.0  -0.00173

  630.0  -0.00173

  631.0  -0.00173

  632.0  -0.00177

  633.0  -0.00175

  634.0  -0.00175

  635.0  -0.00173

  636.0  -0.00172

  637.0  -0.00170

  638.0  -0.00168

  639.0  -0.00165

  640.0  -0.00165

  641.0  -0.00163

  642.0  -0.00170

  643.0  -0.00171

  644.0  -0.00173

  645.0  -0.00170

  646.0  -0.00173

  647.0  -0.00170

  648.0  -0.00168

  649.0  -0.00170

  650.0  -0.00170

  651.0  -0.00172

  652.0  -0.00173

  653.0  -0.00173

  654.0  -0.00172

  655.0  -0.00169

  656.0  -0.00171

  657.0  -0.00174

  658.0  -0.00168

  659.0  -0.00161

  660.0  -0.00162

  661.0  -0.00157

  662.0  -0.00160

  663.0  -0.00164

  664.0  -0.00162

  665.0  -0.00164

  666.0  -0.00161

  667.0  -0.00163

  668.0  -0.00170

  669.0  -0.00167

  670.0  -0.00171

  671.0  -0.00170

  672.0  -0.00163

  673.0  -0.00162

  674.0  -0.00162

  675.0  -0.00159

  676.0  -0.00158

  677.0  -0.00161

  678.0  -0.00162

  679.0  -0.00161

  680.0  -0.00160

  681.0  -0.00155

  682.0  -0.00156

  683.0  -0.00162

  684.0  -0.00159

  685.0  -0.00161

  686.0  -0.00158

  687.0  -0.00159

  688.0  -0.00157

  689.0  -0.00162

  690.0  -0.00162

  691.0  -0.00163

  692.0  -0.00160

  693.0  -0.00155

  694.0  -0.00154

  695.0  -0.00157

  696.0  -0.00157

  697.0  -0.00160

  698.0  -0.00161

  699.0  -0.00165

  700.0  -0.00164

  701.0  -0.00161

  702.0  -0.00166

  703.0  -0.00165

  704.0  -0.00166

  705.0  -0.00165

  706.0  -0.00160

  707.0  -0.00159

  708.0  -0.00156

  709.0  -0.00159

  710.0  -0.00160

  711.0  -0.00163

  712.0  -0.00158

  713.0  -0.00161

  714.0  -0.00162

  715.0  -0.00161

  716.0  -0.00160

  717.0  -0.00163

  718.0  -0.00162

  719.0  -0.00168

  720.0  -0.00169

  721.0  -0.00170

  722.0  -0.00172

  723.0  -0.00177

  724.0  -0.00177

  725.0  -0.00178

  726.0  -0.00184

  727.0  -0.00179

  728.0  -0.00185

  729.0  -0.00177

  730.0  -0.00181

  731.0  -0.00185

  732.0  -0.00186

  733.0  -0.00185

  734.0  -0.00191

  735.0  -0.00192

  736.0  -0.00075

  737.0  -0.00088

  738.0  -0.00093

  739.0  -0.00101

  740.0  -0.00112

  741.0  -0.00120

  742.0  -0.00120

  743.0  -0.00136

  744.0  -0.00133

  745.0  -0.00138

  746.0  -0.00144

  747.0  -0.00141

  748.0  -0.00146

  749.0  -0.00154

  750.0  -0.00154

  751.0  -0.00157

  752.0  -0.00165

  753.0  -0.00165

  754.0  -0.00168

  755.0  -0.00171

  756.0  -0.00171

  757.0  -0.00174

  758.0  -0.00179

  759.0  -0.00174

  760.0  -0.00169

  761.0  -0.00169

  762.0  -0.00177

  763.0  -0.00177

  764.0  -0.00183

  765.0  -0.00188

  766.0  -0.00194

  767.0  -0.00192

  768.0  -0.00195

  769.0  -0.00198

  770.0  -0.00195

  771.0  -0.00193

  772.0  -0.00190

  773.0  -0.00191

  774.0  -0.00196

  775.0  -0.00202

  776.0  -0.00194

  777.0  -0.00200

  778.0  -0.00198

  779.0  -0.00201

  780.0  -0.00207

  781.0  -0.00213

  782.0  -0.00213

  783.0  -0.00211

  784.0  -0.00211

  785.0  -0.00211

  786.0  -0.00206

  787.0  -0.00212

  788.0  -0.00210

  789.0  -0.00213

  790.0  -0.00219

  791.0  -0.00217

  792.0  -0.00217

  793.0  -0.00224

  794.0  -0.00230

  795.0  -0.00233

  796.0  -0.00231

  797.0  -0.00231

  798.0  -0.00237

  799.0  -0.00237

  800.0  -0.00246

 
