ser ID: DU600

Method ID: A:\DEFAULT

Date: 08/08/00

Time: 05:07

 200.0   3.14426

  201.0   2.13566

  202.0   1.95328

  203.0   2.44649

  204.0   3.32980

  205.0   3.36511

  206.0   3.39707

  207.0   3.42797

  208.0   3.45894

  209.0   3.49192

  210.0   3.21919

  211.0   3.54814

  212.0   3.57588

  213.0   3.60649

  214.0   3.63155

  215.0   3.65495

  216.0   3.67742

  217.0   3.40149

  218.0   2.82037

  219.0   2.83908

  220.0   3.75891

  221.0   3.77437

  222.0   3.78979

  223.0   3.80298

  224.0   3.81591

  225.0   3.82930

  226.0   3.84292

  227.0   3.85516

  228.0   3.86729

  229.0   3.27646

  230.0   3.89081

  231.0   3.90124

  232.0   3.91036

  233.0   3.91887

  234.0   3.22753

  235.0   3.93197

  236.0   3.93626

  237.0   3.93972

  238.0   3.94226

  239.0   3.94379

  240.0   3.94478

  241.0   3.94404

  242.0   3.94315

  243.0   3.94156

  244.0   3.33731

  245.0   2.79094

  246.0   3.23482

  247.0   3.92978

  248.0   3.22691

  249.0   3.92179

  250.0   3.61574

  251.0   3.21304

  252.0   3.00395

  253.0   2.75582

  254.0   2.49908

  255.0   2.39967

  256.0   2.20406

  257.0   2.07400

  258.0   1.94951

  259.0   1.86747

  260.0   1.81190

  261.0   1.59222

  262.0   1.48982

  263.0   1.42178

  264.0   1.36772

  265.0   1.31686

  266.0   1.27492

  267.0   1.22511

  268.0   1.18512

  269.0   1.15112

  270.0   1.11031

  271.0   1.08239

  272.0   1.05310

  273.0   1.02342

  274.0   0.98996

  275.0   0.95624

  276.0   0.92554

  277.0   0.89339

  278.0   0.85828

  279.0   0.82771

  280.0   0.79346

  281.0   0.75877

  282.0   0.72577

  283.0   0.69409

  284.0   0.66445

  285.0   0.62779

  286.0   0.59658

  287.0   0.56476

  288.0   0.53191

  289.0   0.50405

  290.0   0.47777

  291.0   0.45284

  292.0   0.42703

  293.0   0.40418

  294.0   0.38173

  295.0   0.35716

  296.0   0.33506

  297.0   0.31571

  298.0   0.29506

  299.0   0.27541

  300.0   0.25909

  301.0   0.24537

  302.0   0.23104

  303.0   0.22081

  304.0   0.21062

  305.0   0.20192

  306.0   0.19236

  307.0   0.18480

  308.0   0.17722

  309.0   0.17067

  310.0   0.16430

  311.0   0.15822

  312.0   0.15265

  313.0   0.14706

  314.0   0.14177

  315.0   0.13875

  316.0   0.13528

  317.0   0.13186

  318.0   0.12942

  319.0   0.12570

  320.0   0.12383

  321.0   0.12382

  322.0   0.12033

  323.0   0.12002

  324.0   0.12033

  325.0   0.11902

  326.0   0.11883

  327.0   0.12002

  328.0   0.12095

  329.0   0.12281

  330.0   0.12487

  331.0   0.12625

  332.0   0.12821

  333.0   0.13047

  334.0   0.13260

  335.0   0.13496

  336.0   0.13888

  337.0   0.14123

  338.0   0.14435

  339.0   0.14670

  340.0   0.15030

  341.0   0.15313

  342.0   0.15549

  343.0   0.15969

  344.0   0.16329

  345.0   0.16647

  346.0   0.17032

  347.0   0.17227

  348.0   0.17414

  349.0   0.17727

  350.0   0.17887

  351.0   0.18074

  352.0   0.18226

  353.0   0.18260

  354.0   0.18433

  355.0   0.18403

  356.0   0.18411

  357.0   0.18506

  358.0   0.18417

  359.0   0.18298

  360.0   0.18149

  361.0   0.17918

  362.0   0.17648

  363.0   0.17445

  364.0   0.17343

  365.0   0.17024

  366.0   0.16720

  367.0   0.16393

  368.0   0.16068

  369.0   0.15776

  370.0   0.15418

  371.0   0.15109

  372.0   0.14765

  373.0   0.14411

  374.0   0.14062

  375.0   0.13752

  376.0   0.13379

  377.0   0.13139

  378.0   0.12773

  379.0   0.12479

  380.0   0.12162

  381.0   0.11831

  382.0   0.11537

  383.0   0.11191

  384.0   0.10900

  385.0   0.10570

  386.0   0.10273

  387.0   0.09985

  388.0   0.09690

  389.0   0.09372

  390.0   0.09112

  391.0   0.08859

  392.0   0.08632

  393.0   0.08400

  394.0   0.08158

  395.0   0.07955

  396.0   0.07754

  397.0   0.07560

  398.0   0.07410

  399.0   0.07214

  400.0   0.07042

  401.0   0.06892

  402.0   0.06723

  403.0   0.06562

  404.0   0.06437

  405.0   0.06303

  406.0   0.06174

  407.0   0.06014

  408.0   0.05873

  409.0   0.05737

  410.0   0.05611

  411.0   0.05507

  412.0   0.05373

  413.0   0.05251

  414.0   0.05095

  415.0   0.05019

  416.0   0.04814

  417.0   0.04638

  418.0   0.04513

  419.0   0.04340

  420.0   0.04209

  421.0   0.04059

  422.0   0.03907

  423.0   0.03762

  424.0   0.03599

  425.0   0.03459

  426.0   0.03289

  427.0   0.03166

  428.0   0.03023

  429.0   0.02872

  430.0   0.02759

  431.0   0.02632

  432.0   0.02515

  433.0   0.02378

  434.0   0.02276

  435.0   0.02172

  436.0   0.02062

  437.0   0.01980

  438.0   0.01892

  439.0   0.01854

  440.0   0.01699

  441.0   0.01614

  442.0   0.01534

  443.0   0.01451

  444.0   0.01385

  445.0   0.01311

  446.0   0.01247

  447.0   0.01169

  448.0   0.01109

  449.0   0.01073

  450.0   0.01043

  451.0   0.01014

  452.0   0.00917

  453.0   0.00849

  454.0   0.00800

  455.0   0.00747

  456.0   0.00692

  457.0   0.00663

  458.0   0.00646

  459.0   0.00585

  460.0   0.00548

  461.0   0.00504

  462.0   0.00472

  463.0   0.00435

  464.0   0.00406

  465.0   0.00389

  466.0   0.00363

  467.0   0.00345

  468.0   0.00322

  469.0   0.00307

  470.0   0.00295

  471.0   0.00288

  472.0   0.00266

  473.0   0.00247

  474.0   0.00233

  475.0   0.00210

  476.0   0.00184

  477.0   0.00174

  478.0   0.00158

  479.0   0.00134

  480.0   0.00115

  481.0   0.00097

  482.0   0.00085

  483.0   0.00074

  484.0   0.00058

  485.0   0.00052

  486.0   0.00047

  487.0   0.00042

  488.0   0.00027

  489.0   0.00034

  490.0   0.00009

  491.0   0.00011

  492.0  -0.00004

  493.0  -0.00017

  494.0  -0.00028

  495.0  -0.00036

  496.0  -0.00040

  497.0  -0.00047

  498.0  -0.00043

  499.0  -0.00047

  500.0  -0.00050

  501.0  -0.00054

  502.0  -0.00059

  503.0  -0.00049

  504.0  -0.00054

  505.0  -0.00060

  506.0  -0.00065

  507.0  -0.00072

  508.0  -0.00072

  509.0  -0.00081

  510.0  -0.00083

  511.0  -0.00075

  512.0  -0.00084

  513.0  -0.00081

  514.0  -0.00086

  515.0  -0.00092

  516.0  -0.00097

  517.0  -0.00102

  518.0  -0.00105

  519.0  -0.00112

  520.0  -0.00112

  521.0  -0.00110

  522.0  -0.00106

  523.0  -0.00108

  524.0  -0.00106

  525.0  -0.00095

  526.0  -0.00092

  527.0  -0.00086

  528.0  -0.00088

  529.0  -0.00090

  530.0  -0.00092

  531.0  -0.00092

  532.0  -0.00094

  533.0  -0.00098

  534.0  -0.00098

  535.0  -0.00096

  536.0  -0.00098

  537.0  -0.00099

  538.0  -0.00099

  539.0  -0.00092

  540.0  -0.00096

  541.0  -0.00093

  542.0  -0.00089

  543.0  -0.00087

  544.0  -0.00087

  545.0  -0.00084

  546.0  -0.00080

  547.0  -0.00082

  548.0  -0.00080

  549.0  -0.00076

  550.0  -0.00073

  551.0  -0.00077

  552.0  -0.00076

  553.0  -0.00082

  554.0  -0.00082

  555.0  -0.00083

  556.0  -0.00082

  557.0   0.00009

  558.0  -0.00000

  559.0  -0.00000

  560.0  -0.00007

  561.0  -0.00007

  562.0  -0.00011

  563.0  -0.00013

  564.0  -0.00013

  565.0  -0.00017

  566.0  -0.00015

  567.0  -0.00019

  568.0  -0.00017

  569.0  -0.00026

  570.0  -0.00021

  571.0  -0.00034

  572.0  -0.00033

  573.0  -0.00037

  574.0  -0.00043

  575.0  -0.00047

  576.0  -0.00053

  577.0  -0.00050

  578.0  -0.00052

  579.0  -0.00052

  580.0  -0.00049

  581.0  -0.00053

  582.0  -0.00051

  583.0  -0.00052

  584.0  -0.00048

  585.0  -0.00050

  586.0  -0.00048

  587.0  -0.00044

  588.0  -0.00036

  589.0  -0.00039

  590.0  -0.00043

  591.0  -0.00039

  592.0  -0.00033

  593.0  -0.00035

  594.0  -0.00031

  595.0  -0.00031

  596.0  -0.00024

  597.0  -0.00020

  598.0  -0.00016

  599.0  -0.00014

  600.0  -0.00011

  601.0  -0.00011

  602.0  -0.00005

  603.0  -0.00005

  604.0  -0.00009

  605.0  -0.00009

  606.0  -0.00014

  607.0  -0.00012

  608.0  -0.00014

  609.0  -0.00019

  610.0  -0.00024

  611.0  -0.00024

  612.0  -0.00024

  613.0  -0.00026

  614.0  -0.00026

  615.0  -0.00019

  616.0  -0.00019

  617.0  -0.00019

  618.0  -0.00024

  619.0  -0.00022

  620.0  -0.00020

  621.0  -0.00017

  622.0  -0.00019

  623.0  -0.00018

  624.0  -0.00020

  625.0  -0.00025

  626.0  -0.00030

  627.0  -0.00032

  628.0  -0.00035

  629.0  -0.00032

  630.0  -0.00030

  631.0  -0.00025

  632.0  -0.00027

  633.0  -0.00025

  634.0  -0.00025

  635.0  -0.00025

  636.0  -0.00030

  637.0  -0.00028

  638.0  -0.00021

  639.0  -0.00018

  640.0  -0.00018

  641.0  -0.00018

  642.0  -0.00020

  643.0  -0.00023

  644.0  -0.00021

  645.0  -0.00021

  646.0  -0.00020

  647.0  -0.00013

  648.0  -0.00010

  649.0  -0.00012

  650.0  -0.00010

  651.0  -0.00012

  652.0  -0.00015

  653.0  -0.00017

  654.0  -0.00017

  655.0  -0.00017

  656.0  -0.00017

  657.0  -0.00020

  658.0  -0.00010

  659.0  -0.00007

  660.0  -0.00012

  661.0  -0.00007

  662.0  -0.00008

  663.0  -0.00010

  664.0  -0.00008

  665.0  -0.00010

  666.0  -0.00008

  667.0  -0.00010

  668.0  -0.00015

  669.0  -0.00012

  670.0  -0.00015

  671.0  -0.00014

  672.0  -0.00010

  673.0  -0.00012

  674.0  -0.00012

  675.0  -0.00014

  676.0  -0.00015

  677.0  -0.00012

  678.0  -0.00014

  679.0  -0.00009

  680.0  -0.00007

  681.0  -0.00007

  682.0  -0.00000

  683.0  -0.00007

  684.0  -0.00009

  685.0  -0.00005

  686.0  -0.00004

  687.0  -0.00004

  688.0  -0.00002

  689.0  -0.00002

  690.0  -0.00005

  691.0  -0.00009

  692.0  -0.00005

  693.0  -0.00004

  694.0  -0.00002

  695.0  -0.00000

  696.0  -0.00004

  697.0  -0.00002

  698.0  -0.00000

  699.0  -0.00002

  700.0  -0.00002

  701.0  -0.00002

  702.0  -0.00008

  703.0  -0.00008

  704.0  -0.00012

  705.0  -0.00016

  706.0  -0.00008

  707.0  -0.00010

  708.0  -0.00008

  709.0  -0.00008

  710.0  -0.00016

  711.0  -0.00016

  712.0  -0.00016

  713.0  -0.00024

  714.0  -0.00023

  715.0  -0.00025

  716.0  -0.00025

  717.0  -0.00025

  718.0  -0.00025

  719.0  -0.00030

  720.0  -0.00028

  721.0  -0.00030

  722.0  -0.00030

  723.0  -0.00035

  724.0  -0.00038

  725.0  -0.00040

  726.0  -0.00041

  727.0  -0.00036

  728.0  -0.00041

  729.0  -0.00039

  730.0  -0.00042

  731.0  -0.00042

  732.0  -0.00042

  733.0  -0.00043

  734.0  -0.00048

  735.0  -0.00046

  736.0   0.00089

  737.0   0.00077

  738.0   0.00063

  739.0   0.00049

  740.0   0.00038

  741.0   0.00030

  742.0   0.00022

  743.0   0.00016

  744.0   0.00011

  745.0   0.00003

  746.0  -0.00003

  747.0  -0.00005

  748.0  -0.00014

  749.0  -0.00022

  750.0  -0.00024

  751.0  -0.00019

  752.0  -0.00027

  753.0  -0.00027

  754.0  -0.00027

  755.0  -0.00030

  756.0  -0.00033

  757.0  -0.00038

  758.0  -0.00038

  759.0  -0.00025

  760.0  -0.00003

  761.0  -0.00000

  762.0  -0.00005

  763.0  -0.00008

  764.0  -0.00008

  765.0  -0.00016

  766.0  -0.00016

  767.0  -0.00016

  768.0  -0.00016

  769.0  -0.00022

  770.0  -0.00025

  771.0  -0.00022

  772.0  -0.00019

  773.0  -0.00025

  774.0  -0.00028

  775.0  -0.00031

  776.0  -0.00028

  777.0  -0.00031

  778.0  -0.00025

  779.0  -0.00025

  780.0  -0.00022

  781.0  -0.00028

  782.0  -0.00028

  783.0  -0.00020

  784.0  -0.00020

  785.0  -0.00014

  786.0  -0.00017

  787.0  -0.00023

  788.0  -0.00026

  789.0  -0.00023

  790.0  -0.00031

  791.0  -0.00031

  792.0  -0.00037

  793.0  -0.00043

  794.0  -0.00043

  795.0  -0.00040

  796.0  -0.00035

  797.0  -0.00038

  798.0  -0.00041

  799.0  -0.00038

  800.0  -0.00046

 
