ser ID: DU600

Method ID: A:\DEFAULT

Date: 08/08/00

Time: 04:38

 200.0   2.54220

  201.0   2.51587

  202.0   2.95328

  203.0   3.29159

  204.0   2.85268

  205.0   2.88799

  206.0   3.39707

  207.0   3.42797

  208.0   3.45894

  209.0   3.49192

  210.0   3.52022

  211.0   3.24711

  212.0   3.09876

  213.0   3.60649

  214.0   3.33052

  215.0   3.65495

  216.0   3.67742

  217.0   3.70252

  218.0   3.72346

  219.0   3.44114

  220.0   3.75891

  221.0   3.17231

  222.0   3.78979

  223.0   3.80298

  224.0   3.81591

  225.0   3.82930

  226.0   3.84292

  227.0   3.85516

  228.0   3.86729

  229.0   3.57749

  230.0   3.89081

  231.0   3.90124

  232.0   3.91036

  233.0   3.91887

  234.0   3.92650

  235.0   3.93197

  236.0   3.63523

  237.0   3.46260

  238.0   3.94226

  239.0   3.94379

  240.0   3.94478

  241.0   3.94404

  242.0   3.94315

  243.0   3.94156

  244.0   3.24040

  245.0   3.93707

  246.0   3.93379

  247.0   3.92978

  248.0   3.92588

  249.0   3.92179

  250.0   3.91677

  251.0   2.87062

  252.0   2.79309

  253.0   2.67150

  254.0   2.57480

  255.0   2.56882

  256.0   2.34124

  257.0   2.13982

  258.0   2.07445

  259.0   1.88974

  260.0   1.77121

  261.0   1.68148

  262.0   1.57824

  263.0   1.51952

  264.0   1.43987

  265.0   1.39391

  266.0   1.33982

  267.0   1.30296

  268.0   1.24933

  269.0   1.20541

  270.0   1.17315

  271.0   1.13787

  272.0   1.11234

  273.0   1.08237

  274.0   1.04855

  275.0   1.01553

  276.0   0.97934

  277.0   0.94763

  278.0   0.91105

  279.0   0.88001

  280.0   0.84316

  281.0   0.80407

  282.0   0.77106

  283.0   0.73842

  284.0   0.70209

  285.0   0.66566

  286.0   0.63146

  287.0   0.59881

  288.0   0.56258

  289.0   0.53243

  290.0   0.50462

  291.0   0.47554

  292.0   0.44773

  293.0   0.42245

  294.0   0.39816

  295.0   0.37251

  296.0   0.34997

  297.0   0.32783

  298.0   0.30620

  299.0   0.28427

  300.0   0.26563

  301.0   0.25030

  302.0   0.23457

  303.0   0.22316

  304.0   0.21159

  305.0   0.20156

  306.0   0.19059

  307.0   0.18153

  308.0   0.17304

  309.0   0.16536

  310.0   0.15878

  311.0   0.15234

  312.0   0.14572

  313.0   0.13988

  314.0   0.13538

  315.0   0.13162

  316.0   0.12762

  317.0   0.12320

  318.0   0.12032

  319.0   0.11700

  320.0   0.11503

  321.0   0.11520

  322.0   0.11212

  323.0   0.11192

  324.0   0.11283

  325.0   0.11289

  326.0   0.11306

  327.0   0.11447

  328.0   0.11629

  329.0   0.11827

  330.0   0.12109

  331.0   0.12376

  332.0   0.12716

  333.0   0.12915

  334.0   0.13274

  335.0   0.13588

  336.0   0.14060

  337.0   0.14548

  338.0   0.14847

  339.0   0.15310

  340.0   0.15780

  341.0   0.16321

  342.0   0.16669

  343.0   0.17149

  344.0   0.17609

  345.0   0.18057

  346.0   0.18520

  347.0   0.18887

  348.0   0.19276

  349.0   0.19754

  350.0   0.20036

  351.0   0.20291

  352.0   0.20465

  353.0   0.20624

  354.0   0.20708

  355.0   0.20937

  356.0   0.20983

  357.0   0.21051

  358.0   0.20967

  359.0   0.20918

  360.0   0.20782

  361.0   0.20584

  362.0   0.20311

  363.0   0.20108

  364.0   0.19907

  365.0   0.19577

  366.0   0.19236

  367.0   0.18900

  368.0   0.18539

  369.0   0.18174

  370.0   0.17838

  371.0   0.17488

  372.0   0.17131

  373.0   0.16729

  374.0   0.16274

  375.0   0.15891

  376.0   0.15528

  377.0   0.15199

  378.0   0.14777

  379.0   0.14415

  380.0   0.14052

  381.0   0.13682

  382.0   0.13285

  383.0   0.12911

  384.0   0.12554

  385.0   0.12174

  386.0   0.11839

  387.0   0.11483

  388.0   0.11155

  389.0   0.10794

  390.0   0.10512

  391.0   0.10193

  392.0   0.09906

  393.0   0.09618

  394.0   0.09318

  395.0   0.09078

  396.0   0.08849

  397.0   0.08616

  398.0   0.08431

  399.0   0.08189

  400.0   0.07979

  401.0   0.07777

  402.0   0.07590

  403.0   0.07408

  404.0   0.07238

  405.0   0.07129

  406.0   0.06971

  407.0   0.06802

  408.0   0.06650

  409.0   0.06486

  410.0   0.06335

  411.0   0.06201

  412.0   0.06035

  413.0   0.05885

  414.0   0.05742

  415.0   0.05661

  416.0   0.05432

  417.0   0.05236

  418.0   0.05085

  419.0   0.04912

  420.0   0.04773

  421.0   0.04609

  422.0   0.04431

  423.0   0.04281

  424.0   0.04110

  425.0   0.03949

  426.0   0.03757

  427.0   0.03615

  428.0   0.03461

  429.0   0.03298

  430.0   0.03167

  431.0   0.03015

  432.0   0.02883

  433.0   0.02736

  434.0   0.02625

  435.0   0.02494

  436.0   0.02359

  437.0   0.02259

  438.0   0.02159

  439.0   0.02104

  440.0   0.01934

  441.0   0.01834

  442.0   0.01740

  443.0   0.01638

  444.0   0.01574

  445.0   0.01497

  446.0   0.01430

  447.0   0.01349

  448.0   0.01273

  449.0   0.01198

  450.0   0.01132

  451.0   0.01066

  452.0   0.01000

  453.0   0.00935

  454.0   0.00859

  455.0   0.00798

  456.0   0.00742

  457.0   0.00721

  458.0   0.00691

  459.0   0.00634

  460.0   0.00589

  461.0   0.00537

  462.0   0.00488

  463.0   0.00443

  464.0   0.00406

  465.0   0.00381

  466.0   0.00344

  467.0   0.00326

  468.0   0.00300

  469.0   0.00276

  470.0   0.00251

  471.0   0.00235

  472.0   0.00212

  473.0   0.00193

  474.0   0.00167

  475.0   0.00150

  476.0   0.00123

  477.0   0.00115

  478.0   0.00082

  479.0   0.00064

  480.0   0.00050

  481.0   0.00028

  482.0   0.00015

  483.0  -0.00007

  484.0  -0.00034

  485.0  -0.00043

  486.0  -0.00054

  487.0  -0.00060

  488.0  -0.00068

  489.0  -0.00079

  490.0  -0.00095

  491.0  -0.00097

  492.0  -0.00115

  493.0  -0.00124

  494.0  -0.00129

  495.0  -0.00132

  496.0  -0.00143

  497.0  -0.00144

  498.0  -0.00135

  499.0  -0.00150

  500.0  -0.00160

  501.0  -0.00165

  502.0  -0.00166

  503.0  -0.00166

  504.0  -0.00179

  505.0  -0.00177

  506.0  -0.00182

  507.0  -0.00187

  508.0  -0.00193

  509.0  -0.00200

  510.0  -0.00195

  511.0  -0.00196

  512.0  -0.00206

  513.0  -0.00210

  514.0  -0.00211

  515.0  -0.00214

  516.0  -0.00221

  517.0  -0.00227

  518.0  -0.00227

  519.0  -0.00228

  520.0  -0.00229

  521.0  -0.00232

  522.0  -0.00230

  523.0  -0.00237

  524.0  -0.00237

  525.0  -0.00235

  526.0  -0.00235

  527.0  -0.00231

  528.0  -0.00231

  529.0  -0.00233

  530.0  -0.00239

  531.0  -0.00243

  532.0  -0.00247

  533.0  -0.00247

  534.0  -0.00246

  535.0  -0.00248

  536.0  -0.00249

  537.0  -0.00250

  538.0  -0.00251

  539.0  -0.00253

  540.0  -0.00258

  541.0  -0.00253

  542.0  -0.00250

  543.0  -0.00248

  544.0  -0.00245

  545.0  -0.00243

  546.0  -0.00245

  547.0  -0.00246

  548.0  -0.00245

  549.0  -0.00249

  550.0  -0.00255

  551.0  -0.00262

  552.0  -0.00259

  553.0  -0.00267

  554.0  -0.00271

  555.0  -0.00275

  556.0  -0.00272

  557.0  -0.00254

  558.0  -0.00258

  559.0  -0.00259

  560.0  -0.00263

  561.0  -0.00266

  562.0  -0.00267

  563.0  -0.00270

  564.0  -0.00272

  565.0  -0.00266

  566.0  -0.00264

  567.0  -0.00269

  568.0  -0.00269

  569.0  -0.00269

  570.0  -0.00267

  571.0  -0.00276

  572.0  -0.00274

  573.0  -0.00280

  574.0  -0.00282

  575.0  -0.00283

  576.0  -0.00285

  577.0  -0.00283

  578.0  -0.00285

  579.0  -0.00281

  580.0  -0.00285

  581.0  -0.00284

  582.0  -0.00280

  583.0  -0.00282

  584.0  -0.00283

  585.0  -0.00287

  586.0  -0.00284

  587.0  -0.00282

  588.0  -0.00279

  589.0  -0.00283

  590.0  -0.00289

  591.0  -0.00288

  592.0  -0.00283

  593.0  -0.00283

  594.0  -0.00286

  595.0  -0.00284

  596.0  -0.00285

  597.0  -0.00284

  598.0  -0.00281

  599.0  -0.00281

  600.0  -0.00282

  601.0  -0.00286

  602.0  -0.00285

  603.0  -0.00291

  604.0  -0.00292

  605.0  -0.00291

  606.0  -0.00298

  607.0  -0.00299

  608.0  -0.00298

  609.0  -0.00306

  610.0  -0.00309

  611.0  -0.00306

  612.0  -0.00302

  613.0  -0.00296

  614.0  -0.00297

  615.0  -0.00296

  616.0  -0.00296

  617.0  -0.00298

  618.0  -0.00301

  619.0  -0.00302

  620.0  -0.00305

  621.0  -0.00303

  622.0  -0.00304

  623.0  -0.00303

  624.0  -0.00301

  625.0  -0.00305

  626.0  -0.00312

  627.0  -0.00310

  628.0  -0.00309

  629.0  -0.00307

  630.0  -0.00303

  631.0  -0.00300

  632.0  -0.00306

  633.0  -0.00307

  634.0  -0.00312

  635.0  -0.00312

  636.0  -0.00310

  637.0  -0.00308

  638.0  -0.00305

  639.0  -0.00300

  640.0  -0.00299

  641.0  -0.00296

  642.0  -0.00298

  643.0  -0.00299

  644.0  -0.00299

  645.0  -0.00301

  646.0  -0.00301

  647.0  -0.00299

  648.0  -0.00298

  649.0  -0.00298

  650.0  -0.00296

  651.0  -0.00301

  652.0  -0.00305

  653.0  -0.00305

  654.0  -0.00306

  655.0  -0.00306

  656.0  -0.00309

  657.0  -0.00313

  658.0  -0.00304

  659.0  -0.00299

  660.0  -0.00299

  661.0  -0.00296

  662.0  -0.00298

  663.0  -0.00300

  664.0  -0.00301

  665.0  -0.00301

  666.0  -0.00297

  667.0  -0.00297

  668.0  -0.00298

  669.0  -0.00295

  670.0  -0.00294

  671.0  -0.00291

  672.0  -0.00287

  673.0  -0.00291

  674.0  -0.00290

  675.0  -0.00285

  676.0  -0.00286

  677.0  -0.00286

  678.0  -0.00282

  679.0  -0.00281

  680.0  -0.00279

  681.0  -0.00280

  682.0  -0.00280

  683.0  -0.00280

  684.0  -0.00281

  685.0  -0.00277

  686.0  -0.00276

  687.0  -0.00272

  688.0  -0.00270

  689.0  -0.00267

  690.0  -0.00266

  691.0  -0.00268

  692.0  -0.00267

  693.0  -0.00261

  694.0  -0.00264

  695.0  -0.00263

  696.0  -0.00263

  697.0  -0.00264

  698.0  -0.00265

  699.0  -0.00266

  700.0  -0.00266

  701.0  -0.00263

  702.0  -0.00265

  703.0  -0.00266

  704.0  -0.00270

  705.0  -0.00267

  706.0  -0.00265

  707.0  -0.00262

  708.0  -0.00258

  709.0  -0.00262

  710.0  -0.00265

  711.0  -0.00263

  712.0  -0.00263

  713.0  -0.00271

  714.0  -0.00268

  715.0  -0.00266

  716.0  -0.00266

  717.0  -0.00268

  718.0  -0.00265

  719.0  -0.00265

  720.0  -0.00265

  721.0  -0.00267

  722.0  -0.00263

  723.0  -0.00265

  724.0  -0.00265

  725.0  -0.00267

  726.0  -0.00265

  727.0  -0.00262

  728.0  -0.00265

  729.0  -0.00264

  730.0  -0.00264

  731.0  -0.00259

  732.0  -0.00256

  733.0  -0.00253

  734.0  -0.00262

  735.0  -0.00263

  736.0  -0.00212

  737.0  -0.00220

  738.0  -0.00222

  739.0  -0.00219

  740.0  -0.00226

  741.0  -0.00229

  742.0  -0.00228

  743.0  -0.00233

  744.0  -0.00233

  745.0  -0.00241

  746.0  -0.00244

  747.0  -0.00238

  748.0  -0.00241

  749.0  -0.00246

  750.0  -0.00240

  751.0  -0.00235

  752.0  -0.00241

  753.0  -0.00249

  754.0  -0.00249

  755.0  -0.00249

  756.0  -0.00249

  757.0  -0.00252

  758.0  -0.00255

  759.0  -0.00253

  760.0  -0.00253

  761.0  -0.00256

  762.0  -0.00261

  763.0  -0.00267

  764.0  -0.00262

  765.0  -0.00265

  766.0  -0.00265

  767.0  -0.00268

  768.0  -0.00266

  769.0  -0.00269

  770.0  -0.00275

  771.0  -0.00275

  772.0  -0.00270

  773.0  -0.00270

  774.0  -0.00276

  775.0  -0.00274

  776.0  -0.00274

  777.0  -0.00272

  778.0  -0.00273

  779.0  -0.00273

  780.0  -0.00274

  781.0  -0.00277

  782.0  -0.00280

  783.0  -0.00267

  784.0  -0.00267

  785.0  -0.00268

  786.0  -0.00265

  787.0  -0.00272

  788.0  -0.00267

  789.0  -0.00270

  790.0  -0.00279

  791.0  -0.00282

  792.0  -0.00289

  793.0  -0.00289

  794.0  -0.00278

  795.0  -0.00282

  796.0  -0.00274

  797.0  -0.00271

  798.0  -0.00272

  799.0  -0.00275

  800.0  -0.00287

 
