ser ID: DU600

Method ID: A:\DEFAULT

Date: 08/08/00

Time: 04:53

 200.0   3.14426

  201.0   2.61278

  202.0   2.77718

  203.0   3.29159

  204.0   3.32980

  205.0   2.88799

  206.0   3.39707

  207.0   3.42797

  208.0   3.15791

  209.0   3.49192

  210.0   3.52022

  211.0   3.54814

  212.0   3.57588

  213.0   3.60649

  214.0   3.63155

  215.0   3.35392

  216.0   3.67742

  217.0   3.40149

  218.0   3.72346

  219.0   3.74217

  220.0   3.75891

  221.0   3.77437

  222.0   3.78979

  223.0   3.32586

  224.0   3.81591

  225.0   3.52827

  226.0   3.54189

  227.0   3.85516

  228.0   3.86729

  229.0   3.87852

  230.0   3.89081

  231.0   3.90124

  232.0   3.91036

  233.0   3.44175

  234.0   3.62547

  235.0   3.63094

  236.0   3.93626

  237.0   3.93972

  238.0   3.94226

  239.0   3.94379

  240.0   3.94478

  241.0   3.94404

  242.0   3.94315

  243.0   3.94156

  244.0   3.93937

  245.0   3.93707

  246.0   3.93379

  247.0   3.62875

  248.0   3.92588

  249.0   3.92179

  250.0   3.13862

  251.0   3.00892

  252.0   2.82785

  253.0   2.72586

  254.0   2.57480

  255.0   2.45967

  256.0   2.27252

  257.0   2.12431

  258.0   1.99872

  259.0   1.87624

  260.0   1.73401

  261.0   1.64516

  262.0   1.54456

  263.0   1.48190

  264.0   1.41447

  265.0   1.36173

  266.0   1.30418

  267.0   1.26351

  268.0   1.22160

  269.0   1.18101

  270.0   1.14633

  271.0   1.11554

  272.0   1.08086

  273.0   1.05031

  274.0   1.01642

  275.0   0.98487

  276.0   0.95546

  277.0   0.92175

  278.0   0.88442

  279.0   0.85103

  280.0   0.81642

  281.0   0.77909

  282.0   0.74662

  283.0   0.71644

  284.0   0.68356

  285.0   0.64857

  286.0   0.61412

  287.0   0.58325

  288.0   0.54826

  289.0   0.51837

  290.0   0.49054

  291.0   0.46341

  292.0   0.43696

  293.0   0.41434

  294.0   0.39172

  295.0   0.36594

  296.0   0.34388

  297.0   0.32249

  298.0   0.30212

  299.0   0.28148

  300.0   0.26375

  301.0   0.24848

  302.0   0.23394

  303.0   0.22341

  304.0   0.21232

  305.0   0.20288

  306.0   0.19271

  307.0   0.18422

  308.0   0.17710

  309.0   0.16998

  310.0   0.16361

  311.0   0.15718

  312.0   0.15056

  313.0   0.14450

  314.0   0.14037

  315.0   0.13663

  316.0   0.13267

  317.0   0.12888

  318.0   0.12653

  319.0   0.12314

  320.0   0.12038

  321.0   0.11973

  322.0   0.11703

  323.0   0.11735

  324.0   0.11739

  325.0   0.11722

  326.0   0.11703

  327.0   0.11820

  328.0   0.11978

  329.0   0.12138

  330.0   0.12383

  331.0   0.12494

  332.0   0.12795

  333.0   0.13060

  334.0   0.13366

  335.0   0.13628

  336.0   0.14020

  337.0   0.14375

  338.0   0.14740

  339.0   0.15002

  340.0   0.15430

  341.0   0.15781

  342.0   0.16099

  343.0   0.16616

  344.0   0.17005

  345.0   0.17366

  346.0   0.17797

  347.0   0.18091

  348.0   0.18335

  349.0   0.18610

  350.0   0.18871

  351.0   0.19105

  352.0   0.19388

  353.0   0.19483

  354.0   0.19620

  355.0   0.19666

  356.0   0.19707

  357.0   0.19685

  358.0   0.19644

  359.0   0.19553

  360.0   0.19390

  361.0   0.19224

  362.0   0.18972

  363.0   0.18750

  364.0   0.18574

  365.0   0.18288

  366.0   0.17948

  367.0   0.17559

  368.0   0.17247

  369.0   0.16921

  370.0   0.16512

  371.0   0.16257

  372.0   0.15912

  373.0   0.15513

  374.0   0.15195

  375.0   0.14878

  376.0   0.14490

  377.0   0.14185

  378.0   0.13764

  379.0   0.13414

  380.0   0.13057

  381.0   0.12699

  382.0   0.12369

  383.0   0.12033

  384.0   0.11735

  385.0   0.11373

  386.0   0.11069

  387.0   0.10714

  388.0   0.10444

  389.0   0.10077

  390.0   0.09781

  391.0   0.09528

  392.0   0.09264

  393.0   0.09038

  394.0   0.08765

  395.0   0.08531

  396.0   0.08300

  397.0   0.08104

  398.0   0.07926

  399.0   0.07694

  400.0   0.07512

  401.0   0.07339

  402.0   0.07160

  403.0   0.07001

  404.0   0.06853

  405.0   0.06742

  406.0   0.06595

  407.0   0.06431

  408.0   0.06274

  409.0   0.06112

  410.0   0.05988

  411.0   0.05863

  412.0   0.05712

  413.0   0.05577

  414.0   0.05430

  415.0   0.05352

  416.0   0.05102

  417.0   0.04936

  418.0   0.04812

  419.0   0.04620

  420.0   0.04490

  421.0   0.04350

  422.0   0.04173

  423.0   0.04029

  424.0   0.03857

  425.0   0.03696

  426.0   0.03526

  427.0   0.03398

  428.0   0.03242

  429.0   0.03091

  430.0   0.02973

  431.0   0.02826

  432.0   0.02711

  433.0   0.02576

  434.0   0.02462

  435.0   0.02347

  436.0   0.02222

  437.0   0.02125

  438.0   0.02023

  439.0   0.01982

  440.0   0.01824

  441.0   0.01726

  442.0   0.01644

  443.0   0.01549

  444.0   0.01492

  445.0   0.01425

  446.0   0.01359

  447.0   0.01289

  448.0   0.01223

  449.0   0.01158

  450.0   0.01092

  451.0   0.01023

  452.0   0.00965

  453.0   0.00900

  454.0   0.00838

  455.0   0.00789

  456.0   0.00742

  457.0   0.00708

  458.0   0.00683

  459.0   0.00630

  460.0   0.00581

  461.0   0.00533

  462.0   0.00500

  463.0   0.00471

  464.0   0.00430

  465.0   0.00400

  466.0   0.00370

  467.0   0.00356

  468.0   0.00329

  469.0   0.00304

  470.0   0.00278

  471.0   0.00264

  472.0   0.00241

  473.0   0.00231

  474.0   0.00206

  475.0   0.00189

  476.0   0.00164

  477.0   0.00146

  478.0   0.00126

  479.0   0.00107

  480.0   0.00097

  481.0   0.00087

  482.0   0.00073

  483.0   0.00054

  484.0   0.00029

  485.0   0.00017

  486.0   0.00005

  487.0   0.00002

  488.0  -0.00009

  489.0  -0.00018

  490.0  -0.00027

  491.0  -0.00035

  492.0  -0.00052

  493.0  -0.00064

  494.0  -0.00064

  495.0  -0.00067

  496.0  -0.00075

  497.0  -0.00078

  498.0  -0.00084

  499.0  -0.00093

  500.0  -0.00102

  501.0  -0.00107

  502.0  -0.00110

  503.0  -0.00114

  504.0  -0.00115

  505.0  -0.00114

  506.0  -0.00113

  507.0  -0.00120

  508.0  -0.00131

  509.0  -0.00136

  510.0  -0.00133

  511.0  -0.00132

  512.0  -0.00139

  513.0  -0.00142

  514.0  -0.00140

  515.0  -0.00145

  516.0  -0.00148

  517.0  -0.00153

  518.0  -0.00149

  519.0  -0.00156

  520.0  -0.00157

  521.0  -0.00157

  522.0  -0.00157

  523.0  -0.00158

  524.0  -0.00163

  525.0  -0.00160

  526.0  -0.00158

  527.0  -0.00158

  528.0  -0.00154

  529.0  -0.00158

  530.0  -0.00158

  531.0  -0.00158

  532.0  -0.00159

  533.0  -0.00157

  534.0  -0.00159

  535.0  -0.00162

  536.0  -0.00166

  537.0  -0.00166

  538.0  -0.00165

  539.0  -0.00167

  540.0  -0.00172

  541.0  -0.00168

  542.0  -0.00165

  543.0  -0.00161

  544.0  -0.00160

  545.0  -0.00160

  546.0  -0.00156

  547.0  -0.00160

  548.0  -0.00154

  549.0  -0.00156

  550.0  -0.00160

  551.0  -0.00165

  552.0  -0.00164

  553.0  -0.00174

  554.0  -0.00178

  555.0  -0.00183

  556.0  -0.00179

  557.0  -0.00122

  558.0  -0.00131

  559.0  -0.00133

  560.0  -0.00137

  561.0  -0.00137

  562.0  -0.00145

  563.0  -0.00146

  564.0  -0.00145

  565.0  -0.00148

  566.0  -0.00147

  567.0  -0.00155

  568.0  -0.00152

  569.0  -0.00155

  570.0  -0.00152

  571.0  -0.00161

  572.0  -0.00160

  573.0  -0.00161

  574.0  -0.00164

  575.0  -0.00169

  576.0  -0.00172

  577.0  -0.00167

  578.0  -0.00168

  579.0  -0.00169

  580.0  -0.00170

  581.0  -0.00176

  582.0  -0.00175

  583.0  -0.00176

  584.0  -0.00177

  585.0  -0.00178

  586.0  -0.00172

  587.0  -0.00169

  588.0  -0.00164

  589.0  -0.00165

  590.0  -0.00172

  591.0  -0.00175

  592.0  -0.00170

  593.0  -0.00169

  594.0  -0.00170

  595.0  -0.00172

  596.0  -0.00173

  597.0  -0.00172

  598.0  -0.00169

  599.0  -0.00172

  600.0  -0.00168

  601.0  -0.00173

  602.0  -0.00170

  603.0  -0.00171

  604.0  -0.00173

  605.0  -0.00174

  606.0  -0.00177

  607.0  -0.00178

  608.0  -0.00177

  609.0  -0.00182

  610.0  -0.00183

  611.0  -0.00181

  612.0  -0.00177

  613.0  -0.00178

  614.0  -0.00179

  615.0  -0.00179

  616.0  -0.00175

  617.0  -0.00178

  618.0  -0.00181

  619.0  -0.00179

  620.0  -0.00179

  621.0  -0.00177

  622.0  -0.00180

  623.0  -0.00184

  624.0  -0.00184

  625.0  -0.00191

  626.0  -0.00192

  627.0  -0.00192

  628.0  -0.00191

  629.0  -0.00193

  630.0  -0.00189

  631.0  -0.00189

  632.0  -0.00194

  633.0  -0.00197

  634.0  -0.00198

  635.0  -0.00197

  636.0  -0.00196

  637.0  -0.00193

  638.0  -0.00190

  639.0  -0.00183

  640.0  -0.00181

  641.0  -0.00176

  642.0  -0.00181

  643.0  -0.00186

  644.0  -0.00186

  645.0  -0.00186

  646.0  -0.00183

  647.0  -0.00181

  648.0  -0.00181

  649.0  -0.00180

  650.0  -0.00180

  651.0  -0.00185

  652.0  -0.00187

  653.0  -0.00188

  654.0  -0.00187

  655.0  -0.00190

  656.0  -0.00196

  657.0  -0.00197

  658.0  -0.00189

  659.0  -0.00185

  660.0  -0.00185

  661.0  -0.00178

  662.0  -0.00184

  663.0  -0.00187

  664.0  -0.00184

  665.0  -0.00184

  666.0  -0.00180

  667.0  -0.00185

  668.0  -0.00190

  669.0  -0.00189

  670.0  -0.00191

  671.0  -0.00192

  672.0  -0.00190

  673.0  -0.00191

  674.0  -0.00186

  675.0  -0.00183

  676.0  -0.00183

  677.0  -0.00189

  678.0  -0.00186

  679.0  -0.00187

  680.0  -0.00184

  681.0  -0.00183

  682.0  -0.00182

  683.0  -0.00181

  684.0  -0.00181

  685.0  -0.00180

  686.0  -0.00183

  687.0  -0.00180

  688.0  -0.00181

  689.0  -0.00181

  690.0  -0.00182

  691.0  -0.00181

  692.0  -0.00178

  693.0  -0.00177

  694.0  -0.00180

  695.0  -0.00180

  696.0  -0.00179

  697.0  -0.00179

  698.0  -0.00181

  699.0  -0.00182

  700.0  -0.00179

  701.0  -0.00175

  702.0  -0.00181

  703.0  -0.00182

  704.0  -0.00185

  705.0  -0.00186

  706.0  -0.00183

  707.0  -0.00182

  708.0  -0.00180

  709.0  -0.00183

  710.0  -0.00184

  711.0  -0.00187

  712.0  -0.00182

  713.0  -0.00189

  714.0  -0.00191

  715.0  -0.00190

  716.0  -0.00191

  717.0  -0.00193

  718.0  -0.00188

  719.0  -0.00193

  720.0  -0.00192

  721.0  -0.00194

  722.0  -0.00193

  723.0  -0.00199

  724.0  -0.00197

  725.0  -0.00196

  726.0  -0.00200

  727.0  -0.00197

  728.0  -0.00203

  729.0  -0.00200

  730.0  -0.00199

  731.0  -0.00201

  732.0  -0.00200

  733.0  -0.00201

  734.0  -0.00203

  735.0  -0.00204

  736.0  -0.00099

  737.0  -0.00113

  738.0  -0.00121

  739.0  -0.00126

  740.0  -0.00137

  741.0  -0.00142

  742.0  -0.00144

  743.0  -0.00147

  744.0  -0.00147

  745.0  -0.00152

  746.0  -0.00157

  747.0  -0.00160

  748.0  -0.00165

  749.0  -0.00170

  750.0  -0.00170

  751.0  -0.00168

  752.0  -0.00178

  753.0  -0.00187

  754.0  -0.00179

  755.0  -0.00184

  756.0  -0.00184

  757.0  -0.00193

  758.0  -0.00195

  759.0  -0.00193

  760.0  -0.00190

  761.0  -0.00188

  762.0  -0.00199

  763.0  -0.00202

  764.0  -0.00205

  765.0  -0.00202

  766.0  -0.00213

  767.0  -0.00208

  768.0  -0.00211

  769.0  -0.00217

  770.0  -0.00220

  771.0  -0.00215

  772.0  -0.00210

  773.0  -0.00210

  774.0  -0.00210

  775.0  -0.00213

  776.0  -0.00214

  777.0  -0.00214

  778.0  -0.00220

  779.0  -0.00220

  780.0  -0.00226

  781.0  -0.00227

  782.0  -0.00227

  783.0  -0.00225

  784.0  -0.00222

  785.0  -0.00228

  786.0  -0.00226

  787.0  -0.00235

  788.0  -0.00233

  789.0  -0.00233

  790.0  -0.00242

  791.0  -0.00240

  792.0  -0.00246

  793.0  -0.00244

  794.0  -0.00250

  795.0  -0.00253

  796.0  -0.00242

  797.0  -0.00245

  798.0  -0.00246

  799.0  -0.00243

  800.0  -0.00252

 
