ser ID: DU600

Method ID: A:\DEFAULT

Date: 08/08/00

Time: 08:14

 200.0   3.14426

  201.0   2.51587

  202.0   3.25431

  203.0   3.29159

  204.0   3.32980

  205.0   3.36511

  206.0   2.79501

  207.0   3.42797

  208.0   3.45894

  209.0   3.49192

  210.0   3.52022

  211.0   3.54814

  212.0   3.57588

  213.0   3.00443

  214.0   2.93258

  215.0   3.05289

  216.0   3.20030

  217.0   3.70252

  218.0   3.42243

  219.0   3.14012

  220.0   3.15685

  221.0   3.77437

  222.0   3.78979

  223.0   3.80298

  224.0   3.81591

  225.0   3.82930

  226.0   3.84292

  227.0   3.85516

  228.0   3.86729

  229.0   3.87852

  230.0   3.89081

  231.0   3.90124

  232.0   3.91036

  233.0   3.61784

  234.0   3.14835

  235.0   3.32991

  236.0   3.45914

  237.0   3.46260

  238.0   3.34020

  239.0   3.09869

  240.0   3.94478

  241.0   3.24507

  242.0   3.64212

  243.0   3.16341

  244.0   3.24040

  245.0   3.93707

  246.0   3.63276

  247.0   3.92978

  248.0   3.14773

  249.0   3.07669

  250.0   2.83759

  251.0   2.58979

  252.0   2.40189

  253.0   2.22071

  254.0   2.09768

  255.0   1.95654

  256.0   1.80976

  257.0   1.67336

  258.0   1.57059

  259.0   1.45249

  260.0   1.36281

  261.0   1.28764

  262.0   1.21733

  263.0   1.15331

  264.0   1.10610

  265.0   1.05849

  266.0   1.01448

  267.0   0.97482

  268.0   0.94003

  269.0   0.91043

  270.0   0.87779

  271.0   0.85140

  272.0   0.82466

  273.0   0.79521

  274.0   0.76452

  275.0   0.73763

  276.0   0.71233

  277.0   0.68647

  278.0   0.65721

  279.0   0.63256

  280.0   0.60983

  281.0   0.58323

  282.0   0.56096

  283.0   0.54022

  284.0   0.51842

  285.0   0.49577

  286.0   0.47043

  287.0   0.44781

  288.0   0.42467

  289.0   0.40388

  290.0   0.38636

  291.0   0.36709

  292.0   0.34849

  293.0   0.33277

  294.0   0.31604

  295.0   0.29909

  296.0   0.28392

  297.0   0.26970

  298.0   0.25549

  299.0   0.24115

  300.0   0.22986

  301.0   0.22104

  302.0   0.21213

  303.0   0.20629

  304.0   0.20010

  305.0   0.19481

  306.0   0.18988

  307.0   0.18480

  308.0   0.18038

  309.0   0.17723

  310.0   0.17368

  311.0   0.16973

  312.0   0.16529

  313.0   0.16071

  314.0   0.15740

  315.0   0.15449

  316.0   0.15089

  317.0   0.14834

  318.0   0.14482

  319.0   0.14136

  320.0   0.13813

  321.0   0.13823

  322.0   0.13405

  323.0   0.13339

  324.0   0.13150

  325.0   0.12916

  326.0   0.12809

  327.0   0.12708

  328.0   0.12606

  329.0   0.12491

  330.0   0.12422

  331.0   0.12246

  332.0   0.12260

  333.0   0.12109

  334.0   0.12028

  335.0   0.11881

  336.0   0.11824

  337.0   0.11697

  338.0   0.11567

  339.0   0.11492

  340.0   0.11403

  341.0   0.11281

  342.0   0.11082

  343.0   0.11055

  344.0   0.10946

  345.0   0.10831

  346.0   0.10646

  347.0   0.10513

  348.0   0.10407

  349.0   0.10324

  350.0   0.10150

  351.0   0.10067

  352.0   0.09896

  353.0   0.09664

  354.0   0.09550

  355.0   0.09451

  356.0   0.09282

  357.0   0.09163

  358.0   0.09023

  359.0   0.08769

  360.0   0.08513

  361.0   0.08317

  362.0   0.08089

  363.0   0.07943

  364.0   0.07772

  365.0   0.07640

  366.0   0.07388

  367.0   0.07192

  368.0   0.07007

  369.0   0.06848

  370.0   0.06610

  371.0   0.06499

  372.0   0.06278

  373.0   0.06117

  374.0   0.05961

  375.0   0.05812

  376.0   0.05636

  377.0   0.05493

  378.0   0.05306

  379.0   0.05145

  380.0   0.05032

  381.0   0.04901

  382.0   0.04749

  383.0   0.04615

  384.0   0.04525

  385.0   0.04407

  386.0   0.04307

  387.0   0.04176

  388.0   0.04080

  389.0   0.03935

  390.0   0.03838

  391.0   0.03770

  392.0   0.03699

  393.0   0.03591

  394.0   0.03509

  395.0   0.03417

  396.0   0.03349

  397.0   0.03274

  398.0   0.03236

  399.0   0.03180

  400.0   0.03106

  401.0   0.03038

  402.0   0.02975

  403.0   0.02911

  404.0   0.02875

  405.0   0.02838

  406.0   0.02794

  407.0   0.02718

  408.0   0.02665

  409.0   0.02585

  410.0   0.02542

  411.0   0.02496

  412.0   0.02426

  413.0   0.02357

  414.0   0.02290

  415.0   0.02230

  416.0   0.02163

  417.0   0.02090

  418.0   0.02009

  419.0   0.01928

  420.0   0.01870

  421.0   0.01792

  422.0   0.01720

  423.0   0.01640

  424.0   0.01553

  425.0   0.01495

  426.0   0.01407

  427.0   0.01360

  428.0   0.01296

  429.0   0.01218

  430.0   0.01171

  431.0   0.01099

  432.0   0.01062

  433.0   0.00994

  434.0   0.00960

  435.0   0.00910

  436.0   0.00877

  437.0   0.00837

  438.0   0.00808

  439.0   0.00829

  440.0   0.00737

  441.0   0.00704

  442.0   0.00677

  443.0   0.00642

  444.0   0.00618

  445.0   0.00599

  446.0   0.00582

  447.0   0.00551

  448.0   0.00522

  449.0   0.00498

  450.0   0.00475

  451.0   0.00439

  452.0   0.00426

  453.0   0.00393

  454.0   0.00356

  455.0   0.00332

  456.0   0.00322

  457.0   0.00320

  458.0   0.00330

  459.0   0.00300

  460.0   0.00289

  461.0   0.00263

  462.0   0.00253

  463.0   0.00227

  464.0   0.00212

  465.0   0.00194

  466.0   0.00187

  467.0   0.00194

  468.0   0.00189

  469.0   0.00188

  470.0   0.00187

  471.0   0.00188

  472.0   0.00186

  473.0   0.00187

  474.0   0.00170

  475.0   0.00168

  476.0   0.00155

  477.0   0.00146

  478.0   0.00134

  479.0   0.00126

  480.0   0.00123

  481.0   0.00120

  482.0   0.00110

  483.0   0.00101

  484.0   0.00090

  485.0   0.00086

  486.0   0.00080

  487.0   0.00093

  488.0   0.00091

  489.0   0.00086

  490.0   0.00087

  491.0   0.00077

  492.0   0.00067

  493.0   0.00058

  494.0   0.00062

  495.0   0.00061

  496.0   0.00054

  497.0   0.00060

  498.0   0.00063

  499.0   0.00063

  500.0   0.00062

  501.0   0.00064

  502.0   0.00069

  503.0   0.00073

  504.0   0.00070

  505.0   0.00074

  506.0   0.00077

  507.0   0.00074

  508.0   0.00074

  509.0   0.00079

  510.0   0.00085

  511.0   0.00092

  512.0   0.00097

  513.0   0.00100

  514.0   0.00105

  515.0   0.00105

  516.0   0.00106

  517.0   0.00102

  518.0   0.00113

  519.0   0.00113

  520.0   0.00120

  521.0   0.00123

  522.0   0.00128

  523.0   0.00130

  524.0   0.00132

  525.0   0.00140

  526.0   0.00146

  527.0   0.00157

  528.0   0.00162

  529.0   0.00166

  530.0   0.00171

  531.0   0.00177

  532.0   0.00183

  533.0   0.00185

  534.0   0.00187

  535.0   0.00188

  536.0   0.00190

  537.0   0.00191

  538.0   0.00201

  539.0   0.00199

  540.0   0.00206

  541.0   0.00217

  542.0   0.00233

  543.0   0.00239

  544.0   0.00244

  545.0   0.00256

  546.0   0.00265

  547.0   0.00270

  548.0   0.00283

  549.0   0.00288

  550.0   0.00290

  551.0   0.00298

  552.0   0.00302

  553.0   0.00300

  554.0   0.00304

  555.0   0.00301

  556.0   0.00306

  557.0   0.00470

  558.0   0.00458

  559.0   0.00450

  560.0   0.00442

  561.0   0.00440

  562.0   0.00433

  563.0   0.00424

  564.0   0.00423

  565.0   0.00420

  566.0   0.00421

  567.0   0.00416

  568.0   0.00415

  569.0   0.00406

  570.0   0.00412

  571.0   0.00400

  572.0   0.00397

  573.0   0.00391

  574.0   0.00386

  575.0   0.00381

  576.0   0.00376

  577.0   0.00378

  578.0   0.00378

  579.0   0.00377

  580.0   0.00379

  581.0   0.00377

  582.0   0.00380

  583.0   0.00380

  584.0   0.00384

  585.0   0.00388

  586.0   0.00400

  587.0   0.00409

  588.0   0.00414

  589.0   0.00414

  590.0   0.00412

  591.0   0.00412

  592.0   0.00415

  593.0   0.00421

  594.0   0.00423

  595.0   0.00426

  596.0   0.00432

  597.0   0.00437

  598.0   0.00446

  599.0   0.00450

  600.0   0.00455

  601.0   0.00457

  602.0   0.00463

  603.0   0.00463

  604.0   0.00461

  605.0   0.00461

  606.0   0.00460

  607.0   0.00461

  608.0   0.00462

  609.0   0.00459

  610.0   0.00457

  611.0   0.00460

  612.0   0.00462

  613.0   0.00461

  614.0   0.00460

  615.0   0.00461

  616.0   0.00465

  617.0   0.00462

  618.0   0.00457

  619.0   0.00461

  620.0   0.00462

  621.0   0.00461

  622.0   0.00462

  623.0   0.00456

  624.0   0.00455

  625.0   0.00451

  626.0   0.00445

  627.0   0.00447

  628.0   0.00446

  629.0   0.00447

  630.0   0.00452

  631.0   0.00453

  632.0   0.00451

  633.0   0.00448

  634.0   0.00446

  635.0   0.00449

  636.0   0.00451

  637.0   0.00454

  638.0   0.00457

  639.0   0.00458

  640.0   0.00458

  641.0   0.00455

  642.0   0.00451

  643.0   0.00450

  644.0   0.00448

  645.0   0.00448

  646.0   0.00451

  647.0   0.00453

  648.0   0.00455

  649.0   0.00458

  650.0   0.00457

  651.0   0.00454

  652.0   0.00449

  653.0   0.00448

  654.0   0.00450

  655.0   0.00445

  656.0   0.00442

  657.0   0.00441

  658.0   0.00448

  659.0   0.00454

  660.0   0.00453

  661.0   0.00455

  662.0   0.00451

  663.0   0.00441

  664.0   0.00438

  665.0   0.00432

  666.0   0.00430

  667.0   0.00425

  668.0   0.00416

  669.0   0.00418

  670.0   0.00414

  671.0   0.00413

  672.0   0.00414

  673.0   0.00411

  674.0   0.00411

  675.0   0.00413

  676.0   0.00407

  677.0   0.00401

  678.0   0.00397

  679.0   0.00392

  680.0   0.00388

  681.0   0.00391

  682.0   0.00396

  683.0   0.00389

  684.0   0.00385

  685.0   0.00386

  686.0   0.00386

  687.0   0.00382

  688.0   0.00376

  689.0   0.00372

  690.0   0.00368

  691.0   0.00359

  692.0   0.00362

  693.0   0.00365

  694.0   0.00360

  695.0   0.00359

  696.0   0.00354

  697.0   0.00350

  698.0   0.00344

  699.0   0.00338

  700.0   0.00332

  701.0   0.00330

  702.0   0.00324

  703.0   0.00320

  704.0   0.00314

  705.0   0.00310

  706.0   0.00314

  707.0   0.00310

  708.0   0.00304

  709.0   0.00299

  710.0   0.00297

  711.0   0.00291

  712.0   0.00287

  713.0   0.00278

  714.0   0.00272

  715.0   0.00272

  716.0   0.00265

  717.0   0.00263

  718.0   0.00261

  719.0   0.00252

  720.0   0.00245

  721.0   0.00238

  722.0   0.00238

  723.0   0.00227

  724.0   0.00226

  725.0   0.00219

  726.0   0.00217

  727.0   0.00216

  728.0   0.00206

  729.0   0.00208

  730.0   0.00207

  731.0   0.00197

  732.0   0.00194

  733.0   0.00193

  734.0   0.00185

  735.0   0.00185

  736.0   0.00389

  737.0   0.00365

  738.0   0.00350

  739.0   0.00336

  740.0   0.00318

  741.0   0.00301

  742.0   0.00295

  743.0   0.00287

  744.0   0.00275

  745.0   0.00262

  746.0   0.00250

  747.0   0.00245

  748.0   0.00231

  749.0   0.00223

  750.0   0.00220

  751.0   0.00217

  752.0   0.00201

  753.0   0.00187

  754.0   0.00190

  755.0   0.00179

  756.0   0.00174

  757.0   0.00169

  758.0   0.00166

  759.0   0.00166

  760.0   0.00161

  761.0   0.00161

  762.0   0.00145

  763.0   0.00140

  764.0   0.00137

  765.0   0.00137

  766.0   0.00137

  767.0   0.00132

  768.0   0.00129

  769.0   0.00118

  770.0   0.00113

  771.0   0.00113

  772.0   0.00116

  773.0   0.00114

  774.0   0.00114

  775.0   0.00117

  776.0   0.00117

  777.0   0.00117

  778.0   0.00117

  779.0   0.00112

  780.0   0.00115

  781.0   0.00110

  782.0   0.00104

  783.0   0.00110

  784.0   0.00110

  785.0   0.00108

  786.0   0.00111

  787.0   0.00099

  788.0   0.00105

  789.0   0.00103

  790.0   0.00094

  791.0   0.00092

  792.0   0.00086

  793.0   0.00083

  794.0   0.00084

  795.0   0.00078

  796.0   0.00084

  797.0   0.00078

  798.0   0.00081

  799.0   0.00078

  800.0   0.00067

 
