ser ID: DU600

Method ID: A:\DEFAULT

Date: 08/08/00

Time: 04:39

 200.0   3.14426

  201.0   3.21484

  202.0   3.25431

  203.0   2.81447

  204.0   3.32980

  205.0   3.36511

  206.0   3.39707

  207.0   3.42797

  208.0   3.45894

  209.0   3.49192

  210.0   3.52022

  211.0   3.24711

  212.0   3.57588

  213.0   3.60649

  214.0   3.63155

  215.0   3.65495

  216.0   3.67742

  217.0   3.70252

  218.0   3.72346

  219.0   3.26505

  220.0   3.75891

  221.0   3.77437

  222.0   3.78979

  223.0   3.80298

  224.0   3.81591

  225.0   3.82930

  226.0   3.84292

  227.0   3.25310

  228.0   3.86729

  229.0   3.87852

  230.0   3.89081

  231.0   3.90124

  232.0   3.91036

  233.0   3.91887

  234.0   3.92650

  235.0   3.63094

  236.0   3.63523

  237.0   3.93972

  238.0   3.94226

  239.0   3.94379

  240.0   3.94478

  241.0   3.94404

  242.0   3.94315

  243.0   3.94156

  244.0   3.24040

  245.0   3.45994

  246.0   3.93379

  247.0   3.92978

  248.0   3.92588

  249.0   3.62076

  250.0   3.13862

  251.0   3.00892

  252.0   2.90704

  253.0   2.72586

  254.0   2.57480

  255.0   2.45967

  256.0   2.32900

  257.0   2.18999

  258.0   2.02253

  259.0   1.86747

  260.0   1.76421

  261.0   1.66715

  262.0   1.59249

  263.0   1.52159

  264.0   1.44690

  265.0   1.39074

  266.0   1.34125

  267.0   1.29243

  268.0   1.24814

  269.0   1.20324

  270.0   1.17315

  271.0   1.14655

  272.0   1.11234

  273.0   1.08067

  274.0   1.04855

  275.0   1.00820

  276.0   0.98070

  277.0   0.94573

  278.0   0.90467

  279.0   0.87298

  280.0   0.84116

  281.0   0.80269

  282.0   0.77191

  283.0   0.73842

  284.0   0.70209

  285.0   0.66432

  286.0   0.63053

  287.0   0.59766

  288.0   0.56285

  289.0   0.53219

  290.0   0.50300

  291.0   0.47575

  292.0   0.44773

  293.0   0.42303

  294.0   0.39726

  295.0   0.37184

  296.0   0.34852

  297.0   0.32721

  298.0   0.30576

  299.0   0.28427

  300.0   0.26577

  301.0   0.25043

  302.0   0.23457

  303.0   0.22229

  304.0   0.21171

  305.0   0.20180

  306.0   0.19094

  307.0   0.18165

  308.0   0.17373

  309.0   0.16628

  310.0   0.15958

  311.0   0.15200

  312.0   0.14560

  313.0   0.14057

  314.0   0.13549

  315.0   0.13197

  316.0   0.12750

  317.0   0.12391

  318.0   0.12103

  319.0   0.11784

  320.0   0.11564

  321.0   0.11495

  322.0   0.11312

  323.0   0.11205

  324.0   0.11207

  325.0   0.11251

  326.0   0.11281

  327.0   0.11550

  328.0   0.11694

  329.0   0.11891

  330.0   0.12200

  331.0   0.12337

  332.0   0.12638

  333.0   0.12889

  334.0   0.13208

  335.0   0.13694

  336.0   0.14126

  337.0   0.14561

  338.0   0.14967

  339.0   0.15404

  340.0   0.15766

  341.0   0.16213

  342.0   0.16587

  343.0   0.17176

  344.0   0.17623

  345.0   0.18126

  346.0   0.18506

  347.0   0.18972

  348.0   0.19247

  349.0   0.19583

  350.0   0.19849

  351.0   0.20233

  352.0   0.20407

  353.0   0.20565

  354.0   0.20753

  355.0   0.20833

  356.0   0.20909

  357.0   0.20928

  358.0   0.20967

  359.0   0.20903

  360.0   0.20681

  361.0   0.20514

  362.0   0.20297

  363.0   0.20001

  364.0   0.19842

  365.0   0.19476

  366.0   0.19114

  367.0   0.18735

  368.0   0.18470

  369.0   0.18130

  370.0   0.17709

  371.0   0.17456

  372.0   0.17061

  373.0   0.16604

  374.0   0.16218

  375.0   0.15847

  376.0   0.15494

  377.0   0.15166

  378.0   0.14769

  379.0   0.14408

  380.0   0.14008

  381.0   0.13633

  382.0   0.13244

  383.0   0.12871

  384.0   0.12497

  385.0   0.12156

  386.0   0.11822

  387.0   0.11461

  388.0   0.11155

  389.0   0.10777

  390.0   0.10481

  391.0   0.10187

  392.0   0.09876

  393.0   0.09599

  394.0   0.09309

  395.0   0.09087

  396.0   0.08822

  397.0   0.08589

  398.0   0.08431

  399.0   0.08197

  400.0   0.07987

  401.0   0.07790

  402.0   0.07574

  403.0   0.07388

  404.0   0.07242

  405.0   0.07125

  406.0   0.06979

  407.0   0.06795

  408.0   0.06644

  409.0   0.06496

  410.0   0.06332

  411.0   0.06201

  412.0   0.06038

  413.0   0.05900

  414.0   0.05748

  415.0   0.05673

  416.0   0.05422

  417.0   0.05236

  418.0   0.05094

  419.0   0.04912

  420.0   0.04773

  421.0   0.04600

  422.0   0.04423

  423.0   0.04264

  424.0   0.04078

  425.0   0.03934

  426.0   0.03742

  427.0   0.03623

  428.0   0.03454

  429.0   0.03291

  430.0   0.03160

  431.0   0.03009

  432.0   0.02889

  433.0   0.02749

  434.0   0.02631

  435.0   0.02500

  436.0   0.02370

  437.0   0.02270

  438.0   0.02170

  439.0   0.02115

  440.0   0.01950

  441.0   0.01849

  442.0   0.01755

  443.0   0.01648

  444.0   0.01584

  445.0   0.01506

  446.0   0.01435

  447.0   0.01354

  448.0   0.01287

  449.0   0.01216

  450.0   0.01154

  451.0   0.01084

  452.0   0.01022

  453.0   0.00948

  454.0   0.00876

  455.0   0.00815

  456.0   0.00763

  457.0   0.00729

  458.0   0.00699

  459.0   0.00642

  460.0   0.00601

  461.0   0.00549

  462.0   0.00512

  463.0   0.00467

  464.0   0.00426

  465.0   0.00396

  466.0   0.00355

  467.0   0.00345

  468.0   0.00308

  469.0   0.00283

  470.0   0.00258

  471.0   0.00241

  472.0   0.00221

  473.0   0.00200

  474.0   0.00176

  475.0   0.00156

  476.0   0.00126

  477.0   0.00112

  478.0   0.00087

  479.0   0.00072

  480.0   0.00055

  481.0   0.00041

  482.0   0.00033

  483.0   0.00007

  484.0  -0.00007

  485.0  -0.00019

  486.0  -0.00037

  487.0  -0.00044

  488.0  -0.00052

  489.0  -0.00065

  490.0  -0.00073

  491.0  -0.00083

  492.0  -0.00102

  493.0  -0.00109

  494.0  -0.00112

  495.0  -0.00120

  496.0  -0.00127

  497.0  -0.00130

  498.0  -0.00135

  499.0  -0.00142

  500.0  -0.00152

  501.0  -0.00153

  502.0  -0.00160

  503.0  -0.00162

  504.0  -0.00175

  505.0  -0.00176

  506.0  -0.00176

  507.0  -0.00179

  508.0  -0.00180

  509.0  -0.00186

  510.0  -0.00185

  511.0  -0.00188

  512.0  -0.00195

  513.0  -0.00199

  514.0  -0.00204

  515.0  -0.00212

  516.0  -0.00215

  517.0  -0.00224

  518.0  -0.00225

  519.0  -0.00224

  520.0  -0.00220

  521.0  -0.00218

  522.0  -0.00219

  523.0  -0.00219

  524.0  -0.00224

  525.0  -0.00226

  526.0  -0.00222

  527.0  -0.00221

  528.0  -0.00219

  529.0  -0.00223

  530.0  -0.00219

  531.0  -0.00219

  532.0  -0.00227

  533.0  -0.00227

  534.0  -0.00232

  535.0  -0.00236

  536.0  -0.00238

  537.0  -0.00241

  538.0  -0.00242

  539.0  -0.00241

  540.0  -0.00241

  541.0  -0.00240

  542.0  -0.00237

  543.0  -0.00237

  544.0  -0.00236

  545.0  -0.00236

  546.0  -0.00235

  547.0  -0.00234

  548.0  -0.00237

  549.0  -0.00241

  550.0  -0.00250

  551.0  -0.00249

  552.0  -0.00251

  553.0  -0.00258

  554.0  -0.00258

  555.0  -0.00258

  556.0  -0.00258

  557.0  -0.00249

  558.0  -0.00253

  559.0  -0.00257

  560.0  -0.00261

  561.0  -0.00264

  562.0  -0.00269

  563.0  -0.00274

  564.0  -0.00272

  565.0  -0.00273

  566.0  -0.00268

  567.0  -0.00273

  568.0  -0.00271

  569.0  -0.00273

  570.0  -0.00274

  571.0  -0.00278

  572.0  -0.00280

  573.0  -0.00282

  574.0  -0.00287

  575.0  -0.00285

  576.0  -0.00291

  577.0  -0.00287

  578.0  -0.00287

  579.0  -0.00287

  580.0  -0.00287

  581.0  -0.00294

  582.0  -0.00288

  583.0  -0.00292

  584.0  -0.00293

  585.0  -0.00293

  586.0  -0.00292

  587.0  -0.00286

  588.0  -0.00283

  589.0  -0.00287

  590.0  -0.00293

  591.0  -0.00293

  592.0  -0.00296

  593.0  -0.00296

  594.0  -0.00298

  595.0  -0.00299

  596.0  -0.00299

  597.0  -0.00293

  598.0  -0.00293

  599.0  -0.00296

  600.0  -0.00296

  601.0  -0.00300

  602.0  -0.00299

  603.0  -0.00300

  604.0  -0.00304

  605.0  -0.00303

  606.0  -0.00309

  607.0  -0.00310

  608.0  -0.00312

  609.0  -0.00316

  610.0  -0.00317

  611.0  -0.00318

  612.0  -0.00316

  613.0  -0.00318

  614.0  -0.00317

  615.0  -0.00317

  616.0  -0.00318

  617.0  -0.00320

  618.0  -0.00328

  619.0  -0.00324

  620.0  -0.00328

  621.0  -0.00323

  622.0  -0.00322

  623.0  -0.00318

  624.0  -0.00316

  625.0  -0.00319

  626.0  -0.00323

  627.0  -0.00321

  628.0  -0.00324

  629.0  -0.00324

  630.0  -0.00322

  631.0  -0.00320

  632.0  -0.00326

  633.0  -0.00327

  634.0  -0.00325

  635.0  -0.00323

  636.0  -0.00325

  637.0  -0.00323

  638.0  -0.00321

  639.0  -0.00321

  640.0  -0.00319

  641.0  -0.00317

  642.0  -0.00321

  643.0  -0.00326

  644.0  -0.00324

  645.0  -0.00326

  646.0  -0.00324

  647.0  -0.00322

  648.0  -0.00324

  649.0  -0.00323

  650.0  -0.00323

  651.0  -0.00326

  652.0  -0.00328

  653.0  -0.00328

  654.0  -0.00325

  655.0  -0.00327

  656.0  -0.00328

  657.0  -0.00331

  658.0  -0.00323

  659.0  -0.00317

  660.0  -0.00317

  661.0  -0.00315

  662.0  -0.00320

  663.0  -0.00320

  664.0  -0.00321

  665.0  -0.00320

  666.0  -0.00317

  667.0  -0.00321

  668.0  -0.00328

  669.0  -0.00325

  670.0  -0.00326

  671.0  -0.00327

  672.0  -0.00320

  673.0  -0.00320

  674.0  -0.00314

  675.0  -0.00312

  676.0  -0.00316

  677.0  -0.00315

  678.0  -0.00316

  679.0  -0.00316

  680.0  -0.00315

  681.0  -0.00313

  682.0  -0.00311

  683.0  -0.00314

  684.0  -0.00315

  685.0  -0.00312

  686.0  -0.00312

  687.0  -0.00311

  688.0  -0.00309

  689.0  -0.00308

  690.0  -0.00309

  691.0  -0.00311

  692.0  -0.00305

  693.0  -0.00306

  694.0  -0.00306

  695.0  -0.00307

  696.0  -0.00307

  697.0  -0.00306

  698.0  -0.00306

  699.0  -0.00306

  700.0  -0.00302

  701.0  -0.00296

  702.0  -0.00299

  703.0  -0.00299

  704.0  -0.00302

  705.0  -0.00300

  706.0  -0.00294

  707.0  -0.00294

  708.0  -0.00290

  709.0  -0.00293

  710.0  -0.00299

  711.0  -0.00297

  712.0  -0.00299

  713.0  -0.00305

  714.0  -0.00305

  715.0  -0.00305

  716.0  -0.00303

  717.0  -0.00305

  718.0  -0.00301

  719.0  -0.00305

  720.0  -0.00301

  721.0  -0.00303

  722.0  -0.00302

  723.0  -0.00302

  724.0  -0.00302

  725.0  -0.00307

  726.0  -0.00305

  727.0  -0.00301

  728.0  -0.00308

  729.0  -0.00308

  730.0  -0.00303

  731.0  -0.00306

  732.0  -0.00301

  733.0  -0.00301

  734.0  -0.00298

  735.0  -0.00299

  736.0  -0.00242

  737.0  -0.00253

  738.0  -0.00249

  739.0  -0.00257

  740.0  -0.00262

  741.0  -0.00264

  742.0  -0.00264

  743.0  -0.00269

  744.0  -0.00271

  745.0  -0.00273

  746.0  -0.00276

  747.0  -0.00276

  748.0  -0.00276

  749.0  -0.00284

  750.0  -0.00281

  751.0  -0.00284

  752.0  -0.00292

  753.0  -0.00294

  754.0  -0.00292

  755.0  -0.00292

  756.0  -0.00287

  757.0  -0.00293

  758.0  -0.00293

  759.0  -0.00290

  760.0  -0.00291

  761.0  -0.00294

  762.0  -0.00299

  763.0  -0.00305

  764.0  -0.00303

  765.0  -0.00308

  766.0  -0.00311

  767.0  -0.00306

  768.0  -0.00309

  769.0  -0.00315

  770.0  -0.00316

  771.0  -0.00322

  772.0  -0.00322

  773.0  -0.00325

  774.0  -0.00318

  775.0  -0.00296

  776.0  -0.00269

  777.0  -0.00250

  778.0  -0.00250

  779.0  -0.00256

  780.0  -0.00260

  781.0  -0.00263

  782.0  -0.00263

  783.0  -0.00255

  784.0  -0.00253

  785.0  -0.00254

  786.0  -0.00254

  787.0  -0.00252

  788.0  -0.00252

  789.0  -0.00259

  790.0  -0.00265

  791.0  -0.00260

  792.0  -0.00266

  793.0  -0.00264

  794.0  -0.00258

  795.0  -0.00268

  796.0  -0.00259

  797.0  -0.00263

  798.0  -0.00263

  799.0  -0.00266

  800.0  -0.00272

 
