ser ID: DU600

Method ID: A:\DEFAULT

Date: 08/08/00

Time: 04:58

 200.0   3.14426

  201.0   3.21484

  202.0   3.25431

  203.0   3.29159

  204.0   3.32980

  205.0   3.36511

  206.0   3.39707

  207.0   3.42797

  208.0   3.45894

  209.0   3.49192

  210.0   3.21919

  211.0   3.54814

  212.0   3.57588

  213.0   3.60649

  214.0   3.63155

  215.0   3.65495

  216.0   3.67742

  217.0   3.70252

  218.0   3.72346

  219.0   3.74217

  220.0   3.75891

  221.0   3.47334

  222.0   3.31267

  223.0   3.32586

  224.0   3.81591

  225.0   3.82930

  226.0   3.84292

  227.0   3.85516

  228.0   3.86729

  229.0   3.87852

  230.0   3.89081

  231.0   3.90124

  232.0   3.91036

  233.0   3.44175

  234.0   3.92650

  235.0   3.32991

  236.0   3.93626

  237.0   3.93972

  238.0   3.94226

  239.0   3.94379

  240.0   3.94478

  241.0   3.34198

  242.0   3.94315

  243.0   3.16341

  244.0   3.63834

  245.0   3.93707

  246.0   3.93379

  247.0   3.92978

  248.0   3.92588

  249.0   3.92179

  250.0   3.91677

  251.0   3.00892

  252.0   3.20807

  253.0   2.67150

  254.0   2.51681

  255.0   2.33473

  256.0   2.19511

  257.0   2.08779

  258.0   1.96530

  259.0   1.84628

  260.0   1.75053

  261.0   1.64516

  262.0   1.55772

  263.0   1.46699

  264.0   1.40632

  265.0   1.33871

  266.0   1.28866

  267.0   1.24680

  268.0   1.21384

  269.0   1.17183

  270.0   1.13870

  271.0   1.10391

  272.0   1.07417

  273.0   1.04401

  274.0   1.00694

  275.0   0.97534

  276.0   0.94212

  277.0   0.90995

  278.0   0.87356

  279.0   0.84095

  280.0   0.80940

  281.0   0.77136

  282.0   0.74101

  283.0   0.71158

  284.0   0.67630

  285.0   0.64121

  286.0   0.60761

  287.0   0.57499

  288.0   0.54114

  289.0   0.51457

  290.0   0.48609

  291.0   0.46027

  292.0   0.43441

  293.0   0.41080

  294.0   0.38819

  295.0   0.36344

  296.0   0.34055

  297.0   0.31901

  298.0   0.29908

  299.0   0.27871

  300.0   0.26188

  301.0   0.24770

  302.0   0.23305

  303.0   0.22205

  304.0   0.21232

  305.0   0.20192

  306.0   0.19212

  307.0   0.18340

  308.0   0.17617

  309.0   0.16928

  310.0   0.16349

  311.0   0.15775

  312.0   0.15125

  313.0   0.14566

  314.0   0.14154

  315.0   0.13746

  316.0   0.13326

  317.0   0.12983

  318.0   0.12641

  319.0   0.12327

  320.0   0.12137

  321.0   0.12109

  322.0   0.11817

  323.0   0.11748

  324.0   0.11739

  325.0   0.11748

  326.0   0.11754

  327.0   0.11833

  328.0   0.11978

  329.0   0.12177

  330.0   0.12370

  331.0   0.12599

  332.0   0.12808

  333.0   0.13033

  334.0   0.13313

  335.0   0.13615

  336.0   0.13848

  337.0   0.14189

  338.0   0.14488

  339.0   0.14815

  340.0   0.15269

  341.0   0.15660

  342.0   0.15910

  343.0   0.16386

  344.0   0.16774

  345.0   0.17107

  346.0   0.17372

  347.0   0.17705

  348.0   0.18003

  349.0   0.18291

  350.0   0.18480

  351.0   0.18726

  352.0   0.18894

  353.0   0.19043

  354.0   0.19178

  355.0   0.19179

  356.0   0.19204

  357.0   0.19239

  358.0   0.19265

  359.0   0.19126

  360.0   0.18972

  361.0   0.18707

  362.0   0.18495

  363.0   0.18310

  364.0   0.18147

  365.0   0.17826

  366.0   0.17464

  367.0   0.17103

  368.0   0.16758

  369.0   0.16479

  370.0   0.16137

  371.0   0.15854

  372.0   0.15484

  373.0   0.15167

  374.0   0.14808

  375.0   0.14479

  376.0   0.14075

  377.0   0.13793

  378.0   0.13373

  379.0   0.13044

  380.0   0.12750

  381.0   0.12382

  382.0   0.12037

  383.0   0.11718

  384.0   0.11414

  385.0   0.11088

  386.0   0.10772

  387.0   0.10442

  388.0   0.10124

  389.0   0.09809

  390.0   0.09516

  391.0   0.09276

  392.0   0.09000

  393.0   0.08779

  394.0   0.08534

  395.0   0.08323

  396.0   0.08074

  397.0   0.07874

  398.0   0.07742

  399.0   0.07508

  400.0   0.07316

  401.0   0.07146

  402.0   0.06963

  403.0   0.06804

  404.0   0.06662

  405.0   0.06555

  406.0   0.06428

  407.0   0.06252

  408.0   0.06128

  409.0   0.05970

  410.0   0.05850

  411.0   0.05733

  412.0   0.05563

  413.0   0.05425

  414.0   0.05278

  415.0   0.05201

  416.0   0.05002

  417.0   0.04840

  418.0   0.04681

  419.0   0.04502

  420.0   0.04384

  421.0   0.04222

  422.0   0.04056

  423.0   0.03915

  424.0   0.03747

  425.0   0.03596

  426.0   0.03437

  427.0   0.03296

  428.0   0.03157

  429.0   0.03002

  430.0   0.02879

  431.0   0.02742

  432.0   0.02629

  433.0   0.02495

  434.0   0.02396

  435.0   0.02265

  436.0   0.02147

  437.0   0.02058

  438.0   0.01968

  439.0   0.01934

  440.0   0.01772

  441.0   0.01675

  442.0   0.01594

  443.0   0.01515

  444.0   0.01453

  445.0   0.01382

  446.0   0.01317

  447.0   0.01243

  448.0   0.01187

  449.0   0.01113

  450.0   0.01052

  451.0   0.00988

  452.0   0.00935

  453.0   0.00870

  454.0   0.00808

  455.0   0.00760

  456.0   0.00709

  457.0   0.00683

  458.0   0.00654

  459.0   0.00605

  460.0   0.00569

  461.0   0.00516

  462.0   0.00480

  463.0   0.00439

  464.0   0.00406

  465.0   0.00389

  466.0   0.00359

  467.0   0.00345

  468.0   0.00318

  469.0   0.00297

  470.0   0.00278

  471.0   0.00268

  472.0   0.00241

  473.0   0.00231

  474.0   0.00212

  475.0   0.00198

  476.0   0.00172

  477.0   0.00154

  478.0   0.00134

  479.0   0.00120

  480.0   0.00107

  481.0   0.00090

  482.0   0.00078

  483.0   0.00059

  484.0   0.00041

  485.0   0.00029

  486.0   0.00019

  487.0   0.00009

  488.0  -0.00000

  489.0  -0.00009

  490.0  -0.00016

  491.0  -0.00020

  492.0  -0.00039

  493.0  -0.00052

  494.0  -0.00053

  495.0  -0.00061

  496.0  -0.00064

  497.0  -0.00068

  498.0  -0.00071

  499.0  -0.00077

  500.0  -0.00086

  501.0  -0.00088

  502.0  -0.00091

  503.0  -0.00096

  504.0  -0.00101

  505.0  -0.00102

  506.0  -0.00098

  507.0  -0.00105

  508.0  -0.00104

  509.0  -0.00109

  510.0  -0.00107

  511.0  -0.00108

  512.0  -0.00111

  513.0  -0.00116

  514.0  -0.00114

  515.0  -0.00125

  516.0  -0.00128

  517.0  -0.00138

  518.0  -0.00138

  519.0  -0.00141

  520.0  -0.00136

  521.0  -0.00135

  522.0  -0.00133

  523.0  -0.00137

  524.0  -0.00140

  525.0  -0.00135

  526.0  -0.00135

  527.0  -0.00129

  528.0  -0.00131

  529.0  -0.00131

  530.0  -0.00126

  531.0  -0.00130

  532.0  -0.00132

  533.0  -0.00128

  534.0  -0.00127

  535.0  -0.00131

  536.0  -0.00135

  537.0  -0.00135

  538.0  -0.00134

  539.0  -0.00132

  540.0  -0.00135

  541.0  -0.00131

  542.0  -0.00128

  543.0  -0.00130

  544.0  -0.00128

  545.0  -0.00124

  546.0  -0.00124

  547.0  -0.00117

  548.0  -0.00113

  549.0  -0.00115

  550.0  -0.00117

  551.0  -0.00120

  552.0  -0.00123

  553.0  -0.00132

  554.0  -0.00134

  555.0  -0.00134

  556.0  -0.00131

  557.0  -0.00064

  558.0  -0.00070

  559.0  -0.00068

  560.0  -0.00072

  561.0  -0.00074

  562.0  -0.00078

  563.0  -0.00084

  564.0  -0.00084

  565.0  -0.00085

  566.0  -0.00082

  567.0  -0.00086

  568.0  -0.00083

  569.0  -0.00089

  570.0  -0.00084

  571.0  -0.00094

  572.0  -0.00096

  573.0  -0.00101

  574.0  -0.00103

  575.0  -0.00108

  576.0  -0.00113

  577.0  -0.00107

  578.0  -0.00104

  579.0  -0.00105

  580.0  -0.00107

  581.0  -0.00108

  582.0  -0.00105

  583.0  -0.00109

  584.0  -0.00106

  585.0  -0.00109

  586.0  -0.00105

  587.0  -0.00097

  588.0  -0.00094

  589.0  -0.00100

  590.0  -0.00101

  591.0  -0.00101

  592.0  -0.00094

  593.0  -0.00092

  594.0  -0.00094

  595.0  -0.00091

  596.0  -0.00089

  597.0  -0.00085

  598.0  -0.00083

  599.0  -0.00086

  600.0  -0.00084

  601.0  -0.00086

  602.0  -0.00085

  603.0  -0.00088

  604.0  -0.00085

  605.0  -0.00088

  606.0  -0.00089

  607.0  -0.00092

  608.0  -0.00092

  609.0  -0.00095

  610.0  -0.00097

  611.0  -0.00097

  612.0  -0.00093

  613.0  -0.00091

  614.0  -0.00092

  615.0  -0.00090

  616.0  -0.00089

  617.0  -0.00088

  618.0  -0.00093

  619.0  -0.00090

  620.0  -0.00089

  621.0  -0.00088

  622.0  -0.00091

  623.0  -0.00094

  624.0  -0.00094

  625.0  -0.00099

  626.0  -0.00102

  627.0  -0.00098

  628.0  -0.00100

  629.0  -0.00097

  630.0  -0.00098

  631.0  -0.00095

  632.0  -0.00098

  633.0  -0.00099

  634.0  -0.00103

  635.0  -0.00101

  636.0  -0.00101

  637.0  -0.00099

  638.0  -0.00094

  639.0  -0.00092

  640.0  -0.00094

  641.0  -0.00094

  642.0  -0.00096

  643.0  -0.00096

  644.0  -0.00097

  645.0  -0.00096

  646.0  -0.00092

  647.0  -0.00086

  648.0  -0.00084

  649.0  -0.00084

  650.0  -0.00081

  651.0  -0.00084

  652.0  -0.00084

  653.0  -0.00088

  654.0  -0.00088

  655.0  -0.00089

  656.0  -0.00091

  657.0  -0.00095

  658.0  -0.00083

  659.0  -0.00077

  660.0  -0.00075

  661.0  -0.00073

  662.0  -0.00077

  663.0  -0.00079

  664.0  -0.00079

  665.0  -0.00081

  666.0  -0.00079

  667.0  -0.00083

  668.0  -0.00088

  669.0  -0.00083

  670.0  -0.00083

  671.0  -0.00081

  672.0  -0.00078

  673.0  -0.00080

  674.0  -0.00073

  675.0  -0.00067

  676.0  -0.00070

  677.0  -0.00070

  678.0  -0.00078

  679.0  -0.00078

  680.0  -0.00078

  681.0  -0.00075

  682.0  -0.00074

  683.0  -0.00077

  684.0  -0.00076

  685.0  -0.00069

  686.0  -0.00067

  687.0  -0.00064

  688.0  -0.00063

  689.0  -0.00065

  690.0  -0.00067

  691.0  -0.00071

  692.0  -0.00071

  693.0  -0.00068

  694.0  -0.00073

  695.0  -0.00074

  696.0  -0.00074

  697.0  -0.00078

  698.0  -0.00077

  699.0  -0.00079

  700.0  -0.00077

  701.0  -0.00072

  702.0  -0.00073

  703.0  -0.00069

  704.0  -0.00071

  705.0  -0.00074

  706.0  -0.00070

  707.0  -0.00071

  708.0  -0.00071

  709.0  -0.00078

  710.0  -0.00080

  711.0  -0.00078

  712.0  -0.00079

  713.0  -0.00084

  714.0  -0.00084

  715.0  -0.00083

  716.0  -0.00083

  717.0  -0.00084

  718.0  -0.00084

  719.0  -0.00089

  720.0  -0.00090

  721.0  -0.00093

  722.0  -0.00091

  723.0  -0.00094

  724.0  -0.00093

  725.0  -0.00096

  726.0  -0.00097

  727.0  -0.00093

  728.0  -0.00101

  729.0  -0.00099

  730.0  -0.00100

  731.0  -0.00103

  732.0  -0.00101

  733.0  -0.00100

  734.0  -0.00103

  735.0  -0.00101

  736.0   0.00019

  737.0   0.00003

  738.0  -0.00003

  739.0  -0.00011

  740.0  -0.00016

  741.0  -0.00030

  742.0  -0.00030

  743.0  -0.00038

  744.0  -0.00041

  745.0  -0.00046

  746.0  -0.00052

  747.0  -0.00051

  748.0  -0.00054

  749.0  -0.00060

  750.0  -0.00060

  751.0  -0.00060

  752.0  -0.00068

  753.0  -0.00070

  754.0  -0.00070

  755.0  -0.00073

  756.0  -0.00073

  757.0  -0.00073

  758.0  -0.00079

  759.0  -0.00079

  760.0  -0.00079

  761.0  -0.00082

  762.0  -0.00090

  763.0  -0.00096

  764.0  -0.00096

  765.0  -0.00096

  766.0  -0.00099

  767.0  -0.00096

  768.0  -0.00099

  769.0  -0.00107

  770.0  -0.00110

  771.0  -0.00108

  772.0  -0.00105

  773.0  -0.00105

  774.0  -0.00111

  775.0  -0.00108

  776.0  -0.00108

  777.0  -0.00111

  778.0  -0.00111

  779.0  -0.00114

  780.0  -0.00115

  781.0  -0.00123

  782.0  -0.00121

  783.0  -0.00112

  784.0  -0.00110

  785.0  -0.00113

  786.0  -0.00110

  787.0  -0.00119

  788.0  -0.00122

  789.0  -0.00122

  790.0  -0.00131

  791.0  -0.00134

  792.0  -0.00135

  793.0  -0.00143

  794.0  -0.00141

  795.0  -0.00147

  796.0  -0.00144

  797.0  -0.00147

  798.0  -0.00148

  799.0  -0.00148

  800.0  -0.00157

 
