ser ID: DU600

Method ID: A:\DEFAULT

Date: 08/08/00

Time: 05:06

 200.0   2.24117

  201.0   3.21484

  202.0   3.25431

  203.0   3.29159

  204.0   3.32980

  205.0   2.76305

  206.0   3.09604

  207.0   2.82591

  208.0   3.45894

  209.0   3.49192

  210.0   3.52022

  211.0   3.54814

  212.0   3.57588

  213.0   3.60649

  214.0   3.63155

  215.0   3.65495

  216.0   3.67742

  217.0   3.70252

  218.0   3.72346

  219.0   3.74217

  220.0   3.28179

  221.0   3.17231

  222.0   3.78979

  223.0   3.80298

  224.0   3.81591

  225.0   3.82930

  226.0   3.84292

  227.0   3.85516

  228.0   3.86729

  229.0   3.87852

  230.0   3.89081

  231.0   3.90124

  232.0   3.91036

  233.0   3.44175

  234.0   3.62547

  235.0   3.63094

  236.0   3.93626

  237.0   3.93972

  238.0   3.94226

  239.0   3.94379

  240.0   3.94478

  241.0   3.94404

  242.0   3.94315

  243.0   3.64053

  244.0   3.93937

  245.0   3.93707

  246.0   3.33173

  247.0   3.15163

  248.0   3.22691

  249.0   3.22282

  250.0   3.13862

  251.0   3.43489

  252.0   3.06194

  253.0   2.67150

  254.0   2.59599

  255.0   2.41391

  256.0   2.25184

  257.0   2.08084

  258.0   1.92930

  259.0   1.80677

  260.0   1.69380

  261.0   1.60182

  262.0   1.51532

  263.0   1.44554

  264.0   1.38582

  265.0   1.33315

  266.0   1.28111

  267.0   1.23298

  268.0   1.19448

  269.0   1.15499

  270.0   1.12108

  271.0   1.09173

  272.0   1.05628

  273.0   1.02416

  274.0   0.98789

  275.0   0.96013

  276.0   0.92978

  277.0   0.89507

  278.0   0.85932

  279.0   0.82771

  280.0   0.79660

  281.0   0.76001

  282.0   0.72847

  283.0   0.69875

  284.0   0.66546

  285.0   0.63026

  286.0   0.59773

  287.0   0.56609

  288.0   0.53315

  289.0   0.50544

  290.0   0.47908

  291.0   0.45304

  292.0   0.42683

  293.0   0.40454

  294.0   0.38294

  295.0   0.35815

  296.0   0.33694

  297.0   0.31616

  298.0   0.29606

  299.0   0.27637

  300.0   0.25948

  301.0   0.24511

  302.0   0.23079

  303.0   0.22020

  304.0   0.21110

  305.0   0.20156

  306.0   0.19212

  307.0   0.18398

  308.0   0.17663

  309.0   0.16986

  310.0   0.16512

  311.0   0.15845

  312.0   0.15218

  313.0   0.14601

  314.0   0.14177

  315.0   0.13840

  316.0   0.13433

  317.0   0.13138

  318.0   0.12858

  319.0   0.12582

  320.0   0.12358

  321.0   0.12282

  322.0   0.11931

  323.0   0.11951

  324.0   0.11930

  325.0   0.11902

  326.0   0.11935

  327.0   0.12027

  328.0   0.12134

  329.0   0.12294

  330.0   0.12527

  331.0   0.12546

  332.0   0.12782

  333.0   0.13007

  334.0   0.13168

  335.0   0.13509

  336.0   0.13743

  337.0   0.14110

  338.0   0.14369

  339.0   0.14709

  340.0   0.15003

  341.0   0.15393

  342.0   0.15642

  343.0   0.16076

  344.0   0.16383

  345.0   0.16633

  346.0   0.16991

  347.0   0.17200

  348.0   0.17455

  349.0   0.17741

  350.0   0.17942

  351.0   0.18074

  352.0   0.18295

  353.0   0.18385

  354.0   0.18503

  355.0   0.18558

  356.0   0.18523

  357.0   0.18637

  358.0   0.18574

  359.0   0.18410

  360.0   0.18285

  361.0   0.18077

  362.0   0.17842

  363.0   0.17546

  364.0   0.17367

  365.0   0.17083

  366.0   0.16732

  367.0   0.16415

  368.0   0.16111

  369.0   0.15840

  370.0   0.15520

  371.0   0.15238

  372.0   0.14879

  373.0   0.14512

  374.0   0.14186

  375.0   0.13863

  376.0   0.13501

  377.0   0.13217

  378.0   0.12856

  379.0   0.12559

  380.0   0.12204

  381.0   0.11865

  382.0   0.11523

  383.0   0.11203

  384.0   0.10918

  385.0   0.10616

  386.0   0.10313

  387.0   0.10017

  388.0   0.09717

  389.0   0.09413

  390.0   0.09152

  391.0   0.08898

  392.0   0.08670

  393.0   0.08404

  394.0   0.08190

  395.0   0.07999

  396.0   0.07797

  397.0   0.07590

  398.0   0.07410

  399.0   0.07218

  400.0   0.07030

  401.0   0.06868

  402.0   0.06687

  403.0   0.06574

  404.0   0.06422

  405.0   0.06321

  406.0   0.06196

  407.0   0.06049

  408.0   0.05924

  409.0   0.05770

  410.0   0.05665

  411.0   0.05544

  412.0   0.05376

  413.0   0.05253

  414.0   0.05115

  415.0   0.05022

  416.0   0.04814

  417.0   0.04657

  418.0   0.04513

  419.0   0.04349

  420.0   0.04226

  421.0   0.04076

  422.0   0.03915

  423.0   0.03770

  424.0   0.03622

  425.0   0.03474

  426.0   0.03311

  427.0   0.03195

  428.0   0.03052

  429.0   0.02900

  430.0   0.02786

  431.0   0.02645

  432.0   0.02540

  433.0   0.02415

  434.0   0.02312

  435.0   0.02207

  436.0   0.02096

  437.0   0.01996

  438.0   0.01914

  439.0   0.01875

  440.0   0.01715

  441.0   0.01629

  442.0   0.01539

  443.0   0.01466

  444.0   0.01410

  445.0   0.01349

  446.0   0.01284

  447.0   0.01215

  448.0   0.01159

  449.0   0.01086

  450.0   0.01034

  451.0   0.00961

  452.0   0.00917

  453.0   0.00853

  454.0   0.00787

  455.0   0.00739

  456.0   0.00692

  457.0   0.00671

  458.0   0.00638

  459.0   0.00597

  460.0   0.00557

  461.0   0.00516

  462.0   0.00480

  463.0   0.00447

  464.0   0.00422

  465.0   0.00396

  466.0   0.00363

  467.0   0.00352

  468.0   0.00333

  469.0   0.00318

  470.0   0.00292

  471.0   0.00281

  472.0   0.00266

  473.0   0.00250

  474.0   0.00224

  475.0   0.00216

  476.0   0.00189

  477.0   0.00162

  478.0   0.00145

  479.0   0.00134

  480.0   0.00120

  481.0   0.00107

  482.0   0.00098

  483.0   0.00081

  484.0   0.00058

  485.0   0.00045

  486.0   0.00033

  487.0   0.00028

  488.0   0.00016

  489.0   0.00005

  490.0  -0.00002

  491.0  -0.00013

  492.0  -0.00024

  493.0  -0.00034

  494.0  -0.00040

  495.0  -0.00044

  496.0  -0.00048

  497.0  -0.00052

  498.0  -0.00053

  499.0  -0.00053

  500.0  -0.00058

  501.0  -0.00060

  502.0  -0.00063

  503.0  -0.00063

  504.0  -0.00070

  505.0  -0.00068

  506.0  -0.00069

  507.0  -0.00076

  508.0  -0.00080

  509.0  -0.00085

  510.0  -0.00086

  511.0  -0.00082

  512.0  -0.00089

  513.0  -0.00092

  514.0  -0.00092

  515.0  -0.00099

  516.0  -0.00104

  517.0  -0.00106

  518.0  -0.00105

  519.0  -0.00109

  520.0  -0.00110

  521.0  -0.00108

  522.0  -0.00104

  523.0  -0.00104

  524.0  -0.00106

  525.0  -0.00101

  526.0  -0.00093

  527.0  -0.00093

  528.0  -0.00092

  529.0  -0.00095

  530.0  -0.00099

  531.0  -0.00101

  532.0  -0.00101

  533.0  -0.00098

  534.0  -0.00096

  535.0  -0.00093

  536.0  -0.00097

  537.0  -0.00099

  538.0  -0.00095

  539.0  -0.00098

  540.0  -0.00098

  541.0  -0.00096

  542.0  -0.00095

  543.0  -0.00089

  544.0  -0.00087

  545.0  -0.00084

  546.0  -0.00084

  547.0  -0.00080

  548.0  -0.00078

  549.0  -0.00078

  550.0  -0.00076

  551.0  -0.00081

  552.0  -0.00079

  553.0  -0.00092

  554.0  -0.00087

  555.0  -0.00091

  556.0  -0.00091

  557.0   0.00005

  558.0  -0.00002

  559.0  -0.00002

  560.0  -0.00007

  561.0  -0.00009

  562.0  -0.00011

  563.0  -0.00018

  564.0  -0.00018

  565.0  -0.00022

  566.0  -0.00024

  567.0  -0.00028

  568.0  -0.00030

  569.0  -0.00034

  570.0  -0.00032

  571.0  -0.00040

  572.0  -0.00044

  573.0  -0.00048

  574.0  -0.00051

  575.0  -0.00051

  576.0  -0.00057

  577.0  -0.00054

  578.0  -0.00056

  579.0  -0.00052

  580.0  -0.00053

  581.0  -0.00059

  582.0  -0.00055

  583.0  -0.00056

  584.0  -0.00056

  585.0  -0.00056

  586.0  -0.00046

  587.0  -0.00040

  588.0  -0.00036

  589.0  -0.00041

  590.0  -0.00049

  591.0  -0.00048

  592.0  -0.00046

  593.0  -0.00042

  594.0  -0.00044

  595.0  -0.00040

  596.0  -0.00035

  597.0  -0.00033

  598.0  -0.00027

  599.0  -0.00025

  600.0  -0.00023

  601.0  -0.00025

  602.0  -0.00023

  603.0  -0.00021

  604.0  -0.00021

  605.0  -0.00021

  606.0  -0.00023

  607.0  -0.00019

  608.0  -0.00017

  609.0  -0.00023

  610.0  -0.00026

  611.0  -0.00026

  612.0  -0.00024

  613.0  -0.00024

  614.0  -0.00026

  615.0  -0.00022

  616.0  -0.00020

  617.0  -0.00024

  618.0  -0.00031

  619.0  -0.00030

  620.0  -0.00032

  621.0  -0.00029

  622.0  -0.00032

  623.0  -0.00032

  624.0  -0.00032

  625.0  -0.00033

  626.0  -0.00038

  627.0  -0.00040

  628.0  -0.00043

  629.0  -0.00040

  630.0  -0.00038

  631.0  -0.00038

  632.0  -0.00040

  633.0  -0.00045

  634.0  -0.00043

  635.0  -0.00041

  636.0  -0.00041

  637.0  -0.00041

  638.0  -0.00040

  639.0  -0.00038

  640.0  -0.00040

  641.0  -0.00040

  642.0  -0.00041

  643.0  -0.00040

  644.0  -0.00038

  645.0  -0.00038

  646.0  -0.00031

  647.0  -0.00028

  648.0  -0.00023

  649.0  -0.00021

  650.0  -0.00020

  651.0  -0.00023

  652.0  -0.00023

  653.0  -0.00023

  654.0  -0.00025

  655.0  -0.00025

  656.0  -0.00027

  657.0  -0.00032

  658.0  -0.00025

  659.0  -0.00020

  660.0  -0.00022

  661.0  -0.00015

  662.0  -0.00018

  663.0  -0.00022

  664.0  -0.00023

  665.0  -0.00025

  666.0  -0.00025

  667.0  -0.00029

  668.0  -0.00032

  669.0  -0.00029

  670.0  -0.00027

  671.0  -0.00025

  672.0  -0.00019

  673.0  -0.00022

  674.0  -0.00019

  675.0  -0.00019

  676.0  -0.00022

  677.0  -0.00022

  678.0  -0.00024

  679.0  -0.00026

  680.0  -0.00024

  681.0  -0.00021

  682.0  -0.00021

  683.0  -0.00025

  684.0  -0.00025

  685.0  -0.00018

  686.0  -0.00016

  687.0  -0.00012

  688.0  -0.00013

  689.0  -0.00011

  690.0  -0.00007

  691.0  -0.00011

  692.0  -0.00009

  693.0  -0.00007

  694.0  -0.00007

  695.0  -0.00011

  696.0  -0.00017

  697.0  -0.00015

  698.0  -0.00017

  699.0  -0.00019

  700.0  -0.00021

  701.0  -0.00015

  702.0  -0.00019

  703.0  -0.00027

  704.0  -0.00029

  705.0  -0.00033

  706.0  -0.00029

  707.0  -0.00027

  708.0  -0.00026

  709.0  -0.00028

  710.0  -0.00028

  711.0  -0.00026

  712.0  -0.00022

  713.0  -0.00029

  714.0  -0.00031

  715.0  -0.00033

  716.0  -0.00037

  717.0  -0.00038

  718.0  -0.00038

  719.0  -0.00043

  720.0  -0.00043

  721.0  -0.00043

  722.0  -0.00044

  723.0  -0.00050

  724.0  -0.00051

  725.0  -0.00054

  726.0  -0.00058

  727.0  -0.00052

  728.0  -0.00062

  729.0  -0.00060

  730.0  -0.00060

  731.0  -0.00063

  732.0  -0.00061

  733.0  -0.00059

  734.0  -0.00062

  735.0  -0.00062

  736.0   0.00058

  737.0   0.00050

  738.0   0.00041

  739.0   0.00030

  740.0   0.00019

  741.0   0.00011

  742.0   0.00005

  743.0  -0.00003

  744.0  -0.00005

  745.0  -0.00011

  746.0  -0.00019

  747.0  -0.00016

  748.0  -0.00022

  749.0  -0.00030

  750.0  -0.00030

  751.0  -0.00027

  752.0  -0.00035

  753.0  -0.00038

  754.0  -0.00035

  755.0  -0.00046

  756.0  -0.00049

  757.0  -0.00052

  758.0  -0.00057

  759.0  -0.00054

  760.0  -0.00054

  761.0  -0.00057

  762.0  -0.00063

  763.0  -0.00068

  764.0  -0.00068

  765.0  -0.00074

  766.0  -0.00077

  767.0  -0.00077

  768.0  -0.00080

  769.0  -0.00082

  770.0  -0.00088

  771.0  -0.00085

  772.0  -0.00083

  773.0  -0.00083

  774.0  -0.00083

  775.0  -0.00080

  776.0  -0.00075

  777.0  -0.00078

  778.0  -0.00078

  779.0  -0.00081

  780.0  -0.00084

  781.0  -0.00090

  782.0  -0.00090

  783.0  -0.00084

  784.0  -0.00085

  785.0  -0.00088

  786.0  -0.00091

  787.0  -0.00096

  788.0  -0.00097

  789.0  -0.00097

  790.0  -0.00106

  791.0  -0.00109

  792.0  -0.00115

  793.0  -0.00115

  794.0  -0.00118

  795.0  -0.00121

  796.0  -0.00113

  797.0  -0.00113

  798.0  -0.00116

  799.0  -0.00119

  800.0  -0.00128

 
