ser ID: DU600

Method ID: A:\DEFAULT

Date: 08/08/00

Time: 09:26

 200.0   2.66714

  201.0   2.43669

  202.0   2.65225

  203.0   3.29159

  204.0   3.02877

  205.0   3.06408

  206.0   2.91995

  207.0   2.64982

  208.0   3.15791

  209.0   2.88986

  210.0   2.82125

  211.0   3.07102

  212.0   3.27485

  213.0   3.60649

  214.0   3.63155

  215.0   3.05289

  216.0   3.67742

  217.0   3.40149

  218.0   3.42243

  219.0   3.74217

  220.0   3.75891

  221.0   3.47334

  222.0   3.78979

  223.0   3.80298

  224.0   3.21385

  225.0   2.98421

  226.0   3.14395

  227.0   3.37803

  228.0   3.16832

  229.0   3.27646

  230.0   3.28875

  231.0   3.60021

  232.0   3.91036

  233.0   3.31681

  234.0   3.44938

  235.0   3.63094

  236.0   3.93626

  237.0   3.93972

  238.0   3.64123

  239.0   3.24482

  240.0   3.04169

  241.0   3.34198

  242.0   3.24418

  243.0   3.64053

  244.0   3.03628

  245.0   3.03398

  246.0   2.97955

  247.0   2.97553

  248.0   3.14773

  249.0   2.88040

  250.0   2.71265

  251.0   2.46485

  252.0   2.32725

  253.0   2.13852

  254.0   2.01053

  255.0   1.84182

  256.0   1.74858

  257.0   1.62011

  258.0   1.50830

  259.0   1.40208

  260.0   1.31581

  261.0   1.24083

  262.0   1.17474

  263.0   1.11419

  264.0   1.06155

  265.0   1.01716

  266.0   0.96960

  267.0   0.93479

  268.0   0.90195

  269.0   0.86929

  270.0   0.83767

  271.0   0.81316

  272.0   0.78492

  273.0   0.75849

  274.0   0.72963

  275.0   0.70212

  276.0   0.67967

  277.0   0.65397

  278.0   0.62823

  279.0   0.60538

  280.0   0.58367

  281.0   0.55828

  282.0   0.53794

  283.0   0.51728

  284.0   0.49701

  285.0   0.47323

  286.0   0.45238

  287.0   0.43086

  288.0   0.40728

  289.0   0.38910

  290.0   0.37083

  291.0   0.35368

  292.0   0.33613

  293.0   0.32085

  294.0   0.30661

  295.0   0.29029

  296.0   0.27596

  297.0   0.26264

  298.0   0.24927

  299.0   0.23624

  300.0   0.22603

  301.0   0.21764

  302.0   0.20925

  303.0   0.20368

  304.0   0.19869

  305.0   0.19305

  306.0   0.18871

  307.0   0.18480

  308.0   0.18108

  309.0   0.17818

  310.0   0.17474

  311.0   0.17081

  312.0   0.16625

  313.0   0.16228

  314.0   0.15849

  315.0   0.15608

  316.0   0.15225

  317.0   0.14934

  318.0   0.14645

  319.0   0.14289

  320.0   0.13992

  321.0   0.13913

  322.0   0.13629

  323.0   0.13471

  324.0   0.13269

  325.0   0.13088

  326.0   0.12849

  327.0   0.12734

  328.0   0.12553

  329.0   0.12386

  330.0   0.12330

  331.0   0.12116

  332.0   0.12027

  333.0   0.11788

  334.0   0.11709

  335.0   0.11602

  336.0   0.11473

  337.0   0.11336

  338.0   0.11075

  339.0   0.10881

  340.0   0.10809

  341.0   0.10656

  342.0   0.10391

  343.0   0.10297

  344.0   0.10077

  345.0   0.09887

  346.0   0.09767

  347.0   0.09525

  348.0   0.09321

  349.0   0.09188

  350.0   0.08984

  351.0   0.08826

  352.0   0.08693

  353.0   0.08409

  354.0   0.08251

  355.0   0.08030

  356.0   0.07894

  357.0   0.07789

  358.0   0.07647

  359.0   0.07396

  360.0   0.07173

  361.0   0.06977

  362.0   0.06742

  363.0   0.06431

  364.0   0.06416

  365.0   0.06193

  366.0   0.05970

  367.0   0.05830

  368.0   0.05644

  369.0   0.05527

  370.0   0.05371

  371.0   0.05257

  372.0   0.05059

  373.0   0.04896

  374.0   0.04752

  375.0   0.04647

  376.0   0.04482

  377.0   0.04359

  378.0   0.04241

  379.0   0.04112

  380.0   0.03976

  381.0   0.03898

  382.0   0.03765

  383.0   0.03670

  384.0   0.03591

  385.0   0.03512

  386.0   0.03413

  387.0   0.03294

  388.0   0.03221

  389.0   0.03138

  390.0   0.03035

  391.0   0.02961

  392.0   0.02917

  393.0   0.02863

  394.0   0.02814

  395.0   0.02742

  396.0   0.02681

  397.0   0.02637

  398.0   0.02616

  399.0   0.02569

  400.0   0.02516

  401.0   0.02457

  402.0   0.02378

  403.0   0.02352

  404.0   0.02316

  405.0   0.02298

  406.0   0.02276

  407.0   0.02211

  408.0   0.02162

  409.0   0.02122

  410.0   0.02062

  411.0   0.02040

  412.0   0.01978

  413.0   0.01930

  414.0   0.01867

  415.0   0.01827

  416.0   0.01792

  417.0   0.01721

  418.0   0.01633

  419.0   0.01579

  420.0   0.01514

  421.0   0.01445

  422.0   0.01383

  423.0   0.01327

  424.0   0.01256

  425.0   0.01190

  426.0   0.01118

  427.0   0.01078

  428.0   0.01027

  429.0   0.00956

  430.0   0.00934

  431.0   0.00887

  432.0   0.00842

  433.0   0.00804

  434.0   0.00769

  435.0   0.00735

  436.0   0.00700

  437.0   0.00675

  438.0   0.00655

  439.0   0.00673

  440.0   0.00589

  441.0   0.00564

  442.0   0.00544

  443.0   0.00522

  444.0   0.00504

  445.0   0.00492

  446.0   0.00476

  447.0   0.00451

  448.0   0.00437

  449.0   0.00418

  450.0   0.00400

  451.0   0.00379

  452.0   0.00362

  453.0   0.00333

  454.0   0.00310

  455.0   0.00286

  456.0   0.00272

  457.0   0.00275

  458.0   0.00281

  459.0   0.00259

  460.0   0.00245

  461.0   0.00219

  462.0   0.00202

  463.0   0.00192

  464.0   0.00185

  465.0   0.00183

  466.0   0.00168

  467.0   0.00176

  468.0   0.00164

  469.0   0.00171

  470.0   0.00166

  471.0   0.00172

  472.0   0.00167

  473.0   0.00168

  474.0   0.00164

  475.0   0.00156

  476.0   0.00149

  477.0   0.00140

  478.0   0.00134

  479.0   0.00126

  480.0   0.00125

  481.0   0.00118

  482.0   0.00115

  483.0   0.00106

  484.0   0.00097

  485.0   0.00093

  486.0   0.00094

  487.0   0.00102

  488.0   0.00096

  489.0   0.00090

  490.0   0.00089

  491.0   0.00086

  492.0   0.00080

  493.0   0.00073

  494.0   0.00077

  495.0   0.00072

  496.0   0.00079

  497.0   0.00080

  498.0   0.00086

  499.0   0.00089

  500.0   0.00086

  501.0   0.00088

  502.0   0.00091

  503.0   0.00096

  504.0   0.00096

  505.0   0.00095

  506.0   0.00100

  507.0   0.00099

  508.0   0.00103

  509.0   0.00106

  510.0   0.00111

  511.0   0.00118

  512.0   0.00121

  513.0   0.00122

  514.0   0.00125

  515.0   0.00125

  516.0   0.00128

  517.0   0.00130

  518.0   0.00135

  519.0   0.00136

  520.0   0.00147

  521.0   0.00148

  522.0   0.00152

  523.0   0.00155

  524.0   0.00160

  525.0   0.00169

  526.0   0.00178

  527.0   0.00189

  528.0   0.00196

  529.0   0.00204

  530.0   0.00213

  531.0   0.00217

  532.0   0.00219

  533.0   0.00229

  534.0   0.00233

  535.0   0.00233

  536.0   0.00241

  537.0   0.00244

  538.0   0.00250

  539.0   0.00259

  540.0   0.00261

  541.0   0.00269

  542.0   0.00281

  543.0   0.00289

  544.0   0.00297

  545.0   0.00306

  546.0   0.00312

  547.0   0.00317

  548.0   0.00328

  549.0   0.00336

  550.0   0.00343

  551.0   0.00349

  552.0   0.00352

  553.0   0.00346

  554.0   0.00347

  555.0   0.00347

  556.0   0.00348

  557.0   0.00537

  558.0   0.00527

  559.0   0.00519

  560.0   0.00512

  561.0   0.00503

  562.0   0.00496

  563.0   0.00491

  564.0   0.00487

  565.0   0.00482

  566.0   0.00485

  567.0   0.00482

  568.0   0.00478

  569.0   0.00470

  570.0   0.00469

  571.0   0.00457

  572.0   0.00458

  573.0   0.00449

  574.0   0.00448

  575.0   0.00447

  576.0   0.00438

  577.0   0.00445

  578.0   0.00449

  579.0   0.00450

  580.0   0.00449

  581.0   0.00446

  582.0   0.00447

  583.0   0.00447

  584.0   0.00450

  585.0   0.00452

  586.0   0.00465

  587.0   0.00474

  588.0   0.00481

  589.0   0.00477

  590.0   0.00471

  591.0   0.00474

  592.0   0.00483

  593.0   0.00490

  594.0   0.00493

  595.0   0.00498

  596.0   0.00503

  597.0   0.00510

  598.0   0.00519

  599.0   0.00521

  600.0   0.00524

  601.0   0.00528

  602.0   0.00533

  603.0   0.00532

  604.0   0.00536

  605.0   0.00532

  606.0   0.00530

  607.0   0.00530

  608.0   0.00530

  609.0   0.00527

  610.0   0.00522

  611.0   0.00528

  612.0   0.00528

  613.0   0.00530

  614.0   0.00531

  615.0   0.00535

  616.0   0.00539

  617.0   0.00537

  618.0   0.00529

  619.0   0.00535

  620.0   0.00532

  621.0   0.00536

  622.0   0.00532

  623.0   0.00533

  624.0   0.00535

  625.0   0.00531

  626.0   0.00525

  627.0   0.00523

  628.0   0.00519

  629.0   0.00518

  630.0   0.00519

  631.0   0.00522

  632.0   0.00519

  633.0   0.00517

  634.0   0.00515

  635.0   0.00515

  636.0   0.00514

  637.0   0.00512

  638.0   0.00519

  639.0   0.00522

  640.0   0.00527

  641.0   0.00525

  642.0   0.00523

  643.0   0.00521

  644.0   0.00520

  645.0   0.00520

  646.0   0.00516

  647.0   0.00521

  648.0   0.00522

  649.0   0.00525

  650.0   0.00524

  651.0   0.00522

  652.0   0.00518

  653.0   0.00511

  654.0   0.00510

  655.0   0.00509

  656.0   0.00504

  657.0   0.00503

  658.0   0.00507

  659.0   0.00511

  660.0   0.00508

  661.0   0.00512

  662.0   0.00508

  663.0   0.00509

  664.0   0.00511

  665.0   0.00507

  666.0   0.00505

  667.0   0.00499

  668.0   0.00489

  669.0   0.00487

  670.0   0.00479

  671.0   0.00475

  672.0   0.00477

  673.0   0.00472

  674.0   0.00471

  675.0   0.00470

  676.0   0.00464

  677.0   0.00456

  678.0   0.00449

  679.0   0.00448

  680.0   0.00444

  681.0   0.00444

  682.0   0.00446

  683.0   0.00440

  684.0   0.00436

  685.0   0.00436

  686.0   0.00429

  687.0   0.00430

  688.0   0.00425

  689.0   0.00417

  690.0   0.00416

  691.0   0.00410

  692.0   0.00410

  693.0   0.00410

  694.0   0.00402

  695.0   0.00404

  696.0   0.00399

  697.0   0.00391

  698.0   0.00388

  699.0   0.00380

  700.0   0.00380

  701.0   0.00378

  702.0   0.00376

  703.0   0.00371

  704.0   0.00365

  705.0   0.00359

  706.0   0.00359

  707.0   0.00353

  708.0   0.00351

  709.0   0.00341

  710.0   0.00340

  711.0   0.00332

  712.0   0.00328

  713.0   0.00317

  714.0   0.00309

  715.0   0.00309

  716.0   0.00307

  717.0   0.00305

  718.0   0.00303

  719.0   0.00290

  720.0   0.00286

  721.0   0.00275

  722.0   0.00273

  723.0   0.00266

  724.0   0.00269

  725.0   0.00266

  726.0   0.00260

  727.0   0.00259

  728.0   0.00243

  729.0   0.00245

  730.0   0.00240

  731.0   0.00232

  732.0   0.00232

  733.0   0.00236

  734.0   0.00230

  735.0   0.00226

  736.0   0.00458

  737.0   0.00432

  738.0   0.00406

  739.0   0.00383

  740.0   0.00365

  741.0   0.00343

  742.0   0.00334

  743.0   0.00314

  744.0   0.00303

  745.0   0.00294

  746.0   0.00283

  747.0   0.00277

  748.0   0.00266

  749.0   0.00258

  750.0   0.00247

  751.0   0.00245

  752.0   0.00236

  753.0   0.00220

  754.0   0.00220

  755.0   0.00209

  756.0   0.00204

  757.0   0.00199

  758.0   0.00196

  759.0   0.00197

  760.0   0.00191

  761.0   0.00186

  762.0   0.00175

  763.0   0.00167

  764.0   0.00167

  765.0   0.00167

  766.0   0.00157

  767.0   0.00159

  768.0   0.00157

  769.0   0.00149

  770.0   0.00144

  771.0   0.00147

  772.0   0.00152

  773.0   0.00147

  774.0   0.00147

  775.0   0.00145

  776.0   0.00145

  777.0   0.00142

  778.0   0.00148

  779.0   0.00146

  780.0   0.00140

  781.0   0.00135

  782.0   0.00135

  783.0   0.00141

  784.0   0.00144

  785.0   0.00142

  786.0   0.00142

  787.0   0.00134

  788.0   0.00134

  789.0   0.00134

  790.0   0.00129

  791.0   0.00129

  792.0   0.00129

  793.0   0.00121

  794.0   0.00118

  795.0   0.00116

  796.0   0.00122

  797.0   0.00122

  798.0   0.00119

  799.0   0.00116

  800.0   0.00102

 
