ser ID: DU600

Method ID: A:\DEFAULT

Date: 08/08/00

Time: 04:56

 200.0   1.88899

  201.0   2.36975

  202.0   2.40921

  203.0   2.68953

  204.0   3.32980

  205.0   3.36511

  206.0   3.39707

  207.0   3.42797

  208.0   3.45894

  209.0   3.49192

  210.0   3.52022

  211.0   3.54814

  212.0   3.57588

  213.0   3.00443

  214.0   2.93258

  215.0   3.65495

  216.0   3.67742

  217.0   3.70252

  218.0   3.72346

  219.0   3.74217

  220.0   3.75891

  221.0   3.77437

  222.0   3.48876

  223.0   3.20092

  224.0   3.51488

  225.0   3.82930

  226.0   3.84292

  227.0   3.85516

  228.0   3.86729

  229.0   3.87852

  230.0   3.89081

  231.0   3.90124

  232.0   3.91036

  233.0   3.61784

  234.0   3.32444

  235.0   3.93197

  236.0   3.93626

  237.0   3.93972

  238.0   3.94226

  239.0   3.94379

  240.0   3.94478

  241.0   3.64301

  242.0   3.94315

  243.0   3.94156

  244.0   3.24040

  245.0   3.93707

  246.0   3.93379

  247.0   3.92978

  248.0   3.92588

  249.0   3.92179

  250.0   3.21780

  251.0   3.00892

  252.0   2.79309

  253.0   2.60092

  254.0   2.51681

  255.0   2.31125

  256.0   2.25184

  257.0   2.12431

  258.0   1.99872

  259.0   1.85043

  260.0   1.72440

  261.0   1.63195

  262.0   1.54890

  263.0   1.46516

  264.0   1.40310

  265.0   1.35440

  266.0   1.29765

  267.0   1.25627

  268.0   1.21604

  269.0   1.17793

  270.0   1.14441

  271.0   1.10835

  272.0   1.07750

  273.0   1.04401

  274.0   1.00694

  275.0   0.98076

  276.0   0.94969

  277.0   0.91522

  278.0   0.87950

  279.0   0.84445

  280.0   0.81126

  281.0   0.77478

  282.0   0.74221

  283.0   0.71195

  284.0   0.68078

  285.0   0.64280

  286.0   0.61263

  287.0   0.57910

  288.0   0.54468

  289.0   0.51623

  290.0   0.48898

  291.0   0.46215

  292.0   0.43519

  293.0   0.41080

  294.0   0.38854

  295.0   0.36394

  296.0   0.34198

  297.0   0.32112

  298.0   0.30052

  299.0   0.28079

  300.0   0.26322

  301.0   0.24783

  302.0   0.23343

  303.0   0.22205

  304.0   0.21159

  305.0   0.20240

  306.0   0.19236

  307.0   0.18434

  308.0   0.17652

  309.0   0.17009

  310.0   0.16442

  311.0   0.15752

  312.0   0.15091

  313.0   0.14496

  314.0   0.14084

  315.0   0.13734

  316.0   0.13338

  317.0   0.12995

  318.0   0.12713

  319.0   0.12387

  320.0   0.12198

  321.0   0.12097

  322.0   0.11804

  323.0   0.11722

  324.0   0.11854

  325.0   0.11786

  326.0   0.11819

  327.0   0.11963

  328.0   0.12082

  329.0   0.12242

  330.0   0.12422

  331.0   0.12520

  332.0   0.12808

  333.0   0.13047

  334.0   0.13340

  335.0   0.13628

  336.0   0.13994

  337.0   0.14402

  338.0   0.14674

  339.0   0.14935

  340.0   0.15350

  341.0   0.15754

  342.0   0.16045

  343.0   0.16507

  344.0   0.16869

  345.0   0.17243

  346.0   0.17577

  347.0   0.17884

  348.0   0.18210

  349.0   0.18416

  350.0   0.18633

  351.0   0.18894

  352.0   0.19091

  353.0   0.19114

  354.0   0.19363

  355.0   0.19436

  356.0   0.19447

  357.0   0.19476

  358.0   0.19469

  359.0   0.19367

  360.0   0.19236

  361.0   0.18938

  362.0   0.18680

  363.0   0.18439

  364.0   0.18272

  365.0   0.17983

  366.0   0.17676

  367.0   0.17330

  368.0   0.16990

  369.0   0.16694

  370.0   0.16345

  371.0   0.16065

  372.0   0.15659

  373.0   0.15260

  374.0   0.14925

  375.0   0.14609

  376.0   0.14207

  377.0   0.13961

  378.0   0.13541

  379.0   0.13214

  380.0   0.12878

  381.0   0.12527

  382.0   0.12216

  383.0   0.11840

  384.0   0.11537

  385.0   0.11207

  386.0   0.10874

  387.0   0.10547

  388.0   0.10259

  389.0   0.09945

  390.0   0.09684

  391.0   0.09414

  392.0   0.09168

  393.0   0.08877

  394.0   0.08663

  395.0   0.08408

  396.0   0.08154

  397.0   0.07956

  398.0   0.07797

  399.0   0.07589

  400.0   0.07408

  401.0   0.07236

  402.0   0.07060

  403.0   0.06902

  404.0   0.06757

  405.0   0.06618

  406.0   0.06489

  407.0   0.06315

  408.0   0.06175

  409.0   0.06033

  410.0   0.05895

  411.0   0.05789

  412.0   0.05645

  413.0   0.05518

  414.0   0.05348

  415.0   0.05279

  416.0   0.05032

  417.0   0.04868

  418.0   0.04737

  419.0   0.04548

  420.0   0.04428

  421.0   0.04264

  422.0   0.04114

  423.0   0.03964

  424.0   0.03802

  425.0   0.03650

  426.0   0.03481

  427.0   0.03347

  428.0   0.03199

  429.0   0.03037

  430.0   0.02926

  431.0   0.02787

  432.0   0.02660

  433.0   0.02526

  434.0   0.02432

  435.0   0.02312

  436.0   0.02187

  437.0   0.02091

  438.0   0.01995

  439.0   0.01955

  440.0   0.01798

  441.0   0.01700

  442.0   0.01609

  443.0   0.01535

  444.0   0.01472

  445.0   0.01397

  446.0   0.01341

  447.0   0.01271

  448.0   0.01205

  449.0   0.01135

  450.0   0.01070

  451.0   0.01001

  452.0   0.00957

  453.0   0.00887

  454.0   0.00834

  455.0   0.00781

  456.0   0.00730

  457.0   0.00708

  458.0   0.00687

  459.0   0.00626

  460.0   0.00577

  461.0   0.00529

  462.0   0.00488

  463.0   0.00451

  464.0   0.00418

  465.0   0.00396

  466.0   0.00366

  467.0   0.00348

  468.0   0.00315

  469.0   0.00304

  470.0   0.00278

  471.0   0.00264

  472.0   0.00241

  473.0   0.00231

  474.0   0.00209

  475.0   0.00201

  476.0   0.00178

  477.0   0.00154

  478.0   0.00137

  479.0   0.00117

  480.0   0.00104

  481.0   0.00090

  482.0   0.00070

  483.0   0.00057

  484.0   0.00031

  485.0   0.00021

  486.0   0.00014

  487.0   0.00009

  488.0  -0.00000

  489.0  -0.00016

  490.0  -0.00029

  491.0  -0.00040

  492.0  -0.00050

  493.0  -0.00060

  494.0  -0.00059

  495.0  -0.00065

  496.0  -0.00073

  497.0  -0.00074

  498.0  -0.00071

  499.0  -0.00075

  500.0  -0.00078

  501.0  -0.00086

  502.0  -0.00089

  503.0  -0.00094

  504.0  -0.00101

  505.0  -0.00102

  506.0  -0.00104

  507.0  -0.00111

  508.0  -0.00119

  509.0  -0.00124

  510.0  -0.00122

  511.0  -0.00123

  512.0  -0.00124

  513.0  -0.00129

  514.0  -0.00131

  515.0  -0.00130

  516.0  -0.00137

  517.0  -0.00140

  518.0  -0.00140

  519.0  -0.00145

  520.0  -0.00143

  521.0  -0.00142

  522.0  -0.00142

  523.0  -0.00147

  524.0  -0.00151

  525.0  -0.00147

  526.0  -0.00149

  527.0  -0.00144

  528.0  -0.00138

  529.0  -0.00138

  530.0  -0.00140

  531.0  -0.00139

  532.0  -0.00141

  533.0  -0.00143

  534.0  -0.00148

  535.0  -0.00149

  536.0  -0.00149

  537.0  -0.00153

  538.0  -0.00152

  539.0  -0.00153

  540.0  -0.00157

  541.0  -0.00152

  542.0  -0.00148

  543.0  -0.00143

  544.0  -0.00143

  545.0  -0.00141

  546.0  -0.00143

  547.0  -0.00145

  548.0  -0.00141

  549.0  -0.00143

  550.0  -0.00145

  551.0  -0.00148

  552.0  -0.00146

  553.0  -0.00155

  554.0  -0.00153

  555.0  -0.00154

  556.0  -0.00151

  557.0  -0.00098

  558.0  -0.00104

  559.0  -0.00108

  560.0  -0.00110

  561.0  -0.00112

  562.0  -0.00116

  563.0  -0.00122

  564.0  -0.00121

  565.0  -0.00122

  566.0  -0.00119

  567.0  -0.00121

  568.0  -0.00122

  569.0  -0.00125

  570.0  -0.00127

  571.0  -0.00132

  572.0  -0.00135

  573.0  -0.00142

  574.0  -0.00146

  575.0  -0.00147

  576.0  -0.00150

  577.0  -0.00147

  578.0  -0.00148

  579.0  -0.00145

  580.0  -0.00144

  581.0  -0.00149

  582.0  -0.00148

  583.0  -0.00153

  584.0  -0.00150

  585.0  -0.00154

  586.0  -0.00147

  587.0  -0.00140

  588.0  -0.00138

  589.0  -0.00139

  590.0  -0.00144

  591.0  -0.00145

  592.0  -0.00146

  593.0  -0.00145

  594.0  -0.00147

  595.0  -0.00148

  596.0  -0.00145

  597.0  -0.00143

  598.0  -0.00141

  599.0  -0.00142

  600.0  -0.00143

  601.0  -0.00144

  602.0  -0.00145

  603.0  -0.00148

  604.0  -0.00144

  605.0  -0.00144

  606.0  -0.00147

  607.0  -0.00146

  608.0  -0.00144

  609.0  -0.00151

  610.0  -0.00155

  611.0  -0.00155

  612.0  -0.00153

  613.0  -0.00151

  614.0  -0.00152

  615.0  -0.00154

  616.0  -0.00153

  617.0  -0.00156

  618.0  -0.00161

  619.0  -0.00156

  620.0  -0.00155

  621.0  -0.00152

  622.0  -0.00155

  623.0  -0.00154

  624.0  -0.00156

  625.0  -0.00164

  626.0  -0.00164

  627.0  -0.00162

  628.0  -0.00163

  629.0  -0.00160

  630.0  -0.00156

  631.0  -0.00154

  632.0  -0.00157

  633.0  -0.00161

  634.0  -0.00157

  635.0  -0.00157

  636.0  -0.00160

  637.0  -0.00158

  638.0  -0.00157

  639.0  -0.00155

  640.0  -0.00153

  641.0  -0.00153

  642.0  -0.00157

  643.0  -0.00157

  644.0  -0.00158

  645.0  -0.00157

  646.0  -0.00158

  647.0  -0.00153

  648.0  -0.00152

  649.0  -0.00152

  650.0  -0.00155

  651.0  -0.00158

  652.0  -0.00159

  653.0  -0.00160

  654.0  -0.00157

  655.0  -0.00159

  656.0  -0.00162

  657.0  -0.00166

  658.0  -0.00158

  659.0  -0.00153

  660.0  -0.00152

  661.0  -0.00148

  662.0  -0.00154

  663.0  -0.00150

  664.0  -0.00151

  665.0  -0.00154

  666.0  -0.00155

  667.0  -0.00160

  668.0  -0.00162

  669.0  -0.00166

  670.0  -0.00166

  671.0  -0.00161

  672.0  -0.00156

  673.0  -0.00160

  674.0  -0.00159

  675.0  -0.00156

  676.0  -0.00156

  677.0  -0.00154

  678.0  -0.00155

  679.0  -0.00152

  680.0  -0.00149

  681.0  -0.00146

  682.0  -0.00147

  683.0  -0.00147

  684.0  -0.00153

  685.0  -0.00152

  686.0  -0.00154

  687.0  -0.00155

  688.0  -0.00154

  689.0  -0.00151

  690.0  -0.00153

  691.0  -0.00157

  692.0  -0.00155

  693.0  -0.00153

  694.0  -0.00152

  695.0  -0.00153

  696.0  -0.00157

  697.0  -0.00154

  698.0  -0.00153

  699.0  -0.00154

  700.0  -0.00153

  701.0  -0.00150

  702.0  -0.00151

  703.0  -0.00150

  704.0  -0.00154

  705.0  -0.00155

  706.0  -0.00156

  707.0  -0.00155

  708.0  -0.00154

  709.0  -0.00157

  710.0  -0.00162

  711.0  -0.00163

  712.0  -0.00164

  713.0  -0.00171

  714.0  -0.00170

  715.0  -0.00169

  716.0  -0.00170

  717.0  -0.00170

  718.0  -0.00169

  719.0  -0.00170

  720.0  -0.00167

  721.0  -0.00166

  722.0  -0.00163

  723.0  -0.00162

  724.0  -0.00161

  725.0  -0.00165

  726.0  -0.00171

  727.0  -0.00165

  728.0  -0.00171

  729.0  -0.00168

  730.0  -0.00172

  731.0  -0.00178

  732.0  -0.00179

  733.0  -0.00175

  734.0  -0.00179

  735.0  -0.00177

  736.0  -0.00061

  737.0  -0.00072

  738.0  -0.00080

  739.0  -0.00093

  740.0  -0.00101

  741.0  -0.00112

  742.0  -0.00112

  743.0  -0.00122

  744.0  -0.00125

  745.0  -0.00130

  746.0  -0.00135

  747.0  -0.00133

  748.0  -0.00138

  749.0  -0.00143

  750.0  -0.00143

  751.0  -0.00143

  752.0  -0.00151

  753.0  -0.00154

  754.0  -0.00152

  755.0  -0.00157

  756.0  -0.00160

  757.0  -0.00160

  758.0  -0.00166

  759.0  -0.00163

  760.0  -0.00163

  761.0  -0.00158

  762.0  -0.00172

  763.0  -0.00172

  764.0  -0.00172

  765.0  -0.00178

  766.0  -0.00181

  767.0  -0.00181

  768.0  -0.00186

  769.0  -0.00189

  770.0  -0.00195

  771.0  -0.00190

  772.0  -0.00188

  773.0  -0.00185

  774.0  -0.00191

  775.0  -0.00191

  776.0  -0.00186

  777.0  -0.00189

  778.0  -0.00195

  779.0  -0.00201

  780.0  -0.00198

  781.0  -0.00199

  782.0  -0.00208

  783.0  -0.00199

  784.0  -0.00197

  785.0  -0.00197

  786.0  -0.00195

  787.0  -0.00204

  788.0  -0.00204

  789.0  -0.00205

  790.0  -0.00208

  791.0  -0.00208

  792.0  -0.00215

  793.0  -0.00218

  794.0  -0.00218

  795.0  -0.00222

  796.0  -0.00213

  797.0  -0.00211

  798.0  -0.00214

  799.0  -0.00217

  800.0  -0.00232

 
