ser ID: DU600

Method ID: A:\DEFAULT

Date: 08/08/00

Time: 04:51

 200.0   3.14426

  201.0   3.21484

  202.0   2.95328

  203.0   2.68953

  204.0   3.32980

  205.0   3.36511

  206.0   2.91995

  207.0   3.42797

  208.0   3.45894

  209.0   3.49192

  210.0   3.52022

  211.0   3.24711

  212.0   3.57588

  213.0   3.60649

  214.0   3.02949

  215.0   3.35392

  216.0   3.07536

  217.0   3.70252

  218.0   3.72346

  219.0   3.74217

  220.0   3.75891

  221.0   3.77437

  222.0   3.78979

  223.0   2.95788

  224.0   3.81591

  225.0   3.52827

  226.0   3.84292

  227.0   3.85516

  228.0   3.86729

  229.0   3.87852

  230.0   3.89081

  231.0   3.90124

  232.0   3.30830

  233.0   3.91887

  234.0   3.92650

  235.0   3.93197

  236.0   3.93626

  237.0   3.93972

  238.0   3.46513

  239.0   3.94379

  240.0   3.46766

  241.0   3.64301

  242.0   3.94315

  243.0   3.94156

  244.0   3.93937

  245.0   3.93707

  246.0   3.93379

  247.0   3.92978

  248.0   3.62485

  249.0   3.22282

  250.0   2.91677

  251.0   3.13386

  252.0   2.76091

  253.0   2.72586

  254.0   2.59599

  255.0   2.47606

  256.0   2.26206

  257.0   2.08779

  258.0   1.95471

  259.0   1.83004

  260.0   1.74384

  261.0   1.65327

  262.0   1.55772

  263.0   1.49149

  264.0   1.42277

  265.0   1.36321

  266.0   1.30947

  267.0   1.25867

  268.0   1.22160

  269.0   1.18412

  270.0   1.14923

  271.0   1.12010

  272.0   1.09024

  273.0   1.05911

  274.0   1.02311

  275.0   0.98694

  276.0   0.95546

  277.0   0.92295

  278.0   0.88884

  279.0   0.85461

  280.0   0.82116

  281.0   0.78476

  282.0   0.75066

  283.0   0.71908

  284.0   0.68426

  285.0   0.64986

  286.0   0.61681

  287.0   0.58408

  288.0   0.54954

  289.0   0.52100

  290.0   0.49323

  291.0   0.46657

  292.0   0.43874

  293.0   0.41509

  294.0   0.39208

  295.0   0.36745

  296.0   0.34500

  297.0   0.32355

  298.0   0.30255

  299.0   0.28176

  300.0   0.26402

  301.0   0.24887

  302.0   0.23419

  303.0   0.22254

  304.0   0.21256

  305.0   0.20288

  306.0   0.19283

  307.0   0.18398

  308.0   0.17675

  309.0   0.16986

  310.0   0.16303

  311.0   0.15637

  312.0   0.15009

  313.0   0.14403

  314.0   0.13990

  315.0   0.13652

  316.0   0.13220

  317.0   0.12888

  318.0   0.12581

  319.0   0.12254

  320.0   0.11990

  321.0   0.11961

  322.0   0.11703

  323.0   0.11735

  324.0   0.11701

  325.0   0.11620

  326.0   0.11664

  327.0   0.11769

  328.0   0.11965

  329.0   0.12164

  330.0   0.12435

  331.0   0.12572

  332.0   0.12808

  333.0   0.13007

  334.0   0.13313

  335.0   0.13641

  336.0   0.14007

  337.0   0.14428

  338.0   0.14753

  339.0   0.15109

  340.0   0.15537

  341.0   0.15956

  342.0   0.16207

  343.0   0.16629

  344.0   0.17046

  345.0   0.17435

  346.0   0.17866

  347.0   0.18202

  348.0   0.18516

  349.0   0.18862

  350.0   0.19068

  351.0   0.19274

  352.0   0.19473

  353.0   0.19597

  354.0   0.19764

  355.0   0.19911

  356.0   0.19852

  357.0   0.19895

  358.0   0.19850

  359.0   0.19753

  360.0   0.19558

  361.0   0.19429

  362.0   0.19132

  363.0   0.18971

  364.0   0.18776

  365.0   0.18435

  366.0   0.18078

  367.0   0.17720

  368.0   0.17403

  369.0   0.17106

  370.0   0.16721

  371.0   0.16429

  372.0   0.16118

  373.0   0.15691

  374.0   0.15321

  375.0   0.14965

  376.0   0.14573

  377.0   0.14273

  378.0   0.13910

  379.0   0.13608

  380.0   0.13216

  381.0   0.12858

  382.0   0.12489

  383.0   0.12129

  384.0   0.11809

  385.0   0.11475

  386.0   0.11150

  387.0   0.10831

  388.0   0.10531

  389.0   0.10188

  390.0   0.09914

  391.0   0.09672

  392.0   0.09385

  393.0   0.09094

  394.0   0.08834

  395.0   0.08580

  396.0   0.08358

  397.0   0.08130

  398.0   0.08016

  399.0   0.07775

  400.0   0.07571

  401.0   0.07384

  402.0   0.07205

  403.0   0.07064

  404.0   0.06888

  405.0   0.06764

  406.0   0.06638

  407.0   0.06470

  408.0   0.06328

  409.0   0.06178

  410.0   0.06049

  411.0   0.05926

  412.0   0.05776

  413.0   0.05622

  414.0   0.05474

  415.0   0.05378

  416.0   0.05152

  417.0   0.04994

  418.0   0.04850

  419.0   0.04675

  420.0   0.04525

  421.0   0.04359

  422.0   0.04181

  423.0   0.04045

  424.0   0.03873

  425.0   0.03726

  426.0   0.03556

  427.0   0.03434

  428.0   0.03284

  429.0   0.03112

  430.0   0.02986

  431.0   0.02846

  432.0   0.02718

  433.0   0.02588

  434.0   0.02480

  435.0   0.02359

  436.0   0.02250

  437.0   0.02152

  438.0   0.02061

  439.0   0.02003

  440.0   0.01845

  441.0   0.01752

  442.0   0.01654

  443.0   0.01574

  444.0   0.01502

  445.0   0.01435

  446.0   0.01373

  447.0   0.01303

  448.0   0.01237

  449.0   0.01162

  450.0   0.01101

  451.0   0.01031

  452.0   0.00974

  453.0   0.00900

  454.0   0.00851

  455.0   0.00794

  456.0   0.00742

  457.0   0.00713

  458.0   0.00683

  459.0   0.00634

  460.0   0.00585

  461.0   0.00537

  462.0   0.00500

  463.0   0.00463

  464.0   0.00430

  465.0   0.00404

  466.0   0.00370

  467.0   0.00348

  468.0   0.00329

  469.0   0.00304

  470.0   0.00278

  471.0   0.00258

  472.0   0.00237

  473.0   0.00234

  474.0   0.00200

  475.0   0.00192

  476.0   0.00166

  477.0   0.00143

  478.0   0.00115

  479.0   0.00104

  480.0   0.00089

  481.0   0.00069

  482.0   0.00055

  483.0   0.00034

  484.0   0.00015

  485.0   0.00005

  486.0  -0.00005

  487.0  -0.00009

  488.0  -0.00016

  489.0  -0.00027

  490.0  -0.00038

  491.0  -0.00046

  492.0  -0.00065

  493.0  -0.00075

  494.0  -0.00078

  495.0  -0.00082

  496.0  -0.00089

  497.0  -0.00095

  498.0  -0.00092

  499.0  -0.00099

  500.0  -0.00102

  501.0  -0.00103

  502.0  -0.00107

  503.0  -0.00110

  504.0  -0.00113

  505.0  -0.00116

  506.0  -0.00117

  507.0  -0.00122

  508.0  -0.00129

  509.0  -0.00136

  510.0  -0.00135

  511.0  -0.00136

  512.0  -0.00141

  513.0  -0.00146

  514.0  -0.00145

  515.0  -0.00152

  516.0  -0.00155

  517.0  -0.00164

  518.0  -0.00162

  519.0  -0.00168

  520.0  -0.00168

  521.0  -0.00173

  522.0  -0.00171

  523.0  -0.00173

  524.0  -0.00178

  525.0  -0.00174

  526.0  -0.00170

  527.0  -0.00167

  528.0  -0.00163

  529.0  -0.00167

  530.0  -0.00164

  531.0  -0.00162

  532.0  -0.00169

  533.0  -0.00164

  534.0  -0.00170

  535.0  -0.00171

  536.0  -0.00178

  537.0  -0.00183

  538.0  -0.00183

  539.0  -0.00186

  540.0  -0.00188

  541.0  -0.00183

  542.0  -0.00174

  543.0  -0.00172

  544.0  -0.00174

  545.0  -0.00171

  546.0  -0.00171

  547.0  -0.00172

  548.0  -0.00171

  549.0  -0.00171

  550.0  -0.00171

  551.0  -0.00174

  552.0  -0.00172

  553.0  -0.00180

  554.0  -0.00182

  555.0  -0.00187

  556.0  -0.00189

  557.0  -0.00141

  558.0  -0.00145

  559.0  -0.00153

  560.0  -0.00155

  561.0  -0.00157

  562.0  -0.00163

  563.0  -0.00170

  564.0  -0.00167

  565.0  -0.00168

  566.0  -0.00167

  567.0  -0.00174

  568.0  -0.00169

  569.0  -0.00172

  570.0  -0.00171

  571.0  -0.00176

  572.0  -0.00174

  573.0  -0.00175

  574.0  -0.00178

  575.0  -0.00181

  576.0  -0.00186

  577.0  -0.00185

  578.0  -0.00188

  579.0  -0.00182

  580.0  -0.00185

  581.0  -0.00186

  582.0  -0.00187

  583.0  -0.00188

  584.0  -0.00193

  585.0  -0.00196

  586.0  -0.00195

  587.0  -0.00186

  588.0  -0.00183

  589.0  -0.00188

  590.0  -0.00192

  591.0  -0.00192

  592.0  -0.00187

  593.0  -0.00190

  594.0  -0.00187

  595.0  -0.00190

  596.0  -0.00189

  597.0  -0.00184

  598.0  -0.00184

  599.0  -0.00183

  600.0  -0.00184

  601.0  -0.00185

  602.0  -0.00186

  603.0  -0.00187

  604.0  -0.00187

  605.0  -0.00186

  606.0  -0.00190

  607.0  -0.00190

  608.0  -0.00191

  609.0  -0.00194

  610.0  -0.00199

  611.0  -0.00196

  612.0  -0.00194

  613.0  -0.00195

  614.0  -0.00198

  615.0  -0.00200

  616.0  -0.00199

  617.0  -0.00204

  618.0  -0.00208

  619.0  -0.00199

  620.0  -0.00201

  621.0  -0.00195

  622.0  -0.00198

  623.0  -0.00198

  624.0  -0.00199

  625.0  -0.00206

  626.0  -0.00210

  627.0  -0.00212

  628.0  -0.00215

  629.0  -0.00213

  630.0  -0.00209

  631.0  -0.00207

  632.0  -0.00210

  633.0  -0.00212

  634.0  -0.00210

  635.0  -0.00210

  636.0  -0.00210

  637.0  -0.00210

  638.0  -0.00208

  639.0  -0.00208

  640.0  -0.00204

  641.0  -0.00203

  642.0  -0.00206

  643.0  -0.00206

  644.0  -0.00207

  645.0  -0.00206

  646.0  -0.00207

  647.0  -0.00203

  648.0  -0.00203

  649.0  -0.00199

  650.0  -0.00199

  651.0  -0.00204

  652.0  -0.00208

  653.0  -0.00210

  654.0  -0.00208

  655.0  -0.00209

  656.0  -0.00210

  657.0  -0.00214

  658.0  -0.00206

  659.0  -0.00204

  660.0  -0.00206

  661.0  -0.00202

  662.0  -0.00205

  663.0  -0.00209

  664.0  -0.00204

  665.0  -0.00206

  666.0  -0.00203

  667.0  -0.00207

  668.0  -0.00211

  669.0  -0.00209

  670.0  -0.00208

  671.0  -0.00205

  672.0  -0.00199

  673.0  -0.00199

  674.0  -0.00195

  675.0  -0.00195

  676.0  -0.00197

  677.0  -0.00199

  678.0  -0.00201

  679.0  -0.00200

  680.0  -0.00201

  681.0  -0.00199

  682.0  -0.00194

  683.0  -0.00197

  684.0  -0.00197

  685.0  -0.00194

  686.0  -0.00192

  687.0  -0.00194

  688.0  -0.00193

  689.0  -0.00194

  690.0  -0.00196

  691.0  -0.00199

  692.0  -0.00196

  693.0  -0.00192

  694.0  -0.00194

  695.0  -0.00199

  696.0  -0.00200

  697.0  -0.00199

  698.0  -0.00196

  699.0  -0.00197

  700.0  -0.00194

  701.0  -0.00190

  702.0  -0.00189

  703.0  -0.00192

  704.0  -0.00197

  705.0  -0.00200

  706.0  -0.00199

  707.0  -0.00198

  708.0  -0.00197

  709.0  -0.00200

  710.0  -0.00206

  711.0  -0.00207

  712.0  -0.00202

  713.0  -0.00208

  714.0  -0.00209

  715.0  -0.00206

  716.0  -0.00202

  717.0  -0.00203

  718.0  -0.00198

  719.0  -0.00202

  720.0  -0.00201

  721.0  -0.00205

  722.0  -0.00204

  723.0  -0.00208

  724.0  -0.00210

  725.0  -0.00209

  726.0  -0.00211

  727.0  -0.00206

  728.0  -0.00210

  729.0  -0.00207

  730.0  -0.00209

  731.0  -0.00215

  732.0  -0.00214

  733.0  -0.00211

  734.0  -0.00217

  735.0  -0.00216

  736.0  -0.00110

  737.0  -0.00121

  738.0  -0.00126

  739.0  -0.00137

  740.0  -0.00145

  741.0  -0.00150

  742.0  -0.00150

  743.0  -0.00160

  744.0  -0.00160

  745.0  -0.00168

  746.0  -0.00171

  747.0  -0.00171

  748.0  -0.00179

  749.0  -0.00176

  750.0  -0.00178

  751.0  -0.00178

  752.0  -0.00187

  753.0  -0.00192

  754.0  -0.00192

  755.0  -0.00195

  756.0  -0.00198

  757.0  -0.00201

  758.0  -0.00195

  759.0  -0.00193

  760.0  -0.00198

  761.0  -0.00196

  762.0  -0.00204

  763.0  -0.00207

  764.0  -0.00213

  765.0  -0.00213

  766.0  -0.00213

  767.0  -0.00208

  768.0  -0.00214

  769.0  -0.00220

  770.0  -0.00225

  771.0  -0.00223

  772.0  -0.00221

  773.0  -0.00224

  774.0  -0.00232

  775.0  -0.00235

  776.0  -0.00233

  777.0  -0.00236

  778.0  -0.00231

  779.0  -0.00234

  780.0  -0.00237

  781.0  -0.00241

  782.0  -0.00244

  783.0  -0.00239

  784.0  -0.00242

  785.0  -0.00245

  786.0  -0.00243

  787.0  -0.00249

  788.0  -0.00250

  789.0  -0.00250

  790.0  -0.00253

  791.0  -0.00251

  792.0  -0.00257

  793.0  -0.00258

  794.0  -0.00253

  795.0  -0.00259

  796.0  -0.00254

  797.0  -0.00254

  798.0  -0.00257

  799.0  -0.00257

  800.0  -0.00266

 
