ser ID: DU600

Method ID: A:\DEFAULT

Date: 08/08/00

Time: 04:42

 200.0   3.14426

  201.0   2.51587

  202.0   2.77718

  203.0   3.29159

  204.0   3.02877

  205.0   3.36511

  206.0   3.39707

  207.0   3.42797

  208.0   3.45894

  209.0   3.49192

  210.0   3.52022

  211.0   3.54814

  212.0   2.79773

  213.0   3.12937

  214.0   3.63155

  215.0   3.65495

  216.0   3.67742

  217.0   3.70252

  218.0   3.72346

  219.0   3.74217

  220.0   3.45788

  221.0   3.77437

  222.0   3.09082

  223.0   3.80298

  224.0   3.81591

  225.0   3.82930

  226.0   3.84292

  227.0   3.85516

  228.0   3.86729

  229.0   3.87852

  230.0   3.28875

  231.0   3.90124

  232.0   3.91036

  233.0   3.61784

  234.0   3.92650

  235.0   3.93197

  236.0   3.93626

  237.0   3.63869

  238.0   3.64123

  239.0   3.34173

  240.0   3.94478

  241.0   3.94404

  242.0   3.94315

  243.0   3.94156

  244.0   3.93937

  245.0   3.93707

  246.0   3.63276

  247.0   3.45266

  248.0   3.14773

  249.0   3.14364

  250.0   3.31471

  251.0   2.95777

  252.0   2.95279

  253.0   2.90195

  254.0   2.57480

  255.0   2.49310

  256.0   2.26206

  257.0   2.12431

  258.0   1.99872

  259.0   1.88070

  260.0   1.77121

  261.0   1.67569

  262.0   1.58059

  263.0   1.51336

  264.0   1.44337

  265.0   1.37983

  266.0   1.32438

  267.0   1.28088

  268.0   1.24223

  269.0   1.20432

  270.0   1.16603

  271.0   1.13124

  272.0   1.10693

  273.0   1.07560

  274.0   1.03835

  275.0   1.00531

  276.0   0.97123

  277.0   0.94133

  278.0   0.90467

  279.0   0.87138

  280.0   0.83521

  281.0   0.79950

  282.0   0.76514

  283.0   0.73213

  284.0   0.69991

  285.0   0.66000

  286.0   0.62745

  287.0   0.59479

  288.0   0.55837

  289.0   0.52875

  290.0   0.50025

  291.0   0.47253

  292.0   0.44492

  293.0   0.42017

  294.0   0.39672

  295.0   0.37082

  296.0   0.34820

  297.0   0.32660

  298.0   0.30518

  299.0   0.28315

  300.0   0.26510

  301.0   0.25017

  302.0   0.23394

  303.0   0.22254

  304.0   0.21159

  305.0   0.20180

  306.0   0.19165

  307.0   0.18246

  308.0   0.17454

  309.0   0.16685

  310.0   0.16038

  311.0   0.15326

  312.0   0.14698

  313.0   0.14080

  314.0   0.13618

  315.0   0.13278

  316.0   0.12879

  317.0   0.12532

  318.0   0.12198

  319.0   0.11904

  320.0   0.11648

  321.0   0.11556

  322.0   0.11400

  323.0   0.11330

  324.0   0.11321

  325.0   0.11314

  326.0   0.11395

  327.0   0.11550

  328.0   0.11707

  329.0   0.11917

  330.0   0.12239

  331.0   0.12455

  332.0   0.12742

  333.0   0.12915

  334.0   0.13208

  335.0   0.13588

  336.0   0.14060

  337.0   0.14441

  338.0   0.14807

  339.0   0.15269

  340.0   0.15699

  341.0   0.16145

  342.0   0.16465

  343.0   0.16970

  344.0   0.17471

  345.0   0.17835

  346.0   0.18324

  347.0   0.18634

  348.0   0.19049

  349.0   0.19469

  350.0   0.19692

  351.0   0.19944

  352.0   0.20132

  353.0   0.20303

  354.0   0.20416

  355.0   0.20583

  356.0   0.20583

  357.0   0.20728

  358.0   0.20636

  359.0   0.20565

  360.0   0.20394

  361.0   0.20163

  362.0   0.19996

  363.0   0.19774

  364.0   0.19570

  365.0   0.19238

  366.0   0.18919

  367.0   0.18558

  368.0   0.18149

  369.0   0.17841

  370.0   0.17409

  371.0   0.17104

  372.0   0.16781

  373.0   0.16384

  374.0   0.16015

  375.0   0.15678

  376.0   0.15281

  377.0   0.14896

  378.0   0.14494

  379.0   0.14165

  380.0   0.13774

  381.0   0.13373

  382.0   0.13027

  383.0   0.12688

  384.0   0.12340

  385.0   0.12010

  386.0   0.11647

  387.0   0.11280

  388.0   0.10957

  389.0   0.10591

  390.0   0.10289

  391.0   0.10027

  392.0   0.09730

  393.0   0.09494

  394.0   0.09197

  395.0   0.08949

  396.0   0.08683

  397.0   0.08453

  398.0   0.08258

  399.0   0.08043

  400.0   0.07827

  401.0   0.07657

  402.0   0.07480

  403.0   0.07329

  404.0   0.07153

  405.0   0.07042

  406.0   0.06876

  407.0   0.06696

  408.0   0.06537

  409.0   0.06370

  410.0   0.06229

  411.0   0.06113

  412.0   0.05955

  413.0   0.05831

  414.0   0.05671

  415.0   0.05597

  416.0   0.05332

  417.0   0.05168

  418.0   0.05028

  419.0   0.04839

  420.0   0.04694

  421.0   0.04540

  422.0   0.04373

  423.0   0.04199

  424.0   0.04031

  425.0   0.03865

  426.0   0.03690

  427.0   0.03550

  428.0   0.03404

  429.0   0.03243

  430.0   0.03107

  431.0   0.02957

  432.0   0.02838

  433.0   0.02699

  434.0   0.02570

  435.0   0.02441

  436.0   0.02325

  437.0   0.02214

  438.0   0.02126

  439.0   0.02072

  440.0   0.01908

  441.0   0.01808

  442.0   0.01704

  443.0   0.01619

  444.0   0.01545

  445.0   0.01468

  446.0   0.01402

  447.0   0.01322

  448.0   0.01255

  449.0   0.01185

  450.0   0.01119

  451.0   0.01049

  452.0   0.00991

  453.0   0.00917

  454.0   0.00855

  455.0   0.00794

  456.0   0.00738

  457.0   0.00708

  458.0   0.00675

  459.0   0.00622

  460.0   0.00585

  461.0   0.00537

  462.0   0.00500

  463.0   0.00463

  464.0   0.00430

  465.0   0.00400

  466.0   0.00363

  467.0   0.00341

  468.0   0.00304

  469.0   0.00276

  470.0   0.00255

  471.0   0.00238

  472.0   0.00218

  473.0   0.00209

  474.0   0.00188

  475.0   0.00171

  476.0   0.00146

  477.0   0.00120

  478.0   0.00101

  479.0   0.00083

  480.0   0.00068

  481.0   0.00054

  482.0   0.00038

  483.0   0.00022

  484.0  -0.00002

  485.0  -0.00014

  486.0  -0.00028

  487.0  -0.00042

  488.0  -0.00052

  489.0  -0.00063

  490.0  -0.00071

  491.0  -0.00077

  492.0  -0.00093

  493.0  -0.00107

  494.0  -0.00108

  495.0  -0.00111

  496.0  -0.00121

  497.0  -0.00126

  498.0  -0.00131

  499.0  -0.00140

  500.0  -0.00142

  501.0  -0.00149

  502.0  -0.00150

  503.0  -0.00158

  504.0  -0.00161

  505.0  -0.00166

  506.0  -0.00167

  507.0  -0.00171

  508.0  -0.00178

  509.0  -0.00179

  510.0  -0.00180

  511.0  -0.00184

  512.0  -0.00189

  513.0  -0.00194

  514.0  -0.00193

  515.0  -0.00198

  516.0  -0.00201

  517.0  -0.00206

  518.0  -0.00209

  519.0  -0.00208

  520.0  -0.00209

  521.0  -0.00216

  522.0  -0.00216

  523.0  -0.00217

  524.0  -0.00223

  525.0  -0.00217

  526.0  -0.00217

  527.0  -0.00219

  528.0  -0.00217

  529.0  -0.00219

  530.0  -0.00226

  531.0  -0.00225

  532.0  -0.00227

  533.0  -0.00227

  534.0  -0.00232

  535.0  -0.00228

  536.0  -0.00229

  537.0  -0.00234

  538.0  -0.00231

  539.0  -0.00230

  540.0  -0.00234

  541.0  -0.00233

  542.0  -0.00231

  543.0  -0.00226

  544.0  -0.00226

  545.0  -0.00224

  546.0  -0.00230

  547.0  -0.00230

  548.0  -0.00232

  549.0  -0.00234

  550.0  -0.00233

  551.0  -0.00234

  552.0  -0.00238

  553.0  -0.00248

  554.0  -0.00246

  555.0  -0.00250

  556.0  -0.00246

  557.0  -0.00227

  558.0  -0.00231

  559.0  -0.00228

  560.0  -0.00229

  561.0  -0.00231

  562.0  -0.00232

  563.0  -0.00232

  564.0  -0.00231

  565.0  -0.00231

  566.0  -0.00230

  567.0  -0.00237

  568.0  -0.00237

  569.0  -0.00240

  570.0  -0.00238

  571.0  -0.00249

  572.0  -0.00245

  573.0  -0.00250

  574.0  -0.00252

  575.0  -0.00252

  576.0  -0.00257

  577.0  -0.00253

  578.0  -0.00253

  579.0  -0.00252

  580.0  -0.00250

  581.0  -0.00251

  582.0  -0.00247

  583.0  -0.00250

  584.0  -0.00252

  585.0  -0.00255

  586.0  -0.00254

  587.0  -0.00246

  588.0  -0.00245

  589.0  -0.00251

  590.0  -0.00256

  591.0  -0.00260

  592.0  -0.00259

  593.0  -0.00258

  594.0  -0.00262

  595.0  -0.00264

  596.0  -0.00259

  597.0  -0.00257

  598.0  -0.00254

  599.0  -0.00253

  600.0  -0.00252

  601.0  -0.00254

  602.0  -0.00255

  603.0  -0.00254

  604.0  -0.00253

  605.0  -0.00258

  606.0  -0.00265

  607.0  -0.00263

  608.0  -0.00264

  609.0  -0.00268

  610.0  -0.00271

  611.0  -0.00268

  612.0  -0.00268

  613.0  -0.00269

  614.0  -0.00268

  615.0  -0.00268

  616.0  -0.00267

  617.0  -0.00266

  618.0  -0.00272

  619.0  -0.00268

  620.0  -0.00271

  621.0  -0.00267

  622.0  -0.00269

  623.0  -0.00268

  624.0  -0.00266

  625.0  -0.00269

  626.0  -0.00272

  627.0  -0.00271

  628.0  -0.00276

  629.0  -0.00276

  630.0  -0.00275

  631.0  -0.00273

  632.0  -0.00280

  633.0  -0.00279

  634.0  -0.00279

  635.0  -0.00279

  636.0  -0.00279

  637.0  -0.00282

  638.0  -0.00278

  639.0  -0.00278

  640.0  -0.00276

  641.0  -0.00276

  642.0  -0.00275

  643.0  -0.00275

  644.0  -0.00276

  645.0  -0.00275

  646.0  -0.00273

  647.0  -0.00268

  648.0  -0.00267

  649.0  -0.00268

  650.0  -0.00270

  651.0  -0.00272

  652.0  -0.00275

  653.0  -0.00274

  654.0  -0.00276

  655.0  -0.00273

  656.0  -0.00276

  657.0  -0.00277

  658.0  -0.00269

  659.0  -0.00266

  660.0  -0.00268

  661.0  -0.00263

  662.0  -0.00268

  663.0  -0.00271

  664.0  -0.00268

  665.0  -0.00271

  666.0  -0.00265

  667.0  -0.00271

  668.0  -0.00276

  669.0  -0.00275

  670.0  -0.00272

  671.0  -0.00268

  672.0  -0.00263

  673.0  -0.00264

  674.0  -0.00261

  675.0  -0.00260

  676.0  -0.00262

  677.0  -0.00266

  678.0  -0.00265

  679.0  -0.00264

  680.0  -0.00264

  681.0  -0.00265

  682.0  -0.00262

  683.0  -0.00265

  684.0  -0.00266

  685.0  -0.00260

  686.0  -0.00257

  687.0  -0.00254

  688.0  -0.00248

  689.0  -0.00247

  690.0  -0.00247

  691.0  -0.00246

  692.0  -0.00247

  693.0  -0.00248

  694.0  -0.00249

  695.0  -0.00250

  696.0  -0.00255

  697.0  -0.00255

  698.0  -0.00250

  699.0  -0.00250

  700.0  -0.00249

  701.0  -0.00248

  702.0  -0.00248

  703.0  -0.00249

  704.0  -0.00251

  705.0  -0.00246

  706.0  -0.00246

  707.0  -0.00241

  708.0  -0.00237

  709.0  -0.00242

  710.0  -0.00240

  711.0  -0.00233

  712.0  -0.00230

  713.0  -0.00238

  714.0  -0.00238

  715.0  -0.00237

  716.0  -0.00241

  717.0  -0.00238

  718.0  -0.00240

  719.0  -0.00244

  720.0  -0.00248

  721.0  -0.00250

  722.0  -0.00243

  723.0  -0.00247

  724.0  -0.00247

  725.0  -0.00252

  726.0  -0.00251

  727.0  -0.00244

  728.0  -0.00249

  729.0  -0.00248

  730.0  -0.00248

  731.0  -0.00240

  732.0  -0.00233

  733.0  -0.00230

  734.0  -0.00234

  735.0  -0.00232

  736.0  -0.00143

  737.0  -0.00151

  738.0  -0.00156

  739.0  -0.00164

  740.0  -0.00169

  741.0  -0.00180

  742.0  -0.00177

  743.0  -0.00182

  744.0  -0.00182

  745.0  -0.00184

  746.0  -0.00181

  747.0  -0.00179

  748.0  -0.00184

  749.0  -0.00189

  750.0  -0.00195

  751.0  -0.00197

  752.0  -0.00203

  753.0  -0.00208

  754.0  -0.00206

  755.0  -0.00211

  756.0  -0.00214

  757.0  -0.00211

  758.0  -0.00214

  759.0  -0.00215

  760.0  -0.00212

  761.0  -0.00215

  762.0  -0.00221

  763.0  -0.00221

  764.0  -0.00224

  765.0  -0.00227

  766.0  -0.00227

  767.0  -0.00227

  768.0  -0.00225

  769.0  -0.00236

  770.0  -0.00242

  771.0  -0.00239

  772.0  -0.00237

  773.0  -0.00240

  774.0  -0.00241

  775.0  -0.00244

  776.0  -0.00239

  777.0  -0.00242

  778.0  -0.00237

  779.0  -0.00240

  780.0  -0.00246

  781.0  -0.00246

  782.0  -0.00252

  783.0  -0.00244

  784.0  -0.00242

  785.0  -0.00242

  786.0  -0.00243

  787.0  -0.00249

  788.0  -0.00247

  789.0  -0.00242

  790.0  -0.00245

  791.0  -0.00245

  792.0  -0.00249

  793.0  -0.00252

  794.0  -0.00247

  795.0  -0.00253

  796.0  -0.00242

  797.0  -0.00245

  798.0  -0.00246

  799.0  -0.00243

  800.0  -0.00252

 
