ser ID: DU600

Method ID: A:\DEFAULT

Date: 08/08/00

Time: 04:52

 200.0   3.14426

  201.0   2.91381

  202.0   3.25431

  203.0   3.29159

  204.0   3.32980

  205.0   3.36511

  206.0   3.39707

  207.0   3.42797

  208.0   3.45894

  209.0   3.49192

  210.0   2.91816

  211.0   2.94608

  212.0   3.27485

  213.0   3.12937

  214.0   3.63155

  215.0   3.65495

  216.0   3.67742

  217.0   3.70252

  218.0   3.72346

  219.0   3.74217

  220.0   3.75891

  221.0   3.47334

  222.0   3.09082

  223.0   3.80298

  224.0   3.81591

  225.0   3.82930

  226.0   3.84292

  227.0   3.85516

  228.0   3.86729

  229.0   3.87852

  230.0   3.41369

  231.0   3.60021

  232.0   3.91036

  233.0   3.91887

  234.0   3.92650

  235.0   3.93197

  236.0   3.93626

  237.0   3.93972

  238.0   3.24329

  239.0   3.16564

  240.0   3.46766

  241.0   3.94404

  242.0   3.94315

  243.0   3.94156

  244.0   3.93937

  245.0   3.93707

  246.0   3.93379

  247.0   3.92978

  248.0   3.22691

  249.0   3.14364

  250.0   3.13862

  251.0   3.13386

  252.0   2.95279

  253.0   2.78801

  254.0   2.66657

  255.0   2.42864

  256.0   2.23209

  257.0   2.07400

  258.0   1.95471

  259.0   1.83404

  260.0   1.75053

  261.0   1.65055

  262.0   1.56220

  263.0   1.48380

  264.0   1.42110

  265.0   1.35878

  266.0   1.30550

  267.0   1.25507

  268.0   1.22048

  269.0   1.18620

  270.0   1.14826

  271.0   1.11645

  272.0   1.08510

  273.0   1.05110

  274.0   1.01864

  275.0   0.98556

  276.0   0.95161

  277.0   0.91936

  278.0   0.88607

  279.0   0.85256

  280.0   0.81973

  281.0   0.78213

  282.0   0.75026

  283.0   0.71832

  284.0   0.68566

  285.0   0.64824

  286.0   0.61412

  287.0   0.58242

  288.0   0.54800

  289.0   0.51932

  290.0   0.49255

  291.0   0.46572

  292.0   0.43913

  293.0   0.41490

  294.0   0.39048

  295.0   0.36611

  296.0   0.34436

  297.0   0.32279

  298.0   0.30183

  299.0   0.28079

  300.0   0.26402

  301.0   0.24939

  302.0   0.23406

  303.0   0.22291

  304.0   0.21183

  305.0   0.20252

  306.0   0.19224

  307.0   0.18398

  308.0   0.17675

  309.0   0.16928

  310.0   0.16338

  311.0   0.15775

  312.0   0.15033

  313.0   0.14450

  314.0   0.13990

  315.0   0.13628

  316.0   0.13208

  317.0   0.12900

  318.0   0.12569

  319.0   0.12278

  320.0   0.12063

  321.0   0.11998

  322.0   0.11741

  323.0   0.11621

  324.0   0.11663

  325.0   0.11658

  326.0   0.11690

  327.0   0.11833

  328.0   0.11991

  329.0   0.12164

  330.0   0.12474

  331.0   0.12520

  332.0   0.12782

  333.0   0.13047

  334.0   0.13274

  335.0   0.13575

  336.0   0.14007

  337.0   0.14362

  338.0   0.14727

  339.0   0.15069

  340.0   0.15524

  341.0   0.15888

  342.0   0.16139

  343.0   0.16575

  344.0   0.17073

  345.0   0.17408

  346.0   0.17811

  347.0   0.18160

  348.0   0.18446

  349.0   0.18848

  350.0   0.18997

  351.0   0.19260

  352.0   0.19373

  353.0   0.19526

  354.0   0.19606

  355.0   0.19781

  356.0   0.19823

  357.0   0.19865

  358.0   0.19805

  359.0   0.19682

  360.0   0.19558

  361.0   0.19415

  362.0   0.19146

  363.0   0.18828

  364.0   0.18625

  365.0   0.18276

  366.0   0.17995

  367.0   0.17617

  368.0   0.17370

  369.0   0.17019

  370.0   0.16648

  371.0   0.16368

  372.0   0.16039

  373.0   0.15635

  374.0   0.15249

  375.0   0.14878

  376.0   0.14523

  377.0   0.14217

  378.0   0.13849

  379.0   0.13504

  380.0   0.13136

  381.0   0.12788

  382.0   0.12442

  383.0   0.12136

  384.0   0.11753

  385.0   0.11421

  386.0   0.11115

  387.0   0.10753

  388.0   0.10476

  389.0   0.10119

  390.0   0.09847

  391.0   0.09627

  392.0   0.09347

  393.0   0.09076

  394.0   0.08806

  395.0   0.08571

  396.0   0.08335

  397.0   0.08117

  398.0   0.07965

  399.0   0.07737

  400.0   0.07558

  401.0   0.07376

  402.0   0.07201

  403.0   0.07060

  404.0   0.06876

  405.0   0.06742

  406.0   0.06591

  407.0   0.06431

  408.0   0.06298

  409.0   0.06161

  410.0   0.06004

  411.0   0.05891

  412.0   0.05751

  413.0   0.05613

  414.0   0.05456

  415.0   0.05367

  416.0   0.05122

  417.0   0.04955

  418.0   0.04822

  419.0   0.04638

  420.0   0.04499

  421.0   0.04359

  422.0   0.04189

  423.0   0.04029

  424.0   0.03873

  425.0   0.03719

  426.0   0.03548

  427.0   0.03412

  428.0   0.03270

  429.0   0.03112

  430.0   0.02986

  431.0   0.02846

  432.0   0.02730

  433.0   0.02588

  434.0   0.02480

  435.0   0.02353

  436.0   0.02227

  437.0   0.02136

  438.0   0.02044

  439.0   0.01998

  440.0   0.01835

  441.0   0.01746

  442.0   0.01649

  443.0   0.01564

  444.0   0.01497

  445.0   0.01425

  446.0   0.01359

  447.0   0.01275

  448.0   0.01209

  449.0   0.01140

  450.0   0.01087

  451.0   0.01014

  452.0   0.00970

  453.0   0.00900

  454.0   0.00834

  455.0   0.00777

  456.0   0.00734

  457.0   0.00700

  458.0   0.00671

  459.0   0.00618

  460.0   0.00577

  461.0   0.00533

  462.0   0.00500

  463.0   0.00459

  464.0   0.00430

  465.0   0.00396

  466.0   0.00366

  467.0   0.00341

  468.0   0.00315

  469.0   0.00293

  470.0   0.00272

  471.0   0.00258

  472.0   0.00234

  473.0   0.00228

  474.0   0.00206

  475.0   0.00189

  476.0   0.00164

  477.0   0.00148

  478.0   0.00123

  479.0   0.00115

  480.0   0.00104

  481.0   0.00087

  482.0   0.00070

  483.0   0.00047

  484.0   0.00027

  485.0   0.00014

  486.0  -0.00000

  487.0  -0.00005

  488.0  -0.00011

  489.0  -0.00023

  490.0  -0.00033

  491.0  -0.00044

  492.0  -0.00054

  493.0  -0.00069

  494.0  -0.00072

  495.0  -0.00082

  496.0  -0.00087

  497.0  -0.00093

  498.0  -0.00090

  499.0  -0.00099

  500.0  -0.00102

  501.0  -0.00101

  502.0  -0.00103

  503.0  -0.00102

  504.0  -0.00111

  505.0  -0.00112

  506.0  -0.00111

  507.0  -0.00120

  508.0  -0.00123

  509.0  -0.00134

  510.0  -0.00133

  511.0  -0.00134

  512.0  -0.00141

  513.0  -0.00146

  514.0  -0.00145

  515.0  -0.00152

  516.0  -0.00150

  517.0  -0.00162

  518.0  -0.00162

  519.0  -0.00163

  520.0  -0.00164

  521.0  -0.00164

  522.0  -0.00164

  523.0  -0.00169

  524.0  -0.00169

  525.0  -0.00165

  526.0  -0.00163

  527.0  -0.00158

  528.0  -0.00160

  529.0  -0.00163

  530.0  -0.00162

  531.0  -0.00162

  532.0  -0.00166

  533.0  -0.00163

  534.0  -0.00167

  535.0  -0.00167

  536.0  -0.00167

  537.0  -0.00173

  538.0  -0.00170

  539.0  -0.00175

  540.0  -0.00177

  541.0  -0.00174

  542.0  -0.00169

  543.0  -0.00169

  544.0  -0.00165

  545.0  -0.00161

  546.0  -0.00161

  547.0  -0.00161

  548.0  -0.00165

  549.0  -0.00163

  550.0  -0.00168

  551.0  -0.00172

  552.0  -0.00168

  553.0  -0.00180

  554.0  -0.00176

  555.0  -0.00185

  556.0  -0.00185

  557.0  -0.00127

  558.0  -0.00120

  559.0  -0.00111

  560.0  -0.00119

  561.0  -0.00126

  562.0  -0.00129

  563.0  -0.00133

  564.0  -0.00136

  565.0  -0.00140

  566.0  -0.00134

  567.0  -0.00140

  568.0  -0.00139

  569.0  -0.00140

  570.0  -0.00137

  571.0  -0.00149

  572.0  -0.00148

  573.0  -0.00155

  574.0  -0.00156

  575.0  -0.00161

  576.0  -0.00168

  577.0  -0.00167

  578.0  -0.00166

  579.0  -0.00163

  580.0  -0.00164

  581.0  -0.00167

  582.0  -0.00166

  583.0  -0.00165

  584.0  -0.00166

  585.0  -0.00165

  586.0  -0.00162

  587.0  -0.00159

  588.0  -0.00153

  589.0  -0.00156

  590.0  -0.00161

  591.0  -0.00160

  592.0  -0.00155

  593.0  -0.00158

  594.0  -0.00160

  595.0  -0.00161

  596.0  -0.00153

  597.0  -0.00154

  598.0  -0.00151

  599.0  -0.00154

  600.0  -0.00155

  601.0  -0.00157

  602.0  -0.00156

  603.0  -0.00159

  604.0  -0.00157

  605.0  -0.00158

  606.0  -0.00161

  607.0  -0.00160

  608.0  -0.00155

  609.0  -0.00158

  610.0  -0.00161

  611.0  -0.00157

  612.0  -0.00153

  613.0  -0.00153

  614.0  -0.00157

  615.0  -0.00155

  616.0  -0.00155

  617.0  -0.00156

  618.0  -0.00161

  619.0  -0.00161

  620.0  -0.00162

  621.0  -0.00158

  622.0  -0.00160

  623.0  -0.00159

  624.0  -0.00161

  625.0  -0.00167

  626.0  -0.00169

  627.0  -0.00165

  628.0  -0.00165

  629.0  -0.00161

  630.0  -0.00159

  631.0  -0.00161

  632.0  -0.00164

  633.0  -0.00166

  634.0  -0.00167

  635.0  -0.00167

  636.0  -0.00165

  637.0  -0.00165

  638.0  -0.00158

  639.0  -0.00155

  640.0  -0.00153

  641.0  -0.00157

  642.0  -0.00157

  643.0  -0.00160

  644.0  -0.00160

  645.0  -0.00160

  646.0  -0.00160

  647.0  -0.00153

  648.0  -0.00155

  649.0  -0.00155

  650.0  -0.00153

  651.0  -0.00158

  652.0  -0.00160

  653.0  -0.00165

  654.0  -0.00164

  655.0  -0.00164

  656.0  -0.00166

  657.0  -0.00168

  658.0  -0.00159

  659.0  -0.00156

  660.0  -0.00162

  661.0  -0.00158

  662.0  -0.00160

  663.0  -0.00164

  664.0  -0.00162

  665.0  -0.00158

  666.0  -0.00155

  667.0  -0.00155

  668.0  -0.00157

  669.0  -0.00157

  670.0  -0.00157

  671.0  -0.00161

  672.0  -0.00156

  673.0  -0.00158

  674.0  -0.00155

  675.0  -0.00154

  676.0  -0.00156

  677.0  -0.00160

  678.0  -0.00157

  679.0  -0.00157

  680.0  -0.00156

  681.0  -0.00150

  682.0  -0.00149

  683.0  -0.00153

  684.0  -0.00153

  685.0  -0.00148

  686.0  -0.00151

  687.0  -0.00155

  688.0  -0.00159

  689.0  -0.00165

  690.0  -0.00157

  691.0  -0.00161

  692.0  -0.00173

  693.0  -0.00177

  694.0  -0.00178

  695.0  -0.00177

  696.0  -0.00183

  697.0  -0.00182

  698.0  -0.00179

  699.0  -0.00182

  700.0  -0.00181

  701.0  -0.00180

  702.0  -0.00185

  703.0  -0.00178

  704.0  -0.00181

  705.0  -0.00159

  706.0  -0.00152

  707.0  -0.00145

  708.0  -0.00136

  709.0  -0.00135

  710.0  -0.00134

  711.0  -0.00135

  712.0  -0.00138

  713.0  -0.00137

  714.0  -0.00142

  715.0  -0.00138

  716.0  -0.00141

  717.0  -0.00142

  718.0  -0.00139

  719.0  -0.00132

  720.0  -0.00124

  721.0  -0.00125

  722.0  -0.00120

  723.0  -0.00127

  724.0  -0.00126

  725.0  -0.00132

  726.0  -0.00133

  727.0  -0.00127

  728.0  -0.00132

  729.0  -0.00131

  730.0  -0.00135

  731.0  -0.00136

  732.0  -0.00132

  733.0  -0.00128

  734.0  -0.00131

  735.0  -0.00127

  736.0  -0.00058

  737.0  -0.00072

  738.0  -0.00077

  739.0  -0.00085

  740.0  -0.00093

  741.0  -0.00101

  742.0  -0.00101

  743.0  -0.00111

  744.0  -0.00117

  745.0  -0.00125

  746.0  -0.00127

  747.0  -0.00127

  748.0  -0.00130

  749.0  -0.00138

  750.0  -0.00130

  751.0  -0.00133

  752.0  -0.00141

  753.0  -0.00143

  754.0  -0.00146

  755.0  -0.00154

  756.0  -0.00154

  757.0  -0.00157

  758.0  -0.00163

  759.0  -0.00160

  760.0  -0.00160

  761.0  -0.00163

  762.0  -0.00169

  763.0  -0.00172

  764.0  -0.00172

  765.0  -0.00169

  766.0  -0.00172

  767.0  -0.00170

  768.0  -0.00170

  769.0  -0.00179

  770.0  -0.00182

  771.0  -0.00179

  772.0  -0.00179

  773.0  -0.00180

  774.0  -0.00174

  775.0  -0.00175

  776.0  -0.00167

  777.0  -0.00172

  778.0  -0.00170

  779.0  -0.00173

  780.0  -0.00179

  781.0  -0.00185

  782.0  -0.00185

  783.0  -0.00180

  784.0  -0.00180

  785.0  -0.00183

  786.0  -0.00186

  787.0  -0.00193

  788.0  -0.00193

  789.0  -0.00193

  790.0  -0.00199

  791.0  -0.00200

  792.0  -0.00203

  793.0  -0.00206

  794.0  -0.00210

  795.0  -0.00207

  796.0  -0.00205

  797.0  -0.00205

  798.0  -0.00208

  799.0  -0.00206

  800.0  -0.00211

 
