ser ID: DU600

Method ID: A:\DEFAULT

Date: 08/08/00

Time: 04:46

 200.0   3.14426

  201.0   2.73772

  202.0   2.77718

  203.0   3.29159

  204.0   3.32980

  205.0   2.76305

  206.0   3.39707

  207.0   3.42797

  208.0   3.45894

  209.0   3.49192

  210.0   3.52022

  211.0   3.54814

  212.0   3.57588

  213.0   3.60649

  214.0   3.33052

  215.0   3.35392

  216.0   3.67742

  217.0   3.70252

  218.0   3.72346

  219.0   3.74217

  220.0   3.75891

  221.0   3.77437

  222.0   3.78979

  223.0   3.80298

  224.0   3.81591

  225.0   3.82930

  226.0   3.84292

  227.0   3.85516

  228.0   3.86729

  229.0   3.87852

  230.0   3.89081

  231.0   3.90124

  232.0   3.91036

  233.0   3.91887

  234.0   3.32444

  235.0   3.32991

  236.0   3.93626

  237.0   3.93972

  238.0   3.94226

  239.0   3.94379

  240.0   3.94478

  241.0   3.64301

  242.0   3.46603

  243.0   3.46444

  244.0   3.63834

  245.0   3.93707

  246.0   3.45667

  247.0   3.92978

  248.0   3.62485

  249.0   3.92179

  250.0   3.91677

  251.0   3.21304

  252.0   2.82785

  253.0   2.62319

  254.0   2.61827

  255.0   2.38589

  256.0   2.26206

  257.0   2.13982

  258.0   2.01046

  259.0   1.87183

  260.0   1.76421

  261.0   1.65055

  262.0   1.57130

  263.0   1.49343

  264.0   1.42614

  265.0   1.37829

  266.0   1.31754

  267.0   1.27836

  268.0   1.23640

  269.0   1.19999

  270.0   1.16202

  271.0   1.12749

  272.0   1.09632

  273.0   1.06481

  274.0   1.02763

  275.0   0.99532

  276.0   0.96723

  277.0   0.93388

  278.0   0.89838

  279.0   0.86291

  280.0   0.83226

  281.0   0.79095

  282.0   0.75805

  283.0   0.72479

  284.0   0.69273

  285.0   0.65736

  286.0   0.62408

  287.0   0.58997

  288.0   0.55419

  289.0   0.52535

  290.0   0.49752

  291.0   0.46954

  292.0   0.44251

  293.0   0.41810

  294.0   0.39511

  295.0   0.36863

  296.0   0.34676

  297.0   0.32553

  298.0   0.30430

  299.0   0.28301

  300.0   0.26577

  301.0   0.24978

  302.0   0.23457

  303.0   0.22303

  304.0   0.21220

  305.0   0.20288

  306.0   0.19236

  307.0   0.18352

  308.0   0.17570

  309.0   0.16893

  310.0   0.16257

  311.0   0.15556

  312.0   0.14859

  313.0   0.14264

  314.0   0.13804

  315.0   0.13476

  316.0   0.13031

  317.0   0.12698

  318.0   0.12437

  319.0   0.12121

  320.0   0.11892

  321.0   0.11777

  322.0   0.11526

  323.0   0.11520

  324.0   0.11561

  325.0   0.11556

  326.0   0.11626

  327.0   0.11756

  328.0   0.11849

  329.0   0.12034

  330.0   0.12278

  331.0   0.12376

  332.0   0.12729

  333.0   0.12981

  334.0   0.13326

  335.0   0.13694

  336.0   0.14033

  337.0   0.14468

  338.0   0.14847

  339.0   0.15202

  340.0   0.15604

  341.0   0.16023

  342.0   0.16369

  343.0   0.16875

  344.0   0.17361

  345.0   0.17752

  346.0   0.18074

  347.0   0.18522

  348.0   0.18894

  349.0   0.19186

  350.0   0.19393

  351.0   0.19587

  352.0   0.19858

  353.0   0.19999

  354.0   0.20154

  355.0   0.20275

  356.0   0.20318

  357.0   0.20408

  358.0   0.20338

  359.0   0.20274

  360.0   0.20052

  361.0   0.19816

  362.0   0.19602

  363.0   0.19338

  364.0   0.19248

  365.0   0.18890

  366.0   0.18569

  367.0   0.18195

  368.0   0.17922

  369.0   0.17576

  370.0   0.17186

  371.0   0.16847

  372.0   0.16423

  373.0   0.16060

  374.0   0.15731

  375.0   0.15342

  376.0   0.14968

  377.0   0.14652

  378.0   0.14267

  379.0   0.13908

  380.0   0.13577

  381.0   0.13233

  382.0   0.12818

  383.0   0.12486

  384.0   0.12102

  385.0   0.11805

  386.0   0.11444

  387.0   0.11077

  388.0   0.10787

  389.0   0.10431

  390.0   0.10140

  391.0   0.09877

  392.0   0.09594

  393.0   0.09317

  394.0   0.09043

  395.0   0.08794

  396.0   0.08536

  397.0   0.08348

  398.0   0.08167

  399.0   0.07958

  400.0   0.07764

  401.0   0.07582

  402.0   0.07387

  403.0   0.07214

  404.0   0.07049

  405.0   0.06914

  406.0   0.06763

  407.0   0.06607

  408.0   0.06462

  409.0   0.06307

  410.0   0.06161

  411.0   0.06041

  412.0   0.05894

  413.0   0.05757

  414.0   0.05606

  415.0   0.05524

  416.0   0.05262

  417.0   0.05110

  418.0   0.04953

  419.0   0.04775

  420.0   0.04623

  421.0   0.04471

  422.0   0.04298

  423.0   0.04150

  424.0   0.03976

  425.0   0.03834

  426.0   0.03653

  427.0   0.03543

  428.0   0.03362

  429.0   0.03208

  430.0   0.03066

  431.0   0.02924

  432.0   0.02806

  433.0   0.02668

  434.0   0.02552

  435.0   0.02436

  436.0   0.02307

  437.0   0.02203

  438.0   0.02104

  439.0   0.02046

  440.0   0.01887

  441.0   0.01793

  442.0   0.01699

  443.0   0.01609

  444.0   0.01540

  445.0   0.01468

  446.0   0.01406

  447.0   0.01322

  448.0   0.01250

  449.0   0.01185

  450.0   0.01114

  451.0   0.01040

  452.0   0.00991

  453.0   0.00926

  454.0   0.00864

  455.0   0.00802

  456.0   0.00755

  457.0   0.00729

  458.0   0.00695

  459.0   0.00642

  460.0   0.00597

  461.0   0.00545

  462.0   0.00504

  463.0   0.00467

  464.0   0.00430

  465.0   0.00396

  466.0   0.00363

  467.0   0.00348

  468.0   0.00326

  469.0   0.00304

  470.0   0.00275

  471.0   0.00261

  472.0   0.00237

  473.0   0.00218

  474.0   0.00194

  475.0   0.00180

  476.0   0.00155

  477.0   0.00132

  478.0   0.00112

  479.0   0.00093

  480.0   0.00078

  481.0   0.00067

  482.0   0.00055

  483.0   0.00032

  484.0   0.00019

  485.0   0.00002

  486.0  -0.00002

  487.0  -0.00002

  488.0  -0.00014

  489.0  -0.00029

  490.0  -0.00038

  491.0  -0.00055

  492.0  -0.00072

  493.0  -0.00084

  494.0  -0.00089

  495.0  -0.00090

  496.0  -0.00104

  497.0  -0.00107

  498.0  -0.00112

  499.0  -0.00113

  500.0  -0.00122

  501.0  -0.00125

  502.0  -0.00130

  503.0  -0.00133

  504.0  -0.00138

  505.0  -0.00141

  506.0  -0.00144

  507.0  -0.00152

  508.0  -0.00159

  509.0  -0.00164

  510.0  -0.00161

  511.0  -0.00158

  512.0  -0.00161

  513.0  -0.00161

  514.0  -0.00165

  515.0  -0.00167

  516.0  -0.00173

  517.0  -0.00175

  518.0  -0.00178

  519.0  -0.00183

  520.0  -0.00181

  521.0  -0.00187

  522.0  -0.00185

  523.0  -0.00191

  524.0  -0.00190

  525.0  -0.00190

  526.0  -0.00188

  527.0  -0.00185

  528.0  -0.00185

  529.0  -0.00190

  530.0  -0.00192

  531.0  -0.00194

  532.0  -0.00204

  533.0  -0.00208

  534.0  -0.00192

  535.0  -0.00187

  536.0  -0.00195

  537.0  -0.00195

  538.0  -0.00196

  539.0  -0.00195

  540.0  -0.00205

  541.0  -0.00198

  542.0  -0.00194

  543.0  -0.00195

  544.0  -0.00195

  545.0  -0.00191

  546.0  -0.00191

  547.0  -0.00195

  548.0  -0.00187

  549.0  -0.00189

  550.0  -0.00194

  551.0  -0.00195

  552.0  -0.00200

  553.0  -0.00210

  554.0  -0.00211

  555.0  -0.00218

  556.0  -0.00216

  557.0  -0.00177

  558.0  -0.00179

  559.0  -0.00180

  560.0  -0.00184

  561.0  -0.00188

  562.0  -0.00189

  563.0  -0.00197

  564.0  -0.00189

  565.0  -0.00188

  566.0  -0.00184

  567.0  -0.00185

  568.0  -0.00182

  569.0  -0.00187

  570.0  -0.00181

  571.0  -0.00192

  572.0  -0.00193

  573.0  -0.00196

  574.0  -0.00203

  575.0  -0.00204

  576.0  -0.00208

  577.0  -0.00203

  578.0  -0.00208

  579.0  -0.00208

  580.0  -0.00209

  581.0  -0.00212

  582.0  -0.00210

  583.0  -0.00215

  584.0  -0.00210

  585.0  -0.00213

  586.0  -0.00212

  587.0  -0.00207

  588.0  -0.00206

  589.0  -0.00210

  590.0  -0.00213

  591.0  -0.00212

  592.0  -0.00209

  593.0  -0.00208

  594.0  -0.00207

  595.0  -0.00208

  596.0  -0.00202

  597.0  -0.00199

  598.0  -0.00194

  599.0  -0.00197

  600.0  -0.00196

  601.0  -0.00199

  602.0  -0.00200

  603.0  -0.00205

  604.0  -0.00206

  605.0  -0.00207

  606.0  -0.00211

  607.0  -0.00209

  608.0  -0.00210

  609.0  -0.00213

  610.0  -0.00214

  611.0  -0.00212

  612.0  -0.00206

  613.0  -0.00209

  614.0  -0.00210

  615.0  -0.00215

  616.0  -0.00211

  617.0  -0.00214

  618.0  -0.00218

  619.0  -0.00213

  620.0  -0.00214

  621.0  -0.00215

  622.0  -0.00217

  623.0  -0.00218

  624.0  -0.00216

  625.0  -0.00222

  626.0  -0.00224

  627.0  -0.00222

  628.0  -0.00223

  629.0  -0.00221

  630.0  -0.00217

  631.0  -0.00219

  632.0  -0.00219

  633.0  -0.00222

  634.0  -0.00221

  635.0  -0.00218

  636.0  -0.00215

  637.0  -0.00221

  638.0  -0.00218

  639.0  -0.00216

  640.0  -0.00214

  641.0  -0.00214

  642.0  -0.00216

  643.0  -0.00216

  644.0  -0.00219

  645.0  -0.00216

  646.0  -0.00211

  647.0  -0.00209

  648.0  -0.00208

  649.0  -0.00206

  650.0  -0.00208

  651.0  -0.00211

  652.0  -0.00213

  653.0  -0.00215

  654.0  -0.00213

  655.0  -0.00213

  656.0  -0.00217

  657.0  -0.00217

  658.0  -0.00209

  659.0  -0.00206

  660.0  -0.00206

  661.0  -0.00198

  662.0  -0.00200

  663.0  -0.00201

  664.0  -0.00199

  665.0  -0.00205

  666.0  -0.00202

  667.0  -0.00202

  668.0  -0.00206

  669.0  -0.00203

  670.0  -0.00201

  671.0  -0.00202

  672.0  -0.00197

  673.0  -0.00196

  674.0  -0.00196

  675.0  -0.00195

  676.0  -0.00199

  677.0  -0.00201

  678.0  -0.00203

  679.0  -0.00206

  680.0  -0.00205

  681.0  -0.00199

  682.0  -0.00198

  683.0  -0.00198

  684.0  -0.00204

  685.0  -0.00200

  686.0  -0.00200

  687.0  -0.00199

  688.0  -0.00200

  689.0  -0.00199

  690.0  -0.00200

  691.0  -0.00199

  692.0  -0.00196

  693.0  -0.00197

  694.0  -0.00196

  695.0  -0.00197

  696.0  -0.00198

  697.0  -0.00199

  698.0  -0.00200

  699.0  -0.00203

  700.0  -0.00204

  701.0  -0.00201

  702.0  -0.00202

  703.0  -0.00207

  704.0  -0.00210

  705.0  -0.00209

  706.0  -0.00209

  707.0  -0.00208

  708.0  -0.00209

  709.0  -0.00218

  710.0  -0.00224

  711.0  -0.00221

  712.0  -0.00220

  713.0  -0.00224

  714.0  -0.00221

  715.0  -0.00217

  716.0  -0.00216

  717.0  -0.00218

  718.0  -0.00217

  719.0  -0.00219

  720.0  -0.00218

  721.0  -0.00226

  722.0  -0.00230

  723.0  -0.00239

  724.0  -0.00243

  725.0  -0.00249

  726.0  -0.00245

  727.0  -0.00244

  728.0  -0.00258

  729.0  -0.00267

  730.0  -0.00264

  731.0  -0.00261

  732.0  -0.00266

  733.0  -0.00263

  734.0  -0.00269

  735.0  -0.00266

  736.0  -0.00174

  737.0  -0.00181

  738.0  -0.00189

  739.0  -0.00191

  740.0  -0.00202

  741.0  -0.00212

  742.0  -0.00212

  743.0  -0.00217

  744.0  -0.00217

  745.0  -0.00219

  746.0  -0.00222

  747.0  -0.00224

  748.0  -0.00227

  749.0  -0.00232

  750.0  -0.00235

  751.0  -0.00232

  752.0  -0.00241

  753.0  -0.00243

  754.0  -0.00238

  755.0  -0.00241

  756.0  -0.00238

  757.0  -0.00236

  758.0  -0.00242

  759.0  -0.00242

  760.0  -0.00236

  761.0  -0.00242

  762.0  -0.00245

  763.0  -0.00253

  764.0  -0.00254

  765.0  -0.00254

  766.0  -0.00249

  767.0  -0.00246

  768.0  -0.00247

  769.0  -0.00242

  770.0  -0.00239

  771.0  -0.00226

  772.0  -0.00204

  773.0  -0.00174

  774.0  -0.00174

  775.0  -0.00186

  776.0  -0.00180

  777.0  -0.00183

  778.0  -0.00184

  779.0  -0.00187

  780.0  -0.00187

  781.0  -0.00199

  782.0  -0.00194

  783.0  -0.00191

  784.0  -0.00197

  785.0  -0.00197

  786.0  -0.00189

  787.0  -0.00195

  788.0  -0.00196

  789.0  -0.00196

  790.0  -0.00208

  791.0  -0.00203

  792.0  -0.00209

  793.0  -0.00209

  794.0  -0.00213

  795.0  -0.00216

  796.0  -0.00210

  797.0  -0.00208

  798.0  -0.00208

  799.0  -0.00211

  800.0  -0.00217

 
